_io,pos_x,pos_y,pos_z,frame,trial_num,block_num,practicing,left_right_hand,palm_back_hand,target_loc,distractor_loc,participant_id
<_io.BytesIO object at 0x00000178E5FC2630>,0.2442387342453003,-0.15354187786579132,-0.14732013642787933,268298,47,8,False,Left,Back,Centre,Left,62
_io,pos_x,pos_y,pos_z,frame,trial_num,block_num,practicing,left_right_hand,palm_back_hand,target_loc,distractor_loc,participant_id
<_io.BytesIO object at 0x00000178E5FC2090>,0.26755085587501526,-0.076705701649189,-0.19058232009410858,268298,47,8,False,Left,Back,Centre,Left,62
_io,pos_x,pos_y,pos_z,frame,trial_num,block_num,practicing,left_right_hand,palm_back_hand,target_loc,distractor_loc,participant_id
<_io.BytesIO object at 0x00000178E31DEB30>,0.19893047213554382,-0.1664728969335556,-0.22615906596183777,268298,47,8,False,Left,Back,Centre,Left,62
_io,pos_x,pos_y,pos_z,frame,trial_num,block_num,practicing,left_right_hand,palm_back_hand,target_loc,distractor_loc,participant_id
<_io.BytesIO object at 0x00000178E31DE4F0>,0.21145573258399963,-0.09207172691822052,-0.23593924939632416,268298,47,8,False,Left,Back,Centre,Left,62
_io,pos_x,pos_y,pos_z,frame,trial_num,block_num,practicing,left_right_hand,palm_back_hand,target_loc,distractor_loc,participant_id
<_io.BytesIO object at 0x00000178E31DE090>,0.2244202196598053,-0.07906889170408249,-0.19181740283966064,268298,47,8,False,Left,Back,Centre,Left,62
_io,pos_x,pos_y,pos_z,frame,trial_num,block_num,practicing,left_right_hand,palm_back_hand,target_loc,distractor_loc,participant_id
<_io.BytesIO object at 0x00000178E31DE220>,0.6616756916046143,0.06391815096139908,-0.11968070268630981,268298,47,8,False,Left,Back,Centre,Left,62
_io,pos_x,pos_y,pos_z,frame,trial_num,block_num,practicing,left_right_hand,palm_back_hand,target_loc,distractor_loc,participant_id
<_io.BytesIO object at 0x00000178E31DEAE0>,0.6926143765449524,0.04376194253563881,-0.10144500434398651,268298,47,8,False,Left,Back,Centre,Left,62
_io,pos_x,pos_y,pos_z,frame,trial_num,block_num,practicing,left_right_hand,palm_back_hand,target_loc,distractor_loc,participant_id
<_io.BytesIO object at 0x00000178E31DE8B0>,0.6629268527030945,0.04161215201020241,-0.04204462841153145,268298,47,8,False,Left,Back,Centre,Left,62
_io,pos_x,pos_y,pos_z,frame,trial_num,block_num,practicing,left_right_hand,palm_back_hand,target_loc,distractor_loc,participant_id
<_io.BytesIO object at 0x00000178E31DE9F0>,0.5879722237586975,0.05162906274199486,-0.08980313688516617,268298,47,8,False,Left,Back,Centre,Left,62
_io,pos_x,pos_y,pos_z,frame,trial_num,block_num,practicing,left_right_hand,palm_back_hand,target_loc,distractor_loc,participant_id
<_io.BytesIO object at 0x00000178E31DEE00>,0.6417635083198547,0.03325703740119934,-0.1513075977563858,268298,47,8,False,Left,Back,Centre,Left,62
<_io.BytesIO object at 0x00000178E31DEEA0>,0.24409219622612,-0.15349815785884857,-0.1468276083469391,268299,47,8,False,Left,Back,Centre,Left,62
<_io.BytesIO object at 0x00000178E31DE8B0>,0.26743003726005554,-0.07663193345069885,-0.18996435403823853,268299,47,8,False,Left,Back,Centre,Left,62
<_io.BytesIO object at 0x00000178E31DE7C0>,0.19892141222953796,-0.16645167768001556,-0.22570323944091797,268299,47,8,False,Left,Back,Centre,Left,62
<_io.BytesIO object at 0x00000178E5FC2180>,0.21139895915985107,-0.09206315875053406,-0.2353992611169815,268299,47,8,False,Left,Back,Centre,Left,62
<_io.BytesIO object at 0x00000178E5FC2B80>,0.22430473566055298,-0.07904599606990814,-0.1912888139486313,268299,47,8,False,Left,Back,Centre,Left,62
<_io.BytesIO object at 0x00000178E5FC2BD0>,0.6611282229423523,0.06351069360971451,-0.1196688562631607,268299,47,8,False,Left,Back,Centre,Left,62
<_io.BytesIO object at 0x00000178E5FC23B0>,0.6920459866523743,0.04324673116207123,-0.10142619907855988,268299,47,8,False,Left,Back,Centre,Left,62
<_io.BytesIO object at 0x00000178E5FC2270>,0.6625718474388123,0.041270941495895386,-0.042108647525310516,268299,47,8,False,Left,Back,Centre,Left,62
<_io.BytesIO object at 0x00000178E5FC27C0>,0.5874625444412231,0.05119314789772034,-0.0897166058421135,268299,47,8,False,Left,Back,Centre,Left,62
<_io.BytesIO object at 0x00000178E5FC2590>,0.6412480473518372,0.032953958958387375,-0.15133777260780334,268299,47,8,False,Left,Back,Centre,Left,62
<_io.BytesIO object at 0x00000178E31DE7C0>,0.24391686916351318,-0.1535063087940216,-0.14635424315929413,268300,47,8,False,Left,Back,Centre,Left,62
<_io.BytesIO object at 0x00000178E31DE900>,0.2672683894634247,-0.07657495141029358,-0.18931563198566437,268300,47,8,False,Left,Back,Centre,Left,62
<_io.BytesIO object at 0x00000178E31DE090>,0.19884797930717468,-0.166373610496521,-0.2252606749534607,268300,47,8,False,Left,Back,Centre,Left,62
<_io.BytesIO object at 0x00000178E31DE2C0>,0.2113151103258133,-0.09200643748044968,-0.23481659591197968,268300,47,8,False,Left,Back,Centre,Left,62
<_io.BytesIO object at 0x00000178E5FC0DB0>,0.2241777628660202,-0.07898948341608047,-0.19064505398273468,268300,47,8,False,Left,Back,Centre,Left,62
<_io.BytesIO object at 0x00000178E5FC0900>,0.6606056690216064,0.06310141086578369,-0.11968625336885452,268300,47,8,False,Left,Back,Centre,Left,62
<_io.BytesIO object at 0x00000178E5FC0D10>,0.6914618015289307,0.04285583272576332,-0.10142461955547333,268300,47,8,False,Left,Back,Centre,Left,62
<_io.BytesIO object at 0x00000178E5FC0130>,0.6621999144554138,0.04080696776509285,-0.042183768004179,268300,47,8,False,Left,Back,Centre,Left,62
<_io.BytesIO object at 0x00000178E5FC0EA0>,0.5869610905647278,0.050793275237083435,-0.08956927806138992,268300,47,8,False,Left,Back,Centre,Left,62
<_io.BytesIO object at 0x00000178E5FC04A0>,0.6381897926330566,0.03506334871053696,-0.1487124115228653,268300,47,8,False,Left,Back,Centre,Left,62
<_io.BytesIO object at 0x00000178E5FC0860>,0.24381723999977112,-0.15349557995796204,-0.1458902657032013,268301,47,8,False,Left,Back,Centre,Left,62
<_io.BytesIO object at 0x00000178E5FC0090>,0.2671492397785187,-0.07651124149560928,-0.18867522478103638,268301,47,8,False,Left,Back,Centre,Left,62
<_io.BytesIO object at 0x00000178E5FC0040>,0.19881822168827057,-0.1663278341293335,-0.22481665015220642,268301,47,8,False,Left,Back,Centre,Left,62
<_io.BytesIO object at 0x00000178E5FC0C70>,0.2112259864807129,-0.09195127338171005,-0.23426926136016846,268301,47,8,False,Left,Back,Centre,Left,62
<_io.BytesIO object at 0x00000178E5FC0130>,0.22414381802082062,-0.07905080914497375,-0.19005754590034485,268301,47,8,False,Left,Back,Centre,Left,62
<_io.BytesIO object at 0x00000178E31DE7C0>,0.6599336266517639,0.06270254403352737,-0.11981917172670364,268301,47,8,False,Left,Back,Centre,Left,62
<_io.BytesIO object at 0x00000178E31DEA90>,0.6909776926040649,0.042504966259002686,-0.10152959078550339,268301,47,8,False,Left,Back,Centre,Left,62
<_io.BytesIO object at 0x00000178E31DE950>,0.6617785692214966,0.04024454578757286,-0.042212095111608505,268301,47,8,False,Left,Back,Centre,Left,62
<_io.BytesIO object at 0x00000178E31DEE00>,0.5864511132240295,0.05053316056728363,-0.08930632472038269,268301,47,8,False,Left,Back,Centre,Left,62
<_io.BytesIO object at 0x00000178E31DEC70>,0.6376269459724426,0.03480515256524086,-0.1488615870475769,268301,47,8,False,Left,Back,Centre,Left,62
<_io.BytesIO object at 0x00000178E31DEA90>,0.2437073141336441,-0.1535394936800003,-0.14544755220413208,268302,47,8,False,Left,Back,Centre,Left,62
<_io.BytesIO object at 0x00000178E31DEB30>,0.26709362864494324,-0.07649818062782288,-0.1881064623594284,268302,47,8,False,Left,Back,Centre,Left,62
<_io.BytesIO object at 0x00000178DE5E5540>,0.1987023800611496,-0.16622264683246613,-0.2243950068950653,268302,47,8,False,Left,Back,Centre,Left,62
<_io.BytesIO object at 0x00000178DE5E5680>,0.2111349105834961,-0.09180561453104019,-0.23369914293289185,268302,47,8,False,Left,Back,Centre,Left,62
<_io.BytesIO object at 0x00000178E5FC2A40>,0.22400225698947906,-0.07907124608755112,-0.18941010534763336,268302,47,8,False,Left,Back,Centre,Left,62
<_io.BytesIO object at 0x00000178E5FC2F40>,0.6593148112297058,0.06244737654924393,-0.11991094052791595,268302,47,8,False,Left,Back,Centre,Left,62
<_io.BytesIO object at 0x00000178E5FC29A0>,0.690422534942627,0.04221352934837341,-0.10162614285945892,268302,47,8,False,Left,Back,Centre,Left,62
<_io.BytesIO object at 0x00000178E5FC2400>,0.6616123914718628,0.03983559086918831,-0.04236970096826553,268302,47,8,False,Left,Back,Centre,Left,62
<_io.BytesIO object at 0x00000178E5FC2860>,0.5860504508018494,0.050530292093753815,-0.08905500173568726,268302,47,8,False,Left,Back,Centre,Left,62
<_io.BytesIO object at 0x00000178E5FC2DB0>,0.6368924379348755,0.03479381278157234,-0.1488015353679657,268302,47,8,False,Left,Back,Centre,Left,62
<_io.BytesIO object at 0x00000178E31DE0E0>,0.24364331364631653,-0.1535838544368744,-0.144989475607872,268303,47,8,False,Left,Back,Centre,Left,62
<_io.BytesIO object at 0x00000178E31DED10>,0.26697084307670593,-0.07643918693065643,-0.18742254376411438,268303,47,8,False,Left,Back,Centre,Left,62
<_io.BytesIO object at 0x00000178E31DE860>,0.1987723708152771,-0.16625161468982697,-0.22395028173923492,268303,47,8,False,Left,Back,Centre,Left,62
<_io.BytesIO object at 0x00000178E31DE220>,0.2111210823059082,-0.09185300022363663,-0.23305313289165497,268303,47,8,False,Left,Back,Centre,Left,62
<_io.BytesIO object at 0x00000178E31DE4A0>,0.22395101189613342,-0.0790964886546135,-0.1888841986656189,268303,47,8,False,Left,Back,Centre,Left,62
<_io.BytesIO object at 0x00000178E31DE6D0>,0.6588133573532104,0.062295351177453995,-0.11995387822389603,268303,47,8,False,Left,Back,Centre,Left,62
<_io.BytesIO object at 0x00000178E31DE5E0>,0.689837634563446,0.0421191081404686,-0.10167351365089417,268303,47,8,False,Left,Back,Centre,Left,62
<_io.BytesIO object at 0x00000178DE5E54A0>,0.6615068912506104,0.039799951016902924,-0.04258747771382332,268303,47,8,False,Left,Back,Centre,Left,62
<_io.BytesIO object at 0x00000178E5FC0220>,0.5856539011001587,0.05060917139053345,-0.08885225653648376,268303,47,8,False,Left,Back,Centre,Left,62
<_io.BytesIO object at 0x00000178E5FC0C20>,0.6364182233810425,0.03462172672152519,-0.14905624091625214,268303,47,8,False,Left,Back,Centre,Left,62
<_io.BytesIO object at 0x00000178DE5E51D0>,0.24366895854473114,-0.15361875295639038,-0.14455115795135498,268304,47,8,False,Left,Back,Centre,Left,62
<_io.BytesIO object at 0x00000178DE5E5630>,0.2669534683227539,-0.07642902433872223,-0.18684667348861694,268304,47,8,False,Left,Back,Centre,Left,62
<_io.BytesIO object at 0x00000178E31DE680>,0.19875618815422058,-0.16619755327701569,-0.22347097098827362,268304,47,8,False,Left,Back,Centre,Left,62
<_io.BytesIO object at 0x00000178E31DED60>,0.21107296645641327,-0.09181585907936096,-0.23247255384922028,268304,47,8,False,Left,Back,Centre,Left,62
<_io.BytesIO object at 0x00000178E31DE400>,0.2239239513874054,-0.07906024158000946,-0.18824858963489532,268304,47,8,False,Left,Back,Centre,Left,62
<_io.BytesIO object at 0x00000178E31DE630>,0.6583219170570374,0.06227975711226463,-0.12007760256528854,268304,47,8,False,Left,Back,Centre,Left,62
<_io.BytesIO object at 0x00000178E31DE9A0>,0.6894242763519287,0.042115624994039536,-0.10173783451318741,268304,47,8,False,Left,Back,Centre,Left,62
<_io.BytesIO object at 0x00000178E31DEDB0>,0.6612958312034607,0.039944183081388474,-0.04271518066525459,268304,47,8,False,Left,Back,Centre,Left,62
<_io.BytesIO object at 0x00000178E5FC01D0>,0.5852400660514832,0.050699327141046524,-0.08866211771965027,268304,47,8,False,Left,Back,Centre,Left,62
<_io.BytesIO object at 0x00000178E5FC09F0>,0.6359500288963318,0.034509409219026566,-0.14936290681362152,268304,47,8,False,Left,Back,Centre,Left,62
<_io.BytesIO object at 0x00000178E31DEC70>,0.24369126558303833,-0.15370185673236847,-0.14411672949790955,268305,47,8,False,Left,Back,Centre,Left,62
<_io.BytesIO object at 0x00000178E31DE590>,0.26692506670951843,-0.07641425728797913,-0.18627329170703888,268305,47,8,False,Left,Back,Centre,Left,62
<_io.BytesIO object at 0x00000178E31DE360>,0.19877713918685913,-0.16622161865234375,-0.22300586104393005,268305,47,8,False,Left,Back,Centre,Left,62
<_io.BytesIO object at 0x00000178E31DE680>,0.21103154122829437,-0.09185083210468292,-0.23188866674900055,268305,47,8,False,Left,Back,Centre,Left,62
<_io.BytesIO object at 0x00000178E31DEC20>,0.22393201291561127,-0.07912643253803253,-0.18768180906772614,268305,47,8,False,Left,Back,Centre,Left,62
<_io.BytesIO object at 0x00000178E31DE630>,0.6576921343803406,0.062275003641843796,-0.12025599181652069,268305,47,8,False,Left,Back,Centre,Left,62
<_io.BytesIO object at 0x00000178E31DE7C0>,0.6889452338218689,0.04224543273448944,-0.10168752819299698,268305,47,8,False,Left,Back,Centre,Left,62
<_io.BytesIO object at 0x00000178DE5E5720>,0.6610173583030701,0.04014592245221138,-0.042779501527547836,268305,47,8,False,Left,Back,Centre,Left,62
<_io.BytesIO object at 0x00000178E5FC0810>,0.584833025932312,0.050765104591846466,-0.08854687958955765,268305,47,8,False,Left,Back,Centre,Left,62
<_io.BytesIO object at 0x00000178E5FC04A0>,0.6355184316635132,0.0345919169485569,-0.14933167397975922,268305,47,8,False,Left,Back,Centre,Left,62
<_io.BytesIO object at 0x00000178E31DE860>,0.24375681579113007,-0.153787761926651,-0.14361967146396637,268306,47,8,False,Left,Back,Centre,Left,62
<_io.BytesIO object at 0x00000178E31DE8B0>,0.26697155833244324,-0.07637578994035721,-0.18574070930480957,268306,47,8,False,Left,Back,Centre,Left,62
<_io.BytesIO object at 0x00000178DE5E57C0>,0.19873642921447754,-0.16614548861980438,-0.22245965898036957,268306,47,8,False,Left,Back,Centre,Left,62
<_io.BytesIO object at 0x00000178E5FC0270>,0.21100930869579315,-0.0917925238609314,-0.23125000298023224,268306,47,8,False,Left,Back,Centre,Left,62
<_io.BytesIO object at 0x00000178E5FC04A0>,0.2239525020122528,-0.07908083498477936,-0.18699531257152557,268306,47,8,False,Left,Back,Centre,Left,62
<_io.BytesIO object at 0x00000178E5FC0C70>,0.6572483777999878,0.062416981905698776,-0.12031888961791992,268306,47,8,False,Left,Back,Centre,Left,62
<_io.BytesIO object at 0x00000178E5FC0220>,0.6885260343551636,0.042574960738420486,-0.10165519267320633,268306,47,8,False,Left,Back,Centre,Left,62
<_io.BytesIO object at 0x00000178E5FC0A40>,0.660742461681366,0.040464695543050766,-0.042835138738155365,268306,47,8,False,Left,Back,Centre,Left,62
<_io.BytesIO object at 0x00000178E5FC0770>,0.5844565629959106,0.050861015915870667,-0.08848223090171814,268306,47,8,False,Left,Back,Centre,Left,62
<_io.BytesIO object at 0x00000178E5FC0AE0>,0.6350199580192566,0.034812964498996735,-0.1491304486989975,268306,47,8,False,Left,Back,Centre,Left,62
<_io.BytesIO object at 0x00000178E5FC0130>,0.24385415017604828,-0.15390020608901978,-0.14318516850471497,268307,47,8,False,Left,Back,Centre,Left,62
<_io.BytesIO object at 0x00000178E5FC0680>,0.2670259475708008,-0.07641388475894928,-0.18513046205043793,268307,47,8,False,Left,Back,Centre,Left,62
<_io.BytesIO object at 0x00000178E5FC0EF0>,0.1987464427947998,-0.1660776287317276,-0.22202132642269135,268307,47,8,False,Left,Back,Centre,Left,62
<_io.BytesIO object at 0x00000178E31DEE00>,0.21101276576519012,-0.09169632196426392,-0.23066960275173187,268307,47,8,False,Left,Back,Centre,Left,62
<_io.BytesIO object at 0x00000178E31DE4F0>,0.2240653932094574,-0.07911239564418793,-0.1864515095949173,268307,47,8,False,Left,Back,Centre,Left,62
<_io.BytesIO object at 0x00000178E31DEBD0>,0.6569411158561707,0.06276126205921173,-0.12030372023582458,268307,47,8,False,Left,Back,Centre,Left,62
<_io.BytesIO object at 0x00000178E31DEAE0>,0.6882118582725525,0.04308551549911499,-0.10153036564588547,268307,47,8,False,Left,Back,Centre,Left,62
<_io.BytesIO object at 0x00000178E31DE400>,0.660483717918396,0.0409533865749836,-0.04284220188856125,268307,47,8,False,Left,Back,Centre,Left,62
<_io.BytesIO object at 0x00000178E31DECC0>,0.5840780138969421,0.05098528042435646,-0.08843555301427841,268307,47,8,False,Left,Back,Centre,Left,62
<_io.BytesIO object at 0x00000178E31DE7C0>,0.6347271800041199,0.03464801236987114,-0.14882256090641022,268307,47,8,False,Left,Back,Centre,Left,62
<_io.BytesIO object at 0x00000178E5FC07C0>,0.24403756856918335,-0.1539667546749115,-0.1426975578069687,268308,47,8,False,Left,Back,Centre,Left,62
<_io.BytesIO object at 0x00000178E5FC04F0>,0.2670576274394989,-0.07641094923019409,-0.18456992506980896,268308,47,8,False,Left,Back,Centre,Left,62
<_io.BytesIO object at 0x00000178E31DEC70>,0.1988193839788437,-0.16607531905174255,-0.22145508229732513,268308,47,8,False,Left,Back,Centre,Left,62
<_io.BytesIO object at 0x00000178E31DEB30>,0.21104732155799866,-0.0916958898305893,-0.22999750077724457,268308,47,8,False,Left,Back,Centre,Left,62
<_io.BytesIO object at 0x00000178E31DE680>,0.2241792529821396,-0.07913342118263245,-0.1858161836862564,268308,47,8,False,Left,Back,Centre,Left,62
<_io.BytesIO object at 0x00000178E31DED10>,0.6567185521125793,0.06320984661579132,-0.12036863714456558,268308,47,8,False,Left,Back,Centre,Left,62
<_io.BytesIO object at 0x00000178E31DE180>,0.688071608543396,0.04365520179271698,-0.10146753489971161,268308,47,8,False,Left,Back,Centre,Left,62
<_io.BytesIO object at 0x00000178E31DE130>,0.6602660417556763,0.04162625968456268,-0.04284433275461197,268308,47,8,False,Left,Back,Centre,Left,62
<_io.BytesIO object at 0x00000178DE5E56D0>,0.5838090777397156,0.05111745372414589,-0.08840765058994293,268308,47,8,False,Left,Back,Centre,Left,62
<_io.BytesIO object at 0x00000178DE5E5630>,0.634640634059906,0.034828316420316696,-0.14885248243808746,268308,47,8,False,Left,Back,Centre,Left,62
<_io.BytesIO object at 0x00000178DE5E56D0>,0.24421603977680206,-0.15406560897827148,-0.14218541979789734,268309,47,8,False,Left,Back,Centre,Left,62
<_io.BytesIO object at 0x00000178E5FC01D0>,0.26711714267730713,-0.0763682946562767,-0.1839619278907776,268309,47,8,False,Left,Back,Centre,Left,62
<_io.BytesIO object at 0x00000178E5FC0360>,0.198958620429039,-0.16603977978229523,-0.22094812989234924,268309,47,8,False,Left,Back,Centre,Left,62
<_io.BytesIO object at 0x00000178E5FC0180>,0.21112342178821564,-0.09165197610855103,-0.22938305139541626,268309,47,8,False,Left,Back,Centre,Left,62
<_io.BytesIO object at 0x00000178E5FC2E50>,0.22433897852897644,-0.07913336902856827,-0.185180202126503,268309,47,8,False,Left,Back,Centre,Left,62
<_io.BytesIO object at 0x00000178E5FC29A0>,0.6566281318664551,0.06356453150510788,-0.12042779475450516,268309,47,8,False,Left,Back,Centre,Left,62
<_io.BytesIO object at 0x00000178E5FC2270>,0.6878982186317444,0.04426785185933113,-0.10128295421600342,268309,47,8,False,Left,Back,Centre,Left,62
<_io.BytesIO object at 0x00000178E5FC2D60>,0.6601935625076294,0.04228717461228371,-0.04283490777015686,268309,47,8,False,Left,Back,Centre,Left,62
<_io.BytesIO object at 0x00000178E5FC2D10>,0.5836837291717529,0.051262542605400085,-0.08839733153581619,268309,47,8,False,Left,Back,Centre,Left,62
<_io.BytesIO object at 0x00000178E5FC29F0>,0.6347664594650269,0.034997668117284775,-0.1489182710647583,268309,47,8,False,Left,Back,Centre,Left,62
<_io.BytesIO object at 0x00000178E31DE0E0>,0.24444735050201416,-0.1541420966386795,-0.14165440201759338,268310,47,8,False,Left,Back,Centre,Left,62
<_io.BytesIO object at 0x00000178E31DE770>,0.26731666922569275,-0.07635339349508286,-0.18336281180381775,268310,47,8,False,Left,Back,Centre,Left,62
<_io.BytesIO object at 0x00000178E31DE810>,0.1990126371383667,-0.1659327745437622,-0.22036081552505493,268310,47,8,False,Left,Back,Centre,Left,62
<_io.BytesIO object at 0x00000178E31DE090>,0.21117593348026276,-0.09153866767883301,-0.2287009209394455,268310,47,8,False,Left,Back,Centre,Left,62
<_io.BytesIO object at 0x00000178E5FC29F0>,0.2244168221950531,-0.07901377230882645,-0.1845027059316635,268310,47,8,False,Left,Back,Centre,Left,62
<_io.BytesIO object at 0x00000178E5FC2270>,0.6566259264945984,0.06394277513027191,-0.1204029768705368,268310,47,8,False,Left,Back,Centre,Left,62
<_io.BytesIO object at 0x00000178E5FC2040>,0.6879673600196838,0.044912274926900864,-0.10120435059070587,268310,47,8,False,Left,Back,Centre,Left,62
<_io.BytesIO object at 0x00000178E5FC2220>,0.6602879762649536,0.04299347475171089,-0.042784981429576874,268310,47,8,False,Left,Back,Centre,Left,62
<_io.BytesIO object at 0x00000178E5FC2540>,0.5836509466171265,0.05143817514181137,-0.0883752852678299,268310,47,8,False,Left,Back,Centre,Left,62
<_io.BytesIO object at 0x00000178E5FC2CC0>,0.6350544691085815,0.035176027566194534,-0.149032860994339,268310,47,8,False,Left,Back,Centre,Left,62
<_io.BytesIO object at 0x00000178DE5E5810>,0.24470049142837524,-0.15419483184814453,-0.14108029007911682,268311,47,8,False,Left,Back,Centre,Left,62
<_io.BytesIO object at 0x00000178E5FC07C0>,0.26744475960731506,-0.07622691988945007,-0.18280497193336487,268311,47,8,False,Left,Back,Centre,Left,62
<_io.BytesIO object at 0x00000178E5FC09A0>,0.19927307963371277,-0.16595375537872314,-0.2197781652212143,268311,47,8,False,Left,Back,Centre,Left,62
<_io.BytesIO object at 0x00000178E5FC05E0>,0.21135345101356506,-0.09156318008899689,-0.22802890837192535,268311,47,8,False,Left,Back,Centre,Left,62
<_io.BytesIO object at 0x00000178E5FC2CC0>,0.22458426654338837,-0.07898183912038803,-0.18390628695487976,268311,47,8,False,Left,Back,Centre,Left,62
<_io.BytesIO object at 0x00000178E5FC2040>,0.6567519903182983,0.06445524096488953,-0.12031713873147964,268311,47,8,False,Left,Back,Centre,Left,62
<_io.BytesIO object at 0x00000178E5FC2680>,0.6881588101387024,0.04543487727642059,-0.10109780728816986,268311,47,8,False,Left,Back,Centre,Left,62
<_io.BytesIO object at 0x00000178E5FC27C0>,0.6605175137519836,0.04369821399450302,-0.042741745710372925,268311,47,8,False,Left,Back,Centre,Left,62
<_io.BytesIO object at 0x00000178E5FC20E0>,0.5837250351905823,0.051649659872055054,-0.0883302390575409,268311,47,8,False,Left,Back,Centre,Left,62
<_io.BytesIO object at 0x00000178E5FC2E00>,0.6354390382766724,0.03537297993898392,-0.14921030402183533,268311,47,8,False,Left,Back,Centre,Left,62
<_io.BytesIO object at 0x00000178E31DE310>,0.24496974050998688,-0.15423093736171722,-0.14047732949256897,268312,47,8,False,Left,Back,Centre,Left,62
<_io.BytesIO object at 0x00000178E31DEA90>,0.267576664686203,-0.07613206654787064,-0.18224212527275085,268312,47,8,False,Left,Back,Centre,Left,62
<_io.BytesIO object at 0x00000178E31DEAE0>,0.19943346083164215,-0.1659172922372818,-0.21912798285484314,268312,47,8,False,Left,Back,Centre,Left,62
<_io.BytesIO object at 0x00000178E31DE1D0>,0.2114614099264145,-0.09152626991271973,-0.22735682129859924,268312,47,8,False,Left,Back,Centre,Left,62
<_io.BytesIO object at 0x00000178E5FC09A0>,0.224813774228096,-0.0789756327867508,-0.18319836258888245,268312,47,8,False,Left,Back,Centre,Left,62
<_io.BytesIO object at 0x00000178E5FC0C70>,0.6569833159446716,0.06486820429563522,-0.12027357518672943,268312,47,8,False,Left,Back,Centre,Left,62
<_io.BytesIO object at 0x00000178E31DEE00>,0.6884962320327759,0.04593661054968834,-0.10108059644699097,268312,47,8,False,Left,Back,Centre,Left,62
<_io.BytesIO object at 0x00000178E31DE400>,0.6608456969261169,0.04436459764838219,-0.04268112778663635,268312,47,8,False,Left,Back,Centre,Left,62
<_io.BytesIO object at 0x00000178E31DE8B0>,0.5838956236839294,0.05188271775841713,-0.08833390474319458,268312,47,8,False,Left,Back,Centre,Left,62
<_io.BytesIO object at 0x00000178E31DE9F0>,0.6359208226203918,0.035596009343862534,-0.14939284324645996,268312,47,8,False,Left,Back,Centre,Left,62
<_io.BytesIO object at 0x00000178E31DE1D0>,0.2452981173992157,-0.15422184765338898,-0.13986100256443024,268313,47,8,False,Left,Back,Centre,Left,62
<_io.BytesIO object at 0x00000178E31DEDB0>,0.2681626081466675,-0.07636019587516785,-0.18156766891479492,268313,47,8,False,Left,Back,Centre,Left,62
<_io.BytesIO object at 0x00000178DE5E54F0>,0.19951608777046204,-0.16588671505451202,-0.21838688850402832,268313,47,8,False,Left,Back,Centre,Left,62
<_io.BytesIO object at 0x00000178E5FC2680>,0.2116532176733017,-0.09152687340974808,-0.22674593329429626,268313,47,8,False,Left,Back,Centre,Left,62
<_io.BytesIO object at 0x00000178E5FC2DB0>,0.22510264813899994,-0.07896013557910919,-0.18260598182678223,268313,47,8,False,Left,Back,Centre,Left,62
<_io.BytesIO object at 0x00000178E5FC2E50>,0.6573337316513062,0.06533604860305786,-0.12026055157184601,268313,47,8,False,Left,Back,Centre,Left,62
<_io.BytesIO object at 0x00000178E5FC2630>,0.6888317465782166,0.04634847491979599,-0.10097453743219376,268313,47,8,False,Left,Back,Centre,Left,62
<_io.BytesIO object at 0x00000178E5FC21D0>,0.6611387729644775,0.044948089867830276,-0.042635735124349594,268313,47,8,False,Left,Back,Centre,Left,62
<_io.BytesIO object at 0x00000178E5FC2D10>,0.5841444730758667,0.0521506704390049,-0.08841697871685028,268313,47,8,False,Left,Back,Centre,Left,62
<_io.BytesIO object at 0x00000178E5FC25E0>,0.6364565491676331,0.03580768406391144,-0.14957192540168762,268313,47,8,False,Left,Back,Centre,Left,62
<_io.BytesIO object at 0x00000178E5FC2270>,0.24566473066806793,-0.1541675478219986,-0.139164000749588,268314,47,8,False,Left,Back,Centre,Left,62
<_io.BytesIO object at 0x00000178E5FC2A40>,0.2684348523616791,-0.07627732306718826,-0.1810230165719986,268314,47,8,False,Left,Back,Centre,Left,62
<_io.BytesIO object at 0x00000178E31DE860>,0.19969134032726288,-0.16583289206027985,-0.2175935059785843,268314,47,8,False,Left,Back,Centre,Left,62
<_io.BytesIO object at 0x00000178E31DE4F0>,0.21186654269695282,-0.09143130481243134,-0.22596976161003113,268314,47,8,False,Left,Back,Centre,Left,62
<_io.BytesIO object at 0x00000178E31DEBD0>,0.22542254626750946,-0.07898838818073273,-0.1819317638874054,268314,47,8,False,Left,Back,Centre,Left,62
<_io.BytesIO object at 0x00000178E31DEF40>,0.6578505039215088,0.06575984507799149,-0.12022127956151962,268314,47,8,False,Left,Back,Centre,Left,62
<_io.BytesIO object at 0x00000178E31DE0E0>,0.6892226338386536,0.04678197205066681,-0.10079887509346008,268314,47,8,False,Left,Back,Centre,Left,62
<_io.BytesIO object at 0x00000178E31DEA90>,0.6614455580711365,0.04552042856812477,-0.04259422421455383,268314,47,8,False,Left,Back,Centre,Left,62
<_io.BytesIO object at 0x00000178E31DE5E0>,0.5844689607620239,0.05238973721861839,-0.08859498798847198,268314,47,8,False,Left,Back,Centre,Left,62
<_io.BytesIO object at 0x00000178E31DE040>,0.6371206045150757,0.035903289914131165,-0.14958256483078003,268314,47,8,False,Left,Back,Centre,Left,62
<_io.BytesIO object at 0x00000178E31DE3B0>,0.24604980647563934,-0.15410026907920837,-0.13846459984779358,268315,47,8,False,Left,Back,Centre,Left,62
<_io.BytesIO object at 0x00000178E31DE1D0>,0.26869314908981323,-0.07617287337779999,-0.18034479022026062,268315,47,8,False,Left,Back,Centre,Left,62
<_io.BytesIO object at 0x00000178DE5E5720>,0.2000671625137329,-0.1658240556716919,-0.21689780056476593,268315,47,8,False,Left,Back,Centre,Left,62
<_io.BytesIO object at 0x00000178DE5E5220>,0.21210232377052307,-0.09143951535224915,-0.22535690665245056,268315,47,8,False,Left,Back,Centre,Left,62
<_io.BytesIO object at 0x00000178E5FC06D0>,0.22570230066776276,-0.07885082066059113,-0.18127697706222534,268315,47,8,False,Left,Back,Centre,Left,62
<_io.BytesIO object at 0x00000178E5FC0400>,0.6583357453346252,0.06606016308069229,-0.12024015188217163,268315,47,8,False,Left,Back,Centre,Left,62
<_io.BytesIO object at 0x00000178E5FC0900>,0.6896647810935974,0.047160353511571884,-0.10077153891324997,268315,47,8,False,Left,Back,Centre,Left,62
<_io.BytesIO object at 0x00000178E5FC08B0>,0.6616809368133545,0.0460067018866539,-0.04254862293601036,268315,47,8,False,Left,Back,Centre,Left,62
<_io.BytesIO object at 0x00000178E5FC0A40>,0.5848107933998108,0.052562955766916275,-0.08885002136230469,268315,47,8,False,Left,Back,Centre,Left,62
<_io.BytesIO object at 0x00000178E5FC0C20>,0.6377695202827454,0.03601573780179024,-0.1496257483959198,268315,47,8,False,Left,Back,Centre,Left,62
<_io.BytesIO object at 0x00000178DE5E51D0>,0.2464572787284851,-0.15399327874183655,-0.1377314329147339,268316,47,8,False,Left,Back,Centre,Left,62
<_io.BytesIO object at 0x00000178DE5E56D0>,0.2691015303134918,-0.07618844509124756,-0.17979158461093903,268316,47,8,False,Left,Back,Centre,Left,62
<_io.BytesIO object at 0x00000178E5FC09A0>,0.20023761689662933,-0.16577640175819397,-0.21603718400001526,268316,47,8,False,Left,Back,Centre,Left,62
<_io.BytesIO object at 0x00000178E5FC04A0>,0.21233981847763062,-0.0913824811577797,-0.22462433576583862,268316,47,8,False,Left,Back,Centre,Left,62
<_io.BytesIO object at 0x00000178E5FC07C0>,0.22597011923789978,-0.07875983417034149,-0.18060387670993805,268316,47,8,False,Left,Back,Centre,Left,62
<_io.BytesIO object at 0x00000178E5FC0B30>,0.658847987651825,0.06624254584312439,-0.12014444917440414,268316,47,8,False,Left,Back,Centre,Left,62
<_io.BytesIO object at 0x00000178E5FC0680>,0.690205454826355,0.04744245857000351,-0.10071475803852081,268316,47,8,False,Left,Back,Centre,Left,62
<_io.BytesIO object at 0x00000178E5FC0400>,0.6619002223014832,0.04643431678414345,-0.0425204373896122,268316,47,8,False,Left,Back,Centre,Left,62
<_io.BytesIO object at 0x00000178E31DE860>,0.5851747393608093,0.05274041369557381,-0.08918141573667526,268316,47,8,False,Left,Back,Centre,Left,62
<_io.BytesIO object at 0x00000178E31DEE00>,0.6384437680244446,0.03613388538360596,-0.1496662199497223,268316,47,8,False,Left,Back,Centre,Left,62
<_io.BytesIO object at 0x00000178E31DE950>,0.24688756465911865,-0.1538488268852234,-0.1369677633047104,268317,47,8,False,Left,Back,Centre,Left,62
<_io.BytesIO object at 0x00000178E31DE8B0>,0.2694191634654999,-0.07613231986761093,-0.17915797233581543,268317,47,8,False,Left,Back,Centre,Left,62
<_io.BytesIO object at 0x00000178E31DEAE0>,0.20060846209526062,-0.16581988334655762,-0.21518036723136902,268317,47,8,False,Left,Back,Centre,Left,62
<_io.BytesIO object at 0x00000178E31DE5E0>,0.21266670525074005,-0.09146922826766968,-0.22390788793563843,268317,47,8,False,Left,Back,Centre,Left,62
<_io.BytesIO object at 0x00000178E5FC2270>,0.22636407613754272,-0.07871200144290924,-0.17991997301578522,268317,47,8,False,Left,Back,Centre,Left,62
<_io.BytesIO object at 0x00000178E5FC20E0>,0.659363865852356,0.0663648173213005,-0.12015226483345032,268317,47,8,False,Left,Back,Centre,Left,62
<_io.BytesIO object at 0x00000178E5FC2EF0>,0.6907899379730225,0.047580648213624954,-0.10066600143909454,268317,47,8,False,Left,Back,Centre,Left,62
<_io.BytesIO object at 0x00000178E31DEA40>,0.6621225476264954,0.0468418188393116,-0.042519696056842804,268317,47,8,False,Left,Back,Centre,Left,62
<_io.BytesIO object at 0x00000178E31DE4A0>,0.5856149792671204,0.05286584794521332,-0.08956533670425415,268317,47,8,False,Left,Back,Centre,Left,62
<_io.BytesIO object at 0x00000178E31DEE00>,0.6390241384506226,0.03611552715301514,-0.14970771968364716,268317,47,8,False,Left,Back,Centre,Left,62
<_io.BytesIO object at 0x00000178E31DECC0>,0.24735082685947418,-0.15368478000164032,-0.13620339334011078,268318,47,8,False,Left,Back,Centre,Left,62
<_io.BytesIO object at 0x00000178E31DE680>,0.2697373330593109,-0.07602115720510483,-0.17858734726905823,268318,47,8,False,Left,Back,Centre,Left,62
<_io.BytesIO object at 0x00000178E5FC0EF0>,0.20096741616725922,-0.16582506895065308,-0.21432892978191376,268318,47,8,False,Left,Back,Centre,Left,62
<_io.BytesIO object at 0x00000178E5FC0540>,0.21295838057994843,-0.09149102121591568,-0.22322039306163788,268318,47,8,False,Left,Back,Centre,Left,62
<_io.BytesIO object at 0x00000178E5FC0950>,0.22670210897922516,-0.07860109210014343,-0.17924140393733978,268318,47,8,False,Left,Back,Centre,Left,62
<_io.BytesIO object at 0x00000178E5FC02C0>,0.6599782109260559,0.06646028161048889,-0.12016963213682175,268318,47,8,False,Left,Back,Centre,Left,62
<_io.BytesIO object at 0x00000178E5FC04F0>,0.6912907361984253,0.0477234311401844,-0.100623220205307,268318,47,8,False,Left,Back,Centre,Left,62
<_io.BytesIO object at 0x00000178E5FC0270>,0.6623556613922119,0.0472506545484066,-0.042563922703266144,268318,47,8,False,Left,Back,Centre,Left,62
<_io.BytesIO object at 0x00000178DE5E5900>,0.5860937237739563,0.05292279273271561,-0.09000515192747116,268318,47,8,False,Left,Back,Centre,Left,62
<_io.BytesIO object at 0x00000178DE5E5680>,0.6396770477294922,0.03605550527572632,-0.14968906342983246,268318,47,8,False,Left,Back,Centre,Left,62
<_io.BytesIO object at 0x00000178DE5E57C0>,0.2478264719247818,-0.15350495278835297,-0.13542968034744263,268319,47,8,False,Left,Back,Centre,Left,62
<_io.BytesIO object at 0x00000178DE5E5540>,0.27016669511795044,-0.07594506442546844,-0.17794553935527802,268319,47,8,False,Left,Back,Centre,Left,62
<_io.BytesIO object at 0x00000178E5FC0220>,0.20139963924884796,-0.16584910452365875,-0.21349570155143738,268319,47,8,False,Left,Back,Centre,Left,62
<_io.BytesIO object at 0x00000178E5FC0BD0>,0.21332718431949615,-0.09149851649999619,-0.22251643240451813,268319,47,8,False,Left,Back,Centre,Left,62
<_io.BytesIO object at 0x00000178E5FC0360>,0.22704266011714935,-0.07858055830001831,-0.1785762459039688,268319,47,8,False,Left,Back,Centre,Left,62
<_io.BytesIO object at 0x00000178E5FC0040>,0.6604924201965332,0.06659343093633652,-0.12037906050682068,268319,47,8,False,Left,Back,Centre,Left,62
<_io.BytesIO object at 0x00000178E5FC0180>,0.6918249130249023,0.047895967960357666,-0.10064652562141418,268319,47,8,False,Left,Back,Centre,Left,62
<_io.BytesIO object at 0x00000178E31DE860>,0.662675678730011,0.04770020768046379,-0.04267418012022972,268319,47,8,False,Left,Back,Centre,Left,62
<_io.BytesIO object at 0x00000178E31DE130>,0.5865487456321716,0.05296676605939865,-0.09036987274885178,268319,47,8,False,Left,Back,Centre,Left,62
<_io.BytesIO object at 0x00000178E31DEA90>,0.6402616500854492,0.035932980477809906,-0.149715393781662,268319,47,8,False,Left,Back,Centre,Left,62
<_io.BytesIO object at 0x00000178E5FC0B30>,0.24831628799438477,-0.1533115655183792,-0.1346278339624405,268320,47,8,False,Left,Back,Centre,Left,62
<_io.BytesIO object at 0x00000178E5FC0090>,0.2705497145652771,-0.07580765336751938,-0.1773563027381897,268320,47,8,False,Left,Back,Centre,Left,62
<_io.BytesIO object at 0x00000178E5FC0860>,0.2017659991979599,-0.16582752764225006,-0.21263237297534943,268320,47,8,False,Left,Back,Centre,Left,62
<_io.BytesIO object at 0x00000178E5FC08B0>,0.21365287899971008,-0.09148085117340088,-0.2218105047941208,268320,47,8,False,Left,Back,Centre,Left,62
<_io.BytesIO object at 0x00000178E5FC0D10>,0.22746780514717102,-0.07846947014331818,-0.17797042429447174,268320,47,8,False,Left,Back,Centre,Left,62
<_io.BytesIO object at 0x00000178E5FC0C70>,0.6608695387840271,0.06659909337759018,-0.12053903192281723,268320,47,8,False,Left,Back,Centre,Left,62
<_io.BytesIO object at 0x00000178E5FC0F40>,0.6922557353973389,0.047968681901693344,-0.10074254125356674,268320,47,8,False,Left,Back,Centre,Left,62
<_io.BytesIO object at 0x00000178DE5E51D0>,0.6630221605300903,0.048068344593048096,-0.04284238442778587,268320,47,8,False,Left,Back,Centre,Left,62
<_io.BytesIO object at 0x00000178E31DE180>,0.5869123935699463,0.05296803265810013,-0.0906401202082634,268320,47,8,False,Left,Back,Centre,Left,62
<_io.BytesIO object at 0x00000178E31DE6D0>,0.6407897472381592,0.035774219781160355,-0.14980167150497437,268320,47,8,False,Left,Back,Centre,Left,62
<_io.BytesIO object at 0x00000178DE5E5680>,0.24882207810878754,-0.15310601890087128,-0.13383251428604126,268321,47,8,False,Left,Back,Centre,Left,62
<_io.BytesIO object at 0x00000178DE5E5900>,0.2709687352180481,-0.07569809257984161,-0.17674940824508667,268321,47,8,False,Left,Back,Centre,Left,62
<_io.BytesIO object at 0x00000178E5FC06D0>,0.2022646814584732,-0.16588431596755981,-0.2117588222026825,268321,47,8,False,Left,Back,Centre,Left,62
<_io.BytesIO object at 0x00000178E5FC0BD0>,0.21411007642745972,-0.09157036244869232,-0.2211025059223175,268321,47,8,False,Left,Back,Centre,Left,62
<_io.BytesIO object at 0x00000178E5FC0B30>,0.22792866826057434,-0.07847289741039276,-0.17729876935482025,268321,47,8,False,Left,Back,Centre,Left,62
<_io.BytesIO object at 0x00000178E5FC0860>,0.6613038182258606,0.06661982089281082,-0.12064287066459656,268321,47,8,False,Left,Back,Centre,Left,62
<_io.BytesIO object at 0x00000178E5FC0220>,0.6926484107971191,0.04796551913022995,-0.1008351594209671,268321,47,8,False,Left,Back,Centre,Left,62
<_io.BytesIO object at 0x00000178E5FC0A40>,0.663379430770874,0.04839964583516121,-0.04304571449756622,268321,47,8,False,Left,Back,Centre,Left,62
<_io.BytesIO object at 0x00000178E31DE130>,0.5872551202774048,0.053054019808769226,-0.09088342636823654,268321,47,8,False,Left,Back,Centre,Left,62
<_io.BytesIO object at 0x00000178E31DEF40>,0.6412534713745117,0.03563656657934189,-0.14998584985733032,268321,47,8,False,Left,Back,Centre,Left,62
<_io.BytesIO object at 0x00000178E5FC0D10>,0.24934221804141998,-0.15289142727851868,-0.13299572467803955,268322,47,8,False,Left,Back,Centre,Left,62
<_io.BytesIO object at 0x00000178E5FC0450>,0.2713601291179657,-0.0755833089351654,-0.17619484663009644,268322,47,8,False,Left,Back,Centre,Left,62
<_io.BytesIO object at 0x00000178DE5E57C0>,0.20269830524921417,-0.16589391231536865,-0.21085453033447266,268322,47,8,False,Left,Back,Centre,Left,62
<_io.BytesIO object at 0x00000178E31DE860>,0.21449336409568787,-0.09158432483673096,-0.22043415904045105,268322,47,8,False,Left,Back,Centre,Left,62
<_io.BytesIO object at 0x00000178E31DE9A0>,0.22836220264434814,-0.07833626121282578,-0.17670097947120667,268322,47,8,False,Left,Back,Centre,Left,62
<_io.BytesIO object at 0x00000178E31DE6D0>,0.6616788506507874,0.06660887598991394,-0.1208103746175766,268322,47,8,False,Left,Back,Centre,Left,62
<_io.BytesIO object at 0x00000178E31DE590>,0.6929559707641602,0.04800321161746979,-0.10093504190444946,268322,47,8,False,Left,Back,Centre,Left,62
<_io.BytesIO object at 0x00000178E31DE220>,0.6637377738952637,0.048702672123909,-0.04323725402355194,268322,47,8,False,Left,Back,Centre,Left,62
<_io.BytesIO object at 0x00000178E31DE630>,0.5875943899154663,0.053216949105262756,-0.0910835936665535,268322,47,8,False,Left,Back,Centre,Left,62
<_io.BytesIO object at 0x00000178E31DE270>,0.6416778564453125,0.03547917678952217,-0.15020307898521423,268322,47,8,False,Left,Back,Centre,Left,62
<_io.BytesIO object at 0x00000178DE5E58B0>,0.249855175614357,-0.1526978760957718,-0.13221123814582825,268323,47,8,False,Left,Back,Centre,Left,62
<_io.BytesIO object at 0x00000178DE5E5400>,0.2718302011489868,-0.0754769816994667,-0.175603449344635,268323,47,8,False,Left,Back,Centre,Left,62
<_io.BytesIO object at 0x00000178E31DEC20>,0.20323149859905243,-0.16593538224697113,-0.21000277996063232,268323,47,8,False,Left,Back,Centre,Left,62
<_io.BytesIO object at 0x00000178E31DE950>,0.21495094895362854,-0.09165984392166138,-0.2197871059179306,268323,47,8,False,Left,Back,Centre,Left,62
<_io.BytesIO object at 0x00000178E31DE3B0>,0.22875210642814636,-0.07823364436626434,-0.17603006958961487,268323,47,8,False,Left,Back,Centre,Left,62
<_io.BytesIO object at 0x00000178E31DE4F0>,0.6619955897331238,0.06666648387908936,-0.12091939151287079,268323,47,8,False,Left,Back,Centre,Left,62
<_io.BytesIO object at 0x00000178E31DE040>,0.6932872533798218,0.0480012372136116,-0.10110925883054733,268323,47,8,False,Left,Back,Centre,Left,62
<_io.BytesIO object at 0x00000178E31DEA90>,0.6640424132347107,0.04894498735666275,-0.04338565468788147,268323,47,8,False,Left,Back,Centre,Left,62
<_io.BytesIO object at 0x00000178E5FC0450>,0.5878399610519409,0.05331481993198395,-0.09126980602741241,268323,47,8,False,Left,Back,Centre,Left,62
<_io.BytesIO object at 0x00000178E5FC0270>,0.6420843005180359,0.035384081304073334,-0.15046782791614532,268323,47,8,False,Left,Back,Centre,Left,62
<_io.BytesIO object at 0x00000178E31DE270>,0.25038519501686096,-0.15249085426330566,-0.13142338395118713,268324,47,8,False,Left,Back,Centre,Left,62
<_io.BytesIO object at 0x00000178E5FC02C0>,0.2722613215446472,-0.07537572830915451,-0.17505867779254913,268324,47,8,False,Left,Back,Centre,Left,62
<_io.BytesIO object at 0x00000178E5FC0540>,0.2036229521036148,-0.16589181125164032,-0.20912796258926392,268324,47,8,False,Left,Back,Centre,Left,62
<_io.BytesIO object at 0x00000178E5FC0090>,0.21535521745681763,-0.09161058068275452,-0.21910496056079865,268324,47,8,False,Left,Back,Centre,Left,62
<_io.BytesIO object at 0x00000178E5FC2B30>,0.22926868498325348,-0.07816203683614731,-0.17543324828147888,268324,47,8,False,Left,Back,Centre,Left,62
<_io.BytesIO object at 0x00000178E5FC2810>,0.662259578704834,0.06660936772823334,-0.12107004970312119,268324,47,8,False,Left,Back,Centre,Left,62
<_io.BytesIO object at 0x00000178E5FC2A40>,0.6935586333274841,0.04807574301958084,-0.101249560713768,268324,47,8,False,Left,Back,Centre,Left,62
<_io.BytesIO object at 0x00000178E5FC05E0>,0.664316713809967,0.04915187880396843,-0.04354328662157059,268324,47,8,False,Left,Back,Centre,Left,62
<_io.BytesIO object at 0x00000178E5FC08B0>,0.5880004167556763,0.05341118574142456,-0.09141366928815842,268324,47,8,False,Left,Back,Centre,Left,62
<_io.BytesIO object at 0x00000178E5FC0950>,0.6424651145935059,0.035319264978170395,-0.15076200664043427,268324,47,8,False,Left,Back,Centre,Left,62
<_io.BytesIO object at 0x00000178E5FC07C0>,0.2509298324584961,-0.152271568775177,-0.13064907491207123,268325,47,8,False,Left,Back,Centre,Left,62
<_io.BytesIO object at 0x00000178E5FC09A0>,0.27279892563819885,-0.07537870854139328,-0.17442083358764648,268325,47,8,False,Left,Back,Centre,Left,62
<_io.BytesIO object at 0x00000178E31DED10>,0.20421990752220154,-0.16602517664432526,-0.20830731093883514,268325,47,8,False,Left,Back,Centre,Left,62
<_io.BytesIO object at 0x00000178E31DECC0>,0.215866357088089,-0.09176646918058395,-0.2185136377811432,268325,47,8,False,Left,Back,Centre,Left,62
<_io.BytesIO object at 0x00000178E31DEF40>,0.22972096502780914,-0.0781567320227623,-0.1749158352613449,268325,47,8,False,Left,Back,Centre,Left,62
<_io.BytesIO object at 0x00000178E31DEBD0>,0.6624366044998169,0.06664318591356277,-0.12119162827730179,268325,47,8,False,Left,Back,Centre,Left,62
<_io.BytesIO object at 0x00000178E31DE310>,0.6937350630760193,0.04813116788864136,-0.10139016062021255,268325,47,8,False,Left,Back,Centre,Left,62
<_io.BytesIO object at 0x00000178E31DE180>,0.6645735502243042,0.0493062362074852,-0.043676577508449554,268325,47,8,False,Left,Back,Centre,Left,62
<_io.BytesIO object at 0x00000178DE5E5540>,0.5881295204162598,0.05341099202632904,-0.09149517863988876,268325,47,8,False,Left,Back,Centre,Left,62
<_io.BytesIO object at 0x00000178DE5E5630>,0.6427854895591736,0.03523910045623779,-0.15107378363609314,268325,47,8,False,Left,Back,Centre,Left,62
<_io.BytesIO object at 0x00000178E31DEDB0>,0.2515188157558441,-0.152045339345932,-0.12994042038917542,268326,47,8,False,Left,Back,Centre,Left,62
<_io.BytesIO object at 0x00000178E31DEA40>,0.2732389569282532,-0.07532863318920135,-0.17390207946300507,268326,47,8,False,Left,Back,Centre,Left,62
<_io.BytesIO object at 0x00000178E31DEE00>,0.2047041356563568,-0.16607803106307983,-0.2074938416481018,268326,47,8,False,Left,Back,Centre,Left,62
<_io.BytesIO object at 0x00000178E31DE4A0>,0.2162822037935257,-0.09183315187692642,-0.21791553497314453,268326,47,8,False,Left,Back,Centre,Left,62
<_io.BytesIO object at 0x00000178E31DE4F0>,0.2302391082048416,-0.07815326005220413,-0.17429697513580322,268326,47,8,False,Left,Back,Centre,Left,62
<_io.BytesIO object at 0x00000178E31DE5E0>,0.6625611782073975,0.06668458133935928,-0.12130486965179443,268326,47,8,False,Left,Back,Centre,Left,62
<_io.BytesIO object at 0x00000178E31DECC0>,0.6938998699188232,0.048173919320106506,-0.10158924013376236,268326,47,8,False,Left,Back,Centre,Left,62
<_io.BytesIO object at 0x00000178DE5E58B0>,0.6647288799285889,0.04928135871887207,-0.043734755367040634,268326,47,8,False,Left,Back,Centre,Left,62
<_io.BytesIO object at 0x00000178E5FC0EF0>,0.5882076025009155,0.05334281921386719,-0.09154001623392105,268326,47,8,False,Left,Back,Centre,Left,62
<_io.BytesIO object at 0x00000178E5FC0400>,0.6431154012680054,0.035231344401836395,-0.15139392018318176,268326,47,8,False,Left,Back,Centre,Left,62
<_io.BytesIO object at 0x00000178DE5E5900>,0.25210392475128174,-0.15183693170547485,-0.12922318279743195,268327,47,8,False,Left,Back,Centre,Left,62
<_io.BytesIO object at 0x00000178DE5E5540>,0.27375563979148865,-0.07524192333221436,-0.1734018623828888,268327,47,8,False,Left,Back,Centre,Left,62
<_io.BytesIO object at 0x00000178E31DEAE0>,0.20529136061668396,-0.1661776304244995,-0.20668421685695648,268327,47,8,False,Left,Back,Centre,Left,62
<_io.BytesIO object at 0x00000178E31DE6D0>,0.21681635081768036,-0.09197953343391418,-0.21730631589889526,268327,47,8,False,Left,Back,Centre,Left,62
<_io.BytesIO object at 0x00000178E31DEDB0>,0.23075157403945923,-0.07813262194395065,-0.17377685010433197,268327,47,8,False,Left,Back,Centre,Left,62
<_io.BytesIO object at 0x00000178E31DE270>,0.6626433730125427,0.06673301756381989,-0.12138424068689346,268327,47,8,False,Left,Back,Centre,Left,62
<_io.BytesIO object at 0x00000178E31DE8B0>,0.6940212249755859,0.048277635127305984,-0.10174442082643509,268327,47,8,False,Left,Back,Centre,Left,62
<_io.BytesIO object at 0x00000178E31DE9F0>,0.6648158431053162,0.04909580200910568,-0.043778952211141586,268327,47,8,False,Left,Back,Centre,Left,62
<_io.BytesIO object at 0x00000178E5FC04A0>,0.5882465839385986,0.053237900137901306,-0.09155075252056122,268327,47,8,False,Left,Back,Centre,Left,62
<_io.BytesIO object at 0x00000178E5FC05E0>,0.6433588266372681,0.03521839901804924,-0.15173980593681335,268327,47,8,False,Left,Back,Centre,Left,62
<_io.BytesIO object at 0x00000178E31DEEF0>,0.2527044117450714,-0.15165510773658752,-0.12855815887451172,268328,47,8,False,Left,Back,Centre,Left,62
<_io.BytesIO object at 0x00000178E31DE4A0>,0.2742096781730652,-0.0751250684261322,-0.17295938730239868,268328,47,8,False,Left,Back,Centre,Left,62
<_io.BytesIO object at 0x00000178E31DE860>,0.20585694909095764,-0.16625860333442688,-0.20593883097171783,268328,47,8,False,Left,Back,Centre,Left,62
<_io.BytesIO object at 0x00000178E31DEA40>,0.21723507344722748,-0.09205695986747742,-0.21679815649986267,268328,47,8,False,Left,Back,Centre,Left,62
<_io.BytesIO object at 0x00000178E31DE1D0>,0.23124413192272186,-0.07816466689109802,-0.17324693500995636,268328,47,8,False,Left,Back,Centre,Left,62
<_io.BytesIO object at 0x00000178E31DE900>,0.6626840233802795,0.06684916466474533,-0.12150053679943085,268328,47,8,False,Left,Back,Centre,Left,62
<_io.BytesIO object at 0x00000178E31DE8B0>,0.6940639615058899,0.04831448569893837,-0.10188787430524826,268328,47,8,False,Left,Back,Centre,Left,62
<_io.BytesIO object at 0x00000178DE5E57C0>,0.664803147315979,0.048837531358003616,-0.043775126338005066,268328,47,8,False,Left,Back,Centre,Left,62
<_io.BytesIO object at 0x00000178E5FC0400>,0.5882568359375,0.05315691605210304,-0.09153865277767181,268328,47,8,False,Left,Back,Centre,Left,62
<_io.BytesIO object at 0x00000178E5FC0770>,0.6435453295707703,0.03516712039709091,-0.1520587056875229,268328,47,8,False,Left,Back,Centre,Left,62
<_io.BytesIO object at 0x00000178DE5E54F0>,0.25329092144966125,-0.15151077508926392,-0.1279229074716568,268329,47,8,False,Left,Back,Centre,Left,62
<_io.BytesIO object at 0x00000178DE5E5900>,0.2746478021144867,-0.07510126382112503,-0.17253997921943665,268329,47,8,False,Left,Back,Centre,Left,62
<_io.BytesIO object at 0x00000178E31DE360>,0.20638960599899292,-0.16634975373744965,-0.2052096426486969,268329,47,8,False,Left,Back,Centre,Left,62
<_io.BytesIO object at 0x00000178E31DE9A0>,0.21777455508708954,-0.09217284619808197,-0.2161710113286972,268329,47,8,False,Left,Back,Centre,Left,62
<_io.BytesIO object at 0x00000178E31DE0E0>,0.2317306250333786,-0.07813625782728195,-0.1727321892976761,268329,47,8,False,Left,Back,Centre,Left,62
<_io.BytesIO object at 0x00000178E31DE180>,0.6627132296562195,0.06685838848352432,-0.12158388644456863,268329,47,8,False,Left,Back,Centre,Left,62
<_io.BytesIO object at 0x00000178E31DEA40>,0.6941001415252686,0.048246417194604874,-0.1020546481013298,268329,47,8,False,Left,Back,Centre,Left,62
<_io.BytesIO object at 0x00000178E31DE1D0>,0.6648123264312744,0.04857600852847099,-0.043825432658195496,268329,47,8,False,Left,Back,Centre,Left,62
<_io.BytesIO object at 0x00000178E5FC08B0>,0.5882362127304077,0.05315849557518959,-0.09147357195615768,268329,47,8,False,Left,Back,Centre,Left,62
<_io.BytesIO object at 0x00000178E5FC0C70>,0.6436617374420166,0.03517648205161095,-0.15243180096149445,268329,47,8,False,Left,Back,Centre,Left,62
<_io.BytesIO object at 0x00000178E31DEBD0>,0.2539530098438263,-0.1513432115316391,-0.1273169070482254,268330,47,8,False,Left,Back,Centre,Left,62
<_io.BytesIO object at 0x00000178E31DE360>,0.27530622482299805,-0.07508955150842667,-0.17211033403873444,268330,47,8,False,Left,Back,Centre,Left,62
<_io.BytesIO object at 0x00000178E31DE950>,0.2068932056427002,-0.1664128601551056,-0.20446990430355072,268330,47,8,False,Left,Back,Centre,Left,62
<_io.BytesIO object at 0x00000178E31DEA90>,0.21818585693836212,-0.0922497808933258,-0.2157006859779358,268330,47,8,False,Left,Back,Centre,Left,62
<_io.BytesIO object at 0x00000178E31DE450>,0.2322569638490677,-0.0781671404838562,-0.17221537232398987,268330,47,8,False,Left,Back,Centre,Left,62
<_io.BytesIO object at 0x00000178E31DE180>,0.6627191305160522,0.06685283780097961,-0.12165474146604538,268330,47,8,False,Left,Back,Centre,Left,62
<_io.BytesIO object at 0x00000178E31DEEA0>,0.6940903663635254,0.0481419637799263,-0.10219409316778183,268330,47,8,False,Left,Back,Centre,Left,62
<_io.BytesIO object at 0x00000178DE5E54A0>,0.6648464202880859,0.048313435167074203,-0.043906476348638535,268330,47,8,False,Left,Back,Centre,Left,62
<_io.BytesIO object at 0x00000178E5FC09F0>,0.5882580876350403,0.05318072438240051,-0.09146381169557571,268330,47,8,False,Left,Back,Centre,Left,62
<_io.BytesIO object at 0x00000178E5FC05E0>,0.6437526941299438,0.03511706739664078,-0.15272143483161926,268330,47,8,False,Left,Back,Centre,Left,62
<_io.BytesIO object at 0x00000178DE5E58B0>,0.25457262992858887,-0.15124569833278656,-0.12677064538002014,268331,47,8,False,Left,Back,Centre,Left,62
<_io.BytesIO object at 0x00000178E5FC0B30>,0.27574557065963745,-0.07511700689792633,-0.1716802716255188,268331,47,8,False,Left,Back,Centre,Left,62
<_io.BytesIO object at 0x00000178E5FC0360>,0.20751924812793732,-0.16654281318187714,-0.20386920869350433,268331,47,8,False,Left,Back,Centre,Left,62
<_io.BytesIO object at 0x00000178E5FC0450>,0.21870779991149902,-0.09236424416303635,-0.21523509919643402,268331,47,8,False,Left,Back,Centre,Left,62
<_io.BytesIO object at 0x00000178DE5E5400>,0.2327299267053604,-0.07820058614015579,-0.1717611402273178,268331,47,8,False,Left,Back,Centre,Left,62
<_io.BytesIO object at 0x00000178DE5E5540>,0.6626641750335693,0.06676717847585678,-0.1218670904636383,268331,47,8,False,Left,Back,Centre,Left,62
<_io.BytesIO object at 0x00000178E31DE0E0>,0.6940768361091614,0.04798704758286476,-0.10235433280467987,268331,47,8,False,Left,Back,Centre,Left,62
<_io.BytesIO object at 0x00000178E31DE3B0>,0.6649580597877502,0.047935470938682556,-0.04439372941851616,268331,47,8,False,Left,Back,Centre,Left,62
<_io.BytesIO object at 0x00000178E31DE040>,0.5882914066314697,0.053256746381521225,-0.09157464653253555,268331,47,8,False,Left,Back,Centre,Left,62
<_io.BytesIO object at 0x00000178E31DE270>,0.6437991857528687,0.035035114735364914,-0.15297213196754456,268331,47,8,False,Left,Back,Centre,Left,62
<_io.BytesIO object at 0x00000178E31DE770>,0.25520291924476624,-0.1511768251657486,-0.12625308334827423,268332,47,8,False,Left,Back,Centre,Left,62
<_io.BytesIO object at 0x00000178E5FC0EF0>,0.2763059437274933,-0.07507762312889099,-0.17125198245048523,268332,47,8,False,Left,Back,Centre,Left,62
<_io.BytesIO object at 0x00000178E5FC05E0>,0.20808827877044678,-0.16667090356349945,-0.20324444770812988,268332,47,8,False,Left,Back,Centre,Left,62
<_io.BytesIO object at 0x00000178E5FC02C0>,0.2191590517759323,-0.0924871563911438,-0.21469374001026154,268332,47,8,False,Left,Back,Centre,Left,62
<_io.BytesIO object at 0x00000178E31DE590>,0.23320162296295166,-0.07830622047185898,-0.1712869256734848,268332,47,8,False,Left,Back,Centre,Left,62
<_io.BytesIO object at 0x00000178E31DE630>,0.6626150012016296,0.06665245443582535,-0.12193689495325089,268332,47,8,False,Left,Back,Centre,Left,62
<_io.BytesIO object at 0x00000178E31DE180>,0.694035530090332,0.04783472791314125,-0.1025175154209137,268332,47,8,False,Left,Back,Centre,Left,62
<_io.BytesIO object at 0x00000178E31DE220>,0.6649367809295654,0.04775703698396683,-0.044553037732839584,268332,47,8,False,Left,Back,Centre,Left,62
<_io.BytesIO object at 0x00000178E31DE3B0>,0.5890538096427917,0.0539616234600544,-0.09187579900026321,268332,47,8,False,Left,Back,Centre,Left,62
<_io.BytesIO object at 0x00000178E31DE360>,0.6437640190124512,0.034973692148923874,-0.15317752957344055,268332,47,8,False,Left,Back,Centre,Left,62
<_io.BytesIO object at 0x00000178DE5E54A0>,0.25587138533592224,-0.15113826096057892,-0.12581004202365875,268333,47,8,False,Left,Back,Centre,Left,62
<_io.BytesIO object at 0x00000178E5FC0EA0>,0.2767638564109802,-0.07506843656301498,-0.17092417180538177,268333,47,8,False,Left,Back,Centre,Left,62
<_io.BytesIO object at 0x00000178E5FC0E50>,0.20861437916755676,-0.16676221787929535,-0.20270994305610657,268333,47,8,False,Left,Back,Centre,Left,62
<_io.BytesIO object at 0x00000178E5FC0220>,0.21958237886428833,-0.09258219599723816,-0.21427534520626068,268333,47,8,False,Left,Back,Centre,Left,62
<_io.BytesIO object at 0x00000178E5FC2310>,0.23374362289905548,-0.07832962274551392,-0.17091117799282074,268333,47,8,False,Left,Back,Centre,Left,62
<_io.BytesIO object at 0x00000178E5FC25E0>,0.6625705361366272,0.06657739728689194,-0.12203735113143921,268333,47,8,False,Left,Back,Centre,Left,62
<_io.BytesIO object at 0x00000178E5FC2CC0>,0.693974494934082,0.04763941094279289,-0.10272326320409775,268333,47,8,False,Left,Back,Centre,Left,62
<_io.BytesIO object at 0x00000178E5FC2040>,0.6649338603019714,0.047633882611989975,-0.04469772428274155,268333,47,8,False,Left,Back,Centre,Left,62
<_io.BytesIO object at 0x00000178E5FC2680>,0.589017927646637,0.05403226241469383,-0.09194593876600266,268333,47,8,False,Left,Back,Centre,Left,62
<_io.BytesIO object at 0x00000178E5FC2C70>,0.6436648368835449,0.0349356010556221,-0.1533041000366211,268333,47,8,False,Left,Back,Centre,Left,62
<_io.BytesIO object at 0x00000178E31DEA40>,0.25651490688323975,-0.15114045143127441,-0.1253531575202942,268334,47,8,False,Left,Back,Centre,Left,62
<_io.BytesIO object at 0x00000178E31DE680>,0.2772427499294281,-0.07499491423368454,-0.17059144377708435,268334,47,8,False,Left,Back,Centre,Left,62
<_io.BytesIO object at 0x00000178E31DE950>,0.20928268134593964,-0.1668989062309265,-0.20223933458328247,268334,47,8,False,Left,Back,Centre,Left,62
<_io.BytesIO object at 0x00000178E31DE810>,0.22011515498161316,-0.09269553422927856,-0.21385398507118225,268334,47,8,False,Left,Back,Centre,Left,62
<_io.BytesIO object at 0x00000178E5FC2310>,0.23421528935432434,-0.07842409610748291,-0.17045727372169495,268334,47,8,False,Left,Back,Centre,Left,62
<_io.BytesIO object at 0x00000178E5FC2040>,0.6625142097473145,0.06648755073547363,-0.1221323236823082,268334,47,8,False,Left,Back,Centre,Left,62
<_io.BytesIO object at 0x00000178E5FC29A0>,0.6939119696617126,0.04746757820248604,-0.10291708260774612,268334,47,8,False,Left,Back,Centre,Left,62
<_io.BytesIO object at 0x00000178E5FC2D10>,0.6649165749549866,0.04755484312772751,-0.04485171288251877,268334,47,8,False,Left,Back,Centre,Left,62
<_io.BytesIO object at 0x00000178E5FC27C0>,0.5889645218849182,0.054092273116111755,-0.0920645073056221,268334,47,8,False,Left,Back,Centre,Left,62
<_io.BytesIO object at 0x00000178E5FC2720>,0.6435215473175049,0.03493151441216469,-0.15338365733623505,268334,47,8,False,Left,Back,Centre,Left,62
<_io.BytesIO object at 0x00000178E5FC2E00>,0.257140576839447,-0.15118451416492462,-0.12491512298583984,268335,47,8,False,Left,Back,Centre,Left,62
<_io.BytesIO object at 0x00000178E31DE680>,0.2777062952518463,-0.07500603049993515,-0.1702612191438675,268335,47,8,False,Left,Back,Centre,Left,62
<_io.BytesIO object at 0x00000178E31DEB30>,0.2098417580127716,-0.16697566211223602,-0.20179925858974457,268335,47,8,False,Left,Back,Centre,Left,62
<_io.BytesIO object at 0x00000178E31DE090>,0.220547154545784,-0.09275586903095245,-0.21349507570266724,268335,47,8,False,Left,Back,Centre,Left,62
<_io.BytesIO object at 0x00000178E31DE900>,0.23468242585659027,-0.07839440554380417,-0.1701132208108902,268335,47,8,False,Left,Back,Centre,Left,62
<_io.BytesIO object at 0x00000178DE5E56D0>,0.6624525189399719,0.06639079749584198,-0.12222781777381897,268335,47,8,False,Left,Back,Centre,Left,62
<_io.BytesIO object at 0x00000178DE5E58B0>,0.6938251256942749,0.04734764248132706,-0.10306060314178467,268335,47,8,False,Left,Back,Centre,Left,62
<_io.BytesIO object at 0x00000178E5FC0360>,0.6649376153945923,0.04741601273417473,-0.045213207602500916,268335,47,8,False,Left,Back,Centre,Left,62
<_io.BytesIO object at 0x00000178E5FC0450>,0.5889245271682739,0.05406488850712776,-0.09215762466192245,268335,47,8,False,Left,Back,Centre,Left,62
<_io.BytesIO object at 0x00000178E5FC0310>,0.6433151960372925,0.03486914560198784,-0.15338896214962006,268335,47,8,False,Left,Back,Centre,Left,62
<_io.BytesIO object at 0x00000178E5FCFC20>,0.2577745020389557,-0.15123151242733002,-0.124561607837677,268336,47,8,False,Left,Back,Centre,Left,62
<_io.BytesIO object at 0x00000178E5FCF680>,0.2781541049480438,-0.07501605153083801,-0.16997909545898438,268336,47,8,False,Left,Back,Centre,Left,62
<_io.BytesIO object at 0x00000178E5F8C8B0>,0.21045279502868652,-0.1670956313610077,-0.201416015625,268336,47,8,False,Left,Back,Centre,Left,62
<_io.BytesIO object at 0x00000178E5F8C9A0>,0.22106701135635376,-0.0928749367594719,-0.2131253182888031,268336,47,8,False,Left,Back,Centre,Left,62
<_io.BytesIO object at 0x00000178E5F8CB30>,0.23518022894859314,-0.07841392606496811,-0.16979233920574188,268336,47,8,False,Left,Back,Centre,Left,62
<_io.BytesIO object at 0x00000178E5F8C860>,0.6623877286911011,0.06631795316934586,-0.12230648845434189,268336,47,8,False,Left,Back,Centre,Left,62
<_io.BytesIO object at 0x00000178E3246BD0>,0.6937565803527832,0.047190435230731964,-0.10314906388521194,268336,47,8,False,Left,Back,Centre,Left,62
<_io.BytesIO object at 0x00000178E3246770>,0.6649594306945801,0.04729640856385231,-0.04532494395971298,268336,47,8,False,Left,Back,Centre,Left,62
<_io.BytesIO object at 0x00000178E3246E50>,0.5888393521308899,0.053978584706783295,-0.09222379326820374,268336,47,8,False,Left,Back,Centre,Left,62
<_io.BytesIO object at 0x00000178E3246C20>,0.643101155757904,0.03486569970846176,-0.15337061882019043,268336,47,8,False,Left,Back,Centre,Left,62
<_io.BytesIO object at 0x00000178E5FCA0E0>,0.25838378071784973,-0.15128330886363983,-0.1241782158613205,268337,47,8,False,Left,Back,Centre,Left,62
<_io.BytesIO object at 0x00000178E5FCA6D0>,0.2786633372306824,-0.07506368309259415,-0.16972535848617554,268337,47,8,False,Left,Back,Centre,Left,62
<_io.BytesIO object at 0x00000178E5FCAEA0>,0.2109503298997879,-0.1671939641237259,-0.2010040581226349,268337,47,8,False,Left,Back,Centre,Left,62
<_io.BytesIO object at 0x00000178E5FEBF90>,0.22151201963424683,-0.09293854236602783,-0.21278245747089386,268337,47,8,False,Left,Back,Centre,Left,62
<_io.BytesIO object at 0x00000178E5F76C20>,0.23563195765018463,-0.07844802737236023,-0.16955047845840454,268337,47,8,False,Left,Back,Centre,Left,62
<_io.BytesIO object at 0x00000178E5F76CC0>,0.6623392701148987,0.06622739881277084,-0.12236536294221878,268337,47,8,False,Left,Back,Centre,Left,62
<_io.BytesIO object at 0x00000178E5F76810>,0.6937106847763062,0.04709947854280472,-0.10323705524206161,268337,47,8,False,Left,Back,Centre,Left,62
<_io.BytesIO object at 0x00000178E5F760E0>,0.6649652123451233,0.04716244339942932,-0.04538054019212723,268337,47,8,False,Left,Back,Centre,Left,62
<_io.BytesIO object at 0x00000178E5F76C70>,0.5888186097145081,0.05388373136520386,-0.09223618358373642,268337,47,8,False,Left,Back,Centre,Left,62
<_io.BytesIO object at 0x00000178E5F76BD0>,0.6429123282432556,0.034874483942985535,-0.15329723060131073,268337,47,8,False,Left,Back,Centre,Left,62
<_io.BytesIO object at 0x00000178E5FDD720>,0.25896209478378296,-0.15135031938552856,-0.12387101352214813,268338,47,8,False,Left,Back,Centre,Left,62
<_io.BytesIO object at 0x00000178E5FDE270>,0.2791401147842407,-0.07512548565864563,-0.1693892776966095,268338,47,8,False,Left,Back,Centre,Left,62
<_io.BytesIO object at 0x00000178E5FDE810>,0.21153807640075684,-0.16735319793224335,-0.2006790041923523,268338,47,8,False,Left,Back,Centre,Left,62
<_io.BytesIO object at 0x00000178E5FDE720>,0.22196269035339355,-0.09311141818761826,-0.21250076591968536,268338,47,8,False,Left,Back,Centre,Left,62
<_io.BytesIO object at 0x00000178E5FDE3B0>,0.23610825836658478,-0.07852958142757416,-0.16927200555801392,268338,47,8,False,Left,Back,Centre,Left,62
<_io.BytesIO object at 0x00000178E5FDEBD0>,0.6623220443725586,0.0661579817533493,-0.12240152806043625,268338,47,8,False,Left,Back,Centre,Left,62
<_io.BytesIO object at 0x00000178E5FA3130>,0.6936765313148499,0.04698505625128746,-0.10332823544740677,268338,47,8,False,Left,Back,Centre,Left,62
<_io.BytesIO object at 0x00000178E5FA3EF0>,0.6649848222732544,0.04696207121014595,-0.045461319386959076,268338,47,8,False,Left,Back,Centre,Left,62
<_io.BytesIO object at 0x00000178E5FA36D0>,0.5888256430625916,0.0537668839097023,-0.09220051765441895,268338,47,8,False,Left,Back,Centre,Left,62
<_io.BytesIO object at 0x00000178E5FA3A40>,0.6427363157272339,0.03490035608410835,-0.153203547000885,268338,47,8,False,Left,Back,Centre,Left,62
<_io.BytesIO object at 0x00000178E3216720>,0.2595535218715668,-0.15138982236385345,-0.12354832887649536,268339,47,8,False,Left,Back,Centre,Left,62
<_io.BytesIO object at 0x00000178E3216C70>,0.2795858085155487,-0.07516217231750488,-0.16920731961727142,268339,47,8,False,Left,Back,Centre,Left,62
<_io.BytesIO object at 0x00000178E5F77630>,0.2121133953332901,-0.1675214171409607,-0.20032313466072083,268339,47,8,False,Left,Back,Centre,Left,62
<_io.BytesIO object at 0x00000178E5F776D0>,0.22245155274868011,-0.09328226000070572,-0.2122236043214798,268339,47,8,False,Left,Back,Centre,Left,62
<_io.BytesIO object at 0x00000178E5F774A0>,0.23656068742275238,-0.07858647406101227,-0.16903658211231232,268339,47,8,False,Left,Back,Centre,Left,62
<_io.BytesIO object at 0x00000178E5F77090>,0.6623060703277588,0.06607003509998322,-0.12242293357849121,268339,47,8,False,Left,Back,Centre,Left,62
<_io.BytesIO object at 0x00000178E5F77E00>,0.6936712861061096,0.046874627470970154,-0.10337875038385391,268339,47,8,False,Left,Back,Centre,Left,62
<_io.BytesIO object at 0x00000178E5F77450>,0.6650570631027222,0.04676567018032074,-0.0454605408012867,268339,47,8,False,Left,Back,Centre,Left,62
<_io.BytesIO object at 0x00000178E5FF95E0>,0.5888730883598328,0.05370139330625534,-0.09214126318693161,268339,47,8,False,Left,Back,Centre,Left,62
<_io.BytesIO object at 0x00000178E5FF9DB0>,0.6425338387489319,0.034963589161634445,-0.15315338969230652,268339,47,8,False,Left,Back,Centre,Left,62
<_io.BytesIO object at 0x00000178E5FEEA90>,0.26009202003479004,-0.1514580100774765,-0.12326456606388092,268340,47,8,False,Left,Back,Centre,Left,62
<_io.BytesIO object at 0x00000178E5FEED10>,0.28000956773757935,-0.07513033598661423,-0.16894790530204773,268340,47,8,False,Left,Back,Centre,Left,62
<_io.BytesIO object at 0x00000178E3236770>,0.21279889345169067,-0.167697474360466,-0.2001156061887741,268340,47,8,False,Left,Back,Centre,Left,62
<_io.BytesIO object at 0x00000178E32363B0>,0.2229570597410202,-0.09344212710857391,-0.21201898157596588,268340,47,8,False,Left,Back,Centre,Left,62
<_io.BytesIO object at 0x00000178E32360E0>,0.23694974184036255,-0.07864955067634583,-0.16883903741836548,268340,47,8,False,Left,Back,Centre,Left,62
<_io.BytesIO object at 0x00000178E3236E00>,0.6623267531394958,0.06599514186382294,-0.12240976840257645,268340,47,8,False,Left,Back,Centre,Left,62
<_io.BytesIO object at 0x00000178E3236130>,0.6936876773834229,0.04674946889281273,-0.10343985259532928,268340,47,8,False,Left,Back,Centre,Left,62
<_io.BytesIO object at 0x00000178E5FEE310>,0.6651688814163208,0.04655520245432854,-0.04548164829611778,268340,47,8,False,Left,Back,Centre,Left,62
<_io.BytesIO object at 0x00000178E5FEEF90>,0.588905394077301,0.053663961589336395,-0.09205096960067749,268340,47,8,False,Left,Back,Centre,Left,62
<_io.BytesIO object at 0x00000178E5FEE3B0>,0.6423904895782471,0.03500406816601753,-0.15304157137870789,268340,47,8,False,Left,Back,Centre,Left,62
<_io.BytesIO object at 0x00000178E5FF9D60>,0.2605734169483185,-0.1515243500471115,-0.12292084097862244,268341,47,8,False,Left,Back,Centre,Left,62
<_io.BytesIO object at 0x00000178E5F77CC0>,0.2803664207458496,-0.07511070370674133,-0.16866296529769897,268341,47,8,False,Left,Back,Centre,Left,62
<_io.BytesIO object at 0x00000178E5F77A90>,0.21340514719486237,-0.1678468883037567,-0.1998913586139679,268341,47,8,False,Left,Back,Centre,Left,62
<_io.BytesIO object at 0x00000178E5F77310>,0.2233922779560089,-0.0935598611831665,-0.2118472307920456,268341,47,8,False,Left,Back,Centre,Left,62
<_io.BytesIO object at 0x00000178E5F77540>,0.23729437589645386,-0.0786769837141037,-0.1686229705810547,268341,47,8,False,Left,Back,Centre,Left,62
<_io.BytesIO object at 0x00000178E3216180>,0.6623529195785522,0.06592819094657898,-0.1223888248205185,268341,47,8,False,Left,Back,Centre,Left,62
<_io.BytesIO object at 0x00000178E32160E0>,0.6937327980995178,0.04655483737587929,-0.10346169769763947,268341,47,8,False,Left,Back,Centre,Left,62
<_io.BytesIO object at 0x00000178E3216D10>,0.6653015613555908,0.046344101428985596,-0.0454639196395874,268341,47,8,False,Left,Back,Centre,Left,62
<_io.BytesIO object at 0x00000178E32165E0>,0.5889822840690613,0.05362410470843315,-0.09194852411746979,268341,47,8,False,Left,Back,Centre,Left,62
<_io.BytesIO object at 0x00000178E3216DB0>,0.6422960758209229,0.035044923424720764,-0.15290126204490662,268341,47,8,False,Left,Back,Centre,Left,62
<_io.BytesIO object at 0x00000178E5FA3D10>,0.2609300911426544,-0.15165197849273682,-0.12260421365499496,268342,47,8,False,Left,Back,Centre,Left,62
<_io.BytesIO object at 0x00000178E5FDE860>,0.2806167006492615,-0.07504622638225555,-0.16840431094169617,268342,47,8,False,Left,Back,Centre,Left,62
<_io.BytesIO object at 0x00000178E5FDE040>,0.21422190964221954,-0.1681126356124878,-0.19982726871967316,268342,47,8,False,Left,Back,Centre,Left,62
<_io.BytesIO object at 0x00000178E5FDEF90>,0.2240055799484253,-0.09380251169204712,-0.21174927055835724,268342,47,8,False,Left,Back,Centre,Left,62
<_io.BytesIO object at 0x00000178E5FDEC70>,0.23756499588489532,-0.07873189449310303,-0.16848254203796387,268342,47,8,False,Left,Back,Centre,Left,62
<_io.BytesIO object at 0x00000178E5FDE7C0>,0.6624228358268738,0.06584800779819489,-0.12236236780881882,268342,47,8,False,Left,Back,Centre,Left,62
<_io.BytesIO object at 0x00000178E5FDEF40>,0.6937832832336426,0.04642556607723236,-0.10349565744400024,268342,47,8,False,Left,Back,Centre,Left,62
<_io.BytesIO object at 0x00000178E5FDDCC0>,0.6654117107391357,0.046169061213731766,-0.0454682856798172,268342,47,8,False,Left,Back,Centre,Left,62
<_io.BytesIO object at 0x00000178E5FDDC20>,0.5890857577323914,0.05364445596933365,-0.09187374264001846,268342,47,8,False,Left,Back,Centre,Left,62
<_io.BytesIO object at 0x00000178E5FDD810>,0.6422138810157776,0.035080477595329285,-0.15276332199573517,268342,47,8,False,Left,Back,Centre,Left,62
<_io.BytesIO object at 0x00000178E5F760E0>,0.26121315360069275,-0.15176290273666382,-0.12222568690776825,268343,47,8,False,Left,Back,Centre,Left,62
<_io.BytesIO object at 0x00000178E5F765E0>,0.2807532250881195,-0.07493709027767181,-0.16799044609069824,268343,47,8,False,Left,Back,Centre,Left,62
<_io.BytesIO object at 0x00000178E5FCA680>,0.21508851647377014,-0.168354794383049,-0.19986560940742493,268343,47,8,False,Left,Back,Centre,Left,62
<_io.BytesIO object at 0x00000178E5FCA400>,0.22458024322986603,-0.09394693374633789,-0.21176180243492126,268343,47,8,False,Left,Back,Centre,Left,62
<_io.BytesIO object at 0x00000178E5FCA2C0>,0.23775626718997955,-0.07880033552646637,-0.16839614510536194,268343,47,8,False,Left,Back,Centre,Left,62
<_io.BytesIO object at 0x00000178E5FCA3B0>,0.6624767184257507,0.06582684069871902,-0.12231447547674179,268343,47,8,False,Left,Back,Centre,Left,62
<_io.BytesIO object at 0x00000178E5FCAD10>,0.6938386559486389,0.046321481466293335,-0.10351361334323883,268343,47,8,False,Left,Back,Centre,Left,62
<_io.BytesIO object at 0x00000178E5FCAC70>,0.6655240058898926,0.04602025821805,-0.04545431584119797,268343,47,8,False,Left,Back,Centre,Left,62
<_io.BytesIO object at 0x00000178E5F8B040>,0.5891658663749695,0.05367371812462807,-0.09180882573127747,268343,47,8,False,Left,Back,Centre,Left,62
<_io.BytesIO object at 0x00000178E5F8B720>,0.6420644521713257,0.035129889845848083,-0.15270809829235077,268343,47,8,False,Left,Back,Centre,Left,62
<_io.BytesIO object at 0x00000178E32466D0>,0.2613999545574188,-0.1518738567829132,-0.1218266710639,268344,47,8,False,Left,Back,Centre,Left,62
<_io.BytesIO object at 0x00000178E5F8C720>,0.28090715408325195,-0.0747765451669693,-0.1674911081790924,268344,47,8,False,Left,Back,Centre,Left,62
<_io.BytesIO object at 0x00000178E5F8C590>,0.2161065936088562,-0.16860981285572052,-0.20002084970474243,268344,47,8,False,Left,Back,Centre,Left,62
<_io.BytesIO object at 0x00000178E5F8CD60>,0.22523067891597748,-0.0940793976187706,-0.2118287831544876,268344,47,8,False,Left,Back,Centre,Left,62
<_io.BytesIO object at 0x00000178E5F8C4F0>,0.23787377774715424,-0.07890500873327255,-0.1683349311351776,268344,47,8,False,Left,Back,Centre,Left,62
<_io.BytesIO object at 0x00000178E5FCF5E0>,0.6625289916992188,0.06576284021139145,-0.12233559042215347,268344,47,8,False,Left,Back,Centre,Left,62
<_io.BytesIO object at 0x00000178E5FCF4A0>,0.6938931345939636,0.04624805599451065,-0.10350798070430756,268344,47,8,False,Left,Back,Centre,Left,62
<_io.BytesIO object at 0x00000178E5FCF1D0>,0.6656190752983093,0.04588090255856514,-0.04541344195604324,268344,47,8,False,Left,Back,Centre,Left,62
<_io.BytesIO object at 0x00000178E5FCF590>,0.5892355442047119,0.05371840298175812,-0.09176111966371536,268344,47,8,False,Left,Back,Centre,Left,62
<_io.BytesIO object at 0x00000178E5FCFC70>,0.6420823335647583,0.0351732075214386,-0.1525314897298813,268344,47,8,False,Left,Back,Centre,Left,62
<_io.BytesIO object at 0x00000178E5FC09F0>,0.26150259375572205,-0.15195170044898987,-0.12147708982229233,268345,47,8,False,Left,Back,Centre,Left,62
<_io.BytesIO object at 0x00000178DE5E5400>,0.28086328506469727,-0.07459042966365814,-0.16702879965305328,268345,47,8,False,Left,Back,Centre,Left,62
<_io.BytesIO object at 0x00000178E31DE450>,0.21727289259433746,-0.1690104752779007,-0.2002311646938324,268345,47,8,False,Left,Back,Centre,Left,62
<_io.BytesIO object at 0x00000178E31DEB30>,0.22594240307807922,-0.09442920237779617,-0.21195322275161743,268345,47,8,False,Left,Back,Centre,Left,62
<_io.BytesIO object at 0x00000178E31DED60>,0.2378975749015808,-0.07898669689893723,-0.16834065318107605,268345,47,8,False,Left,Back,Centre,Left,62
<_io.BytesIO object at 0x00000178E31DE400>,0.6625573039054871,0.06577158719301224,-0.12224500626325607,268345,47,8,False,Left,Back,Centre,Left,62
<_io.BytesIO object at 0x00000178E31DE4F0>,0.6939374804496765,0.04622609168291092,-0.10350332409143448,268345,47,8,False,Left,Back,Centre,Left,62
<_io.BytesIO object at 0x00000178E31DE5E0>,0.6656615734100342,0.04575760290026665,-0.04534095898270607,268345,47,8,False,Left,Back,Centre,Left,62
<_io.BytesIO object at 0x00000178E5FC2E00>,0.5892940759658813,0.053742483258247375,-0.09170179069042206,268345,47,8,False,Left,Back,Centre,Left,62
<_io.BytesIO object at 0x00000178E5FC2310>,0.642053484916687,0.03523988276720047,-0.15243208408355713,268345,47,8,False,Left,Back,Centre,Left,62
<_io.BytesIO object at 0x00000178E5FC2860>,0.26144444942474365,-0.1520179957151413,-0.12102213501930237,268346,47,8,False,Left,Back,Centre,Left,62
<_io.BytesIO object at 0x00000178E31DED60>,0.28076255321502686,-0.07432039827108383,-0.1665114015340805,268346,47,8,False,Left,Back,Centre,Left,62
<_io.BytesIO object at 0x00000178E31DECC0>,0.21833397448062897,-0.16928647458553314,-0.20047257840633392,268346,47,8,False,Left,Back,Centre,Left,62
<_io.BytesIO object at 0x00000178E31DE310>,0.2265956848859787,-0.09460637718439102,-0.21214531362056732,268346,47,8,False,Left,Back,Centre,Left,62
<_io.BytesIO object at 0x00000178DE5E54F0>,0.23783168196678162,-0.07903992384672165,-0.16837945580482483,268346,47,8,False,Left,Back,Centre,Left,62
<_io.BytesIO object at 0x00000178DE5E5770>,0.6626061797142029,0.0658448189496994,-0.12208867818117142,268346,47,8,False,Left,Back,Centre,Left,62
<_io.BytesIO object at 0x00000178E5FC09F0>,0.6939797401428223,0.04623662307858467,-0.10347103327512741,268346,47,8,False,Left,Back,Centre,Left,62
<_io.BytesIO object at 0x00000178E5FC0EA0>,0.6656699180603027,0.04566929489374161,-0.045266423374414444,268346,47,8,False,Left,Back,Centre,Left,62
<_io.BytesIO object at 0x00000178E5FC0E50>,0.5893275737762451,0.053758230060338974,-0.09164071083068848,268346,47,8,False,Left,Back,Centre,Left,62
<_io.BytesIO object at 0x00000178E5FC0040>,0.6420288681983948,0.035327792167663574,-0.1523641049861908,268346,47,8,False,Left,Back,Centre,Left,62
<_io.BytesIO object at 0x00000178E5FCF5E0>,0.2612372934818268,-0.15204238891601562,-0.12055417895317078,268347,47,8,False,Left,Back,Centre,Left,62
<_io.BytesIO object at 0x00000178E5F8CCC0>,0.28052881360054016,-0.07400482147932053,-0.16598281264305115,268347,47,8,False,Left,Back,Centre,Left,62
<_io.BytesIO object at 0x00000178E5F8CA90>,0.2196466624736786,-0.16967986524105072,-0.2007887214422226,268347,47,8,False,Left,Back,Centre,Left,62
<_io.BytesIO object at 0x00000178E5F8C950>,0.22739800810813904,-0.09491389244794846,-0.21243074536323547,268347,47,8,False,Left,Back,Centre,Left,62
<_io.BytesIO object at 0x00000178E5F8C0E0>,0.23764939606189728,-0.07911597192287445,-0.1684337705373764,268347,47,8,False,Left,Back,Centre,Left,62
<_io.BytesIO object at 0x00000178E3246D60>,0.6625997424125671,0.06591352820396423,-0.12203370034694672,268347,47,8,False,Left,Back,Centre,Left,62
<_io.BytesIO object at 0x00000178E3246770>,0.6940029859542847,0.04627295210957527,-0.1034303829073906,268347,47,8,False,Left,Back,Centre,Left,62
<_io.BytesIO object at 0x00000178E3246220>,0.6656789183616638,0.04560479894280434,-0.045179832726716995,268347,47,8,False,Left,Back,Centre,Left,62
<_io.BytesIO object at 0x00000178E3246630>,0.5893638134002686,0.053820621222257614,-0.09157628566026688,268347,47,8,False,Left,Back,Centre,Left,62
<_io.BytesIO object at 0x00000178E3246A40>,0.6420271992683411,0.03543085604906082,-0.1523088812828064,268347,47,8,False,Left,Back,Centre,Left,62
<_io.BytesIO object at 0x00000178E5FCA090>,0.26084983348846436,-0.15205366909503937,-0.12005665898323059,268348,47,8,False,Left,Back,Centre,Left,62
<_io.BytesIO object at 0x00000178E5FCA5E0>,0.28003183007240295,-0.07352898269891739,-0.16516070067882538,268348,47,8,False,Left,Back,Centre,Left,62
<_io.BytesIO object at 0x00000178E5F76040>,0.22115632891654968,-0.17006227374076843,-0.20121446251869202,268348,47,8,False,Left,Back,Centre,Left,62
<_io.BytesIO object at 0x00000178E5F76770>,0.22813968360424042,-0.0952138900756836,-0.21270041167736053,268348,47,8,False,Left,Back,Centre,Left,62
<_io.BytesIO object at 0x00000178E5F76CC0>,0.2372380942106247,-0.07911471277475357,-0.16851486265659332,268348,47,8,False,Left,Back,Centre,Left,62
<_io.BytesIO object at 0x00000178E5F76810>,0.6626392006874084,0.06598715484142303,-0.12190249562263489,268348,47,8,False,Left,Back,Centre,Left,62
<_io.BytesIO object at 0x00000178E5F76D60>,0.6940188407897949,0.046319156885147095,-0.10338856279850006,268348,47,8,False,Left,Back,Centre,Left,62
<_io.BytesIO object at 0x00000178E5F76090>,0.6656486392021179,0.04555412381887436,-0.04509127512574196,268348,47,8,False,Left,Back,Centre,Left,62
<_io.BytesIO object at 0x00000178E5F76270>,0.5893949270248413,0.053876351565122604,-0.09148841351270676,268348,47,8,False,Left,Back,Centre,Left,62
<_io.BytesIO object at 0x00000178E5F769A0>,0.6420792937278748,0.035519130527973175,-0.15221434831619263,268348,47,8,False,Left,Back,Centre,Left,62
<_io.BytesIO object at 0x00000178E5FDE310>,0.2602206766605377,-0.15208108723163605,-0.11953005939722061,268349,47,8,False,Left,Back,Centre,Left,62
<_io.BytesIO object at 0x00000178E5FDEA90>,0.27920547127723694,-0.07287014275789261,-0.16430597007274628,268349,47,8,False,Left,Back,Centre,Left,62
<_io.BytesIO object at 0x00000178E5FDE400>,0.222959965467453,-0.17049822211265564,-0.20185089111328125,268349,47,8,False,Left,Back,Centre,Left,62
<_io.BytesIO object at 0x00000178E5FDEBD0>,0.22894608974456787,-0.0955270379781723,-0.21315330266952515,268349,47,8,False,Left,Back,Centre,Left,62
<_io.BytesIO object at 0x00000178E5FDE450>,0.23661671578884125,-0.07925532758235931,-0.16872383654117584,268349,47,8,False,Left,Back,Centre,Left,62
<_io.BytesIO object at 0x00000178E5FA3D60>,0.662660539150238,0.06605638563632965,-0.12183579802513123,268349,47,8,False,Left,Back,Centre,Left,62
<_io.BytesIO object at 0x00000178E5FA3EF0>,0.6940522193908691,0.046398501843214035,-0.10330552607774734,268349,47,8,False,Left,Back,Centre,Left,62
<_io.BytesIO object at 0x00000178E5FA3F40>,0.6656328439712524,0.04554067179560661,-0.04498286917805672,268349,47,8,False,Left,Back,Centre,Left,62
<_io.BytesIO object at 0x00000178E5FA3720>,0.5894020199775696,0.05397701635956764,-0.0913868248462677,268349,47,8,False,Left,Back,Centre,Left,62
<_io.BytesIO object at 0x00000178E5FA3310>,0.6420989632606506,0.03564376011490822,-0.1521892547607422,268349,47,8,False,Left,Back,Centre,Left,62
<_io.BytesIO object at 0x00000178E3216360>,0.25927096605300903,-0.15212063491344452,-0.11893123388290405,268350,47,8,False,Left,Back,Centre,Left,62
<_io.BytesIO object at 0x00000178E5FF95E0>,0.2780442237854004,-0.07222840934991837,-0.16322657465934753,268350,47,8,False,Left,Back,Centre,Left,62
<_io.BytesIO object at 0x00000178E5FF9310>,0.22480767965316772,-0.17087489366531372,-0.2025507688522339,268350,47,8,False,Left,Back,Centre,Left,62
<_io.BytesIO object at 0x00000178E5FF9EF0>,0.22973668575286865,-0.09578334540128708,-0.21360145509243011,268350,47,8,False,Left,Back,Centre,Left,62
<_io.BytesIO object at 0x00000178E5FF94F0>,0.2357368767261505,-0.07932786643505096,-0.16898566484451294,268350,47,8,False,Left,Back,Centre,Left,62
<_io.BytesIO object at 0x00000178E5FF9C70>,0.6626973748207092,0.06620172411203384,-0.12169063091278076,268350,47,8,False,Left,Back,Centre,Left,62
<_io.BytesIO object at 0x00000178E5FF9F90>,0.694054365158081,0.046464741230010986,-0.10323180258274078,268350,47,8,False,Left,Back,Centre,Left,62
<_io.BytesIO object at 0x00000178E5F77130>,0.6655299067497253,0.04555666074156761,-0.04468395560979843,268350,47,8,False,Left,Back,Centre,Left,62
<_io.BytesIO object at 0x00000178E5F775E0>,0.589402973651886,0.054075222462415695,-0.09125711023807526,268350,47,8,False,Left,Back,Centre,Left,62
<_io.BytesIO object at 0x00000178E5F77360>,0.6421091556549072,0.035760026425123215,-0.15217769145965576,268350,47,8,False,Left,Back,Centre,Left,62
<_io.BytesIO object at 0x00000178E5FEE180>,0.25802183151245117,-0.152119979262352,-0.11835891008377075,268351,47,8,False,Left,Back,Centre,Left,62
<_io.BytesIO object at 0x00000178E3236770>,0.27651485800743103,-0.07155443727970123,-0.16208840906620026,268351,47,8,False,Left,Back,Centre,Left,62
<_io.BytesIO object at 0x00000178E3236EA0>,0.2268074005842209,-0.17119264602661133,-0.20341052114963531,268351,47,8,False,Left,Back,Centre,Left,62
<_io.BytesIO object at 0x00000178E3236A90>,0.230555921792984,-0.09596960991621017,-0.21421244740486145,268351,47,8,False,Left,Back,Centre,Left,62
<_io.BytesIO object at 0x00000178E32364A0>,0.2346755564212799,-0.07941227406263351,-0.1694643646478653,268351,47,8,False,Left,Back,Centre,Left,62
<_io.BytesIO object at 0x00000178E5FEE540>,0.6626907587051392,0.06627169251441956,-0.12154388427734375,268351,47,8,False,Left,Back,Centre,Left,62
<_io.BytesIO object at 0x00000178E5FEE810>,0.6940370798110962,0.04652678593993187,-0.10316003113985062,268351,47,8,False,Left,Back,Centre,Left,62
<_io.BytesIO object at 0x00000178E5FEE4F0>,0.665485143661499,0.045533422380685806,-0.044545728713274,268351,47,8,False,Left,Back,Centre,Left,62
<_io.BytesIO object at 0x00000178E5FEE860>,0.589371383190155,0.05421034246683121,-0.0910973995923996,268351,47,8,False,Left,Back,Centre,Left,62
<_io.BytesIO object at 0x00000178E5FEEE50>,0.642169177532196,0.03586741164326668,-0.1521424651145935,268351,47,8,False,Left,Back,Centre,Left,62
<_io.BytesIO object at 0x00000178E5FF93B0>,0.25644007325172424,-0.152017742395401,-0.11774429678916931,268352,47,8,False,Left,Back,Centre,Left,62
<_io.BytesIO object at 0x00000178E5FF9C20>,0.27481722831726074,-0.0706496387720108,-0.1609308123588562,268352,47,8,False,Left,Back,Centre,Left,62
<_io.BytesIO object at 0x00000178E5FF99A0>,0.22901269793510437,-0.17155621945858002,-0.2040569931268692,268352,47,8,False,Left,Back,Centre,Left,62
<_io.BytesIO object at 0x00000178E5FF9D60>,0.23151586949825287,-0.09639719128608704,-0.2148149013519287,268352,47,8,False,Left,Back,Centre,Left,62
<_io.BytesIO object at 0x00000178E3216D60>,0.23353321850299835,-0.07950963079929352,-0.17006418108940125,268352,47,8,False,Left,Back,Centre,Left,62
<_io.BytesIO object at 0x00000178E3216AE0>,0.6626989245414734,0.0663796216249466,-0.12139773368835449,268352,47,8,False,Left,Back,Centre,Left,62
<_io.BytesIO object at 0x00000178E32161D0>,0.6940327286720276,0.046599384397268295,-0.10307453572750092,268352,47,8,False,Left,Back,Centre,Left,62
<_io.BytesIO object at 0x00000178E3216400>,0.6654374599456787,0.04546452686190605,-0.044420186430215836,268352,47,8,False,Left,Back,Centre,Left,62
<_io.BytesIO object at 0x00000178E3216DB0>,0.5893401503562927,0.054357897490262985,-0.09092704951763153,268352,47,8,False,Left,Back,Centre,Left,62
<_io.BytesIO object at 0x00000178E32167C0>,0.642240583896637,0.0359964445233345,-0.1521189659833908,268352,47,8,False,Left,Back,Centre,Left,62
<_io.BytesIO object at 0x00000178E5FA3EF0>,0.2545942962169647,-0.15177595615386963,-0.11711108684539795,268353,47,8,False,Left,Back,Centre,Left,62
<_io.BytesIO object at 0x00000178E5FDE680>,0.27296000719070435,-0.06995195895433426,-0.15999440848827362,268353,47,8,False,Left,Back,Centre,Left,62
<_io.BytesIO object at 0x00000178E5FDEF90>,0.23089025914669037,-0.17185078561306,-0.20453082025051117,268353,47,8,False,Left,Back,Centre,Left,62
<_io.BytesIO object at 0x00000178E5FDE590>,0.23232203722000122,-0.09670654684305191,-0.21544791758060455,268353,47,8,False,Left,Back,Centre,Left,62
<_io.BytesIO object at 0x00000178E5FDEE50>,0.23236392438411713,-0.07958546280860901,-0.17077475786209106,268353,47,8,False,Left,Back,Centre,Left,62
<_io.BytesIO object at 0x00000178E5FDE1D0>,0.6627213358879089,0.06649595499038696,-0.12127280235290527,268353,47,8,False,Left,Back,Centre,Left,62
<_io.BytesIO object at 0x00000178E5FDD7C0>,0.6940274238586426,0.04666943475604057,-0.10295657813549042,268353,47,8,False,Left,Back,Centre,Left,62
<_io.BytesIO object at 0x00000178E5FDDCC0>,0.6653822660446167,0.045379284769296646,-0.04425946623086929,268353,47,8,False,Left,Back,Centre,Left,62
<_io.BytesIO object at 0x00000178E5FDD2C0>,0.5894003510475159,0.054546721279621124,-0.09078273922204971,268353,47,8,False,Left,Back,Centre,Left,62
<_io.BytesIO object at 0x00000178E5FDDA40>,0.6422840356826782,0.03613393008708954,-0.152121901512146,268353,47,8,False,Left,Back,Centre,Left,62
<_io.BytesIO object at 0x00000178E5F76CC0>,0.2524680495262146,-0.15142302215099335,-0.1165267825126648,268354,47,8,False,Left,Back,Centre,Left,62
<_io.BytesIO object at 0x00000178E5F76630>,0.27091360092163086,-0.06915364414453506,-0.15919174253940582,268354,47,8,False,Left,Back,Centre,Left,62
<_io.BytesIO object at 0x00000178E5FCAB80>,0.23274406790733337,-0.17204202711582184,-0.20491524040699005,268354,47,8,False,Left,Back,Centre,Left,62
<_io.BytesIO object at 0x00000178E5FCA0E0>,0.23322030901908875,-0.0969536080956459,-0.21609556674957275,268354,47,8,False,Left,Back,Centre,Left,62
<_io.BytesIO object at 0x00000178E5FCA270>,0.23121079802513123,-0.07957445830106735,-0.17169104516506195,268354,47,8,False,Left,Back,Centre,Left,62
<_io.BytesIO object at 0x00000178E5FCA7C0>,0.6627526879310608,0.06662686914205551,-0.12109450995922089,268354,47,8,False,Left,Back,Centre,Left,62
<_io.BytesIO object at 0x00000178E5FCAE00>,0.6940320134162903,0.046722739934921265,-0.10278920084238052,268354,47,8,False,Left,Back,Centre,Left,62
<_io.BytesIO object at 0x00000178E5F8B540>,0.6653024554252625,0.04525336995720863,-0.044070351868867874,268354,47,8,False,Left,Back,Centre,Left,62
<_io.BytesIO object at 0x00000178E5F8B6D0>,0.5893760323524475,0.054699841886758804,-0.09057503938674927,268354,47,8,False,Left,Back,Centre,Left,62
<_io.BytesIO object at 0x00000178E5F8B950>,0.6424024105072021,0.03627793863415718,-0.15205194056034088,268354,47,8,False,Left,Back,Centre,Left,62
<_io.BytesIO object at 0x00000178E3246770>,0.2500702738761902,-0.15092168748378754,-0.11594964563846588,268355,47,8,False,Left,Back,Centre,Left,62
<_io.BytesIO object at 0x00000178E5F8CB30>,0.26891475915908813,-0.06843839585781097,-0.1585756540298462,268355,47,8,False,Left,Back,Centre,Left,62
<_io.BytesIO object at 0x00000178E5F8C130>,0.23418456315994263,-0.17220064997673035,-0.2050989866256714,268355,47,8,False,Left,Back,Centre,Left,62
<_io.BytesIO object at 0x00000178E5F8CF40>,0.2339576631784439,-0.09719287604093552,-0.21676599979400635,268355,47,8,False,Left,Back,Centre,Left,62
<_io.BytesIO object at 0x00000178E5FCFC20>,0.22992536425590515,-0.07954411953687668,-0.1727384775876999,268355,47,8,False,Left,Back,Centre,Left,62
<_io.BytesIO object at 0x00000178E5FCF630>,0.662796676158905,0.0667794793844223,-0.12089891731739044,268355,47,8,False,Left,Back,Centre,Left,62
<_io.BytesIO object at 0x00000178E5FCF1D0>,0.6940489411354065,0.04680371657013893,-0.10262233763933182,268355,47,8,False,Left,Back,Centre,Left,62
<_io.BytesIO object at 0x00000178E5FCF590>,0.6652112603187561,0.04509415477514267,-0.04382496699690819,268355,47,8,False,Left,Back,Centre,Left,62
<_io.BytesIO object at 0x00000178E5FCFD10>,0.5894059538841248,0.05486488342285156,-0.09041466563940048,268355,47,8,False,Left,Back,Centre,Left,62
<_io.BytesIO object at 0x00000178E5FCFF90>,0.6402683854103088,0.03869643807411194,-0.14945226907730103,268355,47,8,False,Left,Back,Centre,Left,62
<_io.BytesIO object at 0x00000178E5FC0900>,0.2474317103624344,-0.15023748576641083,-0.11538884788751602,268356,47,8,False,Left,Back,Centre,Left,62
<_io.BytesIO object at 0x00000178E31DE450>,0.2669992446899414,-0.06782218813896179,-0.1581156700849533,268356,47,8,False,Left,Back,Centre,Left,62
<_io.BytesIO object at 0x00000178E31DED60>,0.235985666513443,-0.17250563204288483,-0.20506635308265686,268356,47,8,False,Left,Back,Centre,Left,62
<_io.BytesIO object at 0x00000178E31DEDB0>,0.23529379069805145,-0.0976194366812706,-0.2174728512763977,268356,47,8,False,Left,Back,Centre,Left,62
<_io.BytesIO object at 0x00000178E31DEC70>,0.2286624163389206,-0.07961905002593994,-0.17383143305778503,268356,47,8,False,Left,Back,Centre,Left,62
<_io.BytesIO object at 0x00000178E31DE4F0>,0.6628478169441223,0.06704863160848618,-0.12062015384435654,268356,47,8,False,Left,Back,Centre,Left,62
<_io.BytesIO object at 0x00000178E5FC2AE0>,0.6940650939941406,0.04688849672675133,-0.10242728888988495,268356,47,8,False,Left,Back,Centre,Left,62
<_io.BytesIO object at 0x00000178E5FC2A40>,0.6650801301002502,0.0449453741312027,-0.04356152191758156,268356,47,8,False,Left,Back,Centre,Left,62
<_io.BytesIO object at 0x00000178E5FC2EF0>,0.5894562602043152,0.05507884919643402,-0.09026549011468887,268356,47,8,False,Left,Back,Centre,Left,62
<_io.BytesIO object at 0x00000178E5FC2220>,0.6403419971466064,0.03900899738073349,-0.14934690296649933,268356,47,8,False,Left,Back,Centre,Left,62
<_io.BytesIO object at 0x00000178E5FC2F90>,0.24455851316452026,-0.14940661191940308,-0.11487460881471634,268357,47,8,False,Left,Back,Centre,Left,62
<_io.BytesIO object at 0x00000178E31DE3B0>,0.2648262083530426,-0.06702730804681778,-0.15768708288669586,268357,47,8,False,Left,Back,Centre,Left,62
<_io.BytesIO object at 0x00000178E31DE130>,0.23566757142543793,-0.17174281179904938,-0.20588749647140503,268357,47,8,False,Left,Back,Centre,Left,62
<_io.BytesIO object at 0x00000178E31DE0E0>,0.23458710312843323,-0.09629357606172562,-0.21833500266075134,268357,47,8,False,Left,Back,Centre,Left,62
<_io.BytesIO object at 0x00000178DE5E5720>,0.22729924321174622,-0.07966253906488419,-0.175042524933815,268357,47,8,False,Left,Back,Centre,Left,62
<_io.BytesIO object at 0x00000178DE5E5770>,0.6630136966705322,0.06729947775602341,-0.1202961876988411,268357,47,8,False,Left,Back,Centre,Left,62
<_io.BytesIO object at 0x00000178E5FC0B30>,0.6941154599189758,0.04699867591261864,-0.10220997035503387,268357,47,8,False,Left,Back,Centre,Left,62
<_io.BytesIO object at 0x00000178E5FC0770>,0.6649330854415894,0.04480959102511406,-0.043272484093904495,268357,47,8,False,Left,Back,Centre,Left,62
<_io.BytesIO object at 0x00000178E5FC0450>,0.5895065665245056,0.05531248450279236,-0.09008211642503738,268357,47,8,False,Left,Back,Centre,Left,62
<_io.BytesIO object at 0x00000178E5FC0D10>,0.6404201984405518,0.0394190177321434,-0.14915640652179718,268357,47,8,False,Left,Back,Centre,Left,62
<_io.BytesIO object at 0x00000178E5FCF680>,0.24139709770679474,-0.1484864503145218,-0.11444972455501556,268358,47,8,False,Left,Back,Centre,Left,62
<_io.BytesIO object at 0x00000178E5F8C130>,0.2628050446510315,-0.06643688678741455,-0.1573018729686737,268358,47,8,False,Left,Back,Centre,Left,62
<_io.BytesIO object at 0x00000178E5F8CA90>,0.23546047508716583,-0.17125815153121948,-0.2062833309173584,268358,47,8,False,Left,Back,Centre,Left,62
<_io.BytesIO object at 0x00000178E5F8C0E0>,0.2344057559967041,-0.09552538394927979,-0.2190110683441162,268358,47,8,False,Left,Back,Centre,Left,62
<_io.BytesIO object at 0x00000178E3246770>,0.22601059079170227,-0.07969716191291809,-0.1762206256389618,268358,47,8,False,Left,Back,Centre,Left,62
<_io.BytesIO object at 0x00000178E3246270>,0.6632043719291687,0.0675399973988533,-0.12002155929803848,268358,47,8,False,Left,Back,Centre,Left,62
<_io.BytesIO object at 0x00000178E3246810>,0.6941891312599182,0.04712375998497009,-0.1019405871629715,268358,47,8,False,Left,Back,Centre,Left,62
<_io.BytesIO object at 0x00000178E3246E50>,0.6647763848304749,0.044739823788404465,-0.04294399172067642,268358,47,8,False,Left,Back,Centre,Left,62
<_io.BytesIO object at 0x00000178E3246130>,0.5895254611968994,0.0556226521730423,-0.08990324288606644,268358,47,8,False,Left,Back,Centre,Left,62
<_io.BytesIO object at 0x00000178E3246DB0>,0.6407108306884766,0.03958563134074211,-0.14914220571517944,268358,47,8,False,Left,Back,Centre,Left,62
<_io.BytesIO object at 0x00000178E5FCA040>,0.23807570338249207,-0.14749565720558167,-0.11416810750961304,268359,47,8,False,Left,Back,Centre,Left,62
<_io.BytesIO object at 0x00000178E5FCA770>,0.26054155826568604,-0.06577230244874954,-0.15725763142108917,268359,47,8,False,Left,Back,Centre,Left,62
<_io.BytesIO object at 0x00000178E5F76CC0>,0.235871359705925,-0.1706206202507019,-0.20676970481872559,268359,47,8,False,Left,Back,Centre,Left,62
<_io.BytesIO object at 0x00000178E5F761D0>,0.23511162400245667,-0.09462437778711319,-0.21960557997226715,268359,47,8,False,Left,Back,Centre,Left,62
<_io.BytesIO object at 0x00000178E5F76EF0>,0.22465668618679047,-0.07943095266819,-0.17710086703300476,268359,47,8,False,Left,Back,Centre,Left,62
<_io.BytesIO object at 0x00000178E5F76810>,0.6634426712989807,0.0677831694483757,-0.11964089423418045,268359,47,8,False,Left,Back,Centre,Left,62
<_io.BytesIO object at 0x00000178E5F76400>,0.6942864656448364,0.047356490045785904,-0.10156579315662384,268359,47,8,False,Left,Back,Centre,Left,62
<_io.BytesIO object at 0x00000178E5F76310>,0.6646626591682434,0.04478086903691292,-0.04255804792046547,268359,47,8,False,Left,Back,Centre,Left,62
<_io.BytesIO object at 0x00000178E5F769A0>,0.589590311050415,0.05588642507791519,-0.08970870077610016,268359,47,8,False,Left,Back,Centre,Left,62
<_io.BytesIO object at 0x00000178E5F76C70>,0.6408562064170837,0.039905451238155365,-0.14885595440864563,268359,47,8,False,Left,Back,Centre,Left,62
<_io.BytesIO object at 0x00000178E5FDEAE0>,0.2345169633626938,-0.1464492827653885,-0.11399123072624207,268360,47,8,False,Left,Back,Centre,Left,62
<_io.BytesIO object at 0x00000178E5FDEF90>,0.25868746638298035,-0.0652773305773735,-0.15713107585906982,268360,47,8,False,Left,Back,Centre,Left,62
<_io.BytesIO object at 0x00000178E5FDE400>,0.23570603132247925,-0.170448437333107,-0.20667465031147003,268360,47,8,False,Left,Back,Centre,Left,62
<_io.BytesIO object at 0x00000178E5FDE5E0>,0.23544146120548248,-0.094282366335392,-0.21995672583580017,268360,47,8,False,Left,Back,Centre,Left,62
<_io.BytesIO object at 0x00000178E5FDE130>,0.22351957857608795,-0.07951559871435165,-0.17818354070186615,268360,47,8,False,Left,Back,Centre,Left,62
<_io.BytesIO object at 0x00000178E5FA3590>,0.6636390089988708,0.06803316622972488,-0.11932229995727539,268360,47,8,False,Left,Back,Centre,Left,62
<_io.BytesIO object at 0x00000178E5FA3900>,0.6944528222084045,0.04759213700890541,-0.10117517411708832,268360,47,8,False,Left,Back,Centre,Left,62
<_io.BytesIO object at 0x00000178E5FA36D0>,0.6645498275756836,0.04482659697532654,-0.042170293629169464,268360,47,8,False,Left,Back,Centre,Left,62
<_io.BytesIO object at 0x00000178E5FA34A0>,0.5896695256233215,0.05608295649290085,-0.08952426165342331,268360,47,8,False,Left,Back,Centre,Left,62
<_io.BytesIO object at 0x00000178E5FA3360>,0.6410672664642334,0.0402216799557209,-0.14849667251110077,268360,47,8,False,Left,Back,Centre,Left,62
<_io.BytesIO object at 0x00000178E32160E0>,0.23085924983024597,-0.14541858434677124,-0.11391665786504745,268361,47,8,False,Left,Back,Centre,Left,62
<_io.BytesIO object at 0x00000178E5FF99A0>,0.2566737234592438,-0.0645904541015625,-0.15702232718467712,268361,47,8,False,Left,Back,Centre,Left,62
<_io.BytesIO object at 0x00000178E5FF9540>,0.23567700386047363,-0.17026570439338684,-0.2063649743795395,268361,47,8,False,Left,Back,Centre,Left,62
<_io.BytesIO object at 0x00000178E5FF9EF0>,0.235850989818573,-0.09418529272079468,-0.22014854848384857,268361,47,8,False,Left,Back,Centre,Left,62
<_io.BytesIO object at 0x00000178E5FF92C0>,0.22246988117694855,-0.07939966768026352,-0.17921151220798492,268361,47,8,False,Left,Back,Centre,Left,62
<_io.BytesIO object at 0x00000178E5FF9F90>,0.6638110876083374,0.06826260685920715,-0.119034044444561,268361,47,8,False,Left,Back,Centre,Left,62
<_io.BytesIO object at 0x00000178E5FF9360>,0.694589376449585,0.04784902557730675,-0.10076270252466202,268361,47,8,False,Left,Back,Centre,Left,62
<_io.BytesIO object at 0x00000178E5F77860>,0.664512574672699,0.04493105039000511,-0.04174719378352165,268361,47,8,False,Left,Back,Centre,Left,62
<_io.BytesIO object at 0x00000178E5F77130>,0.5897984504699707,0.056287262588739395,-0.0893225222826004,268361,47,8,False,Left,Back,Centre,Left,62
<_io.BytesIO object at 0x00000178E5F77770>,0.6412783861160278,0.04050968587398529,-0.1480882465839386,268361,47,8,False,Left,Back,Centre,Left,62
<_io.BytesIO object at 0x00000178E5FEE810>,0.2271358221769333,-0.14441081881523132,-0.11390519887208939,268362,47,8,False,Left,Back,Centre,Left,62
<_io.BytesIO object at 0x00000178E3236DB0>,0.2546035051345825,-0.06389360129833221,-0.1568770706653595,268362,47,8,False,Left,Back,Centre,Left,62
<_io.BytesIO object at 0x00000178E3236400>,0.23564602434635162,-0.1701742708683014,-0.205748051404953,268362,47,8,False,Left,Back,Centre,Left,62
<_io.BytesIO object at 0x00000178E32363B0>,0.23629701137542725,-0.09428694099187851,-0.22020724415779114,268362,47,8,False,Left,Back,Centre,Left,62
<_io.BytesIO object at 0x00000178E32367C0>,0.22140972316265106,-0.07911820709705353,-0.18023738265037537,268362,47,8,False,Left,Back,Centre,Left,62
<_io.BytesIO object at 0x00000178E3236F90>,0.6640495657920837,0.0686136782169342,-0.11854051053524017,268362,47,8,False,Left,Back,Centre,Left,62
<_io.BytesIO object at 0x00000178E3236950>,0.694769024848938,0.048097968101501465,-0.10038828104734421,268362,47,8,False,Left,Back,Centre,Left,62
<_io.BytesIO object at 0x00000178E3236D60>,0.6644510626792908,0.04509633034467697,-0.04131917282938957,268362,47,8,False,Left,Back,Centre,Left,62
<_io.BytesIO object at 0x00000178E3236C20>,0.5899455547332764,0.05647137388586998,-0.089129239320755,268362,47,8,False,Left,Back,Centre,Left,62
<_io.BytesIO object at 0x00000178E32368B0>,0.6415694355964661,0.04079267755150795,-0.14773604273796082,268362,47,8,False,Left,Back,Centre,Left,62
<_io.BytesIO object at 0x00000178E5F771D0>,0.2233831137418747,-0.14342772960662842,-0.11401695013046265,268363,47,8,False,Left,Back,Centre,Left,62
<_io.BytesIO object at 0x00000178E5F77630>,0.25255587697029114,-0.06315579265356064,-0.1567527800798416,268363,47,8,False,Left,Back,Centre,Left,62
<_io.BytesIO object at 0x00000178E5FF9DB0>,0.2356301099061966,-0.1701480746269226,-0.20487534999847412,268363,47,8,False,Left,Back,Centre,Left,62
<_io.BytesIO object at 0x00000178E5FF9CC0>,0.23680004477500916,-0.09451242536306381,-0.22011473774909973,268363,47,8,False,Left,Back,Centre,Left,62
<_io.BytesIO object at 0x00000178E5FF96D0>,0.2201695442199707,-0.07880664616823196,-0.18105477094650269,268363,47,8,False,Left,Back,Centre,Left,62
<_io.BytesIO object at 0x00000178E5FF9220>,0.6643396019935608,0.06890588998794556,-0.11807432025671005,268363,47,8,False,Left,Back,Centre,Left,62
<_io.BytesIO object at 0x00000178E5FF9040>,0.6949846744537354,0.04841417819261551,-0.09991464018821716,268363,47,8,False,Left,Back,Centre,Left,62
<_io.BytesIO object at 0x00000178E5FF9590>,0.6644143462181091,0.04521152004599571,-0.04086984321475029,268363,47,8,False,Left,Back,Centre,Left,62
<_io.BytesIO object at 0x00000178E5FF9130>,0.5900827646255493,0.056651029735803604,-0.08891570568084717,268363,47,8,False,Left,Back,Centre,Left,62
<_io.BytesIO object at 0x00000178E32160E0>,0.6418172121047974,0.041094910353422165,-0.1473217010498047,268363,47,8,False,Left,Back,Centre,Left,62
<_io.BytesIO object at 0x00000178E5FA3DB0>,0.21960356831550598,-0.1424928903579712,-0.11426106095314026,268364,47,8,False,Left,Back,Centre,Left,62
<_io.BytesIO object at 0x00000178E5FA3C20>,0.25029197335243225,-0.06201919540762901,-0.15649345517158508,268364,47,8,False,Left,Back,Centre,Left,62
<_io.BytesIO object at 0x00000178E5FA3590>,0.23590494692325592,-0.17007151246070862,-0.20359763503074646,268364,47,8,False,Left,Back,Centre,Left,62
<_io.BytesIO object at 0x00000178E5FDEDB0>,0.23725681006908417,-0.09487996995449066,-0.2198779433965683,268364,47,8,False,Left,Back,Centre,Left,62
<_io.BytesIO object at 0x00000178E5FDE2C0>,0.21897047758102417,-0.07836225628852844,-0.18186984956264496,268364,47,8,False,Left,Back,Centre,Left,62
<_io.BytesIO object at 0x00000178E5FDEBD0>,0.6646036505699158,0.06922630220651627,-0.11772552132606506,268364,47,8,False,Left,Back,Centre,Left,62
<_io.BytesIO object at 0x00000178E5FDECC0>,0.6953029036521912,0.0487956739962101,-0.09938696771860123,268364,47,8,False,Left,Back,Centre,Left,62
<_io.BytesIO object at 0x00000178E5FDEAE0>,0.6643900275230408,0.04534277692437172,-0.04038102924823761,268364,47,8,False,Left,Back,Centre,Left,62
<_io.BytesIO object at 0x00000178E5FDEE00>,0.5903291702270508,0.056878939270973206,-0.08869308978319168,268364,47,8,False,Left,Back,Centre,Left,62
<_io.BytesIO object at 0x00000178E5FDEEA0>,0.6421343684196472,0.04143437743186951,-0.14683344960212708,268364,47,8,False,Left,Back,Centre,Left,62
<_io.BytesIO object at 0x00000178E5FDD540>,0.21584844589233398,-0.14150449633598328,-0.11455237120389938,268365,47,8,False,Left,Back,Centre,Left,62
<_io.BytesIO object at 0x00000178E5F76950>,0.2483370006084442,-0.061467647552490234,-0.15635640919208527,268365,47,8,False,Left,Back,Centre,Left,62
<_io.BytesIO object at 0x00000178E5F76360>,0.23545894026756287,-0.17020376026630402,-0.20238783955574036,268365,47,8,False,Left,Back,Centre,Left,62
<_io.BytesIO object at 0x00000178E5F76180>,0.23764902353286743,-0.0953427255153656,-0.21954606473445892,268365,47,8,False,Left,Back,Centre,Left,62
<_io.BytesIO object at 0x00000178E5F761D0>,0.21786940097808838,-0.07794276624917984,-0.1825319528579712,268365,47,8,False,Left,Back,Centre,Left,62
<_io.BytesIO object at 0x00000178E5F76AE0>,0.6649811863899231,0.06959705054759979,-0.11730851233005524,268365,47,8,False,Left,Back,Centre,Left,62
<_io.BytesIO object at 0x00000178E5FCAEA0>,0.6955533027648926,0.049094852060079575,-0.09895790368318558,268365,47,8,False,Left,Back,Centre,Left,62
<_io.BytesIO object at 0x00000178E5FCA040>,0.6644122004508972,0.045445121824741364,-0.039818327873945236,268365,47,8,False,Left,Back,Centre,Left,62
<_io.BytesIO object at 0x00000178E5FCA220>,0.5905391573905945,0.05709898844361305,-0.08841801434755325,268365,47,8,False,Left,Back,Centre,Left,62
<_io.BytesIO object at 0x00000178E5FCACC0>,0.6425889134407043,0.04170512035489082,-0.14648552238941193,268365,47,8,False,Left,Back,Centre,Left,62
<_io.BytesIO object at 0x00000178E3246BD0>,0.21218162775039673,-0.14044833183288574,-0.11486726999282837,268366,47,8,False,Left,Back,Centre,Left,62
<_io.BytesIO object at 0x00000178E3246360>,0.2462930977344513,-0.06078789383172989,-0.15619054436683655,268366,47,8,False,Left,Back,Centre,Left,62
<_io.BytesIO object at 0x00000178E3246270>,0.2349243462085724,-0.17035581171512604,-0.2009386420249939,268366,47,8,False,Left,Back,Centre,Left,62
<_io.BytesIO object at 0x00000178E3246630>,0.23787108063697815,-0.095957450568676,-0.21910598874092102,268366,47,8,False,Left,Back,Centre,Left,62
<_io.BytesIO object at 0x00000178E5F8C8B0>,0.21660219132900238,-0.0774945542216301,-0.1830594539642334,268366,47,8,False,Left,Back,Centre,Left,62
<_io.BytesIO object at 0x00000178E5F8C950>,0.6653808355331421,0.0699678435921669,-0.1168551966547966,268366,47,8,False,Left,Back,Centre,Left,62
<_io.BytesIO object at 0x00000178E5F8C6D0>,0.6958544254302979,0.049411408603191376,-0.09843022376298904,268366,47,8,False,Left,Back,Centre,Left,62
<_io.BytesIO object at 0x00000178E5F8C590>,0.6644548773765564,0.04553427919745445,-0.03929394856095314,268366,47,8,False,Left,Back,Centre,Left,62
<_io.BytesIO object at 0x00000178E5F8C040>,0.5907666683197021,0.05737583711743355,-0.08810745179653168,268366,47,8,False,Left,Back,Centre,Left,62
<_io.BytesIO object at 0x00000178E5FCF1D0>,0.6429617404937744,0.04204384610056877,-0.1461075395345688,268366,47,8,False,Left,Back,Centre,Left,62
<_io.BytesIO object at 0x00000178E5FC09F0>,0.20864152908325195,-0.13931602239608765,-0.11526613682508469,268367,47,8,False,Left,Back,Centre,Left,62
<_io.BytesIO object at 0x00000178E5FC0450>,0.24436165392398834,-0.06009989231824875,-0.15599024295806885,268367,47,8,False,Left,Back,Centre,Left,62
<_io.BytesIO object at 0x00000178DE5E54F0>,0.23416931927204132,-0.17049819231033325,-0.199487566947937,268367,47,8,False,Left,Back,Centre,Left,62
<_io.BytesIO object at 0x00000178DE5E58B0>,0.23799793422222137,-0.09662780910730362,-0.21866349875926971,268367,47,8,False,Left,Back,Centre,Left,62
<_io.BytesIO object at 0x00000178DE5E5220>,0.21525639295578003,-0.07700694352388382,-0.18350063264369965,268367,47,8,False,Left,Back,Centre,Left,62
<_io.BytesIO object at 0x00000178E31DE4A0>,0.6657628417015076,0.07036521285772324,-0.11620344966650009,268367,47,8,False,Left,Back,Centre,Left,62
<_io.BytesIO object at 0x00000178E31DE180>,0.6961538791656494,0.04969452694058418,-0.09793869405984879,268367,47,8,False,Left,Back,Centre,Left,62
<_io.BytesIO object at 0x00000178E31DE6D0>,0.6644482016563416,0.04568799212574959,-0.03846847638487816,268367,47,8,False,Left,Back,Centre,Left,62
<_io.BytesIO object at 0x00000178E31DE090>,0.5909731984138489,0.05774968862533569,-0.08778197318315506,268367,47,8,False,Left,Back,Centre,Left,62
<_io.BytesIO object at 0x00000178E31DEBD0>,0.6433954238891602,0.04239027574658394,-0.14563363790512085,268367,47,8,False,Left,Back,Centre,Left,62
<_io.BytesIO object at 0x00000178E31DE7C0>,0.20521485805511475,-0.13811855018138885,-0.11571093648672104,268368,47,8,False,Left,Back,Centre,Left,62
<_io.BytesIO object at 0x00000178DE5E58B0>,0.24256379902362823,-0.05965622141957283,-0.15590357780456543,268368,47,8,False,Left,Back,Centre,Left,62
<_io.BytesIO object at 0x00000178E5FC0770>,0.23304247856140137,-0.17069631814956665,-0.19811834394931793,268368,47,8,False,Left,Back,Centre,Left,62
<_io.BytesIO object at 0x00000178E5FC09A0>,0.23794293403625488,-0.0973491221666336,-0.21817387640476227,268368,47,8,False,Left,Back,Centre,Left,62
<_io.BytesIO object at 0x00000178E5FC0040>,0.21385076642036438,-0.07655642926692963,-0.18381281197071075,268368,47,8,False,Left,Back,Centre,Left,62
<_io.BytesIO object at 0x00000178E5FC0C70>,0.6661168336868286,0.07067468017339706,-0.11574985086917877,268368,47,8,False,Left,Back,Centre,Left,62
<_io.BytesIO object at 0x00000178E5FC0E00>,0.6964557766914368,0.05005504563450813,-0.09736055880784988,268368,47,8,False,Left,Back,Centre,Left,62
<_io.BytesIO object at 0x00000178E5FC0270>,0.6645057201385498,0.045762624591588974,-0.03780737519264221,268368,47,8,False,Left,Back,Centre,Left,62
<_io.BytesIO object at 0x00000178E5FCFF40>,0.591206431388855,0.058192119002342224,-0.08752010762691498,268368,47,8,False,Left,Back,Centre,Left,62
<_io.BytesIO object at 0x00000178E5FCFE00>,0.6437390446662903,0.042853739112615585,-0.1449999213218689,268368,47,8,False,Left,Back,Centre,Left,62
<_io.BytesIO object at 0x00000178E5F8CEA0>,0.20184053480625153,-0.13689103722572327,-0.11615180224180222,268369,47,8,False,Left,Back,Centre,Left,62
<_io.BytesIO object at 0x00000178E3246E00>,0.24064253270626068,-0.05909477174282074,-0.15569846332073212,268369,47,8,False,Left,Back,Centre,Left,62
<_io.BytesIO object at 0x00000178E3246C20>,0.23177078366279602,-0.17087781429290771,-0.1966896504163742,268369,47,8,False,Left,Back,Centre,Left,62
<_io.BytesIO object at 0x00000178E32460E0>,0.2377023845911026,-0.09810739755630493,-0.2177170366048813,268369,47,8,False,Left,Back,Centre,Left,62
<_io.BytesIO object at 0x00000178E32467C0>,0.2124434858560562,-0.07619799673557281,-0.18391922116279602,268369,47,8,False,Left,Back,Centre,Left,62
<_io.BytesIO object at 0x00000178E5F8BA90>,0.6665500998497009,0.07108084112405777,-0.11514763534069061,268369,47,8,False,Left,Back,Centre,Left,62
<_io.BytesIO object at 0x00000178E5F8B2C0>,0.6967824101448059,0.05035681277513504,-0.0967787355184555,268369,47,8,False,Left,Back,Centre,Left,62
<_io.BytesIO object at 0x00000178E5F8B7C0>,0.6645634770393372,0.045797377824783325,-0.03725819289684296,268369,47,8,False,Left,Back,Centre,Left,62
<_io.BytesIO object at 0x00000178E5F8B360>,0.5914996862411499,0.058738742023706436,-0.08725642412900925,268369,47,8,False,Left,Back,Centre,Left,62
<_io.BytesIO object at 0x00000178E5F8B540>,0.6441792249679565,0.04323837533593178,-0.14466406404972076,268369,47,8,False,Left,Back,Centre,Left,62
<_io.BytesIO object at 0x00000178E5F765E0>,0.1985406130552292,-0.13565313816070557,-0.11664404720067978,268370,47,8,False,Left,Back,Centre,Left,62
<_io.BytesIO object at 0x00000178E5F764A0>,0.2387586385011673,-0.05872052162885666,-0.15557116270065308,268370,47,8,False,Left,Back,Centre,Left,62
<_io.BytesIO object at 0x00000178E5F769A0>,0.2302871197462082,-0.17100673913955688,-0.1954439878463745,268370,47,8,False,Left,Back,Centre,Left,62
<_io.BytesIO object at 0x00000178E5F762C0>,0.2373342514038086,-0.09881716966629028,-0.21723957359790802,268370,47,8,False,Left,Back,Centre,Left,62
<_io.BytesIO object at 0x00000178E5FDDF40>,0.21089357137680054,-0.07573586702346802,-0.18415094912052155,268370,47,8,False,Left,Back,Centre,Left,62
<_io.BytesIO object at 0x00000178E5FDDF90>,0.6669754981994629,0.0715968981385231,-0.11456938087940216,268370,47,8,False,Left,Back,Centre,Left,62
<_io.BytesIO object at 0x00000178E5FDD040>,0.6971290707588196,0.05070192739367485,-0.09624199569225311,268370,47,8,False,Left,Back,Centre,Left,62
<_io.BytesIO object at 0x00000178E5FDD680>,0.6645880937576294,0.04592062160372734,-0.03669716417789459,268370,47,8,False,Left,Back,Centre,Left,62
<_io.BytesIO object at 0x00000178E5FDDA40>,0.5916934609413147,0.0593414306640625,-0.08682677149772644,268370,47,8,False,Left,Back,Centre,Left,62
<_io.BytesIO object at 0x00000178E5FDDCC0>,0.6444964408874512,0.04378821700811386,-0.14410202205181122,268370,47,8,False,Left,Back,Centre,Left,62
<_io.BytesIO object at 0x00000178E5FDE4A0>,0.1953294724225998,-0.13444912433624268,-0.11719929426908493,268371,47,8,False,Left,Back,Centre,Left,62
<_io.BytesIO object at 0x00000178E5FA3CC0>,0.23673096299171448,-0.058212194591760635,-0.15537932515144348,268371,47,8,False,Left,Back,Centre,Left,62
<_io.BytesIO object at 0x00000178E5FA3E50>,0.22882448136806488,-0.17100682854652405,-0.19441261887550354,268371,47,8,False,Left,Back,Centre,Left,62
<_io.BytesIO object at 0x00000178E5FA30E0>,0.23682649433612823,-0.09945946931838989,-0.21683365106582642,268371,47,8,False,Left,Back,Centre,Left,62
<_io.BytesIO object at 0x00000178E5FA3950>,0.2092789113521576,-0.07529711723327637,-0.18435434997081757,268371,47,8,False,Left,Back,Centre,Left,62
<_io.BytesIO object at 0x00000178E5FA3860>,0.6673405170440674,0.07211998850107193,-0.11400246620178223,268371,47,8,False,Left,Back,Centre,Left,62
<_io.BytesIO object at 0x00000178E3216E50>,0.6974266171455383,0.05113447830080986,-0.09567122906446457,268371,47,8,False,Left,Back,Centre,Left,62
<_io.BytesIO object at 0x00000178E32164A0>,0.6645967960357666,0.046177104115486145,-0.036124087870121,268371,47,8,False,Left,Back,Centre,Left,62
<_io.BytesIO object at 0x00000178E3216270>,0.5919527411460876,0.059776876121759415,-0.08647681772708893,268371,47,8,False,Left,Back,Centre,Left,62
<_io.BytesIO object at 0x00000178E32162C0>,0.6448085904121399,0.04436754807829857,-0.14347653090953827,268371,47,8,False,Left,Back,Centre,Left,62
<_io.BytesIO object at 0x00000178E5FF9EF0>,0.19218455255031586,-0.1333179473876953,-0.11770196259021759,268372,47,8,False,Left,Back,Centre,Left,62
<_io.BytesIO object at 0x00000178E5FF9360>,0.23471352458000183,-0.05783992260694504,-0.1551920622587204,268372,47,8,False,Left,Back,Centre,Left,62
<_io.BytesIO object at 0x00000178E5F77B80>,0.2272675484418869,-0.17106303572654724,-0.19346220791339874,268372,47,8,False,Left,Back,Centre,Left,62
<_io.BytesIO object at 0x00000178E5F77540>,0.2361699938774109,-0.09996631741523743,-0.2164449244737625,268372,47,8,False,Left,Back,Centre,Left,62
<_io.BytesIO object at 0x00000178E5F779A0>,0.20767205953598022,-0.07498791813850403,-0.18456703424453735,268372,47,8,False,Left,Back,Centre,Left,62
<_io.BytesIO object at 0x00000178E5F770E0>,0.667660653591156,0.07257859408855438,-0.1133747398853302,268372,47,8,False,Left,Back,Centre,Left,62
<_io.BytesIO object at 0x00000178E5F778B0>,0.697654128074646,0.05160389840602875,-0.09502266347408295,268372,47,8,False,Left,Back,Centre,Left,62
<_io.BytesIO object at 0x00000178E5F77E50>,0.6645807027816772,0.04652654752135277,-0.035571612417697906,268372,47,8,False,Left,Back,Centre,Left,62
<_io.BytesIO object at 0x00000178E5FEE540>,0.5921396017074585,0.0602051205933094,-0.08614583313465118,268372,47,8,False,Left,Back,Centre,Left,62
<_io.BytesIO object at 0x00000178E5FEE950>,0.6451113224029541,0.044833894819021225,-0.14295975863933563,268372,47,8,False,Left,Back,Centre,Left,62
<_io.BytesIO object at 0x00000178E3236900>,0.1892983466386795,-0.13219766318798065,-0.118285171687603,268373,47,8,False,Left,Back,Centre,Left,62
<_io.BytesIO object at 0x00000178E5FC2860>,0.23267649114131927,-0.05742435157299042,-0.15514980256557465,268373,47,8,False,Left,Back,Centre,Left,62
<_io.BytesIO object at 0x00000178E5FC2C20>,0.22567853331565857,-0.1710219383239746,-0.19269533455371857,268373,47,8,False,Left,Back,Centre,Left,62
<_io.BytesIO object at 0x00000178E5FC2E00>,0.23533238470554352,-0.10038667917251587,-0.21618187427520752,268373,47,8,False,Left,Back,Centre,Left,62
<_io.BytesIO object at 0x00000178E5F42130>,0.20599491894245148,-0.07462640851736069,-0.18471099436283112,268373,47,8,False,Left,Back,Centre,Left,62
<_io.BytesIO object at 0x00000178E5FEE3B0>,0.6679306626319885,0.07299451529979706,-0.11281326413154602,268373,47,8,False,Left,Back,Centre,Left,62
<_io.BytesIO object at 0x00000178E5FEEBD0>,0.6979007124900818,0.0521107017993927,-0.09428218007087708,268373,47,8,False,Left,Back,Centre,Left,62
<_io.BytesIO object at 0x00000178E5FEE310>,0.6645585298538208,0.046984151005744934,-0.0350186824798584,268373,47,8,False,Left,Back,Centre,Left,62
<_io.BytesIO object at 0x00000178E5FEE4F0>,0.5923116207122803,0.06074229255318642,-0.08584022521972656,268373,47,8,False,Left,Back,Centre,Left,62
<_io.BytesIO object at 0x00000178E5FEE900>,0.645416796207428,0.045391425490379333,-0.14225904643535614,268373,47,8,False,Left,Back,Centre,Left,62
<_io.BytesIO object at 0x00000178E3216A40>,0.18654341995716095,-0.13114015758037567,-0.1187736839056015,268374,47,8,False,Left,Back,Centre,Left,62
<_io.BytesIO object at 0x00000178E32162C0>,0.23071403801441193,-0.05705304816365242,-0.15504544973373413,268374,47,8,False,Left,Back,Centre,Left,62
<_io.BytesIO object at 0x00000178E3216A90>,0.22389914095401764,-0.17076995968818665,-0.1921256184577942,268374,47,8,False,Left,Back,Centre,Left,62
<_io.BytesIO object at 0x00000178E5FA3680>,0.23435477912425995,-0.10067684203386307,-0.21598832309246063,268374,47,8,False,Left,Back,Centre,Left,62
<_io.BytesIO object at 0x00000178E5FA35E0>,0.2043498456478119,-0.07431062310934067,-0.18488050997257233,268374,47,8,False,Left,Back,Centre,Left,62
<_io.BytesIO object at 0x00000178E5FA3950>,0.6682331562042236,0.07363526523113251,-0.1121189072728157,268374,47,8,False,Left,Back,Centre,Left,62
<_io.BytesIO object at 0x00000178E5FA3400>,0.698091447353363,0.05265423282980919,-0.09358229488134384,268374,47,8,False,Left,Back,Centre,Left,62
<_io.BytesIO object at 0x00000178E5FA32C0>,0.6645029783248901,0.04747479781508446,-0.03437577933073044,268374,47,8,False,Left,Back,Centre,Left,62
<_io.BytesIO object at 0x00000178E5FA3B30>,0.5924787521362305,0.06138074770569801,-0.08552677184343338,268374,47,8,False,Left,Back,Centre,Left,62
<_io.BytesIO object at 0x00000178E5FA3EF0>,0.6457453370094299,0.046081606298685074,-0.14159584045410156,268374,47,8,False,Left,Back,Centre,Left,62
<_io.BytesIO object at 0x00000178E5FDE9A0>,0.18399111926555634,-0.13010966777801514,-0.1192692369222641,268375,47,8,False,Left,Back,Centre,Left,62
<_io.BytesIO object at 0x00000178E5FDD860>,0.22886501252651215,-0.05665537342429161,-0.1549697369337082,268375,47,8,False,Left,Back,Centre,Left,62
<_io.BytesIO object at 0x00000178E5FDD9F0>,0.22188273072242737,-0.17030717432498932,-0.1918579787015915,268375,47,8,False,Left,Back,Centre,Left,62
<_io.BytesIO object at 0x00000178E5FDDAE0>,0.23319338262081146,-0.10082262754440308,-0.21586045622825623,268375,47,8,False,Left,Back,Centre,Left,62
<_io.BytesIO object at 0x00000178E5FDD8B0>,0.20268742740154266,-0.0739128366112709,-0.18499407172203064,268375,47,8,False,Left,Back,Centre,Left,62
<_io.BytesIO object at 0x00000178E5F76310>,0.6685191988945007,0.07413990795612335,-0.11147116124629974,268375,47,8,False,Left,Back,Centre,Left,62
<_io.BytesIO object at 0x00000178E5F76270>,0.6983120441436768,0.05315444990992546,-0.09290846437215805,268375,47,8,False,Left,Back,Centre,Left,62
<_io.BytesIO object at 0x00000178E5F769A0>,0.664462685585022,0.04809072986245155,-0.033737145364284515,268375,47,8,False,Left,Back,Centre,Left,62
<_io.BytesIO object at 0x00000178E5F763B0>,0.5926991105079651,0.06210203096270561,-0.08523623645305634,268375,47,8,False,Left,Back,Centre,Left,62
<_io.BytesIO object at 0x00000178E5F76090>,0.6460222005844116,0.04668259993195534,-0.14099836349487305,268375,47,8,False,Left,Back,Centre,Left,62
<_io.BytesIO object at 0x00000178E5FCAD60>,0.18173135817050934,-0.12918809056282043,-0.11975216120481491,268376,47,8,False,Left,Back,Centre,Left,62
<_io.BytesIO object at 0x00000178E5F8BA40>,0.22712427377700806,-0.05633113905787468,-0.15505360066890717,268376,47,8,False,Left,Back,Centre,Left,62
<_io.BytesIO object at 0x00000178E5F8BCC0>,0.21991829574108124,-0.16987255215644836,-0.1917821168899536,268376,47,8,False,Left,Back,Centre,Left,62
<_io.BytesIO object at 0x00000178E5F8B680>,0.23182640969753265,-0.10062748193740845,-0.21585580706596375,268376,47,8,False,Left,Back,Centre,Left,62
<_io.BytesIO object at 0x00000178E32461D0>,0.20107506215572357,-0.07346625626087189,-0.18511651456356049,268376,47,8,False,Left,Back,Centre,Left,62
<_io.BytesIO object at 0x00000178E32467C0>,0.6687557697296143,0.0747445672750473,-0.11074429750442505,268376,47,8,False,Left,Back,Centre,Left,62
<_io.BytesIO object at 0x00000178E32469F0>,0.6985428929328918,0.05369994789361954,-0.09214263409376144,268376,47,8,False,Left,Back,Centre,Left,62
<_io.BytesIO object at 0x00000178E3246F40>,0.664344072341919,0.04872816801071167,-0.033061765134334564,268376,47,8,False,Left,Back,Centre,Left,62
<_io.BytesIO object at 0x00000178E3246B80>,0.5928313732147217,0.06300505995750427,-0.08481242507696152,268376,47,8,False,Left,Back,Centre,Left,62
<_io.BytesIO object at 0x00000178E3246770>,0.6463143229484558,0.04732364043593407,-0.1402219533920288,268376,47,8,False,Left,Back,Centre,Left,62
<_io.BytesIO object at 0x00000178E5FC0BD0>,0.17969560623168945,-0.12837666273117065,-0.12009435147047043,268377,47,8,False,Left,Back,Centre,Left,62
<_io.BytesIO object at 0x00000178E5FC0E50>,0.2254541516304016,-0.055944208055734634,-0.15518374741077423,268377,47,8,False,Left,Back,Centre,Left,62
<_io.BytesIO object at 0x00000178DE5E51D0>,0.21796973049640656,-0.16947895288467407,-0.19181391596794128,268377,47,8,False,Left,Back,Centre,Left,62
<_io.BytesIO object at 0x00000178DE5E5630>,0.23025809228420258,-0.1001906543970108,-0.21604806184768677,268377,47,8,False,Left,Back,Centre,Left,62
<_io.BytesIO object at 0x00000178DE5E5400>,0.19951049983501434,-0.07307440787553787,-0.18530745804309845,268377,47,8,False,Left,Back,Centre,Left,62
<_io.BytesIO object at 0x00000178E5FF9EF0>,0.6691465973854065,0.07539330422878265,-0.10997696220874786,268377,47,8,False,Left,Back,Centre,Left,62
<_io.BytesIO object at 0x00000178E5FF9A40>,0.6986415386199951,0.054300256073474884,-0.09138057380914688,268377,47,8,False,Left,Back,Centre,Left,62
<_io.BytesIO object at 0x00000178E5FF92C0>,0.6643246412277222,0.04941277578473091,-0.03232036530971527,268377,47,8,False,Left,Back,Centre,Left,62
<_io.BytesIO object at 0x00000178E5FF9400>,0.5929839611053467,0.0639895424246788,-0.08434947580099106,268377,47,8,False,Left,Back,Centre,Left,62
<_io.BytesIO object at 0x00000178E5FF99A0>,0.6464715600013733,0.04800589010119438,-0.1394539326429367,268377,47,8,False,Left,Back,Centre,Left,62
<_io.BytesIO object at 0x00000178E32367C0>,0.17796024680137634,-0.12765058875083923,-0.12046712636947632,268378,47,8,False,Left,Back,Centre,Left,62
<_io.BytesIO object at 0x00000178E5FCF1D0>,0.2240174114704132,-0.05566892400383949,-0.15528231859207153,268378,47,8,False,Left,Back,Centre,Left,62
<_io.BytesIO object at 0x00000178E5FCF220>,0.21586979925632477,-0.16900955140590668,-0.19217263162136078,268378,47,8,False,Left,Back,Centre,Left,62
<_io.BytesIO object at 0x00000178E5FCF590>,0.22855886816978455,-0.09957823902368546,-0.2163366973400116,268378,47,8,False,Left,Back,Centre,Left,62
<_io.BytesIO object at 0x00000178E5FCFE00>,0.19800497591495514,-0.07269158959388733,-0.18548133969306946,268378,47,8,False,Left,Back,Centre,Left,62
<_io.BytesIO object at 0x00000178E5FCF950>,0.6693637371063232,0.07616674154996872,-0.10919437557458878,268378,47,8,False,Left,Back,Centre,Left,62
<_io.BytesIO object at 0x00000178E31DE090>,0.6987752914428711,0.05488574877381325,-0.09045761078596115,268378,47,8,False,Left,Back,Centre,Left,62
<_io.BytesIO object at 0x00000178E31DE680>,0.6642757654190063,0.04999961704015732,-0.03153436630964279,268378,47,8,False,Left,Back,Centre,Left,62
<_io.BytesIO object at 0x00000178E31DE180>,0.5930980443954468,0.06523942202329636,-0.08375091850757599,268378,47,8,False,Left,Back,Centre,Left,62
<_io.BytesIO object at 0x00000178E31DE3B0>,0.6468313336372375,0.048654522746801376,-0.13897594809532166,268378,47,8,False,Left,Back,Centre,Left,62
<_io.BytesIO object at 0x00000178E5FCF8B0>,0.17651398479938507,-0.12699906527996063,-0.12081822007894516,268379,47,8,False,Left,Back,Centre,Left,62
<_io.BytesIO object at 0x00000178E32364F0>,0.22271177172660828,-0.05542273819446564,-0.15557175874710083,268379,47,8,False,Left,Back,Centre,Left,62
<_io.BytesIO object at 0x00000178E3236360>,0.2137431502342224,-0.16846564412117004,-0.19275152683258057,268379,47,8,False,Left,Back,Centre,Left,62
<_io.BytesIO object at 0x00000178E3236270>,0.22674347460269928,-0.09885860234498978,-0.21674662828445435,268379,47,8,False,Left,Back,Centre,Left,62
<_io.BytesIO object at 0x00000178E3236810>,0.19655057787895203,-0.07224278897047043,-0.1855839490890503,268379,47,8,False,Left,Back,Centre,Left,62
<_io.BytesIO object at 0x00000178E5FF9590>,0.6695781350135803,0.07691418379545212,-0.10842536389827728,268379,47,8,False,Left,Back,Centre,Left,62
<_io.BytesIO object at 0x00000178E5FF9540>,0.6988768577575684,0.055488746613264084,-0.08969353139400482,268379,47,8,False,Left,Back,Centre,Left,62
<_io.BytesIO object at 0x00000178E5FF9810>,0.664196252822876,0.050590891391038895,-0.03065350465476513,268379,47,8,False,Left,Back,Centre,Left,62
<_io.BytesIO object at 0x00000178E5FF9D10>,0.5931763648986816,0.06671079993247986,-0.08298112452030182,268379,47,8,False,Left,Back,Centre,Left,62
<_io.BytesIO object at 0x00000178E5FF9C20>,0.64690762758255,0.04961852729320526,-0.13808324933052063,268379,47,8,False,Left,Back,Centre,Left,62
<_io.BytesIO object at 0x00000178E5FC0040>,0.17543096840381622,-0.12636162340641022,-0.12113028019666672,268380,47,8,False,Left,Back,Centre,Left,62
<_io.BytesIO object at 0x00000178E5FC0AE0>,0.22161585092544556,-0.05529402196407318,-0.15586479008197784,268380,47,8,False,Left,Back,Centre,Left,62
<_io.BytesIO object at 0x00000178E5F8C6D0>,0.2116284817457199,-0.1679125428199768,-0.1935059130191803,268380,47,8,False,Left,Back,Centre,Left,62
<_io.BytesIO object at 0x00000178E5F8CF40>,0.2248406559228897,-0.09806939214468002,-0.21730287373065948,268380,47,8,False,Left,Back,Centre,Left,62
<_io.BytesIO object at 0x00000178E5F8C900>,0.19517935812473297,-0.07178705185651779,-0.18579445779323578,268380,47,8,False,Left,Back,Centre,Left,62
<_io.BytesIO object at 0x00000178E5F8C590>,0.6698654890060425,0.07789053022861481,-0.10736209899187088,268380,47,8,False,Left,Back,Centre,Left,62
<_io.BytesIO object at 0x00000178E5F8C400>,0.6989302039146423,0.05609738081693649,-0.08875727653503418,268380,47,8,False,Left,Back,Centre,Left,62
<_io.BytesIO object at 0x00000178E3246BD0>,0.6640994548797607,0.051161982119083405,-0.029678957536816597,268380,47,8,False,Left,Back,Centre,Left,62
<_io.BytesIO object at 0x00000178E3246DB0>,0.5932971239089966,0.06846035271883011,-0.08193714916706085,268380,47,8,False,Left,Back,Centre,Left,62
<_io.BytesIO object at 0x00000178E3246CC0>,0.6469331979751587,0.05074057728052139,-0.13715504109859467,268380,47,8,False,Left,Back,Centre,Left,62
<_io.BytesIO object at 0x00000178E5F8BC70>,0.17452383041381836,-0.1258314996957779,-0.12143900990486145,268381,47,8,False,Left,Back,Centre,Left,62
<_io.BytesIO object at 0x00000178E5FCAF90>,0.2208271473646164,-0.055153317749500275,-0.15628443658351898,268381,47,8,False,Left,Back,Centre,Left,62
<_io.BytesIO object at 0x00000178E5FCA810>,0.20942065119743347,-0.1673802137374878,-0.19445526599884033,268381,47,8,False,Left,Back,Centre,Left,62
<_io.BytesIO object at 0x00000178E5FCA0E0>,0.22288671135902405,-0.09725593775510788,-0.2179878205060959,268381,47,8,False,Left,Back,Centre,Left,62
<_io.BytesIO object at 0x00000178E5FCA950>,0.19395826756954193,-0.07136965543031693,-0.18605908751487732,268381,47,8,False,Left,Back,Centre,Left,62
<_io.BytesIO object at 0x00000178E5F76BD0>,0.6700150370597839,0.07889821380376816,-0.10636308044195175,268381,47,8,False,Left,Back,Centre,Left,62
<_io.BytesIO object at 0x00000178E5F761D0>,0.6989066004753113,0.05664494261145592,-0.08779913187026978,268381,47,8,False,Left,Back,Centre,Left,62
<_io.BytesIO object at 0x00000178E5F76DB0>,0.6640450358390808,0.051766034215688705,-0.028567010536789894,268381,47,8,False,Left,Back,Centre,Left,62
<_io.BytesIO object at 0x00000178E5F76450>,0.5933648347854614,0.07049032300710678,-0.08079927414655685,268381,47,8,False,Left,Back,Centre,Left,62
<_io.BytesIO object at 0x00000178E5F76950>,0.6469090580940247,0.05198041722178459,-0.1363862007856369,268381,47,8,False,Left,Back,Centre,Left,62
<_io.BytesIO object at 0x00000178E5FDD720>,0.17390231788158417,-0.12531480193138123,-0.12179387360811234,268382,47,8,False,Left,Back,Centre,Left,62
<_io.BytesIO object at 0x00000178E5FDEE50>,0.22019216418266296,-0.05508878454566002,-0.1567337065935135,268382,47,8,False,Left,Back,Centre,Left,62
<_io.BytesIO object at 0x00000178E5FDE4F0>,0.20720459520816803,-0.16684141755104065,-0.19553931057453156,268382,47,8,False,Left,Back,Centre,Left,62
<_io.BytesIO object at 0x00000178E5FDEF40>,0.22091880440711975,-0.09645481407642365,-0.218786358833313,268382,47,8,False,Left,Back,Centre,Left,62
<_io.BytesIO object at 0x00000178E5FDE860>,0.19293907284736633,-0.07098718732595444,-0.18626783788204193,268382,47,8,False,Left,Back,Centre,Left,62
<_io.BytesIO object at 0x00000178E5FDEAE0>,0.6702374219894409,0.07998506724834442,-0.10499995946884155,268382,47,8,False,Left,Back,Centre,Left,62
<_io.BytesIO object at 0x00000178E5FDE450>,0.6987908482551575,0.05730221047997475,-0.0866759717464447,268382,47,8,False,Left,Back,Centre,Left,62
<_io.BytesIO object at 0x00000178E5FDE4A0>,0.6638996601104736,0.05252083018422127,-0.02736787684261799,268382,47,8,False,Left,Back,Centre,Left,62
<_io.BytesIO object at 0x00000178E5FA36D0>,0.5935604572296143,0.07262013852596283,-0.07946930080652237,268382,47,8,False,Left,Back,Centre,Left,62
<_io.BytesIO object at 0x00000178E5FA3590>,0.6467903852462769,0.05336438864469528,-0.1352502852678299,268382,47,8,False,Left,Back,Centre,Left,62
<_io.BytesIO object at 0x00000178E3216450>,0.17352116107940674,-0.12482187896966934,-0.12213168293237686,268383,47,8,False,Left,Back,Centre,Left,62
<_io.BytesIO object at 0x00000178E3216EF0>,0.21987780928611755,-0.05517123267054558,-0.15727533400058746,268383,47,8,False,Left,Back,Centre,Left,62
<_io.BytesIO object at 0x00000178E5F77130>,0.20496325194835663,-0.1664198637008667,-0.19667206704616547,268383,47,8,False,Left,Back,Centre,Left,62
<_io.BytesIO object at 0x00000178E5F77CC0>,0.2189662754535675,-0.0956740453839302,-0.21962805092334747,268383,47,8,False,Left,Back,Centre,Left,62
<_io.BytesIO object at 0x00000178E5F77F40>,0.19196827709674835,-0.07083552330732346,-0.18641719222068787,268383,47,8,False,Left,Back,Centre,Left,62
<_io.BytesIO object at 0x00000178E5F77770>,0.6703025698661804,0.08121785521507263,-0.10371315479278564,268383,47,8,False,Left,Back,Centre,Left,62
<_io.BytesIO object at 0x00000178E5F77AE0>,0.6986808180809021,0.058093681931495667,-0.08539336174726486,268383,47,8,False,Left,Back,Centre,Left,62
<_io.BytesIO object at 0x00000178E5F777C0>,0.6638336777687073,0.053405195474624634,-0.025944137945771217,268383,47,8,False,Left,Back,Centre,Left,62
<_io.BytesIO object at 0x00000178E5F77E00>,0.593620240688324,0.0750071331858635,-0.07791101932525635,268383,47,8,False,Left,Back,Centre,Left,62
<_io.BytesIO object at 0x00000178E5FEE540>,0.6465303301811218,0.054879724979400635,-0.133874773979187,268383,47,8,False,Left,Back,Centre,Left,62
<_io.BytesIO object at 0x00000178E31DE6D0>,0.1733846217393875,-0.1244053840637207,-0.1225573942065239,268384,47,8,False,Left,Back,Centre,Left,62
<_io.BytesIO object at 0x00000178E31DE8B0>,0.21981856226921082,-0.055398713797330856,-0.15786395967006683,268384,47,8,False,Left,Back,Centre,Left,62
<_io.BytesIO object at 0x00000178E5FC27C0>,0.2025635540485382,-0.16593056917190552,-0.19803617894649506,268384,47,8,False,Left,Back,Centre,Left,62
<_io.BytesIO object at 0x00000178E5FC2220>,0.21704883873462677,-0.09496931731700897,-0.2205529361963272,268384,47,8,False,Left,Back,Centre,Left,62
<_io.BytesIO object at 0x00000178E5FC24A0>,0.19120179116725922,-0.07040160894393921,-0.18657155334949493,268384,47,8,False,Left,Back,Centre,Left,62
<_io.BytesIO object at 0x00000178E31DED60>,0.6704293489456177,0.08254548907279968,-0.10207497328519821,268384,47,8,False,Left,Back,Centre,Left,62
<_io.BytesIO object at 0x00000178E31DE090>,0.6984955072402954,0.058987561613321304,-0.08401717990636826,268384,47,8,False,Left,Back,Centre,Left,62
<_io.BytesIO object at 0x00000178E31DEA40>,0.6636973023414612,0.054494939744472504,-0.024381088092923164,268384,47,8,False,Left,Back,Centre,Left,62
<_io.BytesIO object at 0x00000178E31DE360>,0.5937650203704834,0.0774344876408577,-0.07616561651229858,268384,47,8,False,Left,Back,Centre,Left,62
<_io.BytesIO object at 0x00000178E31DE590>,0.6463006138801575,0.05642418935894966,-0.1325090080499649,268384,47,8,False,Left,Back,Centre,Left,62
<_io.BytesIO object at 0x00000178E5F77AE0>,0.17348946630954742,-0.1240997314453125,-0.12312406301498413,268385,47,8,False,Left,Back,Centre,Left,62
<_io.BytesIO object at 0x00000178E5F77B80>,0.21990448236465454,-0.05565780773758888,-0.15850567817687988,268385,47,8,False,Left,Back,Centre,Left,62
<_io.BytesIO object at 0x00000178E3216810>,0.20033156871795654,-0.1655159890651703,-0.19948510825634003,268385,47,8,False,Left,Back,Centre,Left,62
<_io.BytesIO object at 0x00000178E3216450>,0.2151878923177719,-0.0943361222743988,-0.22157374024391174,268385,47,8,False,Left,Back,Centre,Left,62
<_io.BytesIO object at 0x00000178E3216B30>,0.19044557213783264,-0.07022272795438766,-0.18672211468219757,268385,47,8,False,Left,Back,Centre,Left,62
<_io.BytesIO object at 0x00000178E32167C0>,0.6703916788101196,0.08384069055318832,-0.10042630881071091,268385,47,8,False,Left,Back,Centre,Left,62
<_io.BytesIO object at 0x00000178E3216400>,0.6982453465461731,0.059997089207172394,-0.08239546418190002,268385,47,8,False,Left,Back,Centre,Left,62
<_io.BytesIO object at 0x00000178E3216F40>,0.6633541584014893,0.05545087903738022,-0.02267507091164589,268385,47,8,False,Left,Back,Centre,Left,62
<_io.BytesIO object at 0x00000178E32162C0>,0.5937930941581726,0.07998369634151459,-0.07415672391653061,268385,47,8,False,Left,Back,Centre,Left,62
<_io.BytesIO object at 0x00000178E32168B0>,0.6458534598350525,0.05826551839709282,-0.13069961965084076,268385,47,8,False,Left,Back,Centre,Left,62
<_io.BytesIO object at 0x00000178E5FDE540>,0.17380282282829285,-0.12392740696668625,-0.12368747591972351,268386,47,8,False,Left,Back,Centre,Left,62
<_io.BytesIO object at 0x00000178E5FDED10>,0.22019606828689575,-0.056049894541502,-0.15936842560768127,268386,47,8,False,Left,Back,Centre,Left,62
<_io.BytesIO object at 0x00000178E5FDEE50>,0.19803623855113983,-0.16511288285255432,-0.2010038197040558,268386,47,8,False,Left,Back,Centre,Left,62
<_io.BytesIO object at 0x00000178E5FDE630>,0.21334610879421234,-0.09380116313695908,-0.22262710332870483,268386,47,8,False,Left,Back,Centre,Left,62
<_io.BytesIO object at 0x00000178E5FDDBD0>,0.18993115425109863,-0.06993772089481354,-0.18689151108264923,268386,47,8,False,Left,Back,Centre,Left,62
<_io.BytesIO object at 0x00000178E5FDDD10>,0.6703698039054871,0.08548746258020401,-0.09845004230737686,268386,47,8,False,Left,Back,Centre,Left,62
<_io.BytesIO object at 0x00000178E5FDD950>,0.6978889107704163,0.06124357134103775,-0.08042081445455551,268386,47,8,False,Left,Back,Centre,Left,62
<_io.BytesIO object at 0x00000178E5FDDC20>,0.6630902290344238,0.05682862922549248,-0.02061198092997074,268386,47,8,False,Left,Back,Centre,Left,62
<_io.BytesIO object at 0x00000178E5FDDD60>,0.5937504172325134,0.08266155421733856,-0.07177386432886124,268386,47,8,False,Left,Back,Centre,Left,62
<_io.BytesIO object at 0x00000178E5FDD9F0>,0.6453876495361328,0.06006937474012375,-0.12868238985538483,268386,47,8,False,Left,Back,Centre,Left,62
<_io.BytesIO object at 0x00000178E5F76630>,0.17432953417301178,-0.12394944578409195,-0.12441370636224747,268387,47,8,False,Left,Back,Centre,Left,62
<_io.BytesIO object at 0x00000178E5FCA950>,0.22058919072151184,-0.05651024356484413,-0.16021496057510376,268387,47,8,False,Left,Back,Centre,Left,62
<_io.BytesIO object at 0x00000178E5FCACC0>,0.19565998017787933,-0.16457690298557281,-0.20264706015586853,268387,47,8,False,Left,Back,Centre,Left,62
<_io.BytesIO object at 0x00000178E5FCA450>,0.2115822285413742,-0.09331568330526352,-0.22372101247310638,268387,47,8,False,Left,Back,Centre,Left,62
<_io.BytesIO object at 0x00000178E5FCA9F0>,0.18919338285923004,-0.06934434920549393,-0.1868642419576645,268387,47,8,False,Left,Back,Centre,Left,62
<_io.BytesIO object at 0x00000178E5FCAD60>,0.6702441573143005,0.08706048876047134,-0.09625223278999329,268387,47,8,False,Left,Back,Centre,Left,62
<_io.BytesIO object at 0x00000178E5F8BEF0>,0.6974945664405823,0.06245851516723633,-0.07830296456813812,268387,47,8,False,Left,Back,Centre,Left,62
<_io.BytesIO object at 0x00000178E5F8BB80>,0.6627575755119324,0.058353833854198456,-0.018233997747302055,268387,47,8,False,Left,Back,Centre,Left,62
<_io.BytesIO object at 0x00000178E5F8BB30>,0.5936729907989502,0.08535537123680115,-0.06917575001716614,268387,47,8,False,Left,Back,Centre,Left,62
<_io.BytesIO object at 0x00000178E5F8BC20>,0.6447767019271851,0.06203296035528183,-0.12627609074115753,268387,47,8,False,Left,Back,Centre,Left,62
<_io.BytesIO object at 0x00000178E5F8CCC0>,0.17507562041282654,-0.12414374947547913,-0.12524189054965973,268388,47,8,False,Left,Back,Centre,Left,62
<_io.BytesIO object at 0x00000178E5F8CB30>,0.22121411561965942,-0.057169340550899506,-0.16124281287193298,268388,47,8,False,Left,Back,Centre,Left,62
<_io.BytesIO object at 0x00000178E5FC0EF0>,0.19372165203094482,-0.16433390974998474,-0.20442865788936615,268388,47,8,False,Left,Back,Centre,Left,62
<_io.BytesIO object at 0x00000178E5FC0040>,0.20992021262645721,-0.09279336035251617,-0.22488124668598175,268388,47,8,False,Left,Back,Centre,Left,62
<_io.BytesIO object at 0x00000178E5FC0860>,0.18914496898651123,-0.06954241544008255,-0.18734657764434814,268388,47,8,False,Left,Back,Centre,Left,62
<_io.BytesIO object at 0x00000178E5FC0F90>,0.6701019406318665,0.08877255022525787,-0.09383582323789597,268388,47,8,False,Left,Back,Centre,Left,62
<_io.BytesIO object at 0x00000178E5FC0310>,0.6969043612480164,0.0637669488787651,-0.07579214125871658,268388,47,8,False,Left,Back,Centre,Left,62
<_io.BytesIO object at 0x00000178E5FC0950>,0.6622979640960693,0.05993828549981117,-0.015602498315274715,268388,47,8,False,Left,Back,Centre,Left,62
<_io.BytesIO object at 0x00000178E5FC0450>,0.5934863686561584,0.08813950419425964,-0.06621940433979034,268388,47,8,False,Left,Back,Centre,Left,62
<_io.BytesIO object at 0x00000178DE5E5220>,0.6441469788551331,0.06392085552215576,-0.12388160824775696,268388,47,8,False,Left,Back,Centre,Left,62
<_io.BytesIO object at 0x00000178E5FF9B80>,0.17597681283950806,-0.1246057078242302,-0.12621675431728363,268389,47,8,False,Left,Back,Centre,Left,62
<_io.BytesIO object at 0x00000178E3236EA0>,0.22188855707645416,-0.05770736560225487,-0.16226999461650848,268389,47,8,False,Left,Back,Centre,Left,62
<_io.BytesIO object at 0x00000178E3236360>,0.19193586707115173,-0.16398607194423676,-0.2062993347644806,268389,47,8,False,Left,Back,Centre,Left,62
<_io.BytesIO object at 0x00000178E3236680>,0.2083432674407959,-0.09231136739253998,-0.226120725274086,268389,47,8,False,Left,Back,Centre,Left,62
<_io.BytesIO object at 0x00000178E3236310>,0.18903636932373047,-0.06944599747657776,-0.18780285120010376,268389,47,8,False,Left,Back,Centre,Left,62
<_io.BytesIO object at 0x00000178E3236220>,0.6697565317153931,0.09051238000392914,-0.09107258915901184,268389,47,8,False,Left,Back,Centre,Left,62
<_io.BytesIO object at 0x00000178E5FCF4F0>,0.6962392330169678,0.06525006890296936,-0.0729440227150917,268389,47,8,False,Left,Back,Centre,Left,62
<_io.BytesIO object at 0x00000178E5FCFEA0>,0.661698043346405,0.061612945050001144,-0.012602996081113815,268389,47,8,False,Left,Back,Centre,Left,62
<_io.BytesIO object at 0x00000178E5FCFB80>,0.5927883982658386,0.0908893346786499,-0.06262385100126266,268389,47,8,False,Left,Back,Centre,Left,62
<_io.BytesIO object at 0x00000178E5FCF9A0>,0.6434340476989746,0.06624291092157364,-0.12097418308258057,268389,47,8,False,Left,Back,Centre,Left,62
<_io.BytesIO object at 0x00000178E5FCFE50>,0.17704971134662628,-0.12533113360404968,-0.12740400433540344,268390,47,8,False,Left,Back,Centre,Left,62
<_io.BytesIO object at 0x00000178E3236310>,0.22273299098014832,-0.05827775225043297,-0.16355621814727783,268390,47,8,False,Left,Back,Centre,Left,62
<_io.BytesIO object at 0x00000178E3236D60>,0.19032366573810577,-0.16360819339752197,-0.20832280814647675,268390,47,8,False,Left,Back,Centre,Left,62
<_io.BytesIO object at 0x00000178E32362C0>,0.20692475140094757,-0.09180666506290436,-0.2273768037557602,268390,47,8,False,Left,Back,Centre,Left,62
<_io.BytesIO object at 0x00000178E3236D10>,0.1890319436788559,-0.06929564476013184,-0.188410222530365,268390,47,8,False,Left,Back,Centre,Left,62
<_io.BytesIO object at 0x00000178E5FF9810>,0.6690687537193298,0.09250207245349884,-0.08772051334381104,268390,47,8,False,Left,Back,Centre,Left,62
<_io.BytesIO object at 0x00000178E5FF95E0>,0.6954272985458374,0.06678052991628647,-0.06989572942256927,268390,47,8,False,Left,Back,Centre,Left,62
<_io.BytesIO object at 0x00000178E5FF9E50>,0.6610098481178284,0.06335096806287766,-0.009280739352107048,268390,47,8,False,Left,Back,Centre,Left,62
<_io.BytesIO object at 0x00000178E5FF9EF0>,0.5925893783569336,0.09389510005712509,-0.05960594862699509,268390,47,8,False,Left,Back,Centre,Left,62
<_io.BytesIO object at 0x00000178E5FF9270>,0.6424931287765503,0.06849802285432816,-0.11759256571531296,268390,47,8,False,Left,Back,Centre,Left,62
<_io.BytesIO object at 0x00000178E5FC08B0>,0.1782637983560562,-0.12628662586212158,-0.12873753905296326,268391,47,8,False,Left,Back,Centre,Left,62
<_io.BytesIO object at 0x00000178E5FC0130>,0.22354848682880402,-0.05907459929585457,-0.164921373128891,268391,47,8,False,Left,Back,Centre,Left,62
<_io.BytesIO object at 0x00000178E5F8C6D0>,0.18884575366973877,-0.16327214241027832,-0.21055930852890015,268391,47,8,False,Left,Back,Centre,Left,62
<_io.BytesIO object at 0x00000178E5F8CF40>,0.20562805235385895,-0.09131208062171936,-0.22875964641571045,268391,47,8,False,Left,Back,Centre,Left,62
<_io.BytesIO object at 0x00000178E5F8CAE0>,0.18905280530452728,-0.06925101578235626,-0.1890784054994583,268391,47,8,False,Left,Back,Centre,Left,62
<_io.BytesIO object at 0x00000178E5F8C0E0>,0.6684810519218445,0.0944434404373169,-0.08438178151845932,268391,47,8,False,Left,Back,Centre,Left,62
<_io.BytesIO object at 0x00000178E5F8CEA0>,0.6944730877876282,0.06834527850151062,-0.06652237474918365,268391,47,8,False,Left,Back,Centre,Left,62
<_io.BytesIO object at 0x00000178E3246BD0>,0.66019606590271,0.06506511569023132,-0.005614509806036949,268391,47,8,False,Left,Back,Centre,Left,62
<_io.BytesIO object at 0x00000178E3246810>,0.5922143459320068,0.09691940248012543,-0.05569581314921379,268391,47,8,False,Left,Back,Centre,Left,62
<_io.BytesIO object at 0x00000178E3246CC0>,0.6414301991462708,0.0704079121351242,-0.11401626467704773,268391,47,8,False,Left,Back,Centre,Left,62
<_io.BytesIO object at 0x00000178E5F8BB80>,0.1795225590467453,-0.12750154733657837,-0.13019689917564392,268392,47,8,False,Left,Back,Centre,Left,62
<_io.BytesIO object at 0x00000178E5FCAC20>,0.2245054990053177,-0.05999873951077461,-0.16633789241313934,268392,47,8,False,Left,Back,Centre,Left,62
<_io.BytesIO object at 0x00000178E5FCA0E0>,0.1874469667673111,-0.16291126608848572,-0.2130149006843567,268392,47,8,False,Left,Back,Centre,Left,62
<_io.BytesIO object at 0x00000178E5FCAEA0>,0.20449036359786987,-0.09078218042850494,-0.23023810982704163,268392,47,8,False,Left,Back,Centre,Left,62
<_io.BytesIO object at 0x00000178E5F76630>,0.18926233053207397,-0.06924542784690857,-0.1898895502090454,268392,47,8,False,Left,Back,Centre,Left,62
<_io.BytesIO object at 0x00000178E5F76680>,0.6677254438400269,0.0964043140411377,-0.08068998903036118,268392,47,8,False,Left,Back,Centre,Left,62
<_io.BytesIO object at 0x00000178E5F76F40>,0.6933913230895996,0.06997855752706528,-0.06282738596200943,268392,47,8,False,Left,Back,Centre,Left,62
<_io.BytesIO object at 0x00000178E5F760E0>,0.6592087149620056,0.06678618490695953,-0.0016426864312961698,268392,47,8,False,Left,Back,Centre,Left,62
<_io.BytesIO object at 0x00000178E5F76CC0>,0.5913246870040894,0.09982939064502716,-0.0512588731944561,268392,47,8,False,Left,Back,Centre,Left,62
<_io.BytesIO object at 0x00000178E5F76EA0>,0.6403692364692688,0.07233653217554092,-0.11118107289075851,268392,47,8,False,Left,Back,Centre,Left,62
<_io.BytesIO object at 0x00000178E5FDDB30>,0.18083801865577698,-0.12891532480716705,-0.13177524507045746,268393,47,8,False,Left,Back,Centre,Left,62
<_io.BytesIO object at 0x00000178E5FDEEF0>,0.2253483533859253,-0.06081637367606163,-0.16789549589157104,268393,47,8,False,Left,Back,Centre,Left,62
<_io.BytesIO object at 0x00000178E5FDE590>,0.18357634544372559,-0.16054891049861908,-0.21744081377983093,268393,47,8,False,Left,Back,Centre,Left,62
<_io.BytesIO object at 0x00000178E5FDE9F0>,0.20090869069099426,-0.08719419687986374,-0.23234982788562775,268393,47,8,False,Left,Back,Centre,Left,62
<_io.BytesIO object at 0x00000178E5FDED60>,0.18959569931030273,-0.06946676224470139,-0.19084113836288452,268393,47,8,False,Left,Back,Centre,Left,62
<_io.BytesIO object at 0x00000178E5FDE450>,0.6668338179588318,0.0983898937702179,-0.0766272097826004,268393,47,8,False,Left,Back,Centre,Left,62
<_io.BytesIO object at 0x00000178E5FDE900>,0.6922064423561096,0.07173758745193481,-0.058860570192337036,268393,47,8,False,Left,Back,Centre,Left,62
<_io.BytesIO object at 0x00000178E5FA36D0>,0.6581170558929443,0.06846899539232254,0.002598630031570792,268393,47,8,False,Left,Back,Centre,Left,62
<_io.BytesIO object at 0x00000178E5FA3770>,0.590599775314331,0.10284232348203659,-0.04665377736091614,268393,47,8,False,Left,Back,Centre,Left,62
<_io.BytesIO object at 0x00000178E5FA31D0>,0.6390923261642456,0.07385829091072083,-0.10848401486873627,268393,47,8,False,Left,Back,Centre,Left,62
<_io.BytesIO object at 0x00000178E3216590>,0.18220150470733643,-0.13050098717212677,-0.13350695371627808,268394,47,8,False,Left,Back,Centre,Left,62
<_io.BytesIO object at 0x00000178E3216630>,0.2262040376663208,-0.061660245060920715,-0.16953136026859283,268394,47,8,False,Left,Back,Centre,Left,62
<_io.BytesIO object at 0x00000178E5F77130>,0.18280477821826935,-0.16026648879051208,-0.22000418603420258,268394,47,8,False,Left,Back,Centre,Left,62
<_io.BytesIO object at 0x00000178E5F776D0>,0.2004273235797882,-0.08709099143743515,-0.23393383622169495,268394,47,8,False,Left,Back,Centre,Left,62
<_io.BytesIO object at 0x00000178E5F775E0>,0.1899859756231308,-0.06969955563545227,-0.19189924001693726,268394,47,8,False,Left,Back,Centre,Left,62
<_io.BytesIO object at 0x00000178E5F774A0>,0.6659652590751648,0.10041144490242004,-0.07231248170137405,268394,47,8,False,Left,Back,Centre,Left,62
<_io.BytesIO object at 0x00000178E5F777C0>,0.690741240978241,0.07317124307155609,-0.05453774705529213,268394,47,8,False,Left,Back,Centre,Left,62
<_io.BytesIO object at 0x00000178E5F772C0>,0.6568644642829895,0.07005265355110168,0.007209172006696463,268394,47,8,False,Left,Back,Centre,Left,62
<_io.BytesIO object at 0x00000178E5FEE310>,0.5898016095161438,0.10576888173818588,-0.041437506675720215,268394,47,8,False,Left,Back,Centre,Left,62
<_io.BytesIO object at 0x00000178E5FEE540>,0.6376375555992126,0.07811367511749268,-0.1020042896270752,268394,47,8,False,Left,Back,Centre,Left,62
<_io.BytesIO object at 0x00000178E31DEAE0>,0.18361346423625946,-0.13218477368354797,-0.13536183536052704,268395,47,8,False,Left,Back,Centre,Left,62
<_io.BytesIO object at 0x00000178E31DED60>,0.22719071805477142,-0.0627451241016388,-0.1712464541196823,268395,47,8,False,Left,Back,Centre,Left,62
<_io.BytesIO object at 0x00000178E5FC29A0>,0.1824958473443985,-0.16050775349140167,-0.22230854630470276,268395,47,8,False,Left,Back,Centre,Left,62
<_io.BytesIO object at 0x00000178E5FC2E00>,0.20011763274669647,-0.08735537528991699,-0.23555228114128113,268395,47,8,False,Left,Back,Centre,Left,62
<_io.BytesIO object at 0x00000178E5FC2810>,0.19049853086471558,-0.07006359845399857,-0.19312380254268646,268395,47,8,False,Left,Back,Centre,Left,62
<_io.BytesIO object at 0x00000178E31DE9F0>,0.6647434830665588,0.10240861773490906,-0.06752041727304459,268395,47,8,False,Left,Back,Centre,Left,62
<_io.BytesIO object at 0x00000178E31DE7C0>,0.6891799569129944,0.07479682564735413,-0.049996521323919296,268395,47,8,False,Left,Back,Centre,Left,62
<_io.BytesIO object at 0x00000178E31DEA40>,0.655545711517334,0.07155675441026688,0.01205003447830677,268395,47,8,False,Left,Back,Centre,Left,62
<_io.BytesIO object at 0x00000178E31DE860>,0.5886784195899963,0.10899487882852554,-0.03601305931806564,268395,47,8,False,Left,Back,Centre,Left,62
<_io.BytesIO object at 0x00000178E31DE180>,0.6358842253684998,0.080640509724617,-0.09733317047357559,268395,47,8,False,Left,Back,Centre,Left,62
<_io.BytesIO object at 0x00000178E5F778B0>,0.18498817086219788,-0.13397903740406036,-0.13734374940395355,268396,47,8,False,Left,Back,Centre,Left,62
<_io.BytesIO object at 0x00000178E5F77CC0>,0.2281240075826645,-0.06361138820648193,-0.17301496863365173,268396,47,8,False,Left,Back,Centre,Left,62
<_io.BytesIO object at 0x00000178E3216810>,0.18235333263874054,-0.1607069969177246,-0.2246900498867035,268396,47,8,False,Left,Back,Centre,Left,62
<_io.BytesIO object at 0x00000178E3216900>,0.19977499544620514,-0.08746234327554703,-0.23720118403434753,268396,47,8,False,Left,Back,Centre,Left,62
<_io.BytesIO object at 0x00000178E3216DB0>,0.1911003142595291,-0.07052279263734818,-0.19444523751735687,268396,47,8,False,Left,Back,Centre,Left,62
<_io.BytesIO object at 0x00000178E3216310>,0.6633408069610596,0.10461585968732834,-0.06240271031856537,268396,47,8,False,Left,Back,Centre,Left,62
<_io.BytesIO object at 0x00000178E3216130>,0.687448263168335,0.07629751414060593,-0.0450933575630188,268396,47,8,False,Left,Back,Centre,Left,62
<_io.BytesIO object at 0x00000178E3216F90>,0.6540957093238831,0.0729597881436348,0.01710360497236252,268396,47,8,False,Left,Back,Centre,Left,62
<_io.BytesIO object at 0x00000178E32169F0>,0.5876274108886719,0.11193981021642685,-0.030102625489234924,268396,47,8,False,Left,Back,Centre,Left,62
<_io.BytesIO object at 0x00000178E3216BD0>,0.6338974833488464,0.08309519290924072,-0.0919707641005516,268396,47,8,False,Left,Back,Centre,Left,62
<_io.BytesIO object at 0x00000178E5FDEB30>,0.1864107996225357,-0.13574422895908356,-0.13934142887592316,268397,47,8,False,Left,Back,Centre,Left,62
<_io.BytesIO object at 0x00000178E5FDEF90>,0.22902658581733704,-0.06453467160463333,-0.1748027354478836,268397,47,8,False,Left,Back,Centre,Left,62
<_io.BytesIO object at 0x00000178E5FDE720>,0.18280041217803955,-0.16108295321464539,-0.22712025046348572,268397,47,8,False,Left,Back,Centre,Left,62
<_io.BytesIO object at 0x00000178E5FDEF40>,0.19998088479042053,-0.08771274983882904,-0.23900295794010162,268397,47,8,False,Left,Back,Centre,Left,62
<_io.BytesIO object at 0x00000178E5FDD810>,0.19171959161758423,-0.07103662937879562,-0.1958194524049759,268397,47,8,False,Left,Back,Centre,Left,62
<_io.BytesIO object at 0x00000178E5FDDCC0>,0.6619070768356323,0.10659277439117432,-0.05724075809121132,268397,47,8,False,Left,Back,Centre,Left,62
<_io.BytesIO object at 0x00000178E5FDD9A0>,0.685574471950531,0.0778743177652359,-0.039755091071128845,268397,47,8,False,Left,Back,Centre,Left,62
<_io.BytesIO object at 0x00000178E5FDD860>,0.6525265574455261,0.07425719499588013,0.022447245195508003,268397,47,8,False,Left,Back,Centre,Left,62
<_io.BytesIO object at 0x00000178E5FDD220>,0.586418867111206,0.11478350311517715,-0.02384616993367672,268397,47,8,False,Left,Back,Centre,Left,62
<_io.BytesIO object at 0x00000178E5FDDC70>,0.6324210166931152,0.08502127975225449,-0.08747783303260803,268397,47,8,False,Left,Back,Centre,Left,62
<_io.BytesIO object at 0x00000178E5F76B80>,0.18780814111232758,-0.1375010460615158,-0.1414078325033188,268398,47,8,False,Left,Back,Centre,Left,62
<_io.BytesIO object at 0x00000178E5FCA220>,0.23007327318191528,-0.06563901901245117,-0.17663052678108215,268398,47,8,False,Left,Back,Centre,Left,62
<_io.BytesIO object at 0x00000178E5FCA770>,0.1829979121685028,-0.16122999787330627,-0.22972995042800903,268398,47,8,False,Left,Back,Centre,Left,62
<_io.BytesIO object at 0x00000178E5FCA450>,0.20010867714881897,-0.08760787546634674,-0.24076619744300842,268398,47,8,False,Left,Back,Centre,Left,62
<_io.BytesIO object at 0x00000178E5FCAD60>,0.1923750340938568,-0.07163842767477036,-0.1973673403263092,268398,47,8,False,Left,Back,Centre,Left,62
<_io.BytesIO object at 0x00000178E5F8BB80>,0.6602627635002136,0.10850686579942703,-0.05150141194462776,268398,47,8,False,Left,Back,Centre,Left,62
<_io.BytesIO object at 0x00000178E5F8B900>,0.6835935115814209,0.07922471314668655,-0.03470206633210182,268398,47,8,False,Left,Back,Centre,Left,62
<_io.BytesIO object at 0x00000178E5F8BF40>,0.6507892608642578,0.07538456469774246,0.028043054044246674,268398,47,8,False,Left,Back,Centre,Left,62
<_io.BytesIO object at 0x00000178E5F8BB30>,0.5851731896400452,0.1174968034029007,-0.01716611348092556,268398,47,8,False,Left,Back,Centre,Left,62
<_io.BytesIO object at 0x00000178E5F8B770>,0.629695475101471,0.08819866180419922,-0.08032619953155518,268398,47,8,False,Left,Back,Centre,Left,62
<_io.BytesIO object at 0x00000178E5F8C9F0>,0.18924862146377563,-0.13915573060512543,-0.14353087544441223,268399,47,8,False,Left,Back,Centre,Left,62
<_io.BytesIO object at 0x00000178E5F8C4F0>,0.2310657948255539,-0.06655563414096832,-0.17852306365966797,268399,47,8,False,Left,Back,Centre,Left,62
<_io.BytesIO object at 0x00000178E5FC0130>,0.18362420797348022,-0.1616276502609253,-0.23221218585968018,268399,47,8,False,Left,Back,Centre,Left,62
<_io.BytesIO object at 0x00000178E5FC0900>,0.20051869750022888,-0.0878777951002121,-0.2426108419895172,268399,47,8,False,Left,Back,Centre,Left,62
<_io.BytesIO object at 0x00000178E5FC0B30>,0.1932414025068283,-0.07231713831424713,-0.19891363382339478,268399,47,8,False,Left,Back,Centre,Left,62
<_io.BytesIO object at 0x00000178E5FC0810>,0.6585145592689514,0.11010149121284485,-0.046045102179050446,268399,47,8,False,Left,Back,Centre,Left,62
<_io.BytesIO object at 0x00000178E5FC06D0>,0.6812925338745117,0.08057134598493576,-0.028647448867559433,268399,47,8,False,Left,Back,Centre,Left,62
<_io.BytesIO object at 0x00000178E5FC0950>,0.6489852070808411,0.07642305642366409,0.03387291356921196,268399,47,8,False,Left,Back,Centre,Left,62
<_io.BytesIO object at 0x00000178E5FC0090>,0.5836449861526489,0.12021797895431519,-0.01020389050245285,268399,47,8,False,Left,Back,Centre,Left,62
<_io.BytesIO object at 0x00000178DE5E51D0>,0.627684473991394,0.09069442003965378,-0.07498062402009964,268399,47,8,False,Left,Back,Centre,Left,62
<_io.BytesIO object at 0x00000178E5FF94A0>,0.1907382607460022,-0.14071282744407654,-0.14578969776630402,268400,47,8,False,Left,Back,Centre,Left,62
<_io.BytesIO object at 0x00000178E3236C20>,0.23212182521820068,-0.06746474653482437,-0.18044103682041168,268400,47,8,False,Left,Back,Centre,Left,62
<_io.BytesIO object at 0x00000178E3236D60>,0.18398943543434143,-0.16190402209758759,-0.23475445806980133,268400,47,8,False,Left,Back,Centre,Left,62
<_io.BytesIO object at 0x00000178E3236400>,0.20067061483860016,-0.08800345659255981,-0.2445153146982193,268400,47,8,False,Left,Back,Centre,Left,62
<_io.BytesIO object at 0x00000178E3236DB0>,0.19412261247634888,-0.07295864075422287,-0.20045256614685059,268400,47,8,False,Left,Back,Centre,Left,62
<_io.BytesIO object at 0x00000178E3236220>,0.6568604111671448,0.11176522076129913,-0.04044460505247116,268400,47,8,False,Left,Back,Centre,Left,62
<_io.BytesIO object at 0x00000178E5FCF810>,0.6791149377822876,0.08204257488250732,-0.022995155304670334,268400,47,8,False,Left,Back,Centre,Left,62
<_io.BytesIO object at 0x00000178E5FCF130>,0.6469650268554688,0.07743702828884125,0.03987555950880051,268400,47,8,False,Left,Back,Centre,Left,62
<_io.BytesIO object at 0x00000178E5FCF310>,0.5821077227592468,0.12294074147939682,-0.002965061692520976,268400,47,8,False,Left,Back,Centre,Left,62
<_io.BytesIO object at 0x00000178E5FCFB80>,0.6253800392150879,0.09361356496810913,-0.06889395415782928,268400,47,8,False,Left,Back,Centre,Left,62
<_io.BytesIO object at 0x00000178E5FCF810>,0.19225358963012695,-0.14215877652168274,-0.14803571999073029,268401,47,8,False,Left,Back,Centre,Left,62
<_io.BytesIO object at 0x00000178E3236090>,0.23336662352085114,-0.06851744651794434,-0.18239302933216095,268401,47,8,False,Left,Back,Centre,Left,62
<_io.BytesIO object at 0x00000178E3236C20>,0.1845853626728058,-0.16221989691257477,-0.23726710677146912,268401,47,8,False,Left,Back,Centre,Left,62
<_io.BytesIO object at 0x00000178E32363B0>,0.20128601789474487,-0.08820169419050217,-0.24635516107082367,268401,47,8,False,Left,Back,Centre,Left,62
<_io.BytesIO object at 0x00000178E32367C0>,0.19507062435150146,-0.07352577894926071,-0.20210112631320953,268401,47,8,False,Left,Back,Centre,Left,62
<_io.BytesIO object at 0x00000178E5FF9A90>,0.6547943353652954,0.1137748509645462,-0.03354167938232422,268401,47,8,False,Left,Back,Centre,Left,62
<_io.BytesIO object at 0x00000178E5FF9D60>,0.6765623092651367,0.08339188992977142,-0.016872011125087738,268401,47,8,False,Left,Back,Centre,Left,62
<_io.BytesIO object at 0x00000178E5FF9860>,0.6448072791099548,0.07830304652452469,0.046096716076135635,268401,47,8,False,Left,Back,Centre,Left,62
<_io.BytesIO object at 0x00000178E5FF9E50>,0.5803686380386353,0.12548550963401794,0.004597324412316084,268401,47,8,False,Left,Back,Centre,Left,62
<_io.BytesIO object at 0x00000178E5FF9270>,0.6230321526527405,0.0962308868765831,-0.06267277151346207,268401,47,8,False,Left,Back,Centre,Left,62
<_io.BytesIO object at 0x00000178E5FC0810>,0.1937694549560547,-0.1435145139694214,-0.15026995539665222,268402,47,8,False,Left,Back,Centre,Left,62
<_io.BytesIO object at 0x00000178E5FC05E0>,0.2345304936170578,-0.06939474493265152,-0.18435311317443848,268402,47,8,False,Left,Back,Centre,Left,62
<_io.BytesIO object at 0x00000178E5F8C5E0>,0.18550831079483032,-0.16277983784675598,-0.23958618938922882,268402,47,8,False,Left,Back,Centre,Left,62
<_io.BytesIO object at 0x00000178E5F8C400>,0.20204393565654755,-0.08879159390926361,-0.2481061816215515,268402,47,8,False,Left,Back,Centre,Left,62
<_io.BytesIO object at 0x00000178E5F8C630>,0.1960688829421997,-0.07414174824953079,-0.20366276800632477,268402,47,8,False,Left,Back,Centre,Left,62
<_io.BytesIO object at 0x00000178E5F8C7C0>,0.6526210904121399,0.11555399745702744,-0.027098624035716057,268402,47,8,False,Left,Back,Centre,Left,62
<_io.BytesIO object at 0x00000178E5F8CD60>,0.6738002896308899,0.08474312722682953,-0.010651360265910625,268402,47,8,False,Left,Back,Centre,Left,62
<_io.BytesIO object at 0x00000178E3246C20>,0.6425179243087769,0.0790247991681099,0.05252926051616669,268402,47,8,False,Left,Back,Centre,Left,62
<_io.BytesIO object at 0x00000178E3246BD0>,0.5784756541252136,0.12803533673286438,0.012474220246076584,268402,47,8,False,Left,Back,Centre,Left,62
<_io.BytesIO object at 0x00000178E3246950>,0.6205732226371765,0.09868542104959488,-0.05605989322066307,268402,47,8,False,Left,Back,Centre,Left,62
<_io.BytesIO object at 0x00000178E5F8BDB0>,0.1953631490468979,-0.14476409554481506,-0.15255284309387207,268403,47,8,False,Left,Back,Centre,Left,62
<_io.BytesIO object at 0x00000178E5FCA450>,0.23580285906791687,-0.0702546164393425,-0.18631909787654877,268403,47,8,False,Left,Back,Centre,Left,62
<_io.BytesIO object at 0x00000178E5FCA0E0>,0.18586167693138123,-0.16276343166828156,-0.24216093122959137,268403,47,8,False,Left,Back,Centre,Left,62
<_io.BytesIO object at 0x00000178E5FCA900>,0.20232823491096497,-0.08842305839061737,-0.2501097321510315,268403,47,8,False,Left,Back,Centre,Left,62
<_io.BytesIO object at 0x00000178E5F76EA0>,0.19708852469921112,-0.07472638785839081,-0.2052692174911499,268403,47,8,False,Left,Back,Centre,Left,62
<_io.BytesIO object at 0x00000178E5F76810>,0.6503622531890869,0.11759652197360992,-0.02046096883714199,268403,47,8,False,Left,Back,Centre,Left,62
<_io.BytesIO object at 0x00000178E5F76950>,0.6708597540855408,0.08586173504590988,-0.00427527679130435,268403,47,8,False,Left,Back,Centre,Left,62
<_io.BytesIO object at 0x00000178E5F76860>,0.6399689316749573,0.07986828684806824,0.05869900807738304,268403,47,8,False,Left,Back,Centre,Left,62
<_io.BytesIO object at 0x00000178E5F764A0>,0.5764703154563904,0.1305995136499405,0.020513730123639107,268403,47,8,False,Left,Back,Centre,Left,62
<_io.BytesIO object at 0x00000178E5F76A40>,0.6180890202522278,0.10110779106616974,-0.049885042011737823,268403,47,8,False,Left,Back,Centre,Left,62
<_io.BytesIO object at 0x00000178E5FDD720>,0.1970168650150299,-0.1459251344203949,-0.15491758286952972,268404,47,8,False,Left,Back,Centre,Left,62
<_io.BytesIO object at 0x00000178E5FDEF40>,0.23716998100280762,-0.07122112065553665,-0.188261017203331,268404,47,8,False,Left,Back,Centre,Left,62
<_io.BytesIO object at 0x00000178E5FDE590>,0.1867343634366989,-0.1632312834262848,-0.2444884479045868,268404,47,8,False,Left,Back,Centre,Left,62
<_io.BytesIO object at 0x00000178E5FDE9F0>,0.20321373641490936,-0.08906210213899612,-0.25191178917884827,268404,47,8,False,Left,Back,Centre,Left,62
<_io.BytesIO object at 0x00000178E5FDEDB0>,0.1983327567577362,-0.07533960789442062,-0.20688854157924652,268404,47,8,False,Left,Back,Centre,Left,62
<_io.BytesIO object at 0x00000178E5FDECC0>,0.6480010747909546,0.11956299096345901,-0.013686411082744598,268404,47,8,False,Left,Back,Centre,Left,62
<_io.BytesIO object at 0x00000178E5FDEBD0>,0.6680405735969543,0.08728960156440735,0.0023318713065236807,268404,47,8,False,Left,Back,Centre,Left,62
<_io.BytesIO object at 0x00000178E5FA3CC0>,0.6372517347335815,0.08009923994541168,0.06566381454467773,268404,47,8,False,Left,Back,Centre,Left,62
<_io.BytesIO object at 0x00000178E5FA36D0>,0.5743233561515808,0.13292109966278076,0.02888980321586132,268404,47,8,False,Left,Back,Centre,Left,62
<_io.BytesIO object at 0x00000178E5FA3590>,0.6152878403663635,0.10386437177658081,-0.04263903573155403,268404,47,8,False,Left,Back,Centre,Left,62
<_io.BytesIO object at 0x00000178E32167C0>,0.19868537783622742,-0.1470109224319458,-0.15716445446014404,268405,47,8,False,Left,Back,Centre,Left,62
<_io.BytesIO object at 0x00000178E3216B30>,0.23859643936157227,-0.07198433578014374,-0.1902174949645996,268405,47,8,False,Left,Back,Centre,Left,62
<_io.BytesIO object at 0x00000178E5F77180>,0.18819144368171692,-0.16399461030960083,-0.24663932621479034,268405,47,8,False,Left,Back,Centre,Left,62
<_io.BytesIO object at 0x00000178E5F77DB0>,0.20437824726104736,-0.08987196534872055,-0.25369498133659363,268405,47,8,False,Left,Back,Centre,Left,62
<_io.BytesIO object at 0x00000178E5F77D60>,0.19955582916736603,-0.07602179050445557,-0.20858168601989746,268405,47,8,False,Left,Back,Centre,Left,62
<_io.BytesIO object at 0x00000178E5F77C70>,0.6453099846839905,0.12140980362892151,-0.006564115174114704,268405,47,8,False,Left,Back,Centre,Left,62
<_io.BytesIO object at 0x00000178E5F77E00>,0.6651027798652649,0.08861523121595383,0.009038322605192661,268405,47,8,False,Left,Back,Centre,Left,62
<_io.BytesIO object at 0x00000178E5F77360>,0.6344403028488159,0.08060494065284729,0.07249733060598373,268405,47,8,False,Left,Back,Centre,Left,62
<_io.BytesIO object at 0x00000178E5FEEC20>,0.5720828771591187,0.13521899282932281,0.03739913925528526,268405,47,8,False,Left,Back,Centre,Left,62
<_io.BytesIO object at 0x00000178E5FEE180>,0.6125029921531677,0.10653100907802582,-0.03556346520781517,268405,47,8,False,Left,Back,Centre,Left,62
<_io.BytesIO object at 0x00000178E31DEA40>,0.20043246448040009,-0.14798207581043243,-0.15944702923297882,268406,47,8,False,Left,Back,Centre,Left,62
<_io.BytesIO object at 0x00000178E5FC2E00>,0.23999729752540588,-0.07274295389652252,-0.192124605178833,268406,47,8,False,Left,Back,Centre,Left,62
<_io.BytesIO object at 0x00000178E5FC2B30>,0.18962103128433228,-0.16451378166675568,-0.24878673255443573,268406,47,8,False,Left,Back,Centre,Left,62
<_io.BytesIO object at 0x00000178E5FC2220>,0.20566965639591217,-0.09048231691122055,-0.25528204441070557,268406,47,8,False,Left,Back,Centre,Left,62
<_io.BytesIO object at 0x00000178E5FC2590>,0.200841024518013,-0.07654230296611786,-0.21011841297149658,268406,47,8,False,Left,Back,Centre,Left,62
<_io.BytesIO object at 0x00000178E5FC2C70>,0.6428260207176208,0.12305957078933716,0.0007477886392734945,268406,47,8,False,Left,Back,Centre,Left,62
<_io.BytesIO object at 0x00000178E5FC2F90>,0.6620017290115356,0.0899314284324646,0.015952320769429207,268406,47,8,False,Left,Back,Centre,Left,62
<_io.BytesIO object at 0x00000178E5FC2CC0>,0.6314862370491028,0.08085333555936813,0.07946126163005829,268406,47,8,False,Left,Back,Centre,Left,62
<_io.BytesIO object at 0x00000178E5FC2810>,0.5698278546333313,0.1374131143093109,0.046157356351614,268406,47,8,False,Left,Back,Centre,Left,62
<_io.BytesIO object at 0x00000178E31DE9F0>,0.6095108985900879,0.10928983241319656,-0.028320372104644775,268406,47,8,False,Left,Back,Centre,Left,62
<_io.BytesIO object at 0x00000178E5FEE680>,0.20222724974155426,-0.14890103042125702,-0.16177183389663696,268407,47,8,False,Left,Back,Centre,Left,62
<_io.BytesIO object at 0x00000178E5FEE130>,0.24154576659202576,-0.07355760037899017,-0.1940617710351944,268407,47,8,False,Left,Back,Centre,Left,62
<_io.BytesIO object at 0x00000178E5F77040>,0.19041448831558228,-0.16474230587482452,-0.2510415315628052,268407,47,8,False,Left,Back,Centre,Left,62
<_io.BytesIO object at 0x00000178E5F77900>,0.2064867913722992,-0.09071923047304153,-0.25708332657814026,268407,47,8,False,Left,Back,Centre,Left,62
<_io.BytesIO object at 0x00000178E5F776D0>,0.20212964713573456,-0.07710038870573044,-0.2116825133562088,268407,47,8,False,Left,Back,Centre,Left,62
<_io.BytesIO object at 0x00000178E5F77180>,0.6403315663337708,0.1247733011841774,0.008145133964717388,268407,47,8,False,Left,Back,Centre,Left,62
<_io.BytesIO object at 0x00000178E5F77630>,0.6588590145111084,0.09108559787273407,0.022948240861296654,268407,47,8,False,Left,Back,Centre,Left,62
<_io.BytesIO object at 0x00000178E3216B30>,0.6280688643455505,0.0808078944683075,0.0862690880894661,268407,47,8,False,Left,Back,Centre,Left,62
<_io.BytesIO object at 0x00000178E3216810>,0.5675076246261597,0.1394297033548355,0.0549447163939476,268407,47,8,False,Left,Back,Centre,Left,62
<_io.BytesIO object at 0x00000178E3216090>,0.6065112352371216,0.11206196993589401,-0.020939622074365616,268407,47,8,False,Left,Back,Centre,Left,62
<_io.BytesIO object at 0x00000178E5FA32C0>,0.20405234396457672,-0.1497693657875061,-0.16399887204170227,268408,47,8,False,Left,Back,Centre,Left,62
<_io.BytesIO object at 0x00000178E5FA3A90>,0.24309676885604858,-0.07424500584602356,-0.19596345722675323,268408,47,8,False,Left,Back,Centre,Left,62
<_io.BytesIO object at 0x00000178E5FDEBD0>,0.19152554869651794,-0.16494855284690857,-0.2532150447368622,268408,47,8,False,Left,Back,Centre,Left,62
<_io.BytesIO object at 0x00000178E5FDEEA0>,0.207600399851799,-0.09091801941394806,-0.2587195932865143,268408,47,8,False,Left,Back,Centre,Left,62
<_io.BytesIO object at 0x00000178E5FDE130>,0.2035563737154007,-0.07758919894695282,-0.21324561536312103,268408,47,8,False,Left,Back,Centre,Left,62
<_io.BytesIO object at 0x00000178E5FDEA40>,0.6375015377998352,0.12627850472927094,0.015704752877354622,268408,47,8,False,Left,Back,Centre,Left,62
<_io.BytesIO object at 0x00000178E5FDED10>,0.6555888652801514,0.09201139956712723,0.030097756534814835,268408,47,8,False,Left,Back,Centre,Left,62
<_io.BytesIO object at 0x00000178E5FDE950>,0.6251487135887146,0.08161003142595291,0.09295196831226349,268408,47,8,False,Left,Back,Centre,Left,62
<_io.BytesIO object at 0x00000178E5FDE7C0>,0.565156102180481,0.1414041817188263,0.06382733583450317,268408,47,8,False,Left,Back,Centre,Left,62
<_io.BytesIO object at 0x00000178E5FDD8B0>,0.6036133766174316,0.1146153062582016,-0.013349843211472034,268408,47,8,False,Left,Back,Centre,Left,62
<_io.BytesIO object at 0x00000178E5F765E0>,0.20597012341022491,-0.15057030320167542,-0.16620512306690216,268409,47,8,False,Left,Back,Centre,Left,62
<_io.BytesIO object at 0x00000178E5F76CC0>,0.2447144091129303,-0.07487799227237701,-0.1979132443666458,268409,47,8,False,Left,Back,Centre,Left,62
<_io.BytesIO object at 0x00000178E5F76810>,0.1926354169845581,-0.16526445746421814,-0.25521329045295715,268409,47,8,False,Left,Back,Centre,Left,62
<_io.BytesIO object at 0x00000178E5F76D10>,0.20867852866649628,-0.09126712381839752,-0.2602936029434204,268409,47,8,False,Left,Back,Centre,Left,62
<_io.BytesIO object at 0x00000178E5FCA400>,0.2050151526927948,-0.07816570997238159,-0.21469075977802277,268409,47,8,False,Left,Back,Centre,Left,62
<_io.BytesIO object at 0x00000178E5FCAEA0>,0.6348775625228882,0.1273830235004425,0.023467091843485832,268409,47,8,False,Left,Back,Centre,Left,62
<_io.BytesIO object at 0x00000178E5FCA090>,0.6522397398948669,0.09275949746370316,0.03736706078052521,268409,47,8,False,Left,Back,Centre,Left,62
<_io.BytesIO object at 0x00000178E5FCA950>,0.6220006346702576,0.0812201276421547,0.1000353991985321,268409,47,8,False,Left,Back,Centre,Left,62
<_io.BytesIO object at 0x00000178E5FCAD10>,0.5628525614738464,0.14331288635730743,0.07276008278131485,268409,47,8,False,Left,Back,Centre,Left,62
<_io.BytesIO object at 0x00000178E5FCA360>,0.6005735397338867,0.1172732338309288,-0.0055971345864236355,268409,47,8,False,Left,Back,Centre,Left,62
<_io.BytesIO object at 0x00000178E3246B80>,0.2079620510339737,-0.15136657655239105,-0.1683783233165741,268410,47,8,False,Left,Back,Centre,Left,62
<_io.BytesIO object at 0x00000178E3246E50>,0.2463594377040863,-0.07547923177480698,-0.19965752959251404,268410,47,8,False,Left,Back,Centre,Left,62
<_io.BytesIO object at 0x00000178E5F8CA90>,0.19359776377677917,-0.16520479321479797,-0.2574125826358795,268410,47,8,False,Left,Back,Centre,Left,62
<_io.BytesIO object at 0x00000178E5F8CF90>,0.2095807045698166,-0.09113026410341263,-0.26199156045913696,268410,47,8,False,Left,Back,Centre,Left,62
<_io.BytesIO object at 0x00000178E5F8CF40>,0.20649519562721252,-0.07858186960220337,-0.21612054109573364,268410,47,8,False,Left,Back,Centre,Left,62
<_io.BytesIO object at 0x00000178E5F8C5E0>,0.632235050201416,0.12843438982963562,0.031333766877651215,268410,47,8,False,Left,Back,Centre,Left,62
<_io.BytesIO object at 0x00000178E5F8CAE0>,0.648325502872467,0.09288813918828964,0.04456597939133644,268410,47,8,False,Left,Back,Centre,Left,62
<_io.BytesIO object at 0x00000178E5FC0C70>,0.6196985244750977,0.0824039876461029,0.10655945539474487,268410,47,8,False,Left,Back,Centre,Left,62
<_io.BytesIO object at 0x00000178E5FC08B0>,0.5606369972229004,0.14517509937286377,0.08175290375947952,268410,47,8,False,Left,Back,Centre,Left,62
<_io.BytesIO object at 0x00000178E5FC0040>,0.5976215600967407,0.11963603645563126,0.002258425345644355,268410,47,8,False,Left,Back,Centre,Left,62
<_io.BytesIO object at 0x00000178E5FF95E0>,0.21001145243644714,-0.1521431803703308,-0.17046891152858734,268411,47,8,False,Left,Back,Centre,Left,62
<_io.BytesIO object at 0x00000178E5FF9AE0>,0.24805979430675507,-0.0760980024933815,-0.2014394849538803,268411,47,8,False,Left,Back,Centre,Left,62
<_io.BytesIO object at 0x00000178E5FF9EA0>,0.1950170248746872,-0.16541637480258942,-0.25942954421043396,268411,47,8,False,Left,Back,Centre,Left,62
<_io.BytesIO object at 0x00000178E5FF91D0>,0.21092113852500916,-0.09129028022289276,-0.2634965777397156,268411,47,8,False,Left,Back,Centre,Left,62
<_io.BytesIO object at 0x00000178E3236EA0>,0.2079610973596573,-0.07903512567281723,-0.21758557856082916,268411,47,8,False,Left,Back,Centre,Left,62
<_io.BytesIO object at 0x00000178E32367C0>,0.6296074986457825,0.1290610432624817,0.039319273084402084,268411,47,8,False,Left,Back,Centre,Left,62
<_io.BytesIO object at 0x00000178E3236900>,0.6447527408599854,0.09296681731939316,0.051906026899814606,268411,47,8,False,Left,Back,Centre,Left,62
<_io.BytesIO object at 0x00000178E3236130>,0.617733895778656,0.0837729275226593,0.1125946044921875,268411,47,8,False,Left,Back,Centre,Left,62
<_io.BytesIO object at 0x00000178E32366D0>,0.5587145090103149,0.14699527621269226,0.0905989408493042,268411,47,8,False,Left,Back,Centre,Left,62
<_io.BytesIO object at 0x00000178E3236720>,0.5946948528289795,0.12170712649822235,0.010291223414242268,268411,47,8,False,Left,Back,Centre,Left,62
<_io.BytesIO object at 0x00000178E32363B0>,0.21213683485984802,-0.15289662778377533,-0.17247745394706726,268412,47,8,False,Left,Back,Centre,Left,62
<_io.BytesIO object at 0x00000178E5FF9D10>,0.2497428059577942,-0.07651607692241669,-0.2031724452972412,268412,47,8,False,Left,Back,Centre,Left,62
<_io.BytesIO object at 0x00000178E5FF92C0>,0.19610854983329773,-0.16541624069213867,-0.26132628321647644,268412,47,8,False,Left,Back,Centre,Left,62
<_io.BytesIO object at 0x00000178E5FF9090>,0.21186794340610504,-0.09131656587123871,-0.26502200961112976,268412,47,8,False,Left,Back,Centre,Left,62
<_io.BytesIO object at 0x00000178E5FF9950>,0.20957084000110626,-0.07934419065713882,-0.21888573467731476,268412,47,8,False,Left,Back,Centre,Left,62
<_io.BytesIO object at 0x00000178DE5E5630>,0.6269577741622925,0.12967784702777863,0.047368209809064865,268412,47,8,False,Left,Back,Centre,Left,62
<_io.BytesIO object at 0x00000178DE5E5400>,0.6411107778549194,0.09289784729480743,0.05940590053796768,268412,47,8,False,Left,Back,Centre,Left,62
<_io.BytesIO object at 0x00000178DE5E58B0>,0.616315484046936,0.0855138972401619,0.11861911416053772,268412,47,8,False,Left,Back,Centre,Left,62
<_io.BytesIO object at 0x00000178E5FC04F0>,0.5567564368247986,0.14873561263084412,0.09949811547994614,268412,47,8,False,Left,Back,Centre,Left,62
<_io.BytesIO object at 0x00000178E5FC01D0>,0.5916824340820312,0.1237686425447464,0.018380939960479736,268412,47,8,False,Left,Back,Centre,Left,62
<_io.BytesIO object at 0x00000178E5F8C0E0>,0.21433275938034058,-0.15362241864204407,-0.17443186044692993,268413,47,8,False,Left,Back,Centre,Left,62
<_io.BytesIO object at 0x00000178E3246360>,0.2513915002346039,-0.07694792002439499,-0.20484624803066254,268413,47,8,False,Left,Back,Centre,Left,62
<_io.BytesIO object at 0x00000178E32465E0>,0.19772738218307495,-0.16566014289855957,-0.26321303844451904,268413,47,8,False,Left,Back,Centre,Left,62
<_io.BytesIO object at 0x00000178E3246680>,0.2131796032190323,-0.09145905822515488,-0.2664724588394165,268413,47,8,False,Left,Back,Centre,Left,62
<_io.BytesIO object at 0x00000178E3246AE0>,0.21113115549087524,-0.07984602451324463,-0.2202731966972351,268413,47,8,False,Left,Back,Centre,Left,62
<_io.BytesIO object at 0x00000178E3246EA0>,0.624286413192749,0.1300160139799118,0.055611591786146164,268413,47,8,False,Left,Back,Centre,Left,62
<_io.BytesIO object at 0x00000178E32460E0>,0.6374816298484802,0.09261217713356018,0.06690111756324768,268413,47,8,False,Left,Back,Centre,Left,62
<_io.BytesIO object at 0x00000178E5F8B6D0>,0.6149510741233826,0.08729667216539383,0.12467429786920547,268413,47,8,False,Left,Back,Centre,Left,62
<_io.BytesIO object at 0x00000178E5F8B2C0>,0.5548473000526428,0.1501501202583313,0.10850637406110764,268413,47,8,False,Left,Back,Centre,Left,62
<_io.BytesIO object at 0x00000178E5F8BF40>,0.5887540578842163,0.12552165985107422,0.026693090796470642,268413,47,8,False,Left,Back,Centre,Left,62
<_io.BytesIO object at 0x00000178E5FCA270>,0.2165791541337967,-0.15436314046382904,-0.17635516822338104,268414,47,8,False,Left,Back,Centre,Left,62
<_io.BytesIO object at 0x00000178E5F762C0>,0.25319018959999084,-0.07736866176128387,-0.20647798478603363,268414,47,8,False,Left,Back,Centre,Left,62
<_io.BytesIO object at 0x00000178E5F76C70>,0.1991310715675354,-0.16561631858348846,-0.26510030031204224,268414,47,8,False,Left,Back,Centre,Left,62
<_io.BytesIO object at 0x00000178E5F76270>,0.21441423892974854,-0.0913878008723259,-0.2678983509540558,268414,47,8,False,Left,Back,Centre,Left,62
<_io.BytesIO object at 0x00000178E5F764F0>,0.21264632046222687,-0.08003551512956619,-0.22154837846755981,268414,47,8,False,Left,Back,Centre,Left,62
<_io.BytesIO object at 0x00000178E5FDDB80>,0.6216784715652466,0.130120187997818,0.06374283879995346,268414,47,8,False,Left,Back,Centre,Left,62
<_io.BytesIO object at 0x00000178E5FDD5E0>,0.634019136428833,0.0923914983868599,0.07459581643342972,268414,47,8,False,Left,Back,Centre,Left,62
<_io.BytesIO object at 0x00000178E5FDDF90>,0.6133482456207275,0.08883217722177505,0.1309458613395691,268414,47,8,False,Left,Back,Centre,Left,62
<_io.BytesIO object at 0x00000178E5FDD450>,0.5530655384063721,0.15161624550819397,0.11734852939844131,268414,47,8,False,Left,Back,Centre,Left,62
<_io.BytesIO object at 0x00000178E5FDD360>,0.5858941674232483,0.12696842849254608,0.03497752174735069,268414,47,8,False,Left,Back,Centre,Left,62
<_io.BytesIO object at 0x00000178E5FDECC0>,0.2188737839460373,-0.15504373610019684,-0.17814621329307556,268415,47,8,False,Left,Back,Centre,Left,62
<_io.BytesIO object at 0x00000178E5FA3540>,0.2548680007457733,-0.07762735337018967,-0.2080979347229004,268415,47,8,False,Left,Back,Centre,Left,62
<_io.BytesIO object at 0x00000178E5FA36D0>,0.20068615674972534,-0.16574892401695251,-0.26677989959716797,268415,47,8,False,Left,Back,Centre,Left,62
<_io.BytesIO object at 0x00000178E5FA3E00>,0.21561510860919952,-0.09152927994728088,-0.26927450299263,268415,47,8,False,Left,Back,Centre,Left,62
<_io.BytesIO object at 0x00000178E5FA3130>,0.2142590880393982,-0.08026151359081268,-0.22285966575145721,268415,47,8,False,Left,Back,Centre,Left,62
<_io.BytesIO object at 0x00000178E5FA35E0>,0.619046151638031,0.1300915628671646,0.07201331853866577,268415,47,8,False,Left,Back,Centre,Left,62
<_io.BytesIO object at 0x00000178E5FA3720>,0.6303721070289612,0.09178532660007477,0.08213271200656891,268415,47,8,False,Left,Back,Centre,Left,62
<_io.BytesIO object at 0x00000178E3216180>,0.6093845963478088,0.08749544620513916,0.1461714506149292,268415,47,8,False,Left,Back,Centre,Left,62
<_io.BytesIO object at 0x00000178E32165E0>,0.5512833595275879,0.15259239077568054,0.12633273005485535,268415,47,8,False,Left,Back,Centre,Left,62
<_io.BytesIO object at 0x00000178E32166D0>,0.5830247402191162,0.1283731311559677,0.04338143393397331,268415,47,8,False,Left,Back,Centre,Left,62
<_io.BytesIO object at 0x00000178E5F773B0>,0.2211555391550064,-0.1557077318429947,-0.17989084124565125,268416,47,8,False,Left,Back,Centre,Left,62
<_io.BytesIO object at 0x00000178E5FEE680>,0.2565416395664215,-0.07778264582157135,-0.20963867008686066,268416,47,8,False,Left,Back,Centre,Left,62
<_io.BytesIO object at 0x00000178E5FEE2C0>,0.20256751775741577,-0.1657550036907196,-0.2685602903366089,268416,47,8,False,Left,Back,Centre,Left,62
<_io.BytesIO object at 0x00000178E5FEED10>,0.21712788939476013,-0.09143868088722229,-0.27055779099464417,268416,47,8,False,Left,Back,Centre,Left,62
<_io.BytesIO object at 0x00000178E5FEE220>,0.21586275100708008,-0.0804734006524086,-0.22404974699020386,268416,47,8,False,Left,Back,Centre,Left,62
<_io.BytesIO object at 0x00000178E5FEE5E0>,0.616395890712738,0.130038321018219,0.08023164421319962,268416,47,8,False,Left,Back,Centre,Left,62
<_io.BytesIO object at 0x00000178E31DE450>,0.6268205046653748,0.09117475897073746,0.08970459550619125,268416,47,8,False,Left,Back,Centre,Left,62
<_io.BytesIO object at 0x00000178E31DE040>,0.6059793829917908,0.08643946051597595,0.15403315424919128,268416,47,8,False,Left,Back,Centre,Left,62
<_io.BytesIO object at 0x00000178E31DE8B0>,0.5494322180747986,0.15330901741981506,0.13525165617465973,268416,47,8,False,Left,Back,Centre,Left,62
<_io.BytesIO object at 0x00000178E31DE860>,0.5800756216049194,0.12951739132404327,0.0518002025783062,268416,47,8,False,Left,Back,Centre,Left,62
<_io.BytesIO object at 0x00000178E5FCF630>,0.2234380841255188,-0.15632563829421997,-0.1815672665834427,268417,47,8,False,Left,Back,Centre,Left,62
<_io.BytesIO object at 0x00000178E5FCF6D0>,0.25815287232398987,-0.07785293459892273,-0.2110954374074936,268417,47,8,False,Left,Back,Centre,Left,62
<_io.BytesIO object at 0x00000178E5FCFF90>,0.20458395779132843,-0.16582122445106506,-0.2702714204788208,268417,47,8,False,Left,Back,Centre,Left,62
<_io.BytesIO object at 0x00000178E5FC25E0>,0.2186303585767746,-0.09145726263523102,-0.27184179425239563,268417,47,8,False,Left,Back,Centre,Left,62
<_io.BytesIO object at 0x00000178E5FC2540>,0.21738173067569733,-0.08055534958839417,-0.22533349692821503,268417,47,8,False,Left,Back,Centre,Left,62
<_io.BytesIO object at 0x00000178E5FC2680>,0.61375492811203,0.12980522215366364,0.08847451955080032,268417,47,8,False,Left,Back,Centre,Left,62
<_io.BytesIO object at 0x00000178E5FC2E50>,0.6233526468276978,0.09064669162034988,0.09730264544487,268417,47,8,False,Left,Back,Centre,Left,62
<_io.BytesIO object at 0x00000178E5FC2C20>,0.6006034016609192,0.0853322446346283,0.15458811819553375,268417,47,8,False,Left,Back,Centre,Left,62
<_io.BytesIO object at 0x00000178E31DE090>,0.5475672483444214,0.1538822203874588,0.14402009546756744,268417,47,8,False,Left,Back,Centre,Left,62
<_io.BytesIO object at 0x00000178E31DE5E0>,0.5772654414176941,0.13044117391109467,0.060132820159196854,268417,47,8,False,Left,Back,Centre,Left,62
<_io.BytesIO object at 0x00000178E5FEE130>,0.22570514678955078,-0.15686798095703125,-0.18317820131778717,268418,47,8,False,Left,Back,Centre,Left,62
<_io.BytesIO object at 0x00000178E5F77810>,0.25980743765830994,-0.07790584117174149,-0.21251481771469116,268418,47,8,False,Left,Back,Centre,Left,62
<_io.BytesIO object at 0x00000178E5F77AE0>,0.20603948831558228,-0.1655983328819275,-0.2719675898551941,268418,47,8,False,Left,Back,Centre,Left,62
<_io.BytesIO object at 0x00000178E5F77400>,0.21970489621162415,-0.09108324348926544,-0.2731819450855255,268418,47,8,False,Left,Back,Centre,Left,62
<_io.BytesIO object at 0x00000178E5F77A90>,0.2189924269914627,-0.08067581802606583,-0.22654980421066284,268418,47,8,False,Left,Back,Centre,Left,62
<_io.BytesIO object at 0x00000178E32162C0>,0.6111379265785217,0.12956389784812927,0.0966595783829689,268418,47,8,False,Left,Back,Centre,Left,62
<_io.BytesIO object at 0x00000178E3216590>,0.6204254627227783,0.0906016081571579,0.10465269535779953,268418,47,8,False,Left,Back,Centre,Left,62
<_io.BytesIO object at 0x00000178E3216720>,0.5978423357009888,0.08508025854825974,0.1618080586194992,268418,47,8,False,Left,Back,Centre,Left,62
<_io.BytesIO object at 0x00000178E3216400>,0.5454638004302979,0.1544012427330017,0.1527610868215561,268418,47,8,False,Left,Back,Centre,Left,62
<_io.BytesIO object at 0x00000178E3216F90>,0.5745037198066711,0.13111868500709534,0.06847118586301804,268418,47,8,False,Left,Back,Centre,Left,62
<_io.BytesIO object at 0x00000178E5FA3680>,0.22790561616420746,-0.1573328822851181,-0.18468447029590607,268419,47,8,False,Left,Back,Centre,Left,62
<_io.BytesIO object at 0x00000178E5FDE810>,0.26137760281562805,-0.07786273211240768,-0.21393509209156036,268419,47,8,False,Left,Back,Centre,Left,62
<_io.BytesIO object at 0x00000178E5FDE130>,0.20797181129455566,-0.16560578346252441,-0.27351492643356323,268419,47,8,False,Left,Back,Centre,Left,62
<_io.BytesIO object at 0x00000178E5FDE8B0>,0.22125734388828278,-0.09102129191160202,-0.27436840534210205,268419,47,8,False,Left,Back,Centre,Left,62
<_io.BytesIO object at 0x00000178E5FDE720>,0.2205132246017456,-0.08070175349712372,-0.22782596945762634,268419,47,8,False,Left,Back,Centre,Left,62
<_io.BytesIO object at 0x00000178E5FDE1D0>,0.6087673306465149,0.12929506599903107,0.10473855584859848,268419,47,8,False,Left,Back,Centre,Left,62
<_io.BytesIO object at 0x00000178E5FDE770>,0.6179887056350708,0.09083687514066696,0.11178861558437347,268419,47,8,False,Left,Back,Centre,Left,62
<_io.BytesIO object at 0x00000178E5FDD7C0>,0.5951806902885437,0.08474650233983994,0.1689842790365219,268419,47,8,False,Left,Back,Centre,Left,62
<_io.BytesIO object at 0x00000178E5FDD810>,0.5438250303268433,0.15419457852840424,0.16180145740509033,268419,47,8,False,Left,Back,Centre,Left,62
<_io.BytesIO object at 0x00000178E5FDDE50>,0.5719314217567444,0.1318032294511795,0.0767846554517746,268419,47,8,False,Left,Back,Centre,Left,62
<_io.BytesIO object at 0x00000178E5F76180>,0.23011459410190582,-0.157683327794075,-0.18616612255573273,268420,47,8,False,Left,Back,Centre,Left,62
<_io.BytesIO object at 0x00000178E5F76810>,0.26300472021102905,-0.07763778418302536,-0.2152359038591385,268420,47,8,False,Left,Back,Centre,Left,62
<_io.BytesIO object at 0x00000178E5FCA220>,0.20986559987068176,-0.16542725265026093,-0.27507269382476807,268420,47,8,False,Left,Back,Centre,Left,62
<_io.BytesIO object at 0x00000178E5FCAF90>,0.22265565395355225,-0.09076524525880814,-0.27566853165626526,268420,47,8,False,Left,Back,Centre,Left,62
<_io.BytesIO object at 0x00000178E5FCA450>,0.22209830582141876,-0.08054070174694061,-0.2289854884147644,268420,47,8,False,Left,Back,Centre,Left,62
<_io.BytesIO object at 0x00000178E5FCA680>,0.6062648892402649,0.12893006205558777,0.11282527446746826,268420,47,8,False,Left,Back,Centre,Left,62
<_io.BytesIO object at 0x00000178E5FCA590>,0.6159009337425232,0.09123565256595612,0.11866280436515808,268420,47,8,False,Left,Back,Centre,Left,62
<_io.BytesIO object at 0x00000178E5FCAC20>,0.5926035642623901,0.08431366086006165,0.17594079673290253,268420,47,8,False,Left,Back,Centre,Left,62
<_io.BytesIO object at 0x00000178E5F8BD60>,0.5420566201210022,0.15418504178524017,0.17070262134075165,268420,47,8,False,Left,Back,Centre,Left,62
<_io.BytesIO object at 0x00000178E5F8B590>,0.5693907141685486,0.13260304927825928,0.08503063023090363,268420,47,8,False,Left,Back,Centre,Left,62
<_io.BytesIO object at 0x00000178E3246130>,0.23223550617694855,-0.1579616218805313,-0.1875285804271698,268421,47,8,False,Left,Back,Centre,Left,62
<_io.BytesIO object at 0x00000178E5F8C9F0>,0.2645740211009979,-0.07750581204891205,-0.21650107204914093,268421,47,8,False,Left,Back,Centre,Left,62
<_io.BytesIO object at 0x00000178E5F8CCC0>,0.21172493696212769,-0.1652459353208542,-0.2765185236930847,268421,47,8,False,Left,Back,Centre,Left,62
<_io.BytesIO object at 0x00000178E5F8C6D0>,0.22416232526302338,-0.0904766395688057,-0.2767944931983948,268421,47,8,False,Left,Back,Centre,Left,62
<_io.BytesIO object at 0x00000178E5FC0270>,0.22364534437656403,-0.08036310225725174,-0.230107381939888,268421,47,8,False,Left,Back,Centre,Left,62
<_io.BytesIO object at 0x00000178E5FC0EF0>,0.6038983464241028,0.12854768335819244,0.12062708288431168,268421,47,8,False,Left,Back,Centre,Left,62
<_io.BytesIO object at 0x00000178E5FC08B0>,0.6139838695526123,0.09171538054943085,0.1252840906381607,268421,47,8,False,Left,Back,Centre,Left,62
<_io.BytesIO object at 0x00000178E5FC0220>,0.5900644063949585,0.08380153775215149,0.18255221843719482,268421,47,8,False,Left,Back,Centre,Left,62
<_io.BytesIO object at 0x00000178E5FC0BD0>,0.5404661297798157,0.15402008593082428,0.17955076694488525,268421,47,8,False,Left,Back,Centre,Left,62
<_io.BytesIO object at 0x00000178E5FC0680>,0.5670043230056763,0.13325290381908417,0.09319674968719482,268421,47,8,False,Left,Back,Centre,Left,62
<_io.BytesIO object at 0x00000178E5FF99A0>,0.23433738946914673,-0.15813983976840973,-0.18885765969753265,268422,47,8,False,Left,Back,Centre,Left,62
<_io.BytesIO object at 0x00000178E5FF9D60>,0.2661179304122925,-0.07728565484285355,-0.21777431666851044,268422,47,8,False,Left,Back,Centre,Left,62
<_io.BytesIO object at 0x00000178E32363B0>,0.21332001686096191,-0.164948970079422,-0.27793440222740173,268422,47,8,False,Left,Back,Centre,Left,62
<_io.BytesIO object at 0x00000178E3236C20>,0.22534120082855225,-0.09000202268362045,-0.27810245752334595,268422,47,8,False,Left,Back,Centre,Left,62
<_io.BytesIO object at 0x00000178E3236360>,0.22512809932231903,-0.08007627725601196,-0.23131461441516876,268422,47,8,False,Left,Back,Centre,Left,62
<_io.BytesIO object at 0x00000178E3236F40>,0.6016836762428284,0.1280115395784378,0.12846671044826508,268422,47,8,False,Left,Back,Centre,Left,62
<_io.BytesIO object at 0x00000178E32366D0>,0.612180769443512,0.09215012192726135,0.13167503476142883,268422,47,8,False,Left,Back,Centre,Left,62
<_io.BytesIO object at 0x00000178E3236720>,0.5875686407089233,0.08329644799232483,0.1887567937374115,268422,47,8,False,Left,Back,Centre,Left,62
<_io.BytesIO object at 0x00000178E5FCF6D0>,0.5391996502876282,0.15354891121387482,0.18854305148124695,268422,47,8,False,Left,Back,Centre,Left,62
<_io.BytesIO object at 0x00000178E5FCF8B0>,0.5646527409553528,0.13401125371456146,0.1013193428516388,268422,47,8,False,Left,Back,Centre,Left,62
<_io.BytesIO object at 0x00000178E3236C20>,0.23639224469661713,-0.15821219980716705,-0.19011329114437103,268423,47,8,False,Left,Back,Centre,Left,62
<_io.BytesIO object at 0x00000178E5FF9C20>,0.26759931445121765,-0.07680670917034149,-0.21895940601825714,268423,47,8,False,Left,Back,Centre,Left,62
<_io.BytesIO object at 0x00000178E5FF94A0>,0.21534983813762665,-0.1646725982427597,-0.27929288148880005,268423,47,8,False,Left,Back,Centre,Left,62
<_io.BytesIO object at 0x00000178E5FF9360>,0.22696980834007263,-0.089631587266922,-0.2791666090488434,268423,47,8,False,Left,Back,Centre,Left,62
<_io.BytesIO object at 0x00000178E5FF97C0>,0.22662481665611267,-0.0797233134508133,-0.23239082098007202,268423,47,8,False,Left,Back,Centre,Left,62
<_io.BytesIO object at 0x00000178E5FF9180>,0.5997301340103149,0.12720227241516113,0.13606716692447662,268423,47,8,False,Left,Back,Centre,Left,62
<_io.BytesIO object at 0x00000178DE5E5770>,0.61039799451828,0.09235140681266785,0.1378151923418045,268423,47,8,False,Left,Back,Centre,Left,62
<_io.BytesIO object at 0x00000178DE5E54A0>,0.5852750539779663,0.08272414654493332,0.1948612928390503,268423,47,8,False,Left,Back,Centre,Left,62
<_io.BytesIO object at 0x00000178E5FC0F40>,0.5369818806648254,0.1542596071958542,0.1964958906173706,268423,47,8,False,Left,Back,Centre,Left,62
<_io.BytesIO object at 0x00000178E5FC01D0>,0.5626369714736938,0.1347033530473709,0.10939379781484604,268423,47,8,False,Left,Back,Centre,Left,62
<_io.BytesIO object at 0x00000178E5F8CF90>,0.2383907437324524,-0.15818586945533752,-0.19130519032478333,268424,47,8,False,Left,Back,Centre,Left,62
<_io.BytesIO object at 0x00000178E3246590>,0.2691880464553833,-0.07637513428926468,-0.22014546394348145,268424,47,8,False,Left,Back,Centre,Left,62
<_io.BytesIO object at 0x00000178E3246950>,0.2167125940322876,-0.16409187018871307,-0.28055471181869507,268424,47,8,False,Left,Back,Centre,Left,62
<_io.BytesIO object at 0x00000178E3246C70>,0.2280622124671936,-0.08889418095350266,-0.28032535314559937,268424,47,8,False,Left,Back,Centre,Left,62
<_io.BytesIO object at 0x00000178E3246A40>,0.2281230241060257,-0.07939563691616058,-0.23344822227954865,268424,47,8,False,Left,Back,Centre,Left,62
<_io.BytesIO object at 0x00000178E3246B80>,0.5978220701217651,0.12626534700393677,0.1435772180557251,268424,47,8,False,Left,Back,Centre,Left,62
<_io.BytesIO object at 0x00000178E5F8BE00>,0.6084144115447998,0.09221404045820236,0.14380064606666565,268424,47,8,False,Left,Back,Centre,Left,62
<_io.BytesIO object at 0x00000178E5F8B680>,0.582772970199585,0.08200552314519882,0.20062801241874695,268424,47,8,False,Left,Back,Centre,Left,62
<_io.BytesIO object at 0x00000178E5F8B9A0>,0.5373520851135254,0.15302838385105133,0.20570479333400726,268424,47,8,False,Left,Back,Centre,Left,62
<_io.BytesIO object at 0x00000178E5F8BA40>,0.5606337189674377,0.13534440100193024,0.11744424700737,268424,47,8,False,Left,Back,Centre,Left,62
<_io.BytesIO object at 0x00000178E5FCA220>,0.24028544127941132,-0.15795670449733734,-0.19242040812969208,268425,47,8,False,Left,Back,Centre,Left,62
<_io.BytesIO object at 0x00000178E5FDDC70>,0.2706632912158966,-0.07579561322927475,-0.22129027545452118,268425,47,8,False,Left,Back,Centre,Left,62
<_io.BytesIO object at 0x00000178E5FDDE50>,0.21873687207698822,-0.1638089418411255,-0.28167375922203064,268425,47,8,False,Left,Back,Centre,Left,62
<_io.BytesIO object at 0x00000178E5FDD3B0>,0.22976534068584442,-0.08861355483531952,-0.2812498211860657,268425,47,8,False,Left,Back,Centre,Left,62
<_io.BytesIO object at 0x00000178E5FDD720>,0.2295801043510437,-0.07885777205228806,-0.23449887335300446,268425,47,8,False,Left,Back,Centre,Left,62
<_io.BytesIO object at 0x00000178E5FDE4A0>,0.5960080623626709,0.12523749470710754,0.1508621871471405,268425,47,8,False,Left,Back,Centre,Left,62
<_io.BytesIO object at 0x00000178E5FDEEF0>,0.6061317920684814,0.09163140505552292,0.14966268837451935,268425,47,8,False,Left,Back,Centre,Left,62
<_io.BytesIO object at 0x00000178E5FDEC70>,0.5869030952453613,0.07556532323360443,0.21676598489284515,268425,47,8,False,Left,Back,Centre,Left,62
<_io.BytesIO object at 0x00000178E5FDE400>,0.5369886755943298,0.15242712199687958,0.21428130567073822,268425,47,8,False,Left,Back,Centre,Left,62
<_io.BytesIO object at 0x00000178E5FDEC20>,0.558880627155304,0.13609403371810913,0.125343456864357,268425,47,8,False,Left,Back,Centre,Left,62
<_io.BytesIO object at 0x00000178E5FA33B0>,0.24208565056324005,-0.15758295357227325,-0.19351665675640106,268426,47,8,False,Left,Back,Centre,Left,62
<_io.BytesIO object at 0x00000178E3216DB0>,0.27201783657073975,-0.0751032680273056,-0.22226160764694214,268426,47,8,False,Left,Back,Centre,Left,62
<_io.BytesIO object at 0x00000178E3216220>,0.22046276926994324,-0.163202702999115,-0.28285539150238037,268426,47,8,False,Left,Back,Centre,Left,62
<_io.BytesIO object at 0x00000178E3216720>,0.23111382126808167,-0.08791337162256241,-0.28229787945747375,268426,47,8,False,Left,Back,Centre,Left,62
<_io.BytesIO object at 0x00000178E3216810>,0.23096899688243866,-0.07825560122728348,-0.23554255068302155,268426,47,8,False,Left,Back,Centre,Left,62
<_io.BytesIO object at 0x00000178E3216B30>,0.594718873500824,0.1240599974989891,0.15816260874271393,268426,47,8,False,Left,Back,Centre,Left,62
<_io.BytesIO object at 0x00000178E5F77DB0>,0.6035429239273071,0.09061327576637268,0.15564388036727905,268426,47,8,False,Left,Back,Centre,Left,62
<_io.BytesIO object at 0x00000178E5F77D60>,0.5843226313591003,0.07305669784545898,0.22298409044742584,268426,47,8,False,Left,Back,Centre,Left,62
<_io.BytesIO object at 0x00000178E5F77860>,0.5368317365646362,0.151630237698555,0.22277702391147614,268426,47,8,False,Left,Back,Centre,Left,62
<_io.BytesIO object at 0x00000178E5F77810>,0.5572947859764099,0.13664229214191437,0.13318504393100739,268426,47,8,False,Left,Back,Centre,Left,62
<_io.BytesIO object at 0x00000178E5FEE7C0>,0.24376878142356873,-0.15705706179141998,-0.1945466846227646,268427,47,8,False,Left,Back,Centre,Left,62
<_io.BytesIO object at 0x00000178E5F76360>,0.27342483401298523,-0.07439662516117096,-0.22329410910606384,268427,47,8,False,Left,Back,Centre,Left,62
<_io.BytesIO object at 0x00000178E5F762C0>,0.22740626335144043,-0.15909509360790253,-0.2854885756969452,268427,47,8,False,Left,Back,Centre,Left,62
<_io.BytesIO object at 0x00000178E5F76310>,0.2323986440896988,-0.08715798705816269,-0.2832981050014496,268427,47,8,False,Left,Back,Centre,Left,62
<_io.BytesIO object at 0x00000178E5F76A90>,0.23244524002075195,-0.07752831280231476,-0.236491397023201,268427,47,8,False,Left,Back,Centre,Left,62
<_io.BytesIO object at 0x00000178E5F764A0>,0.5926640033721924,0.12269506603479385,0.1649203896522522,268427,47,8,False,Left,Back,Centre,Left,62
<_io.BytesIO object at 0x00000178E31DE450>,0.600579559803009,0.08918344229459763,0.16173352301120758,268427,47,8,False,Left,Back,Centre,Left,62
<_io.BytesIO object at 0x00000178E31DECC0>,0.5814734101295471,0.0706876739859581,0.22883272171020508,268427,47,8,False,Left,Back,Centre,Left,62
<_io.BytesIO object at 0x00000178E31DE2C0>,0.5366069674491882,0.15070310235023499,0.23083889484405518,268427,47,8,False,Left,Back,Centre,Left,62
<_io.BytesIO object at 0x00000178E31DE860>,0.5555732846260071,0.1371006965637207,0.14065438508987427,268427,47,8,False,Left,Back,Centre,Left,62
<_io.BytesIO object at 0x00000178E5FCFF40>,0.24540670216083527,-0.15642140805721283,-0.19553834199905396,268428,47,8,False,Left,Back,Centre,Left,62
<_io.BytesIO object at 0x00000178E5FCF720>,0.2747918963432312,-0.0734541118144989,-0.22404415905475616,268428,47,8,False,Left,Back,Centre,Left,62
<_io.BytesIO object at 0x00000178E5F42130>,0.2291029542684555,-0.15876738727092743,-0.28642529249191284,268428,47,8,False,Left,Back,Centre,Left,62
<_io.BytesIO object at 0x00000178E5FCFF90>,0.23368598520755768,-0.08638191968202591,-0.2842680811882019,268428,47,8,False,Left,Back,Centre,Left,62
<_io.BytesIO object at 0x00000178E5FCFEF0>,0.23383402824401855,-0.07682149857282639,-0.23740622401237488,268428,47,8,False,Left,Back,Centre,Left,62
<_io.BytesIO object at 0x00000178E5FCF9A0>,0.5910411477088928,0.1214652955532074,0.17152230441570282,268428,47,8,False,Left,Back,Centre,Left,62
<_io.BytesIO object at 0x00000178E5FCFA40>,0.5973790287971497,0.08741232007741928,0.16805335879325867,268428,47,8,False,Left,Back,Centre,Left,62
<_io.BytesIO object at 0x00000178E5FCFD10>,0.5785800814628601,0.06835468113422394,0.2347676157951355,268428,47,8,False,Left,Back,Centre,Left,62
<_io.BytesIO object at 0x00000178E5FC2C70>,0.5364635586738586,0.14963211119174957,0.23866163194179535,268428,47,8,False,Left,Back,Centre,Left,62
<_io.BytesIO object at 0x00000178E5FC2180>,0.5543546080589294,0.13708741962909698,0.14801117777824402,268428,47,8,False,Left,Back,Centre,Left,62
<_io.BytesIO object at 0x00000178E31DECC0>,0.24696625769138336,-0.15567544102668762,-0.19643516838550568,268429,47,8,False,Left,Back,Centre,Left,62
<_io.BytesIO object at 0x00000178E5F769F0>,0.2759711444377899,-0.0724051222205162,-0.22483587265014648,268429,47,8,False,Left,Back,Centre,Left,62
<_io.BytesIO object at 0x00000178E5F765E0>,0.2308233082294464,-0.15847179293632507,-0.2872753143310547,268429,47,8,False,Left,Back,Centre,Left,62
<_io.BytesIO object at 0x00000178E5F76630>,0.2351214736700058,-0.08561041206121445,-0.28514131903648376,268429,47,8,False,Left,Back,Centre,Left,62
<_io.BytesIO object at 0x00000178E5F76770>,0.23513543605804443,-0.07601221650838852,-0.23837710916996002,268429,47,8,False,Left,Back,Centre,Left,62
<_io.BytesIO object at 0x00000178E5F76900>,0.5897848010063171,0.12020953744649887,0.17802926898002625,268429,47,8,False,Left,Back,Centre,Left,62
<_io.BytesIO object at 0x00000178E5FEEEF0>,0.5941872000694275,0.0852544903755188,0.1745631992816925,268429,47,8,False,Left,Back,Centre,Left,62
<_io.BytesIO object at 0x00000178E5FEE220>,0.576002299785614,0.0663537010550499,0.24069412052631378,268429,47,8,False,Left,Back,Centre,Left,62
<_io.BytesIO object at 0x00000178E5FEE3B0>,0.5361480116844177,0.14852860569953918,0.24608606100082397,268429,47,8,False,Left,Back,Centre,Left,62
<_io.BytesIO object at 0x00000178E5FEE680>,0.5529614686965942,0.13695254921913147,0.1549820452928543,268429,47,8,False,Left,Back,Centre,Left,62
<_io.BytesIO object at 0x00000178E5F77130>,0.24845772981643677,-0.15482576191425323,-0.19728977978229523,268430,47,8,False,Left,Back,Centre,Left,62
<_io.BytesIO object at 0x00000178E3216900>,0.2777724266052246,-0.07206679880619049,-0.2265154868364334,268430,47,8,False,Left,Back,Centre,Left,62
<_io.BytesIO object at 0x00000178E3216A40>,0.23252306878566742,-0.1581968069076538,-0.2880550026893616,268430,47,8,False,Left,Back,Centre,Left,62
<_io.BytesIO object at 0x00000178E32169F0>,0.23633354902267456,-0.08471080660820007,-0.28603169322013855,268430,47,8,False,Left,Back,Centre,Left,62
<_io.BytesIO object at 0x00000178E3216B80>,0.23642106354236603,-0.0751817524433136,-0.23933292925357819,268430,47,8,False,Left,Back,Centre,Left,62
<_io.BytesIO object at 0x00000178E5FA35E0>,0.5886293053627014,0.11919468641281128,0.18417370319366455,268430,47,8,False,Left,Back,Centre,Left,62
<_io.BytesIO object at 0x00000178E5FA39F0>,0.5910686254501343,0.08291266858577728,0.18103276193141937,268430,47,8,False,Left,Back,Centre,Left,62
<_io.BytesIO object at 0x00000178E5FA39A0>,0.5737537145614624,0.06463493406772614,0.2466375082731247,268430,47,8,False,Left,Back,Centre,Left,62
<_io.BytesIO object at 0x00000178E5FA37C0>,0.5357424020767212,0.14745095372200012,0.2530495226383209,268430,47,8,False,Left,Back,Centre,Left,62
<_io.BytesIO object at 0x00000178E5FA36D0>,0.5518338084220886,0.13663341104984283,0.16190190613269806,268430,47,8,False,Left,Back,Centre,Left,62
<_io.BytesIO object at 0x00000178E5FDEE50>,0.24989137053489685,-0.1539067029953003,-0.19812394678592682,268431,47,8,False,Left,Back,Centre,Left,62
<_io.BytesIO object at 0x00000178E5FDDD10>,0.2790837287902832,-0.07113508135080338,-0.2274460345506668,268431,47,8,False,Left,Back,Centre,Left,62
<_io.BytesIO object at 0x00000178E5FDDCC0>,0.23418211936950684,-0.15784843266010284,-0.2887948453426361,268431,47,8,False,Left,Back,Centre,Left,62
<_io.BytesIO object at 0x00000178E5FDDEF0>,0.2375674694776535,-0.08390484005212784,-0.28695717453956604,268431,47,8,False,Left,Back,Centre,Left,62
<_io.BytesIO object at 0x00000178E5FDD450>,0.23779626190662384,-0.07424154877662659,-0.24016110599040985,268431,47,8,False,Left,Back,Centre,Left,62
<_io.BytesIO object at 0x00000178E5FDDE00>,0.5874202251434326,0.11792367696762085,0.19022251665592194,268431,47,8,False,Left,Back,Centre,Left,62
<_io.BytesIO object at 0x00000178E5FDD5E0>,0.588138997554779,0.08068572729825974,0.18745273351669312,268431,47,8,False,Left,Back,Centre,Left,62
<_io.BytesIO object at 0x00000178E5FCA450>,0.571654736995697,0.06312092393636703,0.25267720222473145,268431,47,8,False,Left,Back,Centre,Left,62
<_io.BytesIO object at 0x00000178E5FCA180>,0.5356636643409729,0.14645129442214966,0.2597239315509796,268431,47,8,False,Left,Back,Centre,Left,62
<_io.BytesIO object at 0x00000178E5FCAB80>,0.5507200956344604,0.13612100481987,0.16840539872646332,268431,47,8,False,Left,Back,Centre,Left,62
<_io.BytesIO object at 0x00000178E5F8B540>,0.25127992033958435,-0.1529303789138794,-0.19889523088932037,268432,47,8,False,Left,Back,Centre,Left,62
<_io.BytesIO object at 0x00000178E3246EA0>,0.2802731692790985,-0.07013248652219772,-0.22837024927139282,268432,47,8,False,Left,Back,Centre,Left,62
<_io.BytesIO object at 0x00000178E32464F0>,0.2357722967863083,-0.1574261635541916,-0.28951016068458557,268432,47,8,False,Left,Back,Centre,Left,62
<_io.BytesIO object at 0x00000178E3246810>,0.2387617975473404,-0.08297134190797806,-0.28781938552856445,268432,47,8,False,Left,Back,Centre,Left,62
<_io.BytesIO object at 0x00000178E5F8C040>,0.23897415399551392,-0.07335696369409561,-0.2409600168466568,268432,47,8,False,Left,Back,Centre,Left,62
<_io.BytesIO object at 0x00000178E5F8C5E0>,0.5865551233291626,0.1167420744895935,0.19595491886138916,268432,47,8,False,Left,Back,Centre,Left,62
<_io.BytesIO object at 0x00000178E5F8C090>,0.5855540037155151,0.07843520492315292,0.19351893663406372,268432,47,8,False,Left,Back,Centre,Left,62
<_io.BytesIO object at 0x00000178E5F8C9F0>,0.5693838000297546,0.06162715703248978,0.25841420888900757,268432,47,8,False,Left,Back,Centre,Left,62
<_io.BytesIO object at 0x00000178E5F8C9A0>,0.5354632139205933,0.14542162418365479,0.26600006222724915,268432,47,8,False,Left,Back,Centre,Left,62
<_io.BytesIO object at 0x00000178E5F8CA90>,0.5497350096702576,0.13566221296787262,0.17433977127075195,268432,47,8,False,Left,Back,Centre,Left,62
<_io.BytesIO object at 0x00000178E5FC0D10>,0.2526118755340576,-0.15194059908390045,-0.19962438941001892,268433,47,8,False,Left,Back,Centre,Left,62
<_io.BytesIO object at 0x00000178E5FF9180>,0.28140485286712646,-0.06916354596614838,-0.2292299121618271,268433,47,8,False,Left,Back,Centre,Left,62
<_io.BytesIO object at 0x00000178E5FF94A0>,0.23727008700370789,-0.15693171322345734,-0.29018324613571167,268433,47,8,False,Left,Back,Centre,Left,62
<_io.BytesIO object at 0x00000178E5FF9270>,0.2395467460155487,-0.08189814537763596,-0.28871387243270874,268433,47,8,False,Left,Back,Centre,Left,62
<_io.BytesIO object at 0x00000178E5FF98B0>,0.24010765552520752,-0.07236219942569733,-0.24181175231933594,268433,47,8,False,Left,Back,Centre,Left,62
<_io.BytesIO object at 0x00000178E5FF9EA0>,0.5854650139808655,0.11520730704069138,0.20140977203845978,268433,47,8,False,Left,Back,Centre,Left,62
<_io.BytesIO object at 0x00000178E5FF99A0>,0.5832906365394592,0.0763096958398819,0.19927026331424713,268433,47,8,False,Left,Back,Centre,Left,62
<_io.BytesIO object at 0x00000178E3236A40>,0.5674329996109009,0.060109227895736694,0.26412004232406616,268433,47,8,False,Left,Back,Centre,Left,62
<_io.BytesIO object at 0x00000178E3236270>,0.5354991555213928,0.1444859802722931,0.2719007134437561,268433,47,8,False,Left,Back,Centre,Left,62
<_io.BytesIO object at 0x00000178E3236770>,0.5488623380661011,0.13483689725399017,0.18058240413665771,268433,47,8,False,Left,Back,Centre,Left,62
<_io.BytesIO object at 0x00000178E3236590>,0.25390011072158813,-0.1509474813938141,-0.200309619307518,268434,47,8,False,Left,Back,Centre,Left,62
<_io.BytesIO object at 0x00000178E5FF98B0>,0.2824973464012146,-0.06812042742967606,-0.230096697807312,268434,47,8,False,Left,Back,Centre,Left,62
<_io.BytesIO object at 0x00000178E5FF9CC0>,0.2386590838432312,-0.15633714199066162,-0.29082992672920227,268434,47,8,False,Left,Back,Centre,Left,62
<_io.BytesIO object at 0x00000178E5FF9C70>,0.24082507193088531,-0.08099418133497238,-0.2894250750541687,268434,47,8,False,Left,Back,Centre,Left,62
<_io.BytesIO object at 0x00000178E5FF9A90>,0.24119839072227478,-0.07123720645904541,-0.2426370084285736,268434,47,8,False,Left,Back,Centre,Left,62
<_io.BytesIO object at 0x00000178DE5E5720>,0.585157573223114,0.1143164187669754,0.2066754549741745,268434,47,8,False,Left,Back,Centre,Left,62
<_io.BytesIO object at 0x00000178DE5E51D0>,0.5811550617218018,0.07438746094703674,0.2045906037092209,268434,47,8,False,Left,Back,Centre,Left,62
<_io.BytesIO object at 0x00000178DE5E5810>,0.5659913420677185,0.058739375323057175,0.2694533169269562,268434,47,8,False,Left,Back,Centre,Left,62
<_io.BytesIO object at 0x00000178E5FC0090>,0.5361103415489197,0.14354516565799713,0.27712011337280273,268434,47,8,False,Left,Back,Centre,Left,62
<_io.BytesIO object at 0x00000178E5FC02C0>,0.54819655418396,0.1340855211019516,0.18633143603801727,268434,47,8,False,Left,Back,Centre,Left,62
<_io.BytesIO object at 0x00000178E5F8C5E0>,0.2551555335521698,-0.14993134140968323,-0.20096825063228607,268435,47,8,False,Left,Back,Centre,Left,62
<_io.BytesIO object at 0x00000178E3246130>,0.2835574448108673,-0.06695664674043655,-0.23090043663978577,268435,47,8,False,Left,Back,Centre,Left,62
<_io.BytesIO object at 0x00000178E3246900>,0.2398798018693924,-0.15557943284511566,-0.29148492217063904,268435,47,8,False,Left,Back,Centre,Left,62
<_io.BytesIO object at 0x00000178E3246AE0>,0.24172165989875793,-0.07998742908239365,-0.29021313786506653,268435,47,8,False,Left,Back,Centre,Left,62
<_io.BytesIO object at 0x00000178E3246B80>,0.24212123453617096,-0.0702798068523407,-0.24341948330402374,268435,47,8,False,Left,Back,Centre,Left,62
<_io.BytesIO object at 0x00000178E3246EF0>,0.5845106244087219,0.11295325309038162,0.21168074011802673,268435,47,8,False,Left,Back,Centre,Left,62
<_io.BytesIO object at 0x00000178E5F8BE00>,0.5777368545532227,0.070519357919693,0.21058747172355652,268435,47,8,False,Left,Back,Centre,Left,62
<_io.BytesIO object at 0x00000178E5F8B950>,0.5626529455184937,0.057045791298151016,0.2750365138053894,268435,47,8,False,Left,Back,Centre,Left,62
<_io.BytesIO object at 0x00000178E5F8BB30>,0.5367919206619263,0.14290104806423187,0.2824566960334778,268435,47,8,False,Left,Back,Centre,Left,62
<_io.BytesIO object at 0x00000178E5F8BDB0>,0.5476353168487549,0.13328155875205994,0.19180446863174438,268435,47,8,False,Left,Back,Centre,Left,62
<_io.BytesIO object at 0x00000178E5FDD040>,0.25631263852119446,-0.14892125129699707,-0.20158398151397705,268436,47,8,False,Left,Back,Centre,Left,62
<_io.BytesIO object at 0x00000178E5FDD9F0>,0.28449177742004395,-0.06581887602806091,-0.23170775175094604,268436,47,8,False,Left,Back,Centre,Left,62
<_io.BytesIO object at 0x00000178E5FDD900>,0.2409752458333969,-0.1547011286020279,-0.2920873463153839,268436,47,8,False,Left,Back,Centre,Left,62
<_io.BytesIO object at 0x00000178E5FDDB30>,0.24278970062732697,-0.07900678366422653,-0.29094254970550537,268436,47,8,False,Left,Back,Centre,Left,62
<_io.BytesIO object at 0x00000178E5FDE180>,0.24305304884910583,-0.06915972381830215,-0.24421879649162292,268436,47,8,False,Left,Back,Centre,Left,62
<_io.BytesIO object at 0x00000178E5FDE630>,0.5836818814277649,0.11116825044155121,0.21623477339744568,268436,47,8,False,Left,Back,Centre,Left,62
<_io.BytesIO object at 0x00000178E5FDE1D0>,0.5746378898620605,0.06799892336130142,0.21593137085437775,268436,47,8,False,Left,Back,Centre,Left,62
<_io.BytesIO object at 0x00000178E5FDE400>,0.5601866841316223,0.05565007030963898,0.2798060178756714,268436,47,8,False,Left,Back,Centre,Left,62
<_io.BytesIO object at 0x00000178E5FDE0E0>,0.5378559231758118,0.14212770760059357,0.28714483976364136,268436,47,8,False,Left,Back,Centre,Left,62
<_io.BytesIO object at 0x00000178E5FDE900>,0.5471221804618835,0.1324457824230194,0.1969105750322342,268436,47,8,False,Left,Back,Centre,Left,62
<_io.BytesIO object at 0x00000178E5FA3A40>,0.2573712170124054,-0.14792118966579437,-0.20218892395496368,268437,47,8,False,Left,Back,Centre,Left,62
<_io.BytesIO object at 0x00000178E3216C70>,0.2853091061115265,-0.06466109305620193,-0.23251989483833313,268437,47,8,False,Left,Back,Centre,Left,62
<_io.BytesIO object at 0x00000178E3216450>,0.2419484555721283,-0.15376238524913788,-0.29270222783088684,268437,47,8,False,Left,Back,Centre,Left,62
<_io.BytesIO object at 0x00000178E3216270>,0.24355748295783997,-0.07789427787065506,-0.29167070984840393,268437,47,8,False,Left,Back,Centre,Left,62
<_io.BytesIO object at 0x00000178E3216130>,0.24387578666210175,-0.06801154464483261,-0.24497899413108826,268437,47,8,False,Left,Back,Centre,Left,62
<_io.BytesIO object at 0x00000178E3216680>,0.5826376080513,0.10928129404783249,0.2208378165960312,268437,47,8,False,Left,Back,Centre,Left,62
<_io.BytesIO object at 0x00000178E5F770E0>,0.5725460052490234,0.06579693406820297,0.22066621482372284,268437,47,8,False,Left,Back,Centre,Left,62
<_io.BytesIO object at 0x00000178E5F77EA0>,0.5586287379264832,0.05448722839355469,0.28462377190589905,268437,47,8,False,Left,Back,Centre,Left,62
<_io.BytesIO object at 0x00000178E5F77D60>,0.5390486717224121,0.14161808788776398,0.29162126779556274,268437,47,8,False,Left,Back,Centre,Left,62
<_io.BytesIO object at 0x00000178E5F77E50>,0.5465661287307739,0.13161997497081757,0.20160309970378876,268437,47,8,False,Left,Back,Centre,Left,62
<_io.BytesIO object at 0x00000178E5FEEBD0>,0.25830063223838806,-0.14694322645664215,-0.20278285443782806,268438,47,8,False,Left,Back,Centre,Left,62
<_io.BytesIO object at 0x00000178E5F76B30>,0.28599199652671814,-0.06344965100288391,-0.23326100409030914,268438,47,8,False,Left,Back,Centre,Left,62
<_io.BytesIO object at 0x00000178E5F76E50>,0.24279604852199554,-0.15278954803943634,-0.29330897331237793,268438,47,8,False,Left,Back,Centre,Left,62
<_io.BytesIO object at 0x00000178E5F76C70>,0.24436922371387482,-0.07694248110055923,-0.2924344539642334,268438,47,8,False,Left,Back,Centre,Left,62
<_io.BytesIO object at 0x00000178E5F76DB0>,0.24466347694396973,-0.06695577502250671,-0.2457825392484665,268438,47,8,False,Left,Back,Centre,Left,62
<_io.BytesIO object at 0x00000178E5F76BD0>,0.5815433859825134,0.10739223659038544,0.22522608935832977,268438,47,8,False,Left,Back,Centre,Left,62
<_io.BytesIO object at 0x00000178E31DEF40>,0.571304202079773,0.0641239657998085,0.22483178973197937,268438,47,8,False,Left,Back,Centre,Left,62
<_io.BytesIO object at 0x00000178E31DE270>,0.5576438307762146,0.05351431667804718,0.28914082050323486,268438,47,8,False,Left,Back,Centre,Left,62
<_io.BytesIO object at 0x00000178E31DE040>,0.5403081774711609,0.14106039702892303,0.2954939305782318,268438,47,8,False,Left,Back,Centre,Left,62
<_io.BytesIO object at 0x00000178E31DEEA0>,0.5463004112243652,0.13064751029014587,0.20625433325767517,268438,47,8,False,Left,Back,Centre,Left,62
<_io.BytesIO object at 0x00000178E5FCFDB0>,0.25909727811813354,-0.14596936106681824,-0.20331701636314392,268439,47,8,False,Left,Back,Centre,Left,62
<_io.BytesIO object at 0x00000178E5FCFB80>,0.28675946593284607,-0.062431223690509796,-0.23404276371002197,268439,47,8,False,Left,Back,Centre,Left,62
<_io.BytesIO object at 0x00000178E5FCF450>,0.24356859922409058,-0.15177927911281586,-0.2939327657222748,268439,47,8,False,Left,Back,Centre,Left,62
<_io.BytesIO object at 0x00000178E5F423B0>,0.2450139969587326,-0.07588175684213638,-0.2932739853858948,268439,47,8,False,Left,Back,Centre,Left,62
<_io.BytesIO object at 0x00000178E5F42590>,0.2453615516424179,-0.06578895449638367,-0.24654634296894073,268439,47,8,False,Left,Back,Centre,Left,62
<_io.BytesIO object at 0x00000178E5F76AE0>,0.5807148814201355,0.10557687282562256,0.22961346805095673,268439,47,8,False,Left,Back,Centre,Left,62
<_io.BytesIO object at 0x00000178E5F76DB0>,0.5706935524940491,0.06291835755109787,0.22859637439250946,268439,47,8,False,Left,Back,Centre,Left,62
<_io.BytesIO object at 0x00000178E5F76310>,0.5579593777656555,0.0529409721493721,0.2941071093082428,268439,47,8,False,Left,Back,Centre,Left,62
<_io.BytesIO object at 0x00000178E5F769F0>,0.5416142344474792,0.14074602723121643,0.2993415892124176,268439,47,8,False,Left,Back,Centre,Left,62
<_io.BytesIO object at 0x00000178E5F76040>,0.5452638864517212,0.12922100722789764,0.2107853889465332,268439,47,8,False,Left,Back,Centre,Left,62
<_io.BytesIO object at 0x00000178E3216EF0>,0.25973162055015564,-0.14499014616012573,-0.20388555526733398,268440,47,8,False,Left,Back,Centre,Left,62
<_io.BytesIO object at 0x00000178E3216400>,0.28739112615585327,-0.06137395277619362,-0.2347920686006546,268440,47,8,False,Left,Back,Centre,Left,62
<_io.BytesIO object at 0x00000178E32164F0>,0.2442176192998886,-0.15071074664592743,-0.294527143239975,268440,47,8,False,Left,Back,Centre,Left,62
<_io.BytesIO object at 0x00000178E3216CC0>,0.24568212032318115,-0.07479911297559738,-0.2940863370895386,268440,47,8,False,Left,Back,Centre,Left,62
<_io.BytesIO object at 0x00000178E5FA33B0>,0.24603912234306335,-0.0648118332028389,-0.2474091500043869,268440,47,8,False,Left,Back,Centre,Left,62
<_io.BytesIO object at 0x00000178E5FA37C0>,0.5800079703330994,0.10378463566303253,0.23354114592075348,268440,47,8,False,Left,Back,Centre,Left,62
<_io.BytesIO object at 0x00000178E5FA3CC0>,0.5734779238700867,0.06427089124917984,0.23038749396800995,268440,47,8,False,Left,Back,Centre,Left,62
<_io.BytesIO object at 0x00000178E5FA3E00>,0.561152994632721,0.052462585270404816,0.29744279384613037,268440,47,8,False,Left,Back,Centre,Left,62
<_io.BytesIO object at 0x00000178E5FA3040>,0.5428234338760376,0.14033837616443634,0.30267903208732605,268440,47,8,False,Left,Back,Centre,Left,62
<_io.BytesIO object at 0x00000178E5FA31D0>,0.5449599623680115,0.12830248475074768,0.21483062207698822,268440,47,8,False,Left,Back,Centre,Left,62
<_io.BytesIO object at 0x00000178E5FDECC0>,0.26025211811065674,-0.1439526081085205,-0.20446889102458954,268441,47,8,False,Left,Back,Centre,Left,62
<_io.BytesIO object at 0x00000178E5FCA180>,0.2879079580307007,-0.06002281233668327,-0.2356778383255005,268441,47,8,False,Left,Back,Centre,Left,62
<_io.BytesIO object at 0x00000178E5FCA400>,0.244743213057518,-0.14962831139564514,-0.29518136382102966,268441,47,8,False,Left,Back,Centre,Left,62
<_io.BytesIO object at 0x00000178E5FCAD10>,0.24645797908306122,-0.07400107383728027,-0.2948862612247467,268441,47,8,False,Left,Back,Centre,Left,62
<_io.BytesIO object at 0x00000178E5FCA3B0>,0.24656902253627777,-0.06367523223161697,-0.24809585511684418,268441,47,8,False,Left,Back,Centre,Left,62
<_io.BytesIO object at 0x00000178E32469F0>,0.5795997381210327,0.10259237140417099,0.23703181743621826,268441,47,8,False,Left,Back,Centre,Left,62
<_io.BytesIO object at 0x00000178E3246B80>,0.5733960866928101,0.06367701292037964,0.23344174027442932,268441,47,8,False,Left,Back,Centre,Left,62
<_io.BytesIO object at 0x00000178E3246180>,0.5620911121368408,0.05185409262776375,0.30088040232658386,268441,47,8,False,Left,Back,Centre,Left,62
<_io.BytesIO object at 0x00000178E3246EA0>,0.5439209938049316,0.13986623287200928,0.305816650390625,268441,47,8,False,Left,Back,Centre,Left,62
<_io.BytesIO object at 0x00000178E3246720>,0.544969916343689,0.12730351090431213,0.2187214493751526,268441,47,8,False,Left,Back,Centre,Left,62
<_io.BytesIO object at 0x00000178E5FC0770>,0.2605716586112976,-0.1429281234741211,-0.20504890382289886,268442,47,8,False,Left,Back,Centre,Left,62
<_io.BytesIO object at 0x00000178E5FC0DB0>,0.28839921951293945,-0.0591818206012249,-0.23632945120334625,268442,47,8,False,Left,Back,Centre,Left,62
<_io.BytesIO object at 0x00000178E5FC0860>,0.24515148997306824,-0.1485808789730072,-0.2958531677722931,268442,47,8,False,Left,Back,Centre,Left,62
<_io.BytesIO object at 0x00000178DE5E58B0>,0.24716700613498688,-0.0731741413474083,-0.29568392038345337,268442,47,8,False,Left,Back,Centre,Left,62
<_io.BytesIO object at 0x00000178DE5E5540>,0.24712680280208588,-0.06280429661273956,-0.2490302324295044,268442,47,8,False,Left,Back,Centre,Left,62
<_io.BytesIO object at 0x00000178DE5E5400>,0.5798341631889343,0.10161977261304855,0.24019299447536469,268442,47,8,False,Left,Back,Centre,Left,62
<_io.BytesIO object at 0x00000178E5FF9DB0>,0.5731107592582703,0.06262166798114777,0.23659220337867737,268442,47,8,False,Left,Back,Centre,Left,62
<_io.BytesIO object at 0x00000178E5FF9130>,0.5625507235527039,0.051211170852184296,0.304393470287323,268442,47,8,False,Left,Back,Centre,Left,62
<_io.BytesIO object at 0x00000178E5FF94F0>,0.544843852519989,0.13943593204021454,0.308881551027298,268442,47,8,False,Left,Back,Centre,Left,62
<_io.BytesIO object at 0x00000178E5FF9040>,0.5448326468467712,0.126362144947052,0.2223421335220337,268442,47,8,False,Left,Back,Centre,Left,62
<_io.BytesIO object at 0x00000178E5FDD630>,0.2607625126838684,-0.14188134670257568,-0.2056875228881836,268443,47,8,False,Left,Back,Centre,Left,62
<_io.BytesIO object at 0x00000178E5FDDC20>,0.288829505443573,-0.05848567560315132,-0.23690937459468842,268443,47,8,False,Left,Back,Centre,Left,62
<_io.BytesIO object at 0x00000178E5F8BD60>,0.2455611675977707,-0.14750118553638458,-0.29648566246032715,268443,47,8,False,Left,Back,Centre,Left,62
<_io.BytesIO object at 0x00000178E5F8BD10>,0.2477155178785324,-0.07224200665950775,-0.2965039014816284,268443,47,8,False,Left,Back,Centre,Left,62
<_io.BytesIO object at 0x00000178E5F8B6D0>,0.24753917753696442,-0.06184674799442291,-0.24984519183635712,268443,47,8,False,Left,Back,Centre,Left,62
<_io.BytesIO object at 0x00000178E5F8BB80>,0.5803731679916382,0.10081364214420319,0.24293099343776703,268443,47,8,False,Left,Back,Centre,Left,62
<_io.BytesIO object at 0x00000178E3236F90>,0.5732597708702087,0.06197424978017807,0.23932021856307983,268443,47,8,False,Left,Back,Centre,Left,62
<_io.BytesIO object at 0x00000178E3236DB0>,0.563552737236023,0.050571508705616,0.3075851798057556,268443,47,8,False,Left,Back,Centre,Left,62
<_io.BytesIO object at 0x00000178E3236900>,0.5456930994987488,0.13888901472091675,0.31187567114830017,268443,47,8,False,Left,Back,Centre,Left,62
<_io.BytesIO object at 0x00000178E32364F0>,0.5447208881378174,0.12535561621189117,0.2256648987531662,268443,47,8,False,Left,Back,Centre,Left,62
<_io.BytesIO object at 0x00000178E5F772C0>,0.2608228325843811,-0.1408119797706604,-0.20630836486816406,268444,47,8,False,Left,Back,Centre,Left,62
<_io.BytesIO object at 0x00000178E5FC23B0>,0.2892150580883026,-0.05773294344544411,-0.23757876455783844,268444,47,8,False,Left,Back,Centre,Left,62
<_io.BytesIO object at 0x00000178E5FC2E50>,0.24586254358291626,-0.14653262495994568,-0.2971665859222412,268444,47,8,False,Left,Back,Centre,Left,62
<_io.BytesIO object at 0x00000178E5FC24A0>,0.2480764389038086,-0.07137119770050049,-0.2973766326904297,268444,47,8,False,Left,Back,Centre,Left,62
<_io.BytesIO object at 0x00000178E5FC29A0>,0.24794046580791473,-0.0609770305454731,-0.25066888332366943,268444,47,8,False,Left,Back,Centre,Left,62
<_io.BytesIO object at 0x00000178E5FC2090>,0.5810457468032837,0.10006804764270782,0.2452491670846939,268444,47,8,False,Left,Back,Centre,Left,62
<_io.BytesIO object at 0x00000178E5FCF590>,0.5732111930847168,0.06106423959136009,0.24188683927059174,268444,47,8,False,Left,Back,Centre,Left,62
<_io.BytesIO object at 0x00000178E5FCF8B0>,0.5644838809967041,0.04975897818803787,0.31042158603668213,268444,47,8,False,Left,Back,Centre,Left,62
<_io.BytesIO object at 0x00000178E5FCF9A0>,0.5465084314346313,0.1381497085094452,0.3147457540035248,268444,47,8,False,Left,Back,Centre,Left,62
<_io.BytesIO object at 0x00000178E5FCF270>,0.5446818470954895,0.12428829073905945,0.22881847620010376,268444,47,8,False,Left,Back,Centre,Left,62
<_io.BytesIO object at 0x00000178E5FCF6D0>,0.26078251004219055,-0.1397472321987152,-0.20699237287044525,268445,47,8,False,Left,Back,Centre,Left,62
<_io.BytesIO object at 0x00000178E5FC2F40>,0.2894173264503479,-0.05688164010643959,-0.23828622698783875,268445,47,8,False,Left,Back,Centre,Left,62
<_io.BytesIO object at 0x00000178E5FC2680>,0.24614806473255157,-0.1456097513437271,-0.29784202575683594,268445,47,8,False,Left,Back,Centre,Left,62
<_io.BytesIO object at 0x00000178E5FC2220>,0.2488315999507904,-0.07077595591545105,-0.2981119155883789,268445,47,8,False,Left,Back,Centre,Left,62
<_io.BytesIO object at 0x00000178E5FC2C70>,0.2483627200126648,-0.060154106467962265,-0.25159507989883423,268445,47,8,False,Left,Back,Centre,Left,62
<_io.BytesIO object at 0x00000178E5F77C70>,0.581742525100708,0.09939732402563095,0.2474084049463272,268445,47,8,False,Left,Back,Centre,Left,62
<_io.BytesIO object at 0x00000178E5F77770>,0.5729997158050537,0.05997295677661896,0.24422062933444977,268445,47,8,False,Left,Back,Centre,Left,62
<_io.BytesIO object at 0x00000178E5F77E50>,0.5650977492332458,0.048747967928647995,0.3128085434436798,268445,47,8,False,Left,Back,Centre,Left,62
<_io.BytesIO object at 0x00000178E5F77360>,0.5472731590270996,0.13729868829250336,0.3175126910209656,268445,47,8,False,Left,Back,Centre,Left,62
<_io.BytesIO object at 0x00000178E5F77810>,0.5447345972061157,0.12324786931276321,0.2318209707736969,268445,47,8,False,Left,Back,Centre,Left,62
<_io.BytesIO object at 0x00000178E3236810>,0.2606225907802582,-0.13871929049491882,-0.20770640671253204,268446,47,8,False,Left,Back,Centre,Left,62
<_io.BytesIO object at 0x00000178E5F8B720>,0.2896804213523865,-0.05615207180380821,-0.2389252483844757,268446,47,8,False,Left,Back,Centre,Left,62
<_io.BytesIO object at 0x00000178E5F8B540>,0.24636059999465942,-0.1448109745979309,-0.29860419034957886,268446,47,8,False,Left,Back,Centre,Left,62
<_io.BytesIO object at 0x00000178E5FDD630>,0.2490636706352234,-0.07000569254159927,-0.2989714443683624,268446,47,8,False,Left,Back,Centre,Left,62
<_io.BytesIO object at 0x00000178E5FDDF40>,0.24861228466033936,-0.05943969637155533,-0.25232166051864624,268446,47,8,False,Left,Back,Centre,Left,62
<_io.BytesIO object at 0x00000178E5FDDEA0>,0.582472026348114,0.09871213138103485,0.24930858612060547,268446,47,8,False,Left,Back,Centre,Left,62
<_io.BytesIO object at 0x00000178E5FDDF90>,0.5729068517684937,0.05890359356999397,0.24645386636257172,268446,47,8,False,Left,Back,Centre,Left,62
<_io.BytesIO object at 0x00000178E5FDD360>,0.5657383799552917,0.04779558628797531,0.3150244951248169,268446,47,8,False,Left,Back,Centre,Left,62
<_io.BytesIO object at 0x00000178E5FDD400>,0.54791659116745,0.13637253642082214,0.31997260451316833,268446,47,8,False,Left,Back,Centre,Left,62
<_io.BytesIO object at 0x00000178E5FDDB30>,0.5446820855140686,0.12231362611055374,0.23452061414718628,268446,47,8,False,Left,Back,Centre,Left,62
<_io.BytesIO object at 0x00000178E5FF9860>,0.2603650391101837,-0.13774460554122925,-0.2084142118692398,268447,47,8,False,Left,Back,Centre,Left,62
<_io.BytesIO object at 0x00000178DE5E5810>,0.2898266017436981,-0.05545875057578087,-0.23962853848934174,268447,47,8,False,Left,Back,Centre,Left,62
<_io.BytesIO object at 0x00000178E5FC02C0>,0.24660564959049225,-0.1440160572528839,-0.29926127195358276,268447,47,8,False,Left,Back,Centre,Left,62
<_io.BytesIO object at 0x00000178E5FC04A0>,0.24947413802146912,-0.06930676102638245,-0.2997180223464966,268447,47,8,False,Left,Back,Centre,Left,62
<_io.BytesIO object at 0x00000178E5FC0950>,0.24877792596817017,-0.058778587728738785,-0.25307270884513855,268447,47,8,False,Left,Back,Centre,Left,62
<_io.BytesIO object at 0x00000178E5FC0810>,0.5832672715187073,0.0979890376329422,0.25127798318862915,268447,47,8,False,Left,Back,Centre,Left,62
<_io.BytesIO object at 0x00000178E5FC0270>,0.5728082060813904,0.05805957689881325,0.2485523819923401,268447,47,8,False,Left,Back,Centre,Left,62
<_io.BytesIO object at 0x00000178E5F8CC70>,0.5662778615951538,0.04679393768310547,0.31714844703674316,268447,47,8,False,Left,Back,Centre,Left,62
<_io.BytesIO object at 0x00000178E5F8C400>,0.5486586093902588,0.13544023036956787,0.3225110173225403,268447,47,8,False,Left,Back,Centre,Left,62
<_io.BytesIO object at 0x00000178E5F8C540>,0.5448881983757019,0.12136871367692947,0.23731252551078796,268447,47,8,False,Left,Back,Centre,Left,62
<_io.BytesIO object at 0x00000178E3246EF0>,0.26002636551856995,-0.13684962689876556,-0.20919983088970184,268448,47,8,False,Left,Back,Centre,Left,62
<_io.BytesIO object at 0x00000178E5FCA360>,0.28987622261047363,-0.054826218634843826,-0.2402907907962799,268448,47,8,False,Left,Back,Centre,Left,62
<_io.BytesIO object at 0x00000178E5FCA090>,0.24674394726753235,-0.14334307610988617,-0.30002561211586,268448,47,8,False,Left,Back,Centre,Left,62
<_io.BytesIO object at 0x00000178E5FCA5E0>,0.2498021274805069,-0.06866022944450378,-0.30048519372940063,268448,47,8,False,Left,Back,Centre,Left,62
<_io.BytesIO object at 0x00000178E5FCA860>,0.24889054894447327,-0.05818643793463707,-0.25388360023498535,268448,47,8,False,Left,Back,Centre,Left,62
<_io.BytesIO object at 0x00000178E5FDECC0>,0.5839627981185913,0.09720854461193085,0.253223717212677,268448,47,8,False,Left,Back,Centre,Left,62
<_io.BytesIO object at 0x00000178E5FDE180>,0.5728684663772583,0.057241346687078476,0.25050950050354004,268448,47,8,False,Left,Back,Centre,Left,62
<_io.BytesIO object at 0x00000178E5FDE770>,0.5667517781257629,0.04576735198497772,0.3191434144973755,268448,47,8,False,Left,Back,Centre,Left,62
<_io.BytesIO object at 0x00000178E5FDE1D0>,0.5494184494018555,0.13450659811496735,0.3249720633029938,268448,47,8,False,Left,Back,Centre,Left,62
<_io.BytesIO object at 0x00000178E5FDED10>,0.5452888011932373,0.12052181363105774,0.23988677561283112,268448,47,8,False,Left,Back,Centre,Left,62
<_io.BytesIO object at 0x00000178E5FA37C0>,0.2596471905708313,-0.13600346446037292,-0.2099548876285553,268449,47,8,False,Left,Back,Centre,Left,62
<_io.BytesIO object at 0x00000178E3216E50>,0.28994041681289673,-0.05431324616074562,-0.240915909409523,268449,47,8,False,Left,Back,Centre,Left,62
<_io.BytesIO object at 0x00000178E3216EA0>,0.24683856964111328,-0.14272674918174744,-0.3008256256580353,268449,47,8,False,Left,Back,Centre,Left,62
<_io.BytesIO object at 0x00000178E32167C0>,0.24984364211559296,-0.06804168224334717,-0.30133122205734253,268449,47,8,False,Left,Back,Centre,Left,62
<_io.BytesIO object at 0x00000178E3216F90>,0.24898776412010193,-0.05762689933180809,-0.25468119978904724,268449,47,8,False,Left,Back,Centre,Left,62
<_io.BytesIO object at 0x00000178E32162C0>,0.5815010070800781,0.09354972094297409,0.25705641508102417,268449,47,8,False,Left,Back,Centre,Left,62
<_io.BytesIO object at 0x00000178E3216D10>,0.5730253458023071,0.0564841702580452,0.2523092031478882,268449,47,8,False,Left,Back,Centre,Left,62
<_io.BytesIO object at 0x00000178E5FEE270>,0.5655850172042847,0.0443294495344162,0.3217976987361908,268449,47,8,False,Left,Back,Centre,Left,62
<_io.BytesIO object at 0x00000178E5FEEC20>,0.5500609874725342,0.13359959423542023,0.32717734575271606,268449,47,8,False,Left,Back,Centre,Left,62
<_io.BytesIO object at 0x00000178E5FEEE50>,0.5458078980445862,0.11984392255544662,0.2423357516527176,268449,47,8,False,Left,Back,Centre,Left,62
<_io.BytesIO object at 0x00000178E5F76E50>,0.2592039704322815,-0.13526634871959686,-0.21080897748470306,268450,47,8,False,Left,Back,Centre,Left,62
<_io.BytesIO object at 0x00000178E5F76AE0>,0.28990867733955383,-0.05384967103600502,-0.2415526658296585,268450,47,8,False,Left,Back,Centre,Left,62
<_io.BytesIO object at 0x00000178E31DE3B0>,0.24686665832996368,-0.1421729028224945,-0.3016723692417145,268450,47,8,False,Left,Back,Centre,Left,62
<_io.BytesIO object at 0x00000178E31DE680>,0.24997134506702423,-0.0674339085817337,-0.3021751940250397,268450,47,8,False,Left,Back,Centre,Left,62
<_io.BytesIO object at 0x00000178E31DE040>,0.24897348880767822,-0.0570572093129158,-0.2555408179759979,268450,47,8,False,Left,Back,Centre,Left,62
<_io.BytesIO object at 0x00000178E5F769A0>,0.5823429822921753,0.09294716268777847,0.25883325934410095,268450,47,8,False,Left,Back,Centre,Left,62
<_io.BytesIO object at 0x00000178E5F764A0>,0.5729594230651855,0.05557209253311157,0.25418323278427124,268450,47,8,False,Left,Back,Centre,Left,62
<_io.BytesIO object at 0x00000178E5F76310>,0.5653747320175171,0.043022215366363525,0.3236117959022522,268450,47,8,False,Left,Back,Centre,Left,62
<_io.BytesIO object at 0x00000178E5F76950>,0.5508940815925598,0.13247720897197723,0.32956555485725403,268450,47,8,False,Left,Back,Centre,Left,62
<_io.BytesIO object at 0x00000178E5F76360>,0.5465777516365051,0.11926180869340897,0.24470724165439606,268450,47,8,False,Left,Back,Centre,Left,62
<_io.BytesIO object at 0x00000178E3216D60>,0.25870686769485474,-0.13461485505104065,-0.21164286136627197,268451,47,8,False,Left,Back,Centre,Left,62
<_io.BytesIO object at 0x00000178E32167C0>,0.2897989749908447,-0.05345199257135391,-0.24213778972625732,268451,47,8,False,Left,Back,Centre,Left,62
<_io.BytesIO object at 0x00000178E32161D0>,0.24687902629375458,-0.14162209630012512,-0.3024977743625641,268451,47,8,False,Left,Back,Centre,Left,62
<_io.BytesIO object at 0x00000178E32169F0>,0.2504490315914154,-0.06716429442167282,-0.30284246802330017,268451,47,8,False,Left,Back,Centre,Left,62
<_io.BytesIO object at 0x00000178E5FA3C20>,0.2489774525165558,-0.05663396790623665,-0.25627386569976807,268451,47,8,False,Left,Back,Centre,Left,62
<_io.BytesIO object at 0x00000178E5FA32C0>,0.5835371017456055,0.09277307987213135,0.2600274384021759,268451,47,8,False,Left,Back,Centre,Left,62
<_io.BytesIO object at 0x00000178E5FA3CC0>,0.57274329662323,0.05459941551089287,0.25602877140045166,268451,47,8,False,Left,Back,Centre,Left,62
<_io.BytesIO object at 0x00000178E5FA35E0>,0.5653768181800842,0.041894033551216125,0.3250117301940918,268451,47,8,False,Left,Back,Centre,Left,62
<_io.BytesIO object at 0x00000178E5FA30E0>,0.5515798926353455,0.13139291107654572,0.3318847417831421,268451,47,8,False,Left,Back,Centre,Left,62
<_io.BytesIO object at 0x00000178E5FA3C70>,0.547269344329834,0.11876960098743439,0.24681627750396729,268451,47,8,False,Left,Back,Centre,Left,62
<_io.BytesIO object at 0x00000178E5FDE2C0>,0.2582055926322937,-0.13404075801372528,-0.21250616014003754,268452,47,8,False,Left,Back,Centre,Left,62
<_io.BytesIO object at 0x00000178E5FCA450>,0.28972646594047546,-0.05319898948073387,-0.2427828162908554,268452,47,8,False,Left,Back,Centre,Left,62
<_io.BytesIO object at 0x00000178E5FCA810>,0.24681909382343292,-0.14112849533557892,-0.303345650434494,268452,47,8,False,Left,Back,Centre,Left,62
<_io.BytesIO object at 0x00000178E5FCA770>,0.2504653334617615,-0.06664624810218811,-0.30365678668022156,268452,47,8,False,Left,Back,Centre,Left,62
<_io.BytesIO object at 0x00000178E5FCAEA0>,0.2489413022994995,-0.05618125572800636,-0.2570204734802246,268452,47,8,False,Left,Back,Centre,Left,62
<_io.BytesIO object at 0x00000178E3246CC0>,0.5850449204444885,0.09208507835865021,0.26117971539497375,268452,47,8,False,Left,Back,Centre,Left,62
<_io.BytesIO object at 0x00000178E3246090>,0.5724511742591858,0.05371612310409546,0.2576916217803955,268452,47,8,False,Left,Back,Centre,Left,62
<_io.BytesIO object at 0x00000178E32465E0>,0.5651865005493164,0.040601033717393875,0.3261600434780121,268452,47,8,False,Left,Back,Centre,Left,62
<_io.BytesIO object at 0x00000178E32467C0>,0.5525066256523132,0.13021208345890045,0.33440759778022766,268452,47,8,False,Left,Back,Centre,Left,62
<_io.BytesIO object at 0x00000178E3246DB0>,0.5482563376426697,0.11835740506649017,0.24892939627170563,268452,47,8,False,Left,Back,Centre,Left,62
<_io.BytesIO object at 0x00000178E5FC03B0>,0.25655850768089294,-0.13280093669891357,-0.2135559618473053,268453,47,8,False,Left,Back,Centre,Left,62
<_io.BytesIO object at 0x00000178E5FC04A0>,0.28954240679740906,-0.05286749452352524,-0.24340644478797913,268453,47,8,False,Left,Back,Centre,Left,62
<_io.BytesIO object at 0x00000178E5FC0860>,0.24672432243824005,-0.1406589299440384,-0.30428454279899597,268453,47,8,False,Left,Back,Centre,Left,62
<_io.BytesIO object at 0x00000178DE5E5630>,0.2505153715610504,-0.06625907123088837,-0.3044435679912567,268453,47,8,False,Left,Back,Centre,Left,62
<_io.BytesIO object at 0x00000178DE5E5720>,0.24881555140018463,-0.055910538882017136,-0.25794219970703125,268453,47,8,False,Left,Back,Centre,Left,62
<_io.BytesIO object at 0x00000178E5FF9EF0>,0.5860574841499329,0.091563880443573,0.26227837800979614,268453,47,8,False,Left,Back,Centre,Left,62
<_io.BytesIO object at 0x00000178E5FF92C0>,0.5721325278282166,0.052910175174474716,0.259002685546875,268453,47,8,False,Left,Back,Centre,Left,62
<_io.BytesIO object at 0x00000178E5FF9CC0>,0.5652527213096619,0.03924650698900223,0.3271139860153198,268453,47,8,False,Left,Back,Centre,Left,62
<_io.BytesIO object at 0x00000178E5FF9B30>,0.5536408424377441,0.12892313301563263,0.3368615210056305,268453,47,8,False,Left,Back,Centre,Left,62
<_io.BytesIO object at 0x00000178E5FF9040>,0.5490957498550415,0.1180320605635643,0.25076204538345337,268453,47,8,False,Left,Back,Centre,Left,62
<_io.BytesIO object at 0x00000178E5FDD6D0>,0.25842875242233276,-0.13519598543643951,-0.21391503512859344,268454,47,8,False,Left,Back,Centre,Left,62
<_io.BytesIO object at 0x00000178E5FDDD60>,0.2893255949020386,-0.05267978087067604,-0.2440592646598816,268454,47,8,False,Left,Back,Centre,Left,62
<_io.BytesIO object at 0x00000178E5F8BB30>,0.24654918909072876,-0.14015784859657288,-0.3052434027194977,268454,47,8,False,Left,Back,Centre,Left,62
<_io.BytesIO object at 0x00000178E5F8B950>,0.25065189599990845,-0.06593482196331024,-0.3052179515361786,268454,47,8,False,Left,Back,Centre,Left,62
<_io.BytesIO object at 0x00000178E5F8BB80>,0.24871209263801575,-0.055591337382793427,-0.25864654779434204,268454,47,8,False,Left,Back,Centre,Left,62
<_io.BytesIO object at 0x00000178E3236810>,0.5868945121765137,0.09066138416528702,0.2632737457752228,268454,47,8,False,Left,Back,Centre,Left,62
<_io.BytesIO object at 0x00000178E3236D10>,0.571874737739563,0.052338726818561554,0.26026076078414917,268454,47,8,False,Left,Back,Centre,Left,62
<_io.BytesIO object at 0x00000178E3236B30>,0.5649418234825134,0.037868499755859375,0.32796725630760193,268454,47,8,False,Left,Back,Centre,Left,62
<_io.BytesIO object at 0x00000178E3236680>,0.5548977851867676,0.1275659203529358,0.33915942907333374,268454,47,8,False,Left,Back,Centre,Left,62
<_io.BytesIO object at 0x00000178E3236220>,0.5501940846443176,0.11790596693754196,0.252551794052124,268454,47,8,False,Left,Back,Centre,Left,62
<_io.BytesIO object at 0x00000178E5F77C70>,0.25801417231559753,-0.13531924784183502,-0.21481429040431976,268455,47,8,False,Left,Back,Centre,Left,62
<_io.BytesIO object at 0x00000178E5FC2B30>,0.28911659121513367,-0.05253037065267563,-0.2446473091840744,268455,47,8,False,Left,Back,Centre,Left,62
<_io.BytesIO object at 0x00000178E5FC2810>,0.2464412897825241,-0.13981397449970245,-0.306181401014328,268455,47,8,False,Left,Back,Centre,Left,62
<_io.BytesIO object at 0x00000178E5FC2590>,0.250278502702713,-0.06536529958248138,-0.3061927556991577,268455,47,8,False,Left,Back,Centre,Left,62
<_io.BytesIO object at 0x00000178E5FC29A0>,0.2484676092863083,-0.055369555950164795,-0.25948312878608704,268455,47,8,False,Left,Back,Centre,Left,62
<_io.BytesIO object at 0x00000178E5FCF6D0>,0.5873252153396606,0.0897529125213623,0.26434430480003357,268455,47,8,False,Left,Back,Centre,Left,62
<_io.BytesIO object at 0x00000178E5FCFB80>,0.571578860282898,0.051838550716638565,0.2611730992794037,268455,47,8,False,Left,Back,Centre,Left,62
<_io.BytesIO object at 0x00000178E5FCF8B0>,0.564216673374176,0.03674222156405449,0.3287138342857361,268455,47,8,False,Left,Back,Centre,Left,62
<_io.BytesIO object at 0x00000178E5FCF5E0>,0.5555849671363831,0.12677651643753052,0.34105920791625977,268455,47,8,False,Left,Back,Centre,Left,62
<_io.BytesIO object at 0x00000178E5FCF1D0>,0.5511958003044128,0.11778993159532547,0.25415104627609253,268455,47,8,False,Left,Back,Centre,Left,62
<_io.BytesIO object at 0x00000178E5FCFB80>,0.25769999623298645,-0.13549460470676422,-0.21566826105117798,268456,47,8,False,Left,Back,Centre,Left,62
<_io.BytesIO object at 0x00000178E5FC2310>,0.2888585329055786,-0.052388690412044525,-0.24524611234664917,268456,47,8,False,Left,Back,Centre,Left,62
<_io.BytesIO object at 0x00000178E5FC2B30>,0.24632617831230164,-0.1395321488380432,-0.3071245849132538,268456,47,8,False,Left,Back,Centre,Left,62
<_io.BytesIO object at 0x00000178E5FC2C70>,0.250294029712677,-0.06502316147089005,-0.30690422654151917,268456,47,8,False,Left,Back,Centre,Left,62
<_io.BytesIO object at 0x00000178E5FC2E00>,0.24829670786857605,-0.055074542760849,-0.2601948082447052,268456,47,8,False,Left,Back,Centre,Left,62
<_io.BytesIO object at 0x00000178E5F77B80>,0.5873768925666809,0.08883635699748993,0.2653842568397522,268456,47,8,False,Left,Back,Centre,Left,62
<_io.BytesIO object at 0x00000178E5F779A0>,0.5713990330696106,0.051473505795001984,0.2622167766094208,268456,47,8,False,Left,Back,Centre,Left,62
<_io.BytesIO object at 0x00000178E5F777C0>,0.563329815864563,0.03525733947753906,0.32908913493156433,268456,47,8,False,Left,Back,Centre,Left,62
<_io.BytesIO object at 0x00000178E5F776D0>,0.5564162135124207,0.12478248029947281,0.3429813086986542,268456,47,8,False,Left,Back,Centre,Left,62
<_io.BytesIO object at 0x00000178E5F77810>,0.5522435307502747,0.11788557469844818,0.2553549110889435,268456,47,8,False,Left,Back,Centre,Left,62
<_io.BytesIO object at 0x00000178E32364A0>,0.2570466995239258,-0.13538935780525208,-0.21658754348754883,268457,47,8,False,Left,Back,Centre,Left,62
<_io.BytesIO object at 0x00000178E5F8B950>,0.28861182928085327,-0.05236297845840454,-0.2458224594593048,268457,47,8,False,Left,Back,Centre,Left,62
<_io.BytesIO object at 0x00000178E5F8B590>,0.24617987871170044,-0.1393054574728012,-0.30809250473976135,268457,47,8,False,Left,Back,Centre,Left,62
<_io.BytesIO object at 0x00000178E5FDD6D0>,0.2504129111766815,-0.06486672908067703,-0.3075472414493561,268457,47,8,False,Left,Back,Centre,Left,62
<_io.BytesIO object at 0x00000178E5FDD630>,0.24807117879390717,-0.054889265447854996,-0.2609303891658783,268457,47,8,False,Left,Back,Centre,Left,62
<_io.BytesIO object at 0x00000178E5FDD090>,0.5874838829040527,0.0876895934343338,0.2665760815143585,268457,47,8,False,Left,Back,Centre,Left,62
<_io.BytesIO object at 0x00000178E5FDDBD0>,0.5711281299591064,0.051134806126356125,0.2629990577697754,268457,47,8,False,Left,Back,Centre,Left,62
<_io.BytesIO object at 0x00000178E5FDDAE0>,0.5635149478912354,0.03510577976703644,0.3302404582500458,268457,47,8,False,Left,Back,Centre,Left,62
<_io.BytesIO object at 0x00000178E5FDD900>,0.55940842628479,0.1250612437725067,0.34383782744407654,268457,47,8,False,Left,Back,Centre,Left,62
<_io.BytesIO object at 0x00000178E5FDD810>,0.5533657670021057,0.11797422170639038,0.25648394227027893,268457,47,8,False,Left,Back,Centre,Left,62
<_io.BytesIO object at 0x00000178E5FF9130>,0.2565738558769226,-0.13538360595703125,-0.2175256311893463,268458,47,8,False,Left,Back,Centre,Left,62
<_io.BytesIO object at 0x00000178DE5E56D0>,0.28824910521507263,-0.0522945299744606,-0.24641351401805878,268458,47,8,False,Left,Back,Centre,Left,62
<_io.BytesIO object at 0x00000178E5FC0EA0>,0.2459803968667984,-0.13913306593894958,-0.30908238887786865,268458,47,8,False,Left,Back,Centre,Left,62
<_io.BytesIO object at 0x00000178E5FC0E50>,0.2502383589744568,-0.06456222385168076,-0.3083372712135315,268458,47,8,False,Left,Back,Centre,Left,62
<_io.BytesIO object at 0x00000178E5FC0950>,0.2477726936340332,-0.05475655943155289,-0.26170557737350464,268458,47,8,False,Left,Back,Centre,Left,62
<_io.BytesIO object at 0x00000178E5FC0130>,0.5876874327659607,0.08648310601711273,0.2677578330039978,268458,47,8,False,Left,Back,Centre,Left,62
<_io.BytesIO object at 0x00000178E5FC05E0>,0.5709261298179626,0.05071138218045235,0.2638142704963684,268458,47,8,False,Left,Back,Centre,Left,62
<_io.BytesIO object at 0x00000178E5F8CAE0>,0.5634721517562866,0.03523194044828415,0.3315889239311218,268458,47,8,False,Left,Back,Centre,Left,62
<_io.BytesIO object at 0x00000178E5F8C7C0>,0.5621599555015564,0.1253039389848709,0.34451088309288025,268458,47,8,False,Left,Back,Centre,Left,62
<_io.BytesIO object at 0x00000178E5F8CEA0>,0.5547463297843933,0.11811241507530212,0.25757306814193726,268458,47,8,False,Left,Back,Centre,Left,62
<_io.BytesIO object at 0x00000178E3246B80>,0.25596949458122253,-0.13532403111457825,-0.21842771768569946,268459,47,8,False,Left,Back,Centre,Left,62
<_io.BytesIO object at 0x00000178E5FCA770>,0.28791338205337524,-0.052280548959970474,-0.24696466326713562,268459,47,8,False,Left,Back,Centre,Left,62
<_io.BytesIO object at 0x00000178E5FCA090>,0.24577844142913818,-0.13896183669567108,-0.31006553769111633,268459,47,8,False,Left,Back,Centre,Left,62
<_io.BytesIO object at 0x00000178E5FCA590>,0.2497636377811432,-0.0641411691904068,-0.3091109097003937,268459,47,8,False,Left,Back,Centre,Left,62
<_io.BytesIO object at 0x00000178E5FCAB80>,0.24753029644489288,-0.05468561872839928,-0.26234105229377747,268459,47,8,False,Left,Back,Centre,Left,62
<_io.BytesIO object at 0x00000178E5FDE9F0>,0.5879746675491333,0.08540622889995575,0.2687503397464752,268459,47,8,False,Left,Back,Centre,Left,62
<_io.BytesIO object at 0x00000178E5FDE7C0>,0.5707533359527588,0.05029139667749405,0.26496580243110657,268459,47,8,False,Left,Back,Centre,Left,62
<_io.BytesIO object at 0x00000178E5FDE900>,0.563095211982727,0.03538545221090317,0.33292222023010254,268459,47,8,False,Left,Back,Centre,Left,62
<_io.BytesIO object at 0x00000178E5FDE1D0>,0.5645503997802734,0.12549473345279694,0.3452223837375641,268459,47,8,False,Left,Back,Centre,Left,62
<_io.BytesIO object at 0x00000178E5FDED10>,0.5562800765037537,0.11821898072957993,0.25845447182655334,268459,47,8,False,Left,Back,Centre,Left,62
<_io.BytesIO object at 0x00000178E5FA3D60>,0.25544944405555725,-0.13551723957061768,-0.21938259899616241,268460,47,8,False,Left,Back,Centre,Left,62
<_io.BytesIO object at 0x00000178E3216EF0>,0.28755390644073486,-0.052305642515420914,-0.24743878841400146,268460,47,8,False,Left,Back,Centre,Left,62
<_io.BytesIO object at 0x00000178E3216180>,0.24556124210357666,-0.13875609636306763,-0.31097128987312317,268460,47,8,False,Left,Back,Centre,Left,62
<_io.BytesIO object at 0x00000178E3216310>,0.2496417611837387,-0.06388784945011139,-0.30983439087867737,268460,47,8,False,Left,Back,Centre,Left,62
<_io.BytesIO object at 0x00000178E3216F90>,0.24722231924533844,-0.05462475121021271,-0.26308417320251465,268460,47,8,False,Left,Back,Centre,Left,62
<_io.BytesIO object at 0x00000178E3216AE0>,0.5883815288543701,0.08442596346139908,0.26952794194221497,268460,47,8,False,Left,Back,Centre,Left,62
<_io.BytesIO object at 0x00000178E3216540>,0.5704414248466492,0.049672264605760574,0.2659055292606354,268460,47,8,False,Left,Back,Centre,Left,62
<_io.BytesIO object at 0x00000178E5FEEA90>,0.5625256299972534,0.03543993830680847,0.3339812159538269,268460,47,8,False,Left,Back,Centre,Left,62
<_io.BytesIO object at 0x00000178E5FEE4A0>,0.5666496157646179,0.12559930980205536,0.34594354033470154,268460,47,8,False,Left,Back,Centre,Left,62
<_io.BytesIO object at 0x00000178E5FEE4F0>,0.5578242540359497,0.11840687692165375,0.2592276632785797,268460,47,8,False,Left,Back,Centre,Left,62
<_io.BytesIO object at 0x00000178E5F76310>,0.2549591362476349,-0.13580934703350067,-0.22021178901195526,268461,47,8,False,Left,Back,Centre,Left,62
<_io.BytesIO object at 0x00000178E31DE680>,0.2872014045715332,-0.05237551033496857,-0.24793928861618042,268461,47,8,False,Left,Back,Centre,Left,62
<_io.BytesIO object at 0x00000178E31DE7C0>,0.24527522921562195,-0.1385742425918579,-0.31189292669296265,268461,47,8,False,Left,Back,Centre,Left,62
<_io.BytesIO object at 0x00000178E31DE590>,0.24946224689483643,-0.06367301940917969,-0.31042107939720154,268461,47,8,False,Left,Back,Centre,Left,62
<_io.BytesIO object at 0x00000178E31DE180>,0.24689602851867676,-0.054554831236600876,-0.2636476159095764,268461,47,8,False,Left,Back,Centre,Left,62
<_io.BytesIO object at 0x00000178E5F76680>,0.5889129638671875,0.08367317169904709,0.27035465836524963,268461,47,8,False,Left,Back,Centre,Left,62
<_io.BytesIO object at 0x00000178E5F76CC0>,0.5701678395271301,0.04899816960096359,0.2670445144176483,268461,47,8,False,Left,Back,Centre,Left,62
<_io.BytesIO object at 0x00000178E5F76220>,0.5621254444122314,0.03561829403042793,0.3350560963153839,268461,47,8,False,Left,Back,Centre,Left,62
<_io.BytesIO object at 0x00000178E5F76590>,0.568856418132782,0.12558938562870026,0.34653380513191223,268461,47,8,False,Left,Back,Centre,Left,62
<_io.BytesIO object at 0x00000178E5F76400>,0.5593906044960022,0.11860661208629608,0.25993216037750244,268461,47,8,False,Left,Back,Centre,Left,62
<_io.BytesIO object at 0x00000178E3216AE0>,0.25426197052001953,-0.13573941588401794,-0.22109048068523407,268462,47,8,False,Left,Back,Centre,Left,62
<_io.BytesIO object at 0x00000178E3216270>,0.2868494987487793,-0.052450694143772125,-0.24840621650218964,268462,47,8,False,Left,Back,Centre,Left,62
<_io.BytesIO object at 0x00000178E3216C70>,0.2449386864900589,-0.13839943706989288,-0.3128109276294708,268462,47,8,False,Left,Back,Centre,Left,62
<_io.BytesIO object at 0x00000178E5FA35E0>,0.24914245307445526,-0.06332332640886307,-0.3110681474208832,268462,47,8,False,Left,Back,Centre,Left,62
<_io.BytesIO object at 0x00000178E5FA3950>,0.2465691715478897,-0.05446662753820419,-0.2642901837825775,268462,47,8,False,Left,Back,Centre,Left,62
<_io.BytesIO object at 0x00000178E5FA32C0>,0.5894327163696289,0.08292993158102036,0.27080461382865906,268462,47,8,False,Left,Back,Centre,Left,62
<_io.BytesIO object at 0x00000178E5FA3CC0>,0.569725513458252,0.04829517751932144,0.26790866255760193,268462,47,8,False,Left,Back,Centre,Left,62
<_io.BytesIO object at 0x00000178E5FA3770>,0.5617792010307312,0.035686857998371124,0.3359099328517914,268462,47,8,False,Left,Back,Centre,Left,62
<_io.BytesIO object at 0x00000178E5FA3900>,0.571182370185852,0.12556785345077515,0.34719768166542053,268462,47,8,False,Left,Back,Centre,Left,62
<_io.BytesIO object at 0x00000178E5FA3220>,0.560988187789917,0.11872179806232452,0.260545939207077,268462,47,8,False,Left,Back,Centre,Left,62
<_io.BytesIO object at 0x00000178E5FDE540>,0.25379401445388794,-0.1357807219028473,-0.22190064191818237,268463,47,8,False,Left,Back,Centre,Left,62
<_io.BytesIO object at 0x00000178E5FCA9A0>,0.2864797115325928,-0.052518270909786224,-0.24883997440338135,268463,47,8,False,Left,Back,Centre,Left,62
<_io.BytesIO object at 0x00000178E5FCAD60>,0.24462568759918213,-0.13814467191696167,-0.313624769449234,268463,47,8,False,Left,Back,Centre,Left,62
<_io.BytesIO object at 0x00000178E5FCA720>,0.24892622232437134,-0.06328794360160828,-0.31159982085227966,268463,47,8,False,Left,Back,Centre,Left,62
<_io.BytesIO object at 0x00000178E3246B80>,0.24626992642879486,-0.054423000663518906,-0.2647317349910736,268463,47,8,False,Left,Back,Centre,Left,62
<_io.BytesIO object at 0x00000178E3246A40>,0.5901806354522705,0.08224528282880783,0.2713857591152191,268463,47,8,False,Left,Back,Centre,Left,62
<_io.BytesIO object at 0x00000178E3246EA0>,0.5694543719291687,0.047612544149160385,0.26887014508247375,268463,47,8,False,Left,Back,Centre,Left,62
<_io.BytesIO object at 0x00000178E32462C0>,0.5618274211883545,0.035965003073215485,0.33696138858795166,268463,47,8,False,Left,Back,Centre,Left,62
<_io.BytesIO object at 0x00000178E3246270>,0.5737111568450928,0.1254504919052124,0.34756094217300415,268463,47,8,False,Left,Back,Centre,Left,62
<_io.BytesIO object at 0x00000178E3246E50>,0.5624593496322632,0.11888473480939865,0.26103952527046204,268463,47,8,False,Left,Back,Centre,Left,62
<_io.BytesIO object at 0x00000178E5FC0130>,0.25268176198005676,-0.13528431951999664,-0.22235898673534393,268464,47,8,False,Left,Back,Centre,Left,62
<_io.BytesIO object at 0x00000178E5FC0A40>,0.28613728284835815,-0.05257232487201691,-0.24921873211860657,268464,47,8,False,Left,Back,Centre,Left,62
<_io.BytesIO object at 0x00000178E5FC0680>,0.24424396455287933,-0.13791732490062714,-0.31441712379455566,268464,47,8,False,Left,Back,Centre,Left,62
<_io.BytesIO object at 0x00000178DE5E5540>,0.2486695796251297,-0.06303004920482635,-0.312166303396225,268464,47,8,False,Left,Back,Centre,Left,62
<_io.BytesIO object at 0x00000178DE5E54A0>,0.2459460347890854,-0.05443553254008293,-0.2652018964290619,268464,47,8,False,Left,Back,Centre,Left,62
<_io.BytesIO object at 0x00000178E5FF9450>,0.5908687114715576,0.08162210136651993,0.27175405621528625,268464,47,8,False,Left,Back,Centre,Left,62
<_io.BytesIO object at 0x00000178E5FF94F0>,0.5691816210746765,0.046978436410427094,0.26960283517837524,268464,47,8,False,Left,Back,Centre,Left,62
<_io.BytesIO object at 0x00000178E5FF9D10>,0.5618882179260254,0.03624687343835831,0.33783647418022156,268464,47,8,False,Left,Back,Centre,Left,62
<_io.BytesIO object at 0x00000178E5FF9B30>,0.5760916471481323,0.12543845176696777,0.3478829264640808,268464,47,8,False,Left,Back,Centre,Left,62
<_io.BytesIO object at 0x00000178E5FF9040>,0.563921332359314,0.11895974725484848,0.2614450752735138,268464,47,8,False,Left,Back,Centre,Left,62
<_io.BytesIO object at 0x00000178E5FDD2C0>,0.2520604133605957,-0.13503149151802063,-0.22314181923866272,268465,47,8,False,Left,Back,Centre,Left,62
<_io.BytesIO object at 0x00000178E5F8B2C0>,0.28580543398857117,-0.05268903076648712,-0.24958209693431854,268465,47,8,False,Left,Back,Centre,Left,62
<_io.BytesIO object at 0x00000178E5F8BC20>,0.24380283057689667,-0.13768072426319122,-0.3151983320713043,268465,47,8,False,Left,Back,Centre,Left,62
<_io.BytesIO object at 0x00000178E5F8B6D0>,0.24839769303798676,-0.06286191195249557,-0.31259241700172424,268465,47,8,False,Left,Back,Centre,Left,62
<_io.BytesIO object at 0x00000178E5F8BA40>,0.2455742359161377,-0.054421208798885345,-0.26571449637413025,268465,47,8,False,Left,Back,Centre,Left,62
<_io.BytesIO object at 0x00000178E3236860>,0.5916460156440735,0.08094320446252823,0.27207374572753906,268465,47,8,False,Left,Back,Centre,Left,62
<_io.BytesIO object at 0x00000178E3236900>,0.5690745115280151,0.04632657393813133,0.2701985239982605,268465,47,8,False,Left,Back,Centre,Left,62
<_io.BytesIO object at 0x00000178E3236720>,0.562074601650238,0.036497920751571655,0.3385743498802185,268465,47,8,False,Left,Back,Centre,Left,62
<_io.BytesIO object at 0x00000178E3236770>,0.5785152912139893,0.12531571090221405,0.3481486141681671,268465,47,8,False,Left,Back,Centre,Left,62
<_io.BytesIO object at 0x00000178E3236090>,0.565435528755188,0.11910837143659592,0.2617171108722687,268465,47,8,False,Left,Back,Centre,Left,62
<_io.BytesIO object at 0x00000178E5F77270>,0.25187817215919495,-0.13565659523010254,-0.223885178565979,268466,47,8,False,Left,Back,Centre,Left,62
<_io.BytesIO object at 0x00000178E5FC2720>,0.2854475975036621,-0.052794329822063446,-0.2499365359544754,268466,47,8,False,Left,Back,Centre,Left,62
<_io.BytesIO object at 0x00000178E5FC2270>,0.24338187277317047,-0.13737884163856506,-0.3158308267593384,268466,47,8,False,Left,Back,Centre,Left,62
<_io.BytesIO object at 0x00000178E5FC2B80>,0.24808020889759064,-0.06270580738782883,-0.31296154856681824,268466,47,8,False,Left,Back,Centre,Left,62
<_io.BytesIO object at 0x00000178E5FC29A0>,0.24527965486049652,-0.05438808724284172,-0.2660287618637085,268466,47,8,False,Left,Back,Centre,Left,62
<_io.BytesIO object at 0x00000178E5FCF5E0>,0.5924362540245056,0.08031518012285233,0.27243107557296753,268466,47,8,False,Left,Back,Centre,Left,62
<_io.BytesIO object at 0x00000178E5FCF450>,0.5691952109336853,0.04578959196805954,0.2709181606769562,268466,47,8,False,Left,Back,Centre,Left,62
<_io.BytesIO object at 0x00000178E5FCF8B0>,0.5624830722808838,0.03674199432134628,0.33935073018074036,268466,47,8,False,Left,Back,Centre,Left,62
<_io.BytesIO object at 0x00000178E5FCF3B0>,0.5809490084648132,0.12511052191257477,0.3483083248138428,268466,47,8,False,Left,Back,Centre,Left,62
<_io.BytesIO object at 0x00000178E5FCF270>,0.5670732259750366,0.11912441998720169,0.2621116042137146,268466,47,8,False,Left,Back,Centre,Left,62
<_io.BytesIO object at 0x00000178E5FCFD60>,0.2515423893928528,-0.13591043651103973,-0.22441788017749786,268467,47,8,False,Left,Back,Centre,Left,62
<_io.BytesIO object at 0x00000178E5FC2D10>,0.2850441634654999,-0.052801162004470825,-0.2501984238624573,268467,47,8,False,Left,Back,Centre,Left,62
<_io.BytesIO object at 0x00000178E5FC2C20>,0.24292482435703278,-0.13710622489452362,-0.3164690136909485,268467,47,8,False,Left,Back,Centre,Left,62
<_io.BytesIO object at 0x00000178E5FC2E00>,0.24770206212997437,-0.06253858655691147,-0.31334108114242554,268467,47,8,False,Left,Back,Centre,Left,62
<_io.BytesIO object at 0x00000178E5FC2220>,0.24497631192207336,-0.054373547434806824,-0.266297310590744,268467,47,8,False,Left,Back,Centre,Left,62
<_io.BytesIO object at 0x00000178E5F77810>,0.5933330059051514,0.07956667989492416,0.2727454900741577,268467,47,8,False,Left,Back,Centre,Left,62
<_io.BytesIO object at 0x00000178E5F77EA0>,0.569437563419342,0.04526584967970848,0.2714507579803467,268467,47,8,False,Left,Back,Centre,Left,62
<_io.BytesIO object at 0x00000178E5F77DB0>,0.5629388093948364,0.03697438910603523,0.34006091952323914,268467,47,8,False,Left,Back,Centre,Left,62
<_io.BytesIO object at 0x00000178E5F770E0>,0.5832571387290955,0.12499106675386429,0.3484073877334595,268467,47,8,False,Left,Back,Centre,Left,62
<_io.BytesIO object at 0x00000178E5F77900>,0.568714439868927,0.11909148097038269,0.2624213397502899,268467,47,8,False,Left,Back,Centre,Left,62
<_io.BytesIO object at 0x00000178E3236360>,0.2509746849536896,-0.13595259189605713,-0.22497060894966125,268468,47,8,False,Left,Back,Centre,Left,62
<_io.BytesIO object at 0x00000178E5F8B360>,0.2846921980381012,-0.05284721404314041,-0.250428706407547,268468,47,8,False,Left,Back,Centre,Left,62
<_io.BytesIO object at 0x00000178E5F8B1D0>,0.24243004620075226,-0.13686521351337433,-0.31699138879776,268468,47,8,False,Left,Back,Centre,Left,62
<_io.BytesIO object at 0x00000178E5FDDF90>,0.24744299054145813,-0.062332477420568466,-0.3136393129825592,268468,47,8,False,Left,Back,Centre,Left,62
<_io.BytesIO object at 0x00000178E5FDD6D0>,0.2446363866329193,-0.05443645641207695,-0.26652365922927856,268468,47,8,False,Left,Back,Centre,Left,62
<_io.BytesIO object at 0x00000178E5FDDB80>,0.5943071842193604,0.07879918068647385,0.27309954166412354,268468,47,8,False,Left,Back,Centre,Left,62
<_io.BytesIO object at 0x00000178E5FDD400>,0.5699179172515869,0.04476684331893921,0.2720288038253784,268468,47,8,False,Left,Back,Centre,Left,62
<_io.BytesIO object at 0x00000178E5FDDAE0>,0.563475489616394,0.037024423480033875,0.3406800627708435,268468,47,8,False,Left,Back,Centre,Left,62
<_io.BytesIO object at 0x00000178E5FDD680>,0.5855341553688049,0.12460573017597198,0.34866493940353394,268468,47,8,False,Left,Back,Centre,Left,62
<_io.BytesIO object at 0x00000178E5FDD0E0>,0.5705336332321167,0.1189495325088501,0.26266467571258545,268468,47,8,False,Left,Back,Centre,Left,62
<_io.BytesIO object at 0x00000178E5FF94F0>,0.2505829334259033,-0.13603006303310394,-0.22537165880203247,268469,47,8,False,Left,Back,Centre,Left,62
<_io.BytesIO object at 0x00000178DE5E5770>,0.2843687832355499,-0.052890729159116745,-0.2506134510040283,268469,47,8,False,Left,Back,Centre,Left,62
<_io.BytesIO object at 0x00000178E5FC0360>,0.24199622869491577,-0.13659720122814178,-0.317446768283844,268469,47,8,False,Left,Back,Centre,Left,62
<_io.BytesIO object at 0x00000178E5FC0E50>,0.24741210043430328,-0.06230507418513298,-0.3137834370136261,268469,47,8,False,Left,Back,Centre,Left,62
<_io.BytesIO object at 0x00000178E5FC0950>,0.2441534548997879,-0.05412226915359497,-0.2667330205440521,268469,47,8,False,Left,Back,Centre,Left,62
<_io.BytesIO object at 0x00000178E5FC01D0>,0.59527188539505,0.07801378518342972,0.27333658933639526,268469,47,8,False,Left,Back,Centre,Left,62
<_io.BytesIO object at 0x00000178E5FC04A0>,0.5705408453941345,0.04414832219481468,0.2723253667354584,268469,47,8,False,Left,Back,Centre,Left,62
<_io.BytesIO object at 0x00000178E5F8C860>,0.5642784833908081,0.03698257356882095,0.3411969542503357,268469,47,8,False,Left,Back,Centre,Left,62
<_io.BytesIO object at 0x00000178E5F8C8B0>,0.5880146622657776,0.12420198321342468,0.34886839985847473,268469,47,8,False,Left,Back,Centre,Left,62
<_io.BytesIO object at 0x00000178E5F8C540>,0.5723504424095154,0.11889856308698654,0.26299214363098145,268469,47,8,False,Left,Back,Centre,Left,62
<_io.BytesIO object at 0x00000178E3246B80>,0.2501482665538788,-0.13609570264816284,-0.22573529183864594,268470,47,8,False,Left,Back,Centre,Left,62
<_io.BytesIO object at 0x00000178E5FCA9F0>,0.28402164578437805,-0.0529542900621891,-0.25076302886009216,268470,47,8,False,Left,Back,Centre,Left,62
<_io.BytesIO object at 0x00000178E5FCAE00>,0.24155156314373016,-0.13635924458503723,-0.3177894055843353,268470,47,8,False,Left,Back,Centre,Left,62
<_io.BytesIO object at 0x00000178E5FCAF90>,0.24687105417251587,-0.062035221606492996,-0.3140636682510376,268470,47,8,False,Left,Back,Centre,Left,62
<_io.BytesIO object at 0x00000178E5FCABD0>,0.24381403625011444,-0.05414269492030144,-0.26689669489860535,268470,47,8,False,Left,Back,Centre,Left,62
<_io.BytesIO object at 0x00000178E5FDECC0>,0.596464216709137,0.07709562033414841,0.273612380027771,268470,47,8,False,Left,Back,Centre,Left,62
<_io.BytesIO object at 0x00000178E5FDEB30>,0.5711368918418884,0.0437806211411953,0.27263855934143066,268470,47,8,False,Left,Back,Centre,Left,62
<_io.BytesIO object at 0x00000178E5FDE4A0>,0.5649975538253784,0.03685460612177849,0.34160733222961426,268470,47,8,False,Left,Back,Centre,Left,62
<_io.BytesIO object at 0x00000178E5FDE9A0>,0.5906645059585571,0.12355797737836838,0.34917399287223816,268470,47,8,False,Left,Back,Centre,Left,62
<_io.BytesIO object at 0x00000178E5FDED10>,0.5743942260742188,0.11873742192983627,0.2632412016391754,268470,47,8,False,Left,Back,Centre,Left,62
<_io.BytesIO object at 0x00000178E5FA3C20>,0.249665766954422,-0.13614988327026367,-0.22603918612003326,268471,47,8,False,Left,Back,Centre,Left,62
<_io.BytesIO object at 0x00000178E32164A0>,0.2837134599685669,-0.05301792919635773,-0.2508831322193146,268471,47,8,False,Left,Back,Centre,Left,62
<_io.BytesIO object at 0x00000178E3216810>,0.2410261034965515,-0.1362159103155136,-0.318161278963089,268471,47,8,False,Left,Back,Centre,Left,62
<_io.BytesIO object at 0x00000178E3216310>,0.246510848402977,-0.06183670461177826,-0.31421342492103577,268471,47,8,False,Left,Back,Centre,Left,62
<_io.BytesIO object at 0x00000178E3216F90>,0.24354581534862518,-0.054128170013427734,-0.26699110865592957,268471,47,8,False,Left,Back,Centre,Left,62
<_io.BytesIO object at 0x00000178E32160E0>,0.5976587533950806,0.07617758214473724,0.27372685074806213,268471,47,8,False,Left,Back,Centre,Left,62
<_io.BytesIO object at 0x00000178E32167C0>,0.5718857645988464,0.04343177005648613,0.2729654312133789,268471,47,8,False,Left,Back,Centre,Left,62
<_io.BytesIO object at 0x00000178E5FEE180>,0.5658798217773438,0.036809131503105164,0.34208208322525024,268471,47,8,False,Left,Back,Centre,Left,62
<_io.BytesIO object at 0x00000178E5FEE3B0>,0.592780351638794,0.12336599081754684,0.3491048216819763,268471,47,8,False,Left,Back,Centre,Left,62
<_io.BytesIO object at 0x00000178E5FEE4F0>,0.5762778520584106,0.11854079365730286,0.2636234760284424,268471,47,8,False,Left,Back,Centre,Left,62
<_io.BytesIO object at 0x00000178E5F762C0>,0.24918901920318604,-0.13606484234333038,-0.22618117928504944,268472,47,8,False,Left,Back,Centre,Left,62
<_io.BytesIO object at 0x00000178E31DE7C0>,0.28340160846710205,-0.05306890234351158,-0.25096309185028076,268472,47,8,False,Left,Back,Centre,Left,62
<_io.BytesIO object at 0x00000178E31DED60>,0.24059799313545227,-0.13598337769508362,-0.3183388113975525,268472,47,8,False,Left,Back,Centre,Left,62
<_io.BytesIO object at 0x00000178E31DEEF0>,0.2461068332195282,-0.0619167722761631,-0.31428229808807373,268472,47,8,False,Left,Back,Centre,Left,62
<_io.BytesIO object at 0x00000178E31DE860>,0.24326471984386444,-0.05417310819029808,-0.26710227131843567,268472,47,8,False,Left,Back,Centre,Left,62
<_io.BytesIO object at 0x00000178E31DEC20>,0.5988511443138123,0.07542970031499863,0.27391302585601807,268472,47,8,False,Left,Back,Centre,Left,62
<_io.BytesIO object at 0x00000178E31DEA40>,0.5726985335350037,0.042961809784173965,0.27304625511169434,268472,47,8,False,Left,Back,Centre,Left,62
<_io.BytesIO object at 0x00000178E31DE770>,0.5667369365692139,0.0366884209215641,0.3422446846961975,268472,47,8,False,Left,Back,Centre,Left,62
<_io.BytesIO object at 0x00000178E31DE090>,0.5948735475540161,0.12269772589206696,0.3485022187232971,268472,47,8,False,Left,Back,Centre,Left,62
<_io.BytesIO object at 0x00000178E5F76180>,0.5782962441444397,0.1184130311012268,0.26379790902137756,268472,47,8,False,Left,Back,Centre,Left,62
<_io.BytesIO object at 0x00000178E5FEEC20>,0.24878351390361786,-0.13610857725143433,-0.22629424929618835,268473,47,8,False,Left,Back,Centre,Left,62
<_io.BytesIO object at 0x00000178E5FEE9A0>,0.2830967903137207,-0.053116898983716965,-0.2509935200214386,268473,47,8,False,Left,Back,Centre,Left,62
<_io.BytesIO object at 0x00000178E3216A90>,0.24017387628555298,-0.13580283522605896,-0.3184853196144104,268473,47,8,False,Left,Back,Centre,Left,62
<_io.BytesIO object at 0x00000178E3216B30>,0.24588443338871002,-0.06159965321421623,-0.3143324553966522,268473,47,8,False,Left,Back,Centre,Left,62
<_io.BytesIO object at 0x00000178E3216220>,0.24287226796150208,-0.0541350357234478,-0.26714494824409485,268473,47,8,False,Left,Back,Centre,Left,62
<_io.BytesIO object at 0x00000178E3216180>,0.600191056728363,0.07465595752000809,0.2741115689277649,268473,47,8,False,Left,Back,Centre,Left,62
<_io.BytesIO object at 0x00000178E32164A0>,0.5736138820648193,0.04267169162631035,0.27339550852775574,268473,47,8,False,Left,Back,Centre,Left,62
<_io.BytesIO object at 0x00000178E3216C70>,0.5676724910736084,0.03681803122162819,0.3426510691642761,268473,47,8,False,Left,Back,Centre,Left,62
<_io.BytesIO object at 0x00000178E3216400>,0.5970509052276611,0.12251952290534973,0.3483436107635498,268473,47,8,False,Left,Back,Centre,Left,62
<_io.BytesIO object at 0x00000178E5FA3D60>,0.5803948044776917,0.1181543692946434,0.2641121745109558,268473,47,8,False,Left,Back,Centre,Left,62
<_io.BytesIO object at 0x00000178E5FDEEF0>,0.24835802614688873,-0.1361657679080963,-0.22636255621910095,268474,47,8,False,Left,Back,Centre,Left,62
<_io.BytesIO object at 0x00000178E5FDE630>,0.282784104347229,-0.053158149123191833,-0.25094640254974365,268474,47,8,False,Left,Back,Centre,Left,62
<_io.BytesIO object at 0x00000178E5FDE2C0>,0.23974114656448364,-0.13564711809158325,-0.3185710310935974,268474,47,8,False,Left,Back,Centre,Left,62
<_io.BytesIO object at 0x00000178E5FCA090>,0.24553608894348145,-0.06178375333547592,-0.31433022022247314,268474,47,8,False,Left,Back,Centre,Left,62
<_io.BytesIO object at 0x00000178E5FCA450>,0.24255438148975372,-0.054081179201602936,-0.2670716345310211,268474,47,8,False,Left,Back,Centre,Left,62
<_io.BytesIO object at 0x00000178E5FCA220>,0.6015688180923462,0.07388179004192352,0.27408912777900696,268474,47,8,False,Left,Back,Centre,Left,62
<_io.BytesIO object at 0x00000178E5FCA130>,0.5746194124221802,0.042318399995565414,0.2735460698604584,268474,47,8,False,Left,Back,Centre,Left,62
<_io.BytesIO object at 0x00000178E5FCA950>,0.5686860084533691,0.036917053163051605,0.34291911125183105,268474,47,8,False,Left,Back,Centre,Left,62
<_io.BytesIO object at 0x00000178E5FCA040>,0.5991612076759338,0.12233509868383408,0.3480646014213562,268474,47,8,False,Left,Back,Centre,Left,62
<_io.BytesIO object at 0x00000178E5FCA0E0>,0.5824639201164246,0.11799979209899902,0.26434898376464844,268474,47,8,False,Left,Back,Centre,Left,62
<_io.BytesIO object at 0x00000178E5F8C9A0>,0.24788148701190948,-0.13625873625278473,-0.22640570998191833,268475,47,8,False,Left,Back,Centre,Left,62
<_io.BytesIO object at 0x00000178E5F8CF40>,0.28244107961654663,-0.0532165989279747,-0.25083619356155396,268475,47,8,False,Left,Back,Centre,Left,62
<_io.BytesIO object at 0x00000178E5FC0270>,0.23925839364528656,-0.1355787068605423,-0.3185977637767792,268475,47,8,False,Left,Back,Centre,Left,62
<_io.BytesIO object at 0x00000178E5FC09F0>,0.24531078338623047,-0.06178183853626251,-0.3142642378807068,268475,47,8,False,Left,Back,Centre,Left,62
<_io.BytesIO object at 0x00000178E5FC06D0>,0.24224428832530975,-0.05404539406299591,-0.26697927713394165,268475,47,8,False,Left,Back,Centre,Left,62
<_io.BytesIO object at 0x00000178E5FC0EA0>,0.6031573414802551,0.07314956188201904,0.2742018401622772,268475,47,8,False,Left,Back,Centre,Left,62
<_io.BytesIO object at 0x00000178E5FC0D10>,0.5758184790611267,0.04201412945985794,0.2738582193851471,268475,47,8,False,Left,Back,Centre,Left,62
<_io.BytesIO object at 0x00000178E5FC0DB0>,0.570042610168457,0.03705772012472153,0.3433243930339813,268475,47,8,False,Left,Back,Centre,Left,62
<_io.BytesIO object at 0x00000178DE5E5810>,0.6013469099998474,0.12224863469600677,0.34760400652885437,268475,47,8,False,Left,Back,Centre,Left,62
<_io.BytesIO object at 0x00000178DE5E54A0>,0.5844572186470032,0.11767301708459854,0.26471999287605286,268475,47,8,False,Left,Back,Centre,Left,62
<_io.BytesIO object at 0x00000178E5FF9EA0>,0.2474692314863205,-0.13629062473773956,-0.22630494832992554,268476,47,8,False,Left,Back,Centre,Left,62
<_io.BytesIO object at 0x00000178E5FDD680>,0.28211894631385803,-0.053267329931259155,-0.2506977915763855,268476,47,8,False,Left,Back,Centre,Left,62
<_io.BytesIO object at 0x00000178E5FDDEA0>,0.23887205123901367,-0.13547295331954956,-0.3185230791568756,268476,47,8,False,Left,Back,Centre,Left,62
<_io.BytesIO object at 0x00000178E5FDD6D0>,0.24503320455551147,-0.061776053160429,-0.3141598105430603,268476,47,8,False,Left,Back,Centre,Left,62
<_io.BytesIO object at 0x00000178E5FDDDB0>,0.24195851385593414,-0.05405796691775322,-0.2668568193912506,268476,47,8,False,Left,Back,Centre,Left,62
<_io.BytesIO object at 0x00000178E5F8B900>,0.6048422455787659,0.0724305659532547,0.2742573022842407,268476,47,8,False,Left,Back,Centre,Left,62
<_io.BytesIO object at 0x00000178E5F8B770>,0.577042818069458,0.04177883267402649,0.2741437554359436,268476,47,8,False,Left,Back,Centre,Left,62
<_io.BytesIO object at 0x00000178E5F8BA90>,0.5711873769760132,0.03729262575507164,0.34365054965019226,268476,47,8,False,Left,Back,Centre,Left,62
<_io.BytesIO object at 0x00000178E5F8BAE0>,0.6035761833190918,0.12218892574310303,0.3469996452331543,268476,47,8,False,Left,Back,Centre,Left,62
<_io.BytesIO object at 0x00000178E5F8B590>,0.5867907404899597,0.117076575756073,0.2651931345462799,268476,47,8,False,Left,Back,Centre,Left,62
<_io.BytesIO object at 0x00000178E5F77590>,0.24709704518318176,-0.13630372285842896,-0.22616428136825562,268477,47,8,False,Left,Back,Centre,Left,62
<_io.BytesIO object at 0x00000178E5F776D0>,0.28181248903274536,-0.05331001803278923,-0.2504769265651703,268477,47,8,False,Left,Back,Centre,Left,62
<_io.BytesIO object at 0x00000178E5F77CC0>,0.23850807547569275,-0.13539044559001923,-0.318360298871994,268477,47,8,False,Left,Back,Centre,Left,62
<_io.BytesIO object at 0x00000178E5FC2F90>,0.2446567714214325,-0.06166835129261017,-0.3139702379703522,268477,47,8,False,Left,Back,Centre,Left,62
<_io.BytesIO object at 0x00000178E5FC25E0>,0.24163754284381866,-0.05411752313375473,-0.26671406626701355,268477,47,8,False,Left,Back,Centre,Left,62
<_io.BytesIO object at 0x00000178E5FC2860>,0.6064967513084412,0.07180710136890411,0.2742515504360199,268477,47,8,False,Left,Back,Centre,Left,62
<_io.BytesIO object at 0x00000178E5FC2180>,0.5783340334892273,0.041449446231126785,0.274297297000885,268477,47,8,False,Left,Back,Centre,Left,62
<_io.BytesIO object at 0x00000178E5FC2720>,0.5725980997085571,0.03741389513015747,0.34391769766807556,268477,47,8,False,Left,Back,Centre,Left,62
<_io.BytesIO object at 0x00000178E5FC2810>,0.6058043241500854,0.12212173640727997,0.34639647603034973,268477,47,8,False,Left,Back,Centre,Left,62
<_io.BytesIO object at 0x00000178E5FC2090>,0.5889043211936951,0.11682821810245514,0.2657763957977295,268477,47,8,False,Left,Back,Centre,Left,62
<_io.BytesIO object at 0x00000178E5FC2860>,0.24672622978687286,-0.13634856045246124,-0.22599969804286957,268478,47,8,False,Left,Back,Centre,Left,62
<_io.BytesIO object at 0x00000178E5F77A90>,0.2815132737159729,-0.05339318513870239,-0.25029298663139343,268478,47,8,False,Left,Back,Centre,Left,62
<_io.BytesIO object at 0x00000178E5F77C20>,0.2381395846605301,-0.1353544145822525,-0.31815239787101746,268478,47,8,False,Left,Back,Centre,Left,62
<_io.BytesIO object at 0x00000178E5F771D0>,0.2442551553249359,-0.06151988357305527,-0.3137184679508209,268478,47,8,False,Left,Back,Centre,Left,62
<_io.BytesIO object at 0x00000178E3236AE0>,0.24133490025997162,-0.05412778630852699,-0.2664732038974762,268478,47,8,False,Left,Back,Centre,Left,62
<_io.BytesIO object at 0x00000178E3236590>,0.608256459236145,0.07113748788833618,0.27423182129859924,268478,47,8,False,Left,Back,Centre,Left,62
<_io.BytesIO object at 0x00000178E3236A90>,0.5796253681182861,0.04127064347267151,0.27457892894744873,268478,47,8,False,Left,Back,Centre,Left,62
<_io.BytesIO object at 0x00000178E3236220>,0.5738669037818909,0.037629615515470505,0.3441354036331177,268478,47,8,False,Left,Back,Centre,Left,62
<_io.BytesIO object at 0x00000178E3236A40>,0.6080642342567444,0.12198756635189056,0.3457786738872528,268478,47,8,False,Left,Back,Centre,Left,62
<_io.BytesIO object at 0x00000178E3236900>,0.5912415981292725,0.11666591465473175,0.26602867245674133,268478,47,8,False,Left,Back,Centre,Left,62
<_io.BytesIO object at 0x00000178E5FDD630>,0.24629640579223633,-0.1363377571105957,-0.22576402127742767,268479,47,8,False,Left,Back,Centre,Left,62
<_io.BytesIO object at 0x00000178E5FDD7C0>,0.2811984717845917,-0.05346522852778435,-0.25001442432403564,268479,47,8,False,Left,Back,Centre,Left,62
<_io.BytesIO object at 0x00000178E5FDD270>,0.2377927452325821,-0.13532695174217224,-0.3179453909397125,268479,47,8,False,Left,Back,Centre,Left,62
<_io.BytesIO object at 0x00000178E5FF9810>,0.24389101564884186,-0.06144307181239128,-0.31344491243362427,268479,47,8,False,Left,Back,Centre,Left,62
<_io.BytesIO object at 0x00000178E5FF9AE0>,0.24100597202777863,-0.054082080721855164,-0.26611220836639404,268479,47,8,False,Left,Back,Centre,Left,62
<_io.BytesIO object at 0x00000178E5FF99A0>,0.6100834012031555,0.07049310952425003,0.2742850184440613,268479,47,8,False,Left,Back,Centre,Left,62
<_io.BytesIO object at 0x00000178E5FF9270>,0.5809656381607056,0.04104076698422432,0.2747849225997925,268479,47,8,False,Left,Back,Centre,Left,62
<_io.BytesIO object at 0x00000178E5FF9F90>,0.5748414397239685,0.03799169138073921,0.34426119923591614,268479,47,8,False,Left,Back,Centre,Left,62
<_io.BytesIO object at 0x00000178E5FF9D10>,0.6103455424308777,0.12181372195482254,0.34524407982826233,268479,47,8,False,Left,Back,Centre,Left,62
<_io.BytesIO object at 0x00000178E5FF9A90>,0.5940667390823364,0.11661732196807861,0.2659905254840851,268479,47,8,False,Left,Back,Centre,Left,62
<_io.BytesIO object at 0x00000178E5FC0270>,0.2458966076374054,-0.13633297383785248,-0.22544533014297485,268480,47,8,False,Left,Back,Centre,Left,62
<_io.BytesIO object at 0x00000178E5F8CDB0>,0.2808900773525238,-0.05347748100757599,-0.24962949752807617,268480,47,8,False,Left,Back,Centre,Left,62
<_io.BytesIO object at 0x00000178E5F8C540>,0.2373712807893753,-0.1353432834148407,-0.3176344633102417,268480,47,8,False,Left,Back,Centre,Left,62
<_io.BytesIO object at 0x00000178E5F8C950>,0.2437843531370163,-0.0616113655269146,-0.3130802512168884,268480,47,8,False,Left,Back,Centre,Left,62
<_io.BytesIO object at 0x00000178E5F8C6D0>,0.24070730805397034,-0.054122064262628555,-0.26580965518951416,268480,47,8,False,Left,Back,Centre,Left,62
<_io.BytesIO object at 0x00000178E3246E00>,0.6119263768196106,0.06980833411216736,0.2742566764354706,268480,47,8,False,Left,Back,Centre,Left,62
<_io.BytesIO object at 0x00000178E3246680>,0.5823007822036743,0.04089883342385292,0.2749965190887451,268480,47,8,False,Left,Back,Centre,Left,62
<_io.BytesIO object at 0x00000178E32460E0>,0.5759670734405518,0.038229040801525116,0.344371497631073,268480,47,8,False,Left,Back,Centre,Left,62
<_io.BytesIO object at 0x00000178E32467C0>,0.6125875115394592,0.12146297842264175,0.3447382152080536,268480,47,8,False,Left,Back,Centre,Left,62
<_io.BytesIO object at 0x00000178E3246950>,0.5965927839279175,0.11628886312246323,0.2663290500640869,268480,47,8,False,Left,Back,Centre,Left,62
<_io.BytesIO object at 0x00000178E5FCA450>,0.24545109272003174,-0.1362803429365158,-0.22501936554908752,268481,47,8,False,Left,Back,Centre,Left,62
<_io.BytesIO object at 0x00000178E5FDEEF0>,0.28043708205223083,-0.053330693393945694,-0.2489251345396042,268481,47,8,False,Left,Back,Centre,Left,62
<_io.BytesIO object at 0x00000178E5FDE6D0>,0.23700299859046936,-0.1353289783000946,-0.3172691762447357,268481,47,8,False,Left,Back,Centre,Left,62
<_io.BytesIO object at 0x00000178E5FDE450>,0.24331042170524597,-0.0613519623875618,-0.31268829107284546,268481,47,8,False,Left,Back,Centre,Left,62
<_io.BytesIO object at 0x00000178E5FDE360>,0.2403641939163208,-0.05404847860336304,-0.2653186023235321,268481,47,8,False,Left,Back,Centre,Left,62
<_io.BytesIO object at 0x00000178E5FDE590>,0.6136875748634338,0.06913367658853531,0.274101197719574,268481,47,8,False,Left,Back,Centre,Left,62
<_io.BytesIO object at 0x00000178E5FA3D10>,0.5836179852485657,0.040762901306152344,0.2750931978225708,268481,47,8,False,Left,Back,Centre,Left,62
<_io.BytesIO object at 0x00000178E5FA37C0>,0.5771467685699463,0.038516633212566376,0.34438174962997437,268481,47,8,False,Left,Back,Centre,Left,62
<_io.BytesIO object at 0x00000178E5FA3540>,0.6148635149002075,0.12105873972177505,0.34429529309272766,268481,47,8,False,Left,Back,Centre,Left,62
<_io.BytesIO object at 0x00000178E5FA3130>,0.5991477370262146,0.1160425916314125,0.26656201481819153,268481,47,8,False,Left,Back,Centre,Left,62
<_io.BytesIO object at 0x00000178E3216A90>,0.24509434401988983,-0.13627514243125916,-0.22467482089996338,268482,47,8,False,Left,Back,Centre,Left,62
<_io.BytesIO object at 0x00000178E5FEEC20>,0.28007417917251587,-0.053272999823093414,-0.24840401113033295,268482,47,8,False,Left,Back,Centre,Left,62
<_io.BytesIO object at 0x00000178E5FEE720>,0.2366396188735962,-0.13530392944812775,-0.3168956935405731,268482,47,8,False,Left,Back,Centre,Left,62
<_io.BytesIO object at 0x00000178E5FEEA90>,0.24293525516986847,-0.061488278210163116,-0.31227797269821167,268482,47,8,False,Left,Back,Centre,Left,62
<_io.BytesIO object at 0x00000178E5FEE2C0>,0.24004407227039337,-0.05400675907731056,-0.26491934061050415,268482,47,8,False,Left,Back,Centre,Left,62
<_io.BytesIO object at 0x00000178E5F76040>,0.6155331134796143,0.06846857070922852,0.2740894556045532,268482,47,8,False,Left,Back,Centre,Left,62
<_io.BytesIO object at 0x00000178E5F76310>,0.5849694013595581,0.04083152115345001,0.2754579782485962,268482,47,8,False,Left,Back,Centre,Left,62
<_io.BytesIO object at 0x00000178E5F76810>,0.5783427953720093,0.03886600583791733,0.34449735283851624,268482,47,8,False,Left,Back,Centre,Left,62
<_io.BytesIO object at 0x00000178E5F760E0>,0.6171455979347229,0.12061350792646408,0.3438888192176819,268482,47,8,False,Left,Back,Centre,Left,62
<_io.BytesIO object at 0x00000178E5F76590>,0.6017465591430664,0.11569162458181381,0.2669989764690399,268482,47,8,False,Left,Back,Centre,Left,62
<_io.BytesIO object at 0x00000178E31DECC0>,0.24473164975643158,-0.13623644411563873,-0.2241847813129425,268483,47,8,False,Left,Back,Centre,Left,62
<_io.BytesIO object at 0x00000178E5FCFB80>,0.2797313630580902,-0.05319919437170029,-0.24794770777225494,268483,47,8,False,Left,Back,Centre,Left,62
<_io.BytesIO object at 0x00000178E5FCF590>,0.23627853393554688,-0.13527093827724457,-0.3163772225379944,268483,47,8,False,Left,Back,Centre,Left,62
<_io.BytesIO object at 0x00000178E5FCFA40>,0.24258798360824585,-0.06132620573043823,-0.3117414712905884,268483,47,8,False,Left,Back,Centre,Left,62
<_io.BytesIO object at 0x00000178E5F42630>,0.23967532813549042,-0.053854260593652725,-0.26436054706573486,268483,47,8,False,Left,Back,Centre,Left,62
<_io.BytesIO object at 0x00000178E5FCFC20>,0.6173102855682373,0.06784182786941528,0.27405473589897156,268483,47,8,False,Left,Back,Centre,Left,62
<_io.BytesIO object at 0x00000178E5FCFEA0>,0.5907160639762878,0.04440891742706299,0.2724248766899109,268483,47,8,False,Left,Back,Centre,Left,62
<_io.BytesIO object at 0x00000178E5FCF9F0>,0.5820212364196777,0.036369483917951584,0.3413728177547455,268483,47,8,False,Left,Back,Centre,Left,62
<_io.BytesIO object at 0x00000178E5FCFD60>,0.6193671226501465,0.12012600898742676,0.3435547947883606,268483,47,8,False,Left,Back,Centre,Left,62
<_io.BytesIO object at 0x00000178E5FCF0E0>,0.6041592955589294,0.11544953286647797,0.26726585626602173,268483,47,8,False,Left,Back,Centre,Left,62
<_io.BytesIO object at 0x00000178E5F76950>,0.24433591961860657,-0.136154904961586,-0.22362905740737915,268484,47,8,False,Left,Back,Centre,Left,62
<_io.BytesIO object at 0x00000178E5F76E50>,0.2794611155986786,-0.05319399759173393,-0.24746441841125488,268484,47,8,False,Left,Back,Centre,Left,62
<_io.BytesIO object at 0x00000178E5FEEBD0>,0.23591607809066772,-0.13522736728191376,-0.3158318102359772,268484,47,8,False,Left,Back,Centre,Left,62
<_io.BytesIO object at 0x00000178E5FEE810>,0.2423771768808365,-0.06138201430439949,-0.31112581491470337,268484,47,8,False,Left,Back,Centre,Left,62
<_io.BytesIO object at 0x00000178E5FEEB30>,0.2393970936536789,-0.0537828654050827,-0.26387813687324524,268484,47,8,False,Left,Back,Centre,Left,62
<_io.BytesIO object at 0x00000178E5FEE950>,0.6199280619621277,0.06811963766813278,0.27334287762641907,268484,47,8,False,Left,Back,Centre,Left,62
<_io.BytesIO object at 0x00000178E5FEE270>,0.5923287868499756,0.04430199787020683,0.27238887548446655,268484,47,8,False,Left,Back,Centre,Left,62
<_io.BytesIO object at 0x00000178E5FEE860>,0.5846430659294128,0.03546718880534172,0.3409026265144348,268484,47,8,False,Left,Back,Centre,Left,62
<_io.BytesIO object at 0x00000178E32165E0>,0.6223733425140381,0.11919654905796051,0.34366104006767273,268484,47,8,False,Left,Back,Centre,Left,62
<_io.BytesIO object at 0x00000178E32167C0>,0.6064183712005615,0.1151413768529892,0.26749640703201294,268484,47,8,False,Left,Back,Centre,Left,62
<_io.BytesIO object at 0x00000178E5FA30E0>,0.24392655491828918,-0.13605424761772156,-0.22298023104667664,268485,47,8,False,Left,Back,Centre,Left,62
<_io.BytesIO object at 0x00000178E5FA3630>,0.2791268527507782,-0.053141724318265915,-0.2469140589237213,268485,47,8,False,Left,Back,Centre,Left,62
<_io.BytesIO object at 0x00000178E5FDE4A0>,0.2355143427848816,-0.13521423935890198,-0.3152126669883728,268485,47,8,False,Left,Back,Centre,Left,62
<_io.BytesIO object at 0x00000178E5FDE360>,0.2422352433204651,-0.06131847947835922,-0.31046536564826965,268485,47,8,False,Left,Back,Centre,Left,62
<_io.BytesIO object at 0x00000178E5FDE310>,0.23904883861541748,-0.0537097193300724,-0.2632157504558563,268485,47,8,False,Left,Back,Centre,Left,62
<_io.BytesIO object at 0x00000178E5FDED10>,0.6229862570762634,0.06907333433628082,0.27239835262298584,268485,47,8,False,Left,Back,Centre,Left,62
<_io.BytesIO object at 0x00000178E5FDEC70>,0.5935739278793335,0.04413645714521408,0.2726350724697113,268485,47,8,False,Left,Back,Centre,Left,62
<_io.BytesIO object at 0x00000178E5FDEF90>,0.5877246856689453,0.0340428501367569,0.34078291058540344,268485,47,8,False,Left,Back,Centre,Left,62
<_io.BytesIO object at 0x00000178E5FDECC0>,0.6258339881896973,0.11771035939455032,0.3441135585308075,268485,47,8,False,Left,Back,Centre,Left,62
<_io.BytesIO object at 0x00000178E5FDEE50>,0.6084495186805725,0.1145779937505722,0.26803264021873474,268485,47,8,False,Left,Back,Centre,Left,62
<_io.BytesIO object at 0x00000178E3246F40>,0.24357624351978302,-0.13593639433383942,-0.22233541309833527,268486,47,8,False,Left,Back,Centre,Left,62
<_io.BytesIO object at 0x00000178E3246E50>,0.2787942886352539,-0.053068410605192184,-0.24627652764320374,268486,47,8,False,Left,Back,Centre,Left,62
<_io.BytesIO object at 0x00000178E5F8C040>,0.23512086272239685,-0.13517244160175323,-0.3144950568675995,268486,47,8,False,Left,Back,Centre,Left,62
<_io.BytesIO object at 0x00000178E5F8CF90>,0.2414778769016266,-0.06092143803834915,-0.3099699318408966,268486,47,8,False,Left,Back,Centre,Left,62
<_io.BytesIO object at 0x00000178E5F8C2C0>,0.23872700333595276,-0.05365942791104317,-0.26264795660972595,268486,47,8,False,Left,Back,Centre,Left,62
<_io.BytesIO object at 0x00000178E5F8CD60>,0.6261834502220154,0.07007026672363281,0.27145496010780334,268486,47,8,False,Left,Back,Centre,Left,62
<_io.BytesIO object at 0x00000178E5F8CAE0>,0.5951564311981201,0.04399509355425835,0.27279651165008545,268486,47,8,False,Left,Back,Centre,Left,62
<_io.BytesIO object at 0x00000178E5F8C0E0>,0.5918035507202148,0.032692842185497284,0.34060364961624146,268486,47,8,False,Left,Back,Centre,Left,62
<_io.BytesIO object at 0x00000178E5FC0F40>,0.6298186182975769,0.11597468703985214,0.3450370132923126,268486,47,8,False,Left,Back,Centre,Left,62
<_io.BytesIO object at 0x00000178E5FC0E00>,0.6103724837303162,0.11435144394636154,0.26821574568748474,268486,47,8,False,Left,Back,Centre,Left,62
<_io.BytesIO object at 0x00000178E5FF93B0>,0.24316629767417908,-0.13577952980995178,-0.2215629369020462,268487,47,8,False,Left,Back,Centre,Left,62
<_io.BytesIO object at 0x00000178E5FF9F90>,0.2785108685493469,-0.053021304309368134,-0.2456994205713272,268487,47,8,False,Left,Back,Centre,Left,62
<_io.BytesIO object at 0x00000178E5FF9220>,0.23470507562160492,-0.13510186970233917,-0.31378254294395447,268487,47,8,False,Left,Back,Centre,Left,62
<_io.BytesIO object at 0x00000178E5FF9810>,0.2412927895784378,-0.061018288135528564,-0.3092610836029053,268487,47,8,False,Left,Back,Centre,Left,62
<_io.BytesIO object at 0x00000178E5FDD860>,0.23838311433792114,-0.053508877754211426,-0.2619403302669525,268487,47,8,False,Left,Back,Centre,Left,62
<_io.BytesIO object at 0x00000178E5FDDE00>,0.6290361881256104,0.07092024385929108,0.2704334557056427,268487,47,8,False,Left,Back,Centre,Left,62
<_io.BytesIO object at 0x00000178E5FDD5E0>,0.5962910056114197,0.04396123066544533,0.27291586995124817,268487,47,8,False,Left,Back,Centre,Left,62
<_io.BytesIO object at 0x00000178E5FDD180>,0.5953496694564819,0.03210330754518509,0.3403280973434448,268487,47,8,False,Left,Back,Centre,Left,62
<_io.BytesIO object at 0x00000178E5FDD680>,0.634022057056427,0.11385457217693329,0.34639251232147217,268487,47,8,False,Left,Back,Centre,Left,62
<_io.BytesIO object at 0x00000178E5FDDC20>,0.6122880578041077,0.11435206234455109,0.268148273229599,268487,47,8,False,Left,Back,Centre,Left,62
<_io.BytesIO object at 0x00000178E3236900>,0.24281415343284607,-0.13563629984855652,-0.22073446214199066,268488,47,8,False,Left,Back,Centre,Left,62
<_io.BytesIO object at 0x00000178E3236090>,0.2781793475151062,-0.052896663546562195,-0.24499037861824036,268488,47,8,False,Left,Back,Centre,Left,62
<_io.BytesIO object at 0x00000178E32367C0>,0.23426593840122223,-0.1350325345993042,-0.3129822909832001,268488,47,8,False,Left,Back,Centre,Left,62
<_io.BytesIO object at 0x00000178E5F77720>,0.24091532826423645,-0.06110413372516632,-0.30850833654403687,268488,47,8,False,Left,Back,Centre,Left,62
<_io.BytesIO object at 0x00000178E5F771D0>,0.23802568018436432,-0.053335197269916534,-0.26118239760398865,268488,47,8,False,Left,Back,Centre,Left,62
<_io.BytesIO object at 0x00000178E5F774A0>,0.6315194368362427,0.07166210561990738,0.26979753375053406,268488,47,8,False,Left,Back,Centre,Left,62
<_io.BytesIO object at 0x00000178E5F77900>,0.5975289940834045,0.04397941380739212,0.2730174958705902,268488,47,8,False,Left,Back,Centre,Left,62
<_io.BytesIO object at 0x00000178E5F77630>,0.598729133605957,0.031057339161634445,0.33991679549217224,268488,47,8,False,Left,Back,Centre,Left,62
<_io.BytesIO object at 0x00000178E5F77770>,0.6383513808250427,0.11155576258897781,0.34757208824157715,268488,47,8,False,Left,Back,Centre,Left,62
<_io.BytesIO object at 0x00000178E5F77270>,0.6139832735061646,0.11409898102283478,0.26824095845222473,268488,47,8,False,Left,Back,Centre,Left,62
<_io.BytesIO object at 0x00000178E5F774A0>,0.242430180311203,-0.1354217827320099,-0.21986724436283112,268489,47,8,False,Left,Back,Centre,Left,62
<_io.BytesIO object at 0x00000178E3236EA0>,0.27788999676704407,-0.052723996341228485,-0.24421119689941406,268489,47,8,False,Left,Back,Centre,Left,62
<_io.BytesIO object at 0x00000178E3236130>,0.2338126003742218,-0.1349656581878662,-0.3120814561843872,268489,47,8,False,Left,Back,Centre,Left,62
<_io.BytesIO object at 0x00000178E3236E50>,0.24047711491584778,-0.06087633967399597,-0.3077699542045593,268489,47,8,False,Left,Back,Centre,Left,62
<_io.BytesIO object at 0x00000178E32364F0>,0.23772910237312317,-0.053243983536958694,-0.26046106219291687,268489,47,8,False,Left,Back,Centre,Left,62
<_io.BytesIO object at 0x00000178E5F8B720>,0.6335631012916565,0.0719895139336586,0.26922473311424255,268489,47,8,False,Left,Back,Centre,Left,62
<_io.BytesIO object at 0x00000178E5F8BA40>,0.5985204577445984,0.04391217976808548,0.27297306060791016,268489,47,8,False,Left,Back,Centre,Left,62
<_io.BytesIO object at 0x00000178E5F8BC70>,0.6012269854545593,0.029810644686222076,0.33939260244369507,268489,47,8,False,Left,Back,Centre,Left,62
<_io.BytesIO object at 0x00000178E5F8BD60>,0.6423535346984863,0.1093287318944931,0.3489226996898651,268489,47,8,False,Left,Back,Centre,Left,62
<_io.BytesIO object at 0x00000178E5F8B7C0>,0.6157421469688416,0.11386065930128098,0.26844221353530884,268489,47,8,False,Left,Back,Centre,Left,62
<_io.BytesIO object at 0x00000178E5FF9400>,0.24200575053691864,-0.13522659242153168,-0.21893161535263062,268490,47,8,False,Left,Back,Centre,Left,62
<_io.BytesIO object at 0x00000178E5FF93B0>,0.277622252702713,-0.05259465053677559,-0.2435314655303955,268490,47,8,False,Left,Back,Centre,Left,62
<_io.BytesIO object at 0x00000178E5FF9DB0>,0.23334357142448425,-0.13488496840000153,-0.31114664673805237,268490,47,8,False,Left,Back,Centre,Left,62
<_io.BytesIO object at 0x00000178E5FF9540>,0.24018576741218567,-0.06088288500905037,-0.30693715810775757,268490,47,8,False,Left,Back,Centre,Left,62
<_io.BytesIO object at 0x00000178E5FF9C20>,0.23742787539958954,-0.05314213037490845,-0.2596990466117859,268490,47,8,False,Left,Back,Centre,Left,62
<_io.BytesIO object at 0x00000178DE5E54F0>,0.6351475119590759,0.07197891920804977,0.2689093351364136,268490,47,8,False,Left,Back,Centre,Left,62
<_io.BytesIO object at 0x00000178DE5E56D0>,0.5996239185333252,0.04382871091365814,0.27295175194740295,268490,47,8,False,Left,Back,Centre,Left,62
<_io.BytesIO object at 0x00000178E5FC02C0>,0.6032090187072754,0.02839013561606407,0.33948928117752075,268490,47,8,False,Left,Back,Centre,Left,62
<_io.BytesIO object at 0x00000178E5FC0400>,0.6459531188011169,0.1072894036769867,0.3503130376338959,268490,47,8,False,Left,Back,Centre,Left,62
<_io.BytesIO object at 0x00000178E5FC04F0>,0.6174211502075195,0.11321622878313065,0.26886415481567383,268490,47,8,False,Left,Back,Centre,Left,62
<_io.BytesIO object at 0x00000178E5F8C7C0>,0.24168188869953156,-0.13498617708683014,-0.2180090695619583,268491,47,8,False,Left,Back,Centre,Left,62
<_io.BytesIO object at 0x00000178E3246F40>,0.2773357033729553,-0.05248800665140152,-0.2428002804517746,268491,47,8,False,Left,Back,Centre,Left,62
<_io.BytesIO object at 0x00000178E3246C70>,0.2328719049692154,-0.13480281829833984,-0.31016966700553894,268491,47,8,False,Left,Back,Centre,Left,62
<_io.BytesIO object at 0x00000178E3246A40>,0.23982930183410645,-0.06076238304376602,-0.30611521005630493,268491,47,8,False,Left,Back,Centre,Left,62
<_io.BytesIO object at 0x00000178E3246D60>,0.23708577454090118,-0.05304878205060959,-0.2588275969028473,268491,47,8,False,Left,Back,Centre,Left,62
<_io.BytesIO object at 0x00000178E5FCA950>,0.6359553337097168,0.07144332677125931,0.268893837928772,268491,47,8,False,Left,Back,Centre,Left,62
<_io.BytesIO object at 0x00000178E5FCAE00>,0.60062175989151,0.04396539181470871,0.27348703145980835,268491,47,8,False,Left,Back,Centre,Left,62
<_io.BytesIO object at 0x00000178E5FCA720>,0.6045057773590088,0.027603909373283386,0.33987048268318176,268491,47,8,False,Left,Back,Centre,Left,62
<_io.BytesIO object at 0x00000178E5FCA9F0>,0.6491913795471191,0.10551861673593521,0.3515612781047821,268491,47,8,False,Left,Back,Centre,Left,62
<_io.BytesIO object at 0x00000178E5FCA540>,0.6189371943473816,0.11317916214466095,0.2687763273715973,268491,47,8,False,Left,Back,Centre,Left,62
<_io.BytesIO object at 0x00000178E5FDE4A0>,0.2413121610879898,-0.1347028911113739,-0.21698342263698578,268492,47,8,False,Left,Back,Centre,Left,62
<_io.BytesIO object at 0x00000178E5FA30E0>,0.27704542875289917,-0.05225270986557007,-0.24196864664554596,268492,47,8,False,Left,Back,Centre,Left,62
<_io.BytesIO object at 0x00000178E5FA34F0>,0.23239412903785706,-0.13471627235412598,-0.3091393709182739,268492,47,8,False,Left,Back,Centre,Left,62
<_io.BytesIO object at 0x00000178E5FA3C70>,0.23940815031528473,-0.0607374869287014,-0.3052496910095215,268492,47,8,False,Left,Back,Centre,Left,62
<_io.BytesIO object at 0x00000178E5FA34A0>,0.23683610558509827,-0.052872829139232635,-0.25788378715515137,268492,47,8,False,Left,Back,Centre,Left,62
<_io.BytesIO object at 0x00000178E5FA31D0>,0.6363469958305359,0.07045528292655945,0.26926180720329285,268492,47,8,False,Left,Back,Centre,Left,62
<_io.BytesIO object at 0x00000178E3216590>,0.6015755534172058,0.043798502534627914,0.2736457884311676,268492,47,8,False,Left,Back,Centre,Left,62
<_io.BytesIO object at 0x00000178E3216040>,0.6062409281730652,0.026611212641000748,0.33966779708862305,268492,47,8,False,Left,Back,Centre,Left,62
<_io.BytesIO object at 0x00000178E3216E50>,0.6520432829856873,0.1039452776312828,0.3526591658592224,268492,47,8,False,Left,Back,Centre,Left,62
<_io.BytesIO object at 0x00000178E3216360>,0.6202135682106018,0.11305069923400879,0.26891380548477173,268492,47,8,False,Left,Back,Centre,Left,62
<_io.BytesIO object at 0x00000178E5FEE310>,0.24102596938610077,-0.13442716002464294,-0.2160041332244873,268493,47,8,False,Left,Back,Centre,Left,62
<_io.BytesIO object at 0x00000178E5F76950>,0.276828408241272,-0.052048105746507645,-0.24121351540088654,268493,47,8,False,Left,Back,Centre,Left,62
<_io.BytesIO object at 0x00000178E5F76360>,0.23189681768417358,-0.13463497161865234,-0.3080793023109436,268493,47,8,False,Left,Back,Centre,Left,62
<_io.BytesIO object at 0x00000178E5F762C0>,0.2390933334827423,-0.06072364002466202,-0.3043254315853119,268493,47,8,False,Left,Back,Centre,Left,62
<_io.BytesIO object at 0x00000178E5F761D0>,0.2365572601556778,-0.052766211330890656,-0.25692760944366455,268493,47,8,False,Left,Back,Centre,Left,62
<_io.BytesIO object at 0x00000178E5F76180>,0.6364001631736755,0.06937937438488007,0.2697220742702484,268493,47,8,False,Left,Back,Centre,Left,62
<_io.BytesIO object at 0x00000178E31DEDB0>,0.6025729775428772,0.04363677650690079,0.2736605405807495,268493,47,8,False,Left,Back,Centre,Left,62
<_io.BytesIO object at 0x00000178E31DE4F0>,0.6075112819671631,0.025781314820051193,0.33957985043525696,268493,47,8,False,Left,Back,Centre,Left,62
<_io.BytesIO object at 0x00000178E31DE680>,0.6544539332389832,0.10255049914121628,0.35364285111427307,268493,47,8,False,Left,Back,Centre,Left,62
<_io.BytesIO object at 0x00000178E31DE900>,0.6214795112609863,0.11268319189548492,0.26919224858283997,268493,47,8,False,Left,Back,Centre,Left,62
<_io.BytesIO object at 0x00000178E5FCFE00>,0.24069999158382416,-0.13402879238128662,-0.21494030952453613,268494,47,8,False,Left,Back,Centre,Left,62
<_io.BytesIO object at 0x00000178E5FC2DB0>,0.2766354978084564,-0.05179984122514725,-0.2404768168926239,268494,47,8,False,Left,Back,Centre,Left,62
<_io.BytesIO object at 0x00000178E5FC2270>,0.23141737282276154,-0.13454212248325348,-0.3069829046726227,268494,47,8,False,Left,Back,Centre,Left,62
<_io.BytesIO object at 0x00000178E5F42680>,0.23886023461818695,-0.06071655452251434,-0.30331405997276306,268494,47,8,False,Left,Back,Centre,Left,62
<_io.BytesIO object at 0x00000178E5F42400>,0.23627489805221558,-0.0526101253926754,-0.25603970885276794,268494,47,8,False,Left,Back,Centre,Left,62
<_io.BytesIO object at 0x00000178E5FC2090>,0.6363652348518372,0.06831328570842743,0.27010875940322876,268494,47,8,False,Left,Back,Centre,Left,62
<_io.BytesIO object at 0x00000178E5FC2680>,0.6034645438194275,0.043476082384586334,0.2737135887145996,268494,47,8,False,Left,Back,Centre,Left,62
<_io.BytesIO object at 0x00000178E5FC2180>,0.6086181402206421,0.02520732581615448,0.3395659029483795,268494,47,8,False,Left,Back,Centre,Left,62
<_io.BytesIO object at 0x00000178E5FC2220>,0.6565611958503723,0.10141616314649582,0.35433775186538696,268494,47,8,False,Left,Back,Centre,Left,62
<_io.BytesIO object at 0x00000178E5FC25E0>,0.6224163770675659,0.1125301793217659,0.2692333459854126,268494,47,8,False,Left,Back,Centre,Left,62
<_io.BytesIO object at 0x00000178E31DE680>,0.24008436501026154,-0.133672833442688,-0.21416984498500824,268495,47,8,False,Left,Back,Centre,Left,62
<_io.BytesIO object at 0x00000178E31DE040>,0.276361882686615,-0.051623038947582245,-0.23960724472999573,268495,47,8,False,Left,Back,Centre,Left,62
<_io.BytesIO object at 0x00000178E5F761D0>,0.2309352606534958,-0.1344502568244934,-0.3058704137802124,268495,47,8,False,Left,Back,Centre,Left,62
<_io.BytesIO object at 0x00000178E5F764A0>,0.23841790854930878,-0.06049137935042381,-0.30237865447998047,268495,47,8,False,Left,Back,Centre,Left,62
<_io.BytesIO object at 0x00000178E5F766D0>,0.23598340153694153,-0.05231253802776337,-0.25513842701911926,268495,47,8,False,Left,Back,Centre,Left,62
<_io.BytesIO object at 0x00000178E5F76D10>,0.6364736557006836,0.06739520281553268,0.27049869298934937,268495,47,8,False,Left,Back,Centre,Left,62
<_io.BytesIO object at 0x00000178E5F76C70>,0.6042787432670593,0.04335341975092888,0.27372345328330994,268495,47,8,False,Left,Back,Centre,Left,62
<_io.BytesIO object at 0x00000178E5F76310>,0.6089462041854858,0.02526317909359932,0.33977556228637695,268495,47,8,False,Left,Back,Centre,Left,62
<_io.BytesIO object at 0x00000178E5FEEEF0>,0.6583524346351624,0.10059353709220886,0.354720801115036,268495,47,8,False,Left,Back,Centre,Left,62
<_io.BytesIO object at 0x00000178E5FEE220>,0.6237332820892334,0.11259763687849045,0.26860353350639343,268495,47,8,False,Left,Back,Centre,Left,62
<_io.BytesIO object at 0x00000178E3216B80>,0.24020372331142426,-0.13349825143814087,-0.21282686293125153,268496,47,8,False,Left,Back,Centre,Left,62
<_io.BytesIO object at 0x00000178E3216B30>,0.27611982822418213,-0.051671598106622696,-0.23866000771522522,268496,47,8,False,Left,Back,Centre,Left,62
<_io.BytesIO object at 0x00000178E5FA34A0>,0.23045764863491058,-0.13434496521949768,-0.30475112795829773,268496,47,8,False,Left,Back,Centre,Left,62
<_io.BytesIO object at 0x00000178E5FA32C0>,0.2378038913011551,-0.06036677211523056,-0.30144816637039185,268496,47,8,False,Left,Back,Centre,Left,62
<_io.BytesIO object at 0x00000178E5FA3040>,0.23572970926761627,-0.0521601103246212,-0.25429314374923706,268496,47,8,False,Left,Back,Centre,Left,62
<_io.BytesIO object at 0x00000178E5FA39F0>,0.6366591453552246,0.0667949765920639,0.2708083689212799,268496,47,8,False,Left,Back,Centre,Left,62
<_io.BytesIO object at 0x00000178E5FA3A90>,0.6050012111663818,0.04332256317138672,0.2737078368663788,268496,47,8,False,Left,Back,Centre,Left,62
<_io.BytesIO object at 0x00000178E5FEBF90>,0.6093608140945435,0.025064099580049515,0.33992961049079895,268496,47,8,False,Left,Back,Centre,Left,62
<_io.BytesIO object at 0x00000178E5FDE180>,0.6597184538841248,0.10014139860868454,0.35490667819976807,268496,47,8,False,Left,Back,Centre,Left,62
<_io.BytesIO object at 0x00000178E5FDEB80>,0.6246519684791565,0.11232607066631317,0.26879504323005676,268496,47,8,False,Left,Back,Centre,Left,62
<_io.BytesIO object at 0x00000178E5FCA9F0>,0.2400159388780594,-0.1332707703113556,-0.21172641217708588,268497,47,8,False,Left,Back,Centre,Left,62
<_io.BytesIO object at 0x00000178E5FCA860>,0.2759382724761963,-0.05153847485780716,-0.23780936002731323,268497,47,8,False,Left,Back,Centre,Left,62
<_io.BytesIO object at 0x00000178E3246D60>,0.2299811840057373,-0.1342487931251526,-0.3036118447780609,268497,47,8,False,Left,Back,Centre,Left,62
<_io.BytesIO object at 0x00000178E3246C20>,0.2375078946352005,-0.06041062995791435,-0.30040979385375977,268497,47,8,False,Left,Back,Centre,Left,62
<_io.BytesIO object at 0x00000178E3246220>,0.23543037474155426,-0.051998820155858994,-0.25309664011001587,268497,47,8,False,Left,Back,Centre,Left,62
<_io.BytesIO object at 0x00000178E32463B0>,0.637035608291626,0.06629762798547745,0.27087128162384033,268497,47,8,False,Left,Back,Centre,Left,62
<_io.BytesIO object at 0x00000178E3246590>,0.6056689620018005,0.04330591857433319,0.2735332250595093,268497,47,8,False,Left,Back,Centre,Left,62
<_io.BytesIO object at 0x00000178E3246680>,0.6099433302879333,0.024885393679142,0.3398827910423279,268497,47,8,False,Left,Back,Centre,Left,62
<_io.BytesIO object at 0x00000178E5F8C900>,0.6607338786125183,0.0999428778886795,0.3548087775707245,268497,47,8,False,Left,Back,Centre,Left,62
<_io.BytesIO object at 0x00000178E5F8C5E0>,0.6253519654273987,0.11233120411634445,0.26874682307243347,268497,47,8,False,Left,Back,Centre,Left,62
<_io.BytesIO object at 0x00000178E5FC0450>,0.23985181748867035,-0.13307321071624756,-0.21058416366577148,268498,47,8,False,Left,Back,Centre,Left,62
<_io.BytesIO object at 0x00000178DE5E5810>,0.275770366191864,-0.05143923684954643,-0.2369527369737625,268498,47,8,False,Left,Back,Centre,Left,62
<_io.BytesIO object at 0x00000178E5FF9C20>,0.22953367233276367,-0.13413289189338684,-0.30245065689086914,268498,47,8,False,Left,Back,Centre,Left,62
<_io.BytesIO object at 0x00000178E5FF95E0>,0.23712410032749176,-0.06026080250740051,-0.29941749572753906,268498,47,8,False,Left,Back,Centre,Left,62
<_io.BytesIO object at 0x00000178E5FF96D0>,0.23515857756137848,-0.05191352590918541,-0.25208836793899536,268498,47,8,False,Left,Back,Centre,Left,62
<_io.BytesIO object at 0x00000178E5FF9040>,0.6375476121902466,0.06604758650064468,0.2708083391189575,268498,47,8,False,Left,Back,Centre,Left,62
<_io.BytesIO object at 0x00000178E5FF99F0>,0.6062420606613159,0.04335559904575348,0.2734128534793854,268498,47,8,False,Left,Back,Centre,Left,62
<_io.BytesIO object at 0x00000178E5FF9F90>,0.6104733347892761,0.02488938719034195,0.3398086428642273,268498,47,8,False,Left,Back,Centre,Left,62
<_io.BytesIO object at 0x00000178E5FF9E50>,0.6613571643829346,0.09993667900562286,0.3546202778816223,268498,47,8,False,Left,Back,Centre,Left,62
<_io.BytesIO object at 0x00000178E5FF99A0>,0.6259326934814453,0.1122528687119484,0.26862987875938416,268498,47,8,False,Left,Back,Centre,Left,62
<_io.BytesIO object at 0x00000178E5F8B2C0>,0.23964838683605194,-0.1328192949295044,-0.20944346487522125,268499,47,8,False,Left,Back,Centre,Left,62
<_io.BytesIO object at 0x00000178E5F8BEF0>,0.27560484409332275,-0.05129015073180199,-0.23615242540836334,268499,47,8,False,Left,Back,Centre,Left,62
<_io.BytesIO object at 0x00000178E3236090>,0.22908219695091248,-0.13403017818927765,-0.30132269859313965,268499,47,8,False,Left,Back,Centre,Left,62
<_io.BytesIO object at 0x00000178E3236E50>,0.23666612803936005,-0.06029042229056358,-0.29839468002319336,268499,47,8,False,Left,Back,Centre,Left,62
<_io.BytesIO object at 0x00000178E3236C20>,0.23503440618515015,-0.05186046287417412,-0.2513079047203064,268499,47,8,False,Left,Back,Centre,Left,62
<_io.BytesIO object at 0x00000178E3236F40>,0.6381620764732361,0.06602311879396439,0.2706320583820343,268499,47,8,False,Left,Back,Centre,Left,62
<_io.BytesIO object at 0x00000178E3236950>,0.6067730188369751,0.04343703016638756,0.27327460050582886,268499,47,8,False,Left,Back,Centre,Left,62
<_io.BytesIO object at 0x00000178E3236E00>,0.6105276346206665,0.025092124938964844,0.33974385261535645,268499,47,8,False,Left,Back,Centre,Left,62
<_io.BytesIO object at 0x00000178E5F77540>,0.6614688038825989,0.10031075775623322,0.3549129366874695,268499,47,8,False,Left,Back,Centre,Left,62
<_io.BytesIO object at 0x00000178E5F77950>,0.6267574429512024,0.11206883192062378,0.2686437666416168,268499,47,8,False,Left,Back,Centre,Left,62
<_io.BytesIO object at 0x00000178E3236130>,0.23956449329853058,-0.132662832736969,-0.20831824839115143,268500,47,8,False,Left,Back,Centre,Left,62
<_io.BytesIO object at 0x00000178E5F8B6D0>,0.27550357580184937,-0.051217641681432724,-0.2353922575712204,268500,47,8,False,Left,Back,Centre,Left,62
<_io.BytesIO object at 0x00000178E5F8BE00>,0.2286391407251358,-0.13393837213516235,-0.3001720607280731,268500,47,8,False,Left,Back,Centre,Left,62
<_io.BytesIO object at 0x00000178E5FDDBD0>,0.23649203777313232,-0.060173582285642624,-0.2973083555698395,268500,47,8,False,Left,Back,Centre,Left,62
<_io.BytesIO object at 0x00000178E5FDD450>,0.23476606607437134,-0.05179045721888542,-0.25035029649734497,268500,47,8,False,Left,Back,Centre,Left,62
<_io.BytesIO object at 0x00000178E5FDD2C0>,0.6389529705047607,0.06604635715484619,0.27040746808052063,268500,47,8,False,Left,Back,Centre,Left,62
<_io.BytesIO object at 0x00000178E5FDD360>,0.6072575449943542,0.04352600872516632,0.2731163203716278,268500,47,8,False,Left,Back,Centre,Left,62
<_io.BytesIO object at 0x00000178E5FDD720>,0.6109961867332458,0.02526582032442093,0.3396419882774353,268500,47,8,False,Left,Back,Centre,Left,62
<_io.BytesIO object at 0x00000178E5FDD270>,0.6617842316627502,0.10065371543169022,0.35418781638145447,268500,47,8,False,Left,Back,Centre,Left,62
<_io.BytesIO object at 0x00000178E5FDD180>,0.6273247599601746,0.11198175698518753,0.26853278279304504,268500,47,8,False,Left,Back,Centre,Left,62
<_io.BytesIO object at 0x00000178E5FF9590>,0.23944100737571716,-0.13245315849781036,-0.20717120170593262,268501,47,8,False,Left,Back,Centre,Left,62
<_io.BytesIO object at 0x00000178E5FC0450>,0.27529507875442505,-0.05102304369211197,-0.23456312716007233,268501,47,8,False,Left,Back,Centre,Left,62
<_io.BytesIO object at 0x00000178E5FC0270>,0.22821088135242462,-0.13384470343589783,-0.2990065813064575,268501,47,8,False,Left,Back,Centre,Left,62
<_io.BytesIO object at 0x00000178E5FC0360>,0.23595772683620453,-0.059949252754449844,-0.29636868834495544,268501,47,8,False,Left,Back,Centre,Left,62
<_io.BytesIO object at 0x00000178E5FC0310>,0.2344587743282318,-0.05159173905849457,-0.24929766356945038,268501,47,8,False,Left,Back,Centre,Left,62
<_io.BytesIO object at 0x00000178E5FC0B30>,0.6397539973258972,0.06609660387039185,0.2700265049934387,268501,47,8,False,Left,Back,Centre,Left,62
<_io.BytesIO object at 0x00000178E5FC0EF0>,0.6077337861061096,0.04362799972295761,0.2729416787624359,268501,47,8,False,Left,Back,Centre,Left,62
<_io.BytesIO object at 0x00000178E5F8C590>,0.6118115782737732,0.025312140583992004,0.33946967124938965,268501,47,8,False,Left,Back,Centre,Left,62
<_io.BytesIO object at 0x00000178E5F8C090>,0.6622013449668884,0.10086248070001602,0.35276296734809875,268501,47,8,False,Left,Back,Centre,Left,62
<_io.BytesIO object at 0x00000178E5F8CDB0>,0.6278717517852783,0.11192862689495087,0.2685660719871521,268501,47,8,False,Left,Back,Centre,Left,62
<_io.BytesIO object at 0x00000178E3246A40>,0.23931150138378143,-0.13226401805877686,-0.20605936646461487,268502,47,8,False,Left,Back,Centre,Left,62
<_io.BytesIO object at 0x00000178E5FCA040>,0.2750326991081238,-0.050927747040987015,-0.23343044519424438,268502,47,8,False,Left,Back,Centre,Left,62
<_io.BytesIO object at 0x00000178E5FCA400>,0.2277858704328537,-0.13374078273773193,-0.297835111618042,268502,47,8,False,Left,Back,Centre,Left,62
<_io.BytesIO object at 0x00000178E5FCA810>,0.23583559691905975,-0.060147833079099655,-0.2951989471912384,268502,47,8,False,Left,Back,Centre,Left,62
<_io.BytesIO object at 0x00000178E5FDEE00>,0.23428329825401306,-0.05150221660733223,-0.2482435256242752,268502,47,8,False,Left,Back,Centre,Left,62
<_io.BytesIO object at 0x00000178E5FDE3B0>,0.640450119972229,0.06633235514163971,0.2696678936481476,268502,47,8,False,Left,Back,Centre,Left,62
<_io.BytesIO object at 0x00000178E5FDE2C0>,0.6081292033195496,0.043666645884513855,0.2728246748447418,268502,47,8,False,Left,Back,Centre,Left,62
<_io.BytesIO object at 0x00000178E5FDE9A0>,0.6123189330101013,0.025836650282144547,0.3393198549747467,268502,47,8,False,Left,Back,Centre,Left,62
<_io.BytesIO object at 0x00000178E5FDE0E0>,0.6626845002174377,0.10087002068758011,0.3510316014289856,268502,47,8,False,Left,Back,Centre,Left,62
<_io.BytesIO object at 0x00000178E5FDE8B0>,0.6288848519325256,0.11230913549661636,0.2679145634174347,268502,47,8,False,Left,Back,Centre,Left,62
<_io.BytesIO object at 0x00000178E5FA36D0>,0.23921635746955872,-0.13204482197761536,-0.2049422413110733,268503,47,8,False,Left,Back,Centre,Left,62
<_io.BytesIO object at 0x00000178E3216680>,0.27482786774635315,-0.05080621689558029,-0.2325393706560135,268503,47,8,False,Left,Back,Centre,Left,62
<_io.BytesIO object at 0x00000178E3216DB0>,0.22738264501094818,-0.13366781175136566,-0.29665106534957886,268503,47,8,False,Left,Back,Centre,Left,62
<_io.BytesIO object at 0x00000178E3216F90>,0.23541930317878723,-0.060085397213697433,-0.29417192935943604,268503,47,8,False,Left,Back,Centre,Left,62
<_io.BytesIO object at 0x00000178E32168B0>,0.23400577902793884,-0.05132191628217697,-0.24720539152622223,268503,47,8,False,Left,Back,Centre,Left,62
<_io.BytesIO object at 0x00000178E3216A90>,0.641119658946991,0.06662263721227646,0.26933717727661133,268503,47,8,False,Left,Back,Centre,Left,62
<_io.BytesIO object at 0x00000178E5FEEC20>,0.6085547804832458,0.04380544647574425,0.2727248966693878,268503,47,8,False,Left,Back,Centre,Left,62
<_io.BytesIO object at 0x00000178E5FEE860>,0.6129036545753479,0.026128944009542465,0.3391042649745941,268503,47,8,False,Left,Back,Centre,Left,62
<_io.BytesIO object at 0x00000178E5FEE130>,0.6630152463912964,0.10090135037899017,0.34984830021858215,268503,47,8,False,Left,Back,Centre,Left,62
<_io.BytesIO object at 0x00000178E5FEE680>,0.6294257640838623,0.11230289191007614,0.26768290996551514,268503,47,8,False,Left,Back,Centre,Left,62
<_io.BytesIO object at 0x00000178E5F76630>,0.23911021649837494,-0.13189324736595154,-0.2038043886423111,268504,47,8,False,Left,Back,Centre,Left,62
<_io.BytesIO object at 0x00000178E31DE9A0>,0.2746175229549408,-0.05064570903778076,-0.23167221248149872,268504,47,8,False,Left,Back,Centre,Left,62
<_io.BytesIO object at 0x00000178E31DE8B0>,0.22698485851287842,-0.1336183100938797,-0.29548677802085876,268504,47,8,False,Left,Back,Centre,Left,62
<_io.BytesIO object at 0x00000178E31DEE00>,0.23475107550621033,-0.05989276245236397,-0.2932433485984802,268504,47,8,False,Left,Back,Centre,Left,62
<_io.BytesIO object at 0x00000178E5FCFEF0>,0.23373618721961975,-0.05125994235277176,-0.24615411460399628,268504,47,8,False,Left,Back,Centre,Left,62
<_io.BytesIO object at 0x00000178E5FCF310>,0.6417791843414307,0.06685429066419601,0.26899686455726624,268504,47,8,False,Left,Back,Centre,Left,62
<_io.BytesIO object at 0x00000178E5FCF630>,0.6088969707489014,0.04395997151732445,0.27259692549705505,268504,47,8,False,Left,Back,Centre,Left,62
<_io.BytesIO object at 0x00000178E5FCF0E0>,0.6135491132736206,0.026121623814105988,0.3389134705066681,268504,47,8,False,Left,Back,Centre,Left,62
<_io.BytesIO object at 0x00000178E5FCF040>,0.6632400155067444,0.1010509505867958,0.349025160074234,268504,47,8,False,Left,Back,Centre,Left,62
<_io.BytesIO object at 0x00000178E5FCF6D0>,0.6297346353530884,0.11204990744590759,0.26791656017303467,268504,47,8,False,Left,Back,Centre,Left,62
<_io.BytesIO object at 0x00000178E5F77720>,0.238929882645607,-0.1316656470298767,-0.20272783935070038,268505,47,8,False,Left,Back,Centre,Left,62
<_io.BytesIO object at 0x00000178E5F77DB0>,0.27438783645629883,-0.050503335893154144,-0.23077140748500824,268505,47,8,False,Left,Back,Centre,Left,62
<_io.BytesIO object at 0x00000178E5F77270>,0.22659049928188324,-0.1335742026567459,-0.29433584213256836,268505,47,8,False,Left,Back,Centre,Left,62
<_io.BytesIO object at 0x00000178E5F42360>,0.23455114662647247,-0.05991579592227936,-0.292158305644989,268505,47,8,False,Left,Back,Centre,Left,62
<_io.BytesIO object at 0x00000178E5F42220>,0.23344679176807404,-0.05110178142786026,-0.2451777160167694,268505,47,8,False,Left,Back,Centre,Left,62
<_io.BytesIO object at 0x00000178E5FEE220>,0.6423528790473938,0.06705106794834137,0.2687174677848816,268505,47,8,False,Left,Back,Centre,Left,62
<_io.BytesIO object at 0x00000178E5FEE0E0>,0.6092146039009094,0.044105373322963715,0.2724556624889374,268505,47,8,False,Left,Back,Centre,Left,62
<_io.BytesIO object at 0x00000178E5FEE950>,0.6140338182449341,0.026153985410928726,0.33868756890296936,268505,47,8,False,Left,Back,Centre,Left,62
<_io.BytesIO object at 0x00000178E5FEED10>,0.6633939146995544,0.1012071967124939,0.3485410213470459,268505,47,8,False,Left,Back,Centre,Left,62
<_io.BytesIO object at 0x00000178E5FEEE50>,0.6299842596054077,0.11202453076839447,0.26800575852394104,268505,47,8,False,Left,Back,Centre,Left,62
<_io.BytesIO object at 0x00000178E5FDE590>,0.23877038061618805,-0.13154903054237366,-0.20161567628383636,268506,47,8,False,Left,Back,Centre,Left,62
<_io.BytesIO object at 0x00000178E5FDED10>,0.2737565338611603,-0.0499982088804245,-0.22949300706386566,268506,47,8,False,Left,Back,Centre,Left,62
<_io.BytesIO object at 0x00000178E5FDE3B0>,0.2262028604745865,-0.1335447132587433,-0.2931991517543793,268506,47,8,False,Left,Back,Centre,Left,62
<_io.BytesIO object at 0x00000178E5FDE540>,0.23426440358161926,-0.06001695990562439,-0.2910994291305542,268506,47,8,False,Left,Back,Centre,Left,62
<_io.BytesIO object at 0x00000178E5FCA720>,0.23321180045604706,-0.05096319317817688,-0.2441103607416153,268506,47,8,False,Left,Back,Centre,Left,62
<_io.BytesIO object at 0x00000178E5FCA5E0>,0.6428134441375732,0.06716953963041306,0.26843878626823425,268506,47,8,False,Left,Back,Centre,Left,62
<_io.BytesIO object at 0x00000178E5FCABD0>,0.6095229387283325,0.04421393945813179,0.2722504138946533,268506,47,8,False,Left,Back,Centre,Left,62
<_io.BytesIO object at 0x00000178E5FCA0E0>,0.6142016649246216,0.026353519409894943,0.3384518027305603,268506,47,8,False,Left,Back,Centre,Left,62
<_io.BytesIO object at 0x00000178E5FCA270>,0.6635882258415222,0.10131832957267761,0.3481413722038269,268506,47,8,False,Left,Back,Centre,Left,62
<_io.BytesIO object at 0x00000178E5FCA6D0>,0.6305537819862366,0.11205430328845978,0.26786985993385315,268506,47,8,False,Left,Back,Centre,Left,62
<_io.BytesIO object at 0x00000178DE5E5810>,0.23855017125606537,-0.1312643587589264,-0.2005200982093811,268507,47,8,False,Left,Back,Centre,Left,62
<_io.BytesIO object at 0x00000178E5FF9F40>,0.2735363841056824,-0.04989133030176163,-0.228544220328331,268507,47,8,False,Left,Back,Centre,Left,62
<_io.BytesIO object at 0x00000178E5FF98B0>,0.22585439682006836,-0.13354091346263885,-0.29206204414367676,268507,47,8,False,Left,Back,Centre,Left,62
<_io.BytesIO object at 0x00000178E5FF9EF0>,0.23389023542404175,-0.05992789939045906,-0.29010987281799316,268507,47,8,False,Left,Back,Centre,Left,62
<_io.BytesIO object at 0x00000178E5FF9E00>,0.23297254741191864,-0.05088305473327637,-0.24315780401229858,268507,47,8,False,Left,Back,Centre,Left,62
<_io.BytesIO object at 0x00000178E5FF91D0>,0.6432111263275146,0.06722177565097809,0.26823052763938904,268507,47,8,False,Left,Back,Centre,Left,62
<_io.BytesIO object at 0x00000178E5FF9860>,0.6097425818443298,0.044256843626499176,0.2720409035682678,268507,47,8,False,Left,Back,Centre,Left,62
<_io.BytesIO object at 0x00000178E5FDDEF0>,0.6142531037330627,0.026558831334114075,0.33821532130241394,268507,47,8,False,Left,Back,Centre,Left,62
<_io.BytesIO object at 0x00000178E5FDDB80>,0.6637868285179138,0.10136308521032333,0.34787648916244507,268507,47,8,False,Left,Back,Centre,Left,62
<_io.BytesIO object at 0x00000178E5FDD090>,0.6310239434242249,0.1122489795088768,0.26752448081970215,268507,47,8,False,Left,Back,Centre,Left,62
<_io.BytesIO object at 0x00000178E5F8BC20>,0.2384205311536789,-0.13115204870700836,-0.19941338896751404,268508,47,8,False,Left,Back,Centre,Left,62
<_io.BytesIO object at 0x00000178E32360E0>,0.27342626452445984,-0.0498928464949131,-0.227898970246315,268508,47,8,False,Left,Back,Centre,Left,62
<_io.BytesIO object at 0x00000178E3236F90>,0.22551697492599487,-0.13355319201946259,-0.2909528613090515,268508,47,8,False,Left,Back,Centre,Left,62
<_io.BytesIO object at 0x00000178E3236310>,0.233528271317482,-0.05986396223306656,-0.2891780138015747,268508,47,8,False,Left,Back,Centre,Left,62
<_io.BytesIO object at 0x00000178E3236590>,0.23264151811599731,-0.050792090594768524,-0.24216878414154053,268508,47,8,False,Left,Back,Centre,Left,62
<_io.BytesIO object at 0x00000178E5F76770>,0.6434500217437744,0.06731555610895157,0.26807084679603577,268508,47,8,False,Left,Back,Centre,Left,62
<_io.BytesIO object at 0x00000178E5F76860>,0.6099163889884949,0.044333793222904205,0.27186617255210876,268508,47,8,False,Left,Back,Centre,Left,62
<_io.BytesIO object at 0x00000178E5F76EF0>,0.6143454909324646,0.026650648564100266,0.3380052447319031,268508,47,8,False,Left,Back,Centre,Left,62
<_io.BytesIO object at 0x00000178E5F76C70>,0.663969874382019,0.1013590544462204,0.34774428606033325,268508,47,8,False,Left,Back,Centre,Left,62
<_io.BytesIO object at 0x00000178E5F766D0>,0.6312951445579529,0.11237314343452454,0.2672865688800812,268508,47,8,False,Left,Back,Centre,Left,62
<_io.BytesIO object at 0x00000178E5F77AE0>,0.23821426928043365,-0.1309589296579361,-0.19834497570991516,268509,47,8,False,Left,Back,Centre,Left,62
<_io.BytesIO object at 0x00000178E5F8C900>,0.2732546627521515,-0.04987525939941406,-0.22709138691425323,268509,47,8,False,Left,Back,Centre,Left,62
<_io.BytesIO object at 0x00000178E5F8CB30>,0.22517706453800201,-0.1335710734128952,-0.28985461592674255,268509,47,8,False,Left,Back,Centre,Left,62
<_io.BytesIO object at 0x00000178E5F8C130>,0.23321866989135742,-0.059968963265419006,-0.28825843334198,268509,47,8,False,Left,Back,Centre,Left,62
<_io.BytesIO object at 0x00000178E5F8CC70>,0.23244406282901764,-0.05074823647737503,-0.24138273298740387,268509,47,8,False,Left,Back,Centre,Left,62
<_io.BytesIO object at 0x00000178E5FC20E0>,0.6435827612876892,0.06739283353090286,0.26793453097343445,268509,47,8,False,Left,Back,Centre,Left,62
<_io.BytesIO object at 0x00000178E5FC2AE0>,0.6100547313690186,0.04442679509520531,0.2716870903968811,268509,47,8,False,Left,Back,Centre,Left,62
<_io.BytesIO object at 0x00000178E5FC2D60>,0.6144601702690125,0.02662421390414238,0.3378032445907593,268509,47,8,False,Left,Back,Centre,Left,62
<_io.BytesIO object at 0x00000178E5FC2CC0>,0.6641242504119873,0.10130096226930618,0.3477122485637665,268509,47,8,False,Left,Back,Centre,Left,62
<_io.BytesIO object at 0x00000178E5FC2400>,0.6314030289649963,0.11241890490055084,0.26714447140693665,268509,47,8,False,Left,Back,Centre,Left,62
<_io.BytesIO object at 0x00000178E5FCF310>,0.2379632294178009,-0.13081136345863342,-0.19723862409591675,268510,47,8,False,Left,Back,Centre,Left,62
<_io.BytesIO object at 0x00000178E32168B0>,0.27308347821235657,-0.04981356859207153,-0.22633737325668335,268510,47,8,False,Left,Back,Centre,Left,62
<_io.BytesIO object at 0x00000178E3216EA0>,0.22484254837036133,-0.1336054801940918,-0.28876808285713196,268510,47,8,False,Left,Back,Centre,Left,62
<_io.BytesIO object at 0x00000178E3216C70>,0.2326810657978058,-0.05991619452834129,-0.2874358594417572,268510,47,8,False,Left,Back,Centre,Left,62
<_io.BytesIO object at 0x00000178E3216CC0>,0.23217645287513733,-0.05067328363656998,-0.24057279527187347,268510,47,8,False,Left,Back,Centre,Left,62
<_io.BytesIO object at 0x00000178E3216090>,0.6436262726783752,0.06746727228164673,0.2678357660770416,268510,47,8,False,Left,Back,Centre,Left,62
<_io.BytesIO object at 0x00000178E5FC03B0>,0.6101551055908203,0.044525135308504105,0.2715161442756653,268510,47,8,False,Left,Back,Centre,Left,62
<_io.BytesIO object at 0x00000178E5FC0F40>,0.6145053505897522,0.02654418721795082,0.33758822083473206,268510,47,8,False,Left,Back,Centre,Left,62
<_io.BytesIO object at 0x00000178E5FC0DB0>,0.6642118692398071,0.10117802768945694,0.3477857708930969,268510,47,8,False,Left,Back,Centre,Left,62
<_io.BytesIO object at 0x00000178E5FC0C20>,0.6314231157302856,0.11250526458024979,0.26701200008392334,268510,47,8,False,Left,Back,Centre,Left,62
<_io.BytesIO object at 0x00000178E5FC0950>,0.23773416876792908,-0.13062795996665955,-0.1962888240814209,268511,47,8,False,Left,Back,Centre,Left,62
<_io.BytesIO object at 0x00000178E3216CC0>,0.27284613251686096,-0.04973270371556282,-0.2254345715045929,268511,47,8,False,Left,Back,Centre,Left,62
<_io.BytesIO object at 0x00000178E3216220>,0.22453074157238007,-0.13363002240657806,-0.2877201437950134,268511,47,8,False,Left,Back,Centre,Left,62
<_io.BytesIO object at 0x00000178E3216E50>,0.23260945081710815,-0.05996721610426903,-0.2865407168865204,268511,47,8,False,Left,Back,Centre,Left,62
<_io.BytesIO object at 0x00000178E3216770>,0.23196054995059967,-0.05055752396583557,-0.23963095247745514,268511,47,8,False,Left,Back,Centre,Left,62
<_io.BytesIO object at 0x00000178E32162C0>,0.6435659527778625,0.06755013763904572,0.26772210001945496,268511,47,8,False,Left,Back,Centre,Left,62
<_io.BytesIO object at 0x00000178E5FCFB80>,0.6101767420768738,0.044584017246961594,0.27136287093162537,268511,47,8,False,Left,Back,Centre,Left,62
<_io.BytesIO object at 0x00000178E5FCFEF0>,0.6144546270370483,0.026427950710058212,0.33735713362693787,268511,47,8,False,Left,Back,Centre,Left,62
<_io.BytesIO object at 0x00000178E5FCF950>,0.6642099618911743,0.10100934654474258,0.34796255826950073,268511,47,8,False,Left,Back,Centre,Left,62
<_io.BytesIO object at 0x00000178E5FCF630>,0.631324291229248,0.11261605471372604,0.26681867241859436,268511,47,8,False,Left,Back,Centre,Left,62
<_io.BytesIO object at 0x00000178E5FC2C70>,0.23749977350234985,-0.13044454157352448,-0.19525013864040375,268512,47,8,False,Left,Back,Centre,Left,62
<_io.BytesIO object at 0x00000178E5F8C590>,0.27264150977134705,-0.049648549407720566,-0.2246895283460617,268512,47,8,False,Left,Back,Centre,Left,62
<_io.BytesIO object at 0x00000178E5F8C9F0>,0.22424395382404327,-0.13365550339221954,-0.2867095470428467,268512,47,8,False,Left,Back,Centre,Left,62
<_io.BytesIO object at 0x00000178E5F8C680>,0.2321750819683075,-0.05989735573530197,-0.28579777479171753,268512,47,8,False,Left,Back,Centre,Left,62
<_io.BytesIO object at 0x00000178E5F77E00>,0.23177838325500488,-0.050605084747076035,-0.23881402611732483,268512,47,8,False,Left,Back,Centre,Left,62
<_io.BytesIO object at 0x00000178E5F779A0>,0.643408477306366,0.06765539199113846,0.26760101318359375,268512,47,8,False,Left,Back,Centre,Left,62
<_io.BytesIO object at 0x00000178E5F77180>,0.6101682186126709,0.04461531341075897,0.2711339592933655,268512,47,8,False,Left,Back,Centre,Left,62
<_io.BytesIO object at 0x00000178E5F779F0>,0.6143083572387695,0.026293788105249405,0.337080717086792,268512,47,8,False,Left,Back,Centre,Left,62
<_io.BytesIO object at 0x00000178E5F77EA0>,0.6640902161598206,0.1008368581533432,0.3482506275177002,268512,47,8,False,Left,Back,Centre,Left,62
<_io.BytesIO object at 0x00000178E5F773B0>,0.6312057375907898,0.11275766044855118,0.2666394114494324,268512,47,8,False,Left,Back,Centre,Left,62
<_io.BytesIO object at 0x00000178E5F76630>,0.23728956282138824,-0.13030874729156494,-0.1942947804927826,268513,47,8,False,Left,Back,Centre,Left,62
<_io.BytesIO object at 0x00000178E32361D0>,0.2724728584289551,-0.04959605634212494,-0.2240002304315567,268513,47,8,False,Left,Back,Centre,Left,62
<_io.BytesIO object at 0x00000178E3236090>,0.22397452592849731,-0.13366557657718658,-0.2857230305671692,268513,47,8,False,Left,Back,Centre,Left,62
<_io.BytesIO object at 0x00000178E3236860>,0.23226526379585266,-0.06017841398715973,-0.2848410904407501,268513,47,8,False,Left,Back,Centre,Left,62
<_io.BytesIO object at 0x00000178E32364F0>,0.23157259821891785,-0.05050516128540039,-0.23799221217632294,268513,47,8,False,Left,Back,Centre,Left,62
<_io.BytesIO object at 0x00000178E5F8B0E0>,0.643089771270752,0.06784825026988983,0.26742252707481384,268513,47,8,False,Left,Back,Centre,Left,62
<_io.BytesIO object at 0x00000178E5F8B720>,0.6100990772247314,0.04464440792798996,0.2708997130393982,268513,47,8,False,Left,Back,Centre,Left,62
<_io.BytesIO object at 0x00000178E5F8BB30>,0.6140879392623901,0.02608022838830948,0.336737722158432,268513,47,8,False,Left,Back,Centre,Left,62
<_io.BytesIO object at 0x00000178E5F8BDB0>,0.6638065576553345,0.10060179233551025,0.34856492280960083,268513,47,8,False,Left,Back,Centre,Left,62
<_io.BytesIO object at 0x00000178E5F8BC70>,0.6309723258018494,0.11288904398679733,0.26649948954582214,268513,47,8,False,Left,Back,Centre,Left,62
<_io.BytesIO object at 0x00000178E5FF9310>,0.23711834847927094,-0.13015149533748627,-0.1933392733335495,268514,47,8,False,Left,Back,Centre,Left,62
<_io.BytesIO object at 0x00000178E5FF9220>,0.2722807228565216,-0.04953780025243759,-0.22318211197853088,268514,47,8,False,Left,Back,Centre,Left,62
<_io.BytesIO object at 0x00000178E5FF9180>,0.22372765839099884,-0.13368749618530273,-0.28481224179267883,268514,47,8,False,Left,Back,Centre,Left,62
<_io.BytesIO object at 0x00000178E5FF90E0>,0.232034370303154,-0.0602002777159214,-0.28406697511672974,268514,47,8,False,Left,Back,Centre,Left,62
<_io.BytesIO object at 0x00000178E5FF9CC0>,0.23139448463916779,-0.05048571154475212,-0.23729220032691956,268514,47,8,False,Left,Back,Centre,Left,62
<_io.BytesIO object at 0x00000178DE5E5720>,0.642698347568512,0.06808474659919739,0.2672453224658966,268514,47,8,False,Left,Back,Centre,Left,62
<_io.BytesIO object at 0x00000178DE5E5770>,0.6099364757537842,0.04462340846657753,0.27060917019844055,268514,47,8,False,Left,Back,Centre,Left,62
<_io.BytesIO object at 0x00000178E32468B0>,0.6138163805007935,0.025753416121006012,0.3362746834754944,268514,47,8,False,Left,Back,Centre,Left,62
<_io.BytesIO object at 0x00000178E3246B80>,0.6633345484733582,0.10027062147855759,0.3488381505012512,268514,47,8,False,Left,Back,Centre,Left,62
<_io.BytesIO object at 0x00000178E3246E50>,0.630534291267395,0.11307814717292786,0.2662903666496277,268514,47,8,False,Left,Back,Centre,Left,62
<_io.BytesIO object at 0x00000178E5FCAC20>,0.23688183724880219,-0.12998107075691223,-0.1924138069152832,268515,47,8,False,Left,Back,Centre,Left,62
<_io.BytesIO object at 0x00000178E5FDE9A0>,0.2721601128578186,-0.04946531355381012,-0.22251670062541962,268515,47,8,False,Left,Back,Centre,Left,62
<_io.BytesIO object at 0x00000178E5FDEC70>,0.22350084781646729,-0.13371224701404572,-0.28388476371765137,268515,47,8,False,Left,Back,Centre,Left,62
<_io.BytesIO object at 0x00000178E5FDEEA0>,0.23182213306427002,-0.06022147461771965,-0.28337618708610535,268515,47,8,False,Left,Back,Centre,Left,62
<_io.BytesIO object at 0x00000178E5FDE6D0>,0.23124122619628906,-0.05043788626790047,-0.23658953607082367,268515,47,8,False,Left,Back,Centre,Left,62
<_io.BytesIO object at 0x00000178E5FDEA40>,0.6423137187957764,0.06831392645835876,0.26711222529411316,268515,47,8,False,Left,Back,Centre,Left,62
<_io.BytesIO object at 0x00000178E5FDED60>,0.6096745133399963,0.044593192636966705,0.27028417587280273,268515,47,8,False,Left,Back,Centre,Left,62
<_io.BytesIO object at 0x00000178E5FDE4A0>,0.6134814023971558,0.025484666228294373,0.3358377516269684,268515,47,8,False,Left,Back,Centre,Left,62
<_io.BytesIO object at 0x00000178E5FA39A0>,0.6627360582351685,0.10004345327615738,0.3491499722003937,268515,47,8,False,Left,Back,Centre,Left,62
<_io.BytesIO object at 0x00000178E5FA3770>,0.6299307942390442,0.11324962973594666,0.2659567594528198,268515,47,8,False,Left,Back,Centre,Left,62
<_io.BytesIO object at 0x00000178E5FEEB30>,0.23680870234966278,-0.1298959106206894,-0.19159947335720062,268516,47,8,False,Left,Back,Centre,Left,62
<_io.BytesIO object at 0x00000178E5FEE810>,0.27207496762275696,-0.049448397010564804,-0.2218957394361496,268516,47,8,False,Left,Back,Centre,Left,62
<_io.BytesIO object at 0x00000178E31DE1D0>,0.2233179807662964,-0.13372378051280975,-0.28300732374191284,268516,47,8,False,Left,Back,Centre,Left,62
<_io.BytesIO object at 0x00000178E31DE090>,0.23167315125465393,-0.060246359556913376,-0.2826594412326813,268516,47,8,False,Left,Back,Centre,Left,62
<_io.BytesIO object at 0x00000178E31DE2C0>,0.23115672171115875,-0.05041002109646797,-0.23582719266414642,268516,47,8,False,Left,Back,Centre,Left,62
<_io.BytesIO object at 0x00000178E5FEE0E0>,0.6418560147285461,0.06848891824483871,0.2668496370315552,268516,47,8,False,Left,Back,Centre,Left,62
<_io.BytesIO object at 0x00000178E5FEE4A0>,0.6093418002128601,0.04452941566705704,0.269866943359375,268516,47,8,False,Left,Back,Centre,Left,62
<_io.BytesIO object at 0x00000178E5FEE950>,0.6131095290184021,0.02517864853143692,0.33536088466644287,268516,47,8,False,Left,Back,Centre,Left,62
<_io.BytesIO object at 0x00000178E5FEEC20>,0.6619739532470703,0.09990555047988892,0.34942856431007385,268516,47,8,False,Left,Back,Centre,Left,62
<_io.BytesIO object at 0x00000178E5FEE5E0>,0.6291837096214294,0.11323916167020798,0.26574158668518066,268516,47,8,False,Left,Back,Centre,Left,62
<_io.BytesIO object at 0x00000178E5FDE7C0>,0.2366573065519333,-0.1297878473997116,-0.19074153900146484,268517,47,8,False,Left,Back,Centre,Left,62
<_io.BytesIO object at 0x00000178E5FDEC20>,0.27196866273880005,-0.04939322546124458,-0.2212475687265396,268517,47,8,False,Left,Back,Centre,Left,62
<_io.BytesIO object at 0x00000178E5FDE5E0>,0.2231503278017044,-0.13373111188411713,-0.2821597456932068,268517,47,8,False,Left,Back,Centre,Left,62
<_io.BytesIO object at 0x00000178E5FDECC0>,0.23153358697891235,-0.060417480766773224,-0.28195708990097046,268517,47,8,False,Left,Back,Centre,Left,62
<_io.BytesIO object at 0x00000178E5FCA3B0>,0.23105844855308533,-0.050491731613874435,-0.23515543341636658,268517,47,8,False,Left,Back,Centre,Left,62
<_io.BytesIO object at 0x00000178E5FCAF90>,0.641303300857544,0.06864551454782486,0.2664945125579834,268517,47,8,False,Left,Back,Centre,Left,62
<_io.BytesIO object at 0x00000178E5FCA270>,0.6088283061981201,0.04431251436471939,0.26942917704582214,268517,47,8,False,Left,Back,Centre,Left,62
<_io.BytesIO object at 0x00000178E5FCA7C0>,0.6125614643096924,0.024884197860956192,0.33474665880203247,268517,47,8,False,Left,Back,Centre,Left,62
<_io.BytesIO object at 0x00000178E5FCAEA0>,0.6609535217285156,0.09966488182544708,0.3495369255542755,268517,47,8,False,Left,Back,Centre,Left,62
<_io.BytesIO object at 0x00000178E5FCA900>,0.6282477378845215,0.11348680406808853,0.26515674591064453,268517,47,8,False,Left,Back,Centre,Left,62
<_io.BytesIO object at 0x00000178DE5E5810>,0.23648898303508759,-0.12961715459823608,-0.1899290531873703,268518,47,8,False,Left,Back,Centre,Left,62
<_io.BytesIO object at 0x00000178E5FF90E0>,0.2718227803707123,-0.049336113035678864,-0.22057324647903442,268518,47,8,False,Left,Back,Centre,Left,62
<_io.BytesIO object at 0x00000178E5FF98B0>,0.22301854193210602,-0.13373108208179474,-0.281392902135849,268518,47,8,False,Left,Back,Centre,Left,62
<_io.BytesIO object at 0x00000178E5FF9EF0>,0.23158474266529083,-0.06060650199651718,-0.2813038229942322,268518,47,8,False,Left,Back,Centre,Left,62
<_io.BytesIO object at 0x00000178E5FF9810>,0.23093681037425995,-0.050450582057237625,-0.23450115323066711,268518,47,8,False,Left,Back,Centre,Left,62
<_io.BytesIO object at 0x00000178E5FF9860>,0.64078688621521,0.0687299370765686,0.2661937475204468,268518,47,8,False,Left,Back,Centre,Left,62
<_io.BytesIO object at 0x00000178E5FDD900>,0.6082387566566467,0.044100284576416016,0.26893162727355957,268518,47,8,False,Left,Back,Centre,Left,62
<_io.BytesIO object at 0x00000178E5FDD950>,0.611857533454895,0.02470896765589714,0.3342607617378235,268518,47,8,False,Left,Back,Centre,Left,62
<_io.BytesIO object at 0x00000178E5FDD770>,0.6597434282302856,0.09968087077140808,0.34970560669898987,268518,47,8,False,Left,Back,Centre,Left,62
<_io.BytesIO object at 0x00000178E5FDD090>,0.6272990107536316,0.11340275406837463,0.26483193039894104,268518,47,8,False,Left,Back,Centre,Left,62
<_io.BytesIO object at 0x00000178E5F8BC20>,0.23647700250148773,-0.12956832349300385,-0.1892261654138565,268519,47,8,False,Left,Back,Centre,Left,62
<_io.BytesIO object at 0x00000178E3236860>,0.2717946171760559,-0.04932023957371712,-0.21996371448040009,268519,47,8,False,Left,Back,Centre,Left,62
<_io.BytesIO object at 0x00000178E3236F90>,0.2229447364807129,-0.13371577858924866,-0.28063273429870605,268519,47,8,False,Left,Back,Centre,Left,62
<_io.BytesIO object at 0x00000178E3236900>,0.23147347569465637,-0.06062919646501541,-0.28065651655197144,268519,47,8,False,Left,Back,Centre,Left,62
<_io.BytesIO object at 0x00000178E3236DB0>,0.2308712601661682,-0.05050212889909744,-0.23400598764419556,268519,47,8,False,Left,Back,Centre,Left,62
<_io.BytesIO object at 0x00000178E5F76720>,0.640000581741333,0.06888775527477264,0.26573893427848816,268519,47,8,False,Left,Back,Centre,Left,62
<_io.BytesIO object at 0x00000178E5F76450>,0.607620120048523,0.04381117969751358,0.26828330755233765,268519,47,8,False,Left,Back,Centre,Left,62
<_io.BytesIO object at 0x00000178E5F76E50>,0.6110876798629761,0.024391978979110718,0.3335578143596649,268519,47,8,False,Left,Back,Centre,Left,62
<_io.BytesIO object at 0x00000178E5F764A0>,0.6582363247871399,0.09965772926807404,0.34970179200172424,268519,47,8,False,Left,Back,Centre,Left,62
<_io.BytesIO object at 0x00000178E5F76810>,0.626128613948822,0.11338087916374207,0.2644166052341461,268519,47,8,False,Left,Back,Centre,Left,62
<_io.BytesIO object at 0x00000178E5F77900>,0.23650117218494415,-0.12954071164131165,-0.18845951557159424,268520,47,8,False,Left,Back,Centre,Left,62
<_io.BytesIO object at 0x00000178E5F8C680>,0.2717946469783783,-0.0493614561855793,-0.21945178508758545,268520,47,8,False,Left,Back,Centre,Left,62
<_io.BytesIO object at 0x00000178E5F8CB30>,0.22291427850723267,-0.133689284324646,-0.27985680103302,268520,47,8,False,Left,Back,Centre,Left,62
<_io.BytesIO object at 0x00000178E5F8C0E0>,0.23140102624893188,-0.06068350002169609,-0.2801283597946167,268520,47,8,False,Left,Back,Centre,Left,62
<_io.BytesIO object at 0x00000178E5F8CA90>,0.23078030347824097,-0.05046200752258301,-0.23338966071605682,268520,47,8,False,Left,Back,Centre,Left,62
<_io.BytesIO object at 0x00000178E5FC2E50>,0.6393013596534729,0.06902318447828293,0.2655215263366699,268520,47,8,False,Left,Back,Centre,Left,62
<_io.BytesIO object at 0x00000178E5FC2590>,0.6070212721824646,0.043625738471746445,0.2676176428794861,268520,47,8,False,Left,Back,Centre,Left,62
<_io.BytesIO object at 0x00000178E5FC24A0>,0.6102045774459839,0.024257518351078033,0.33299073576927185,268520,47,8,False,Left,Back,Centre,Left,62
<_io.BytesIO object at 0x00000178E5FC2CC0>,0.656531810760498,0.09988687932491302,0.34971484541893005,268520,47,8,False,Left,Back,Centre,Left,62
<_io.BytesIO object at 0x00000178E5FC2F90>,0.6248490214347839,0.11334473639726639,0.26390644907951355,268520,47,8,False,Left,Back,Centre,Left,62
<_io.BytesIO object at 0x00000178E5FCFEF0>,0.23652538657188416,-0.129470095038414,-0.1877841055393219,268521,47,8,False,Left,Back,Centre,Left,62
<_io.BytesIO object at 0x00000178E32169F0>,0.2718002200126648,-0.049301255494356155,-0.21888616681098938,268521,47,8,False,Left,Back,Centre,Left,62
<_io.BytesIO object at 0x00000178E3216F40>,0.22290821373462677,-0.13368545472621918,-0.27920401096343994,268521,47,8,False,Left,Back,Centre,Left,62
<_io.BytesIO object at 0x00000178E3216C70>,0.2314358800649643,-0.06091073155403137,-0.27945443987846375,268521,47,8,False,Left,Back,Centre,Left,62
<_io.BytesIO object at 0x00000178E3216540>,0.2308485060930252,-0.050529222935438156,-0.23284070193767548,268521,47,8,False,Left,Back,Centre,Left,62
<_io.BytesIO object at 0x00000178E5FC0950>,0.638369083404541,0.06920009851455688,0.2651129961013794,268521,47,8,False,Left,Back,Centre,Left,62
<_io.BytesIO object at 0x00000178E5FC05E0>,0.6059783101081848,0.04347214475274086,0.26645082235336304,268521,47,8,False,Left,Back,Centre,Left,62
<_io.BytesIO object at 0x00000178E5FC0F40>,0.6086562871932983,0.02419816330075264,0.3320194482803345,268521,47,8,False,Left,Back,Centre,Left,62
<_io.BytesIO object at 0x00000178E5FC0D10>,0.6545390486717224,0.10012779384851456,0.34956565499305725,268521,47,8,False,Left,Back,Centre,Left,62
<_io.BytesIO object at 0x00000178E5FC06D0>,0.6235531568527222,0.1133984923362732,0.26332786679267883,268521,47,8,False,Left,Back,Centre,Left,62
<_io.BytesIO object at 0x00000178E5FC0EF0>,0.2365693897008896,-0.1294383704662323,-0.18712444603443146,268522,47,8,False,Left,Back,Centre,Left,62
<_io.BytesIO object at 0x00000178E3216950>,0.27184876799583435,-0.04936012253165245,-0.21834398806095123,268522,47,8,False,Left,Back,Centre,Left,62
<_io.BytesIO object at 0x00000178E3216900>,0.22289814054965973,-0.1337166279554367,-0.27854955196380615,268522,47,8,False,Left,Back,Centre,Left,62
<_io.BytesIO object at 0x00000178E32165E0>,0.23146697878837585,-0.06104983761906624,-0.2789294719696045,268522,47,8,False,Left,Back,Centre,Left,62
<_io.BytesIO object at 0x00000178E3216B30>,0.2308799922466278,-0.050598468631505966,-0.23221954703330994,268522,47,8,False,Left,Back,Centre,Left,62
<_io.BytesIO object at 0x00000178E3216EA0>,0.6375191807746887,0.06931141763925552,0.2648245394229889,268522,47,8,False,Left,Back,Centre,Left,62
<_io.BytesIO object at 0x00000178E5FCF9A0>,0.605208694934845,0.04351301118731499,0.265565425157547,268522,47,8,False,Left,Back,Centre,Left,62
<_io.BytesIO object at 0x00000178E5FCF720>,0.6072092056274414,0.024275388568639755,0.3313130736351013,268522,47,8,False,Left,Back,Centre,Left,62
<_io.BytesIO object at 0x00000178E5FCF810>,0.652414083480835,0.10071170330047607,0.34937363862991333,268522,47,8,False,Left,Back,Centre,Left,62
<_io.BytesIO object at 0x00000178E5FCFF90>,0.6223229765892029,0.11348877847194672,0.2627939283847809,268522,47,8,False,Left,Back,Centre,Left,62
<_io.BytesIO object at 0x00000178E5FC2400>,0.23671357333660126,-0.12942160665988922,-0.18652163445949554,268523,47,8,False,Left,Back,Centre,Left,62
<_io.BytesIO object at 0x00000178E5F8C0E0>,0.2719181180000305,-0.049387913197278976,-0.21777284145355225,268523,47,8,False,Left,Back,Centre,Left,62
<_io.BytesIO object at 0x00000178E5F8CEA0>,0.22293773293495178,-0.13376110792160034,-0.27797770500183105,268523,47,8,False,Left,Back,Centre,Left,62
<_io.BytesIO object at 0x00000178E5F8C5E0>,0.23146900534629822,-0.06110653653740883,-0.2783546447753906,268523,47,8,False,Left,Back,Centre,Left,62
<_io.BytesIO object at 0x00000178E5F77860>,0.23095694184303284,-0.050594452768564224,-0.23173965513706207,268523,47,8,False,Left,Back,Centre,Left,62
<_io.BytesIO object at 0x00000178E5F77D10>,0.6363972425460815,0.069606252014637,0.26442429423332214,268523,47,8,False,Left,Back,Centre,Left,62
<_io.BytesIO object at 0x00000178E5F774A0>,0.6045660376548767,0.04370500519871712,0.26498275995254517,268523,47,8,False,Left,Back,Centre,Left,62
<_io.BytesIO object at 0x00000178E5F77270>,0.6058800220489502,0.024546708911657333,0.3307318389415741,268523,47,8,False,Left,Back,Centre,Left,62
<_io.BytesIO object at 0x00000178E5F77810>,0.6501755714416504,0.10139363259077072,0.34899330139160156,268523,47,8,False,Left,Back,Centre,Left,62
<_io.BytesIO object at 0x00000178E5F77CC0>,0.6210049986839294,0.11385483294725418,0.2620733380317688,268523,47,8,False,Left,Back,Centre,Left,62
<_io.BytesIO object at 0x00000178E5F76630>,0.2368975579738617,-0.12942171096801758,-0.18591110408306122,268524,47,8,False,Left,Back,Centre,Left,62
<_io.BytesIO object at 0x00000178E3236900>,0.272028386592865,-0.049393653869628906,-0.21729940176010132,268524,47,8,False,Left,Back,Centre,Left,62
<_io.BytesIO object at 0x00000178E3236D10>,0.2230139672756195,-0.13380840420722961,-0.27733561396598816,268524,47,8,False,Left,Back,Centre,Left,62
<_io.BytesIO object at 0x00000178E3236220>,0.23145753145217896,-0.06114419922232628,-0.2778701186180115,268524,47,8,False,Left,Back,Centre,Left,62
<_io.BytesIO object at 0x00000178E3236540>,0.23100855946540833,-0.050723813474178314,-0.23122155666351318,268524,47,8,False,Left,Back,Centre,Left,62
<_io.BytesIO object at 0x00000178E5F8BD60>,0.6353281140327454,0.06992828845977783,0.26411792635917664,268524,47,8,False,Left,Back,Centre,Left,62
<_io.BytesIO object at 0x00000178E5F8B900>,0.604179322719574,0.0438290536403656,0.2643486559391022,268524,47,8,False,Left,Back,Centre,Left,62
<_io.BytesIO object at 0x00000178E5F8B720>,0.6047750115394592,0.02494359388947487,0.33024778962135315,268524,47,8,False,Left,Back,Centre,Left,62
<_io.BytesIO object at 0x00000178E5F8BDB0>,0.648060142993927,0.10246232897043228,0.3485466241836548,268524,47,8,False,Left,Back,Centre,Left,62
<_io.BytesIO object at 0x00000178E5F8B540>,0.6197056174278259,0.1143127828836441,0.26124146580696106,268524,47,8,False,Left,Back,Centre,Left,62
<_io.BytesIO object at 0x00000178E5FF91D0>,0.23710252344608307,-0.1293930560350418,-0.185374915599823,268525,47,8,False,Left,Back,Centre,Left,62
<_io.BytesIO object at 0x00000178E5FF9EF0>,0.272123247385025,-0.049401771277189255,-0.21689210832118988,268525,47,8,False,Left,Back,Centre,Left,62
<_io.BytesIO object at 0x00000178E5FF95E0>,0.22312423586845398,-0.13387645781040192,-0.27678200602531433,268525,47,8,False,Left,Back,Centre,Left,62
<_io.BytesIO object at 0x00000178E5FF9630>,0.231469988822937,-0.061167024075984955,-0.27736982703208923,268525,47,8,False,Left,Back,Centre,Left,62
<_io.BytesIO object at 0x00000178E5FF93B0>,0.2311636507511139,-0.05073327198624611,-0.23073919117450714,268525,47,8,False,Left,Back,Centre,Left,62
<_io.BytesIO object at 0x00000178DE5E5220>,0.634255051612854,0.07034781575202942,0.26381292939186096,268525,47,8,False,Left,Back,Centre,Left,62
<_io.BytesIO object at 0x00000178DE5E56D0>,0.6037025451660156,0.044259510934352875,0.26336273550987244,268525,47,8,False,Left,Back,Centre,Left,62
<_io.BytesIO object at 0x00000178E3246A40>,0.6035053730010986,0.025561828166246414,0.32958218455314636,268525,47,8,False,Left,Back,Centre,Left,62
<_io.BytesIO object at 0x00000178E3246130>,0.6460778117179871,0.1037607491016388,0.3479134142398834,268525,47,8,False,Left,Back,Centre,Left,62
<_io.BytesIO object at 0x00000178E32466D0>,0.61846923828125,0.11493223160505295,0.2602950632572174,268525,47,8,False,Left,Back,Centre,Left,62
<_io.BytesIO object at 0x00000178E5FCA810>,0.23734354972839355,-0.12943480908870697,-0.18482834100723267,268526,47,8,False,Left,Back,Centre,Left,62
<_io.BytesIO object at 0x00000178E5FDECC0>,0.2722286880016327,-0.04936655983328819,-0.21650248765945435,268526,47,8,False,Left,Back,Centre,Left,62
<_io.BytesIO object at 0x00000178E5FDE7C0>,0.22327589988708496,-0.13393057882785797,-0.27620893716812134,268526,47,8,False,Left,Back,Centre,Left,62
<_io.BytesIO object at 0x00000178E5FDE810>,0.23148362338542938,-0.06123443692922592,-0.27691900730133057,268526,47,8,False,Left,Back,Centre,Left,62
<_io.BytesIO object at 0x00000178E5FDEEF0>,0.23128566145896912,-0.05083616077899933,-0.23024530708789825,268526,47,8,False,Left,Back,Centre,Left,62
<_io.BytesIO object at 0x00000178E5FDE900>,0.6331851482391357,0.0708727091550827,0.2633911669254303,268526,47,8,False,Left,Back,Centre,Left,62
<_io.BytesIO object at 0x00000178E5FDE4F0>,0.6035950779914856,0.04486897215247154,0.26263636350631714,268526,47,8,False,Left,Back,Centre,Left,62
<_io.BytesIO object at 0x00000178E5FEBE00>,0.6025499105453491,0.026463203132152557,0.32901838421821594,268526,47,8,False,Left,Back,Centre,Left,62
<_io.BytesIO object at 0x00000178E5FA3450>,0.644209086894989,0.1053127571940422,0.34720343351364136,268526,47,8,False,Left,Back,Centre,Left,62
<_io.BytesIO object at 0x00000178E5FA3EF0>,0.617383599281311,0.11572153121232986,0.25917771458625793,268526,47,8,False,Left,Back,Centre,Left,62
<_io.BytesIO object at 0x00000178E5FEE680>,0.2376195788383484,-0.12943749129772186,-0.18433086574077606,268527,47,8,False,Left,Back,Centre,Left,62
<_io.BytesIO object at 0x00000178E31DE1D0>,0.27235910296440125,-0.04934963956475258,-0.21610835194587708,268527,47,8,False,Left,Back,Centre,Left,62
<_io.BytesIO object at 0x00000178E31DE900>,0.2234206199645996,-0.1340135931968689,-0.27571389079093933,268527,47,8,False,Left,Back,Centre,Left,62
<_io.BytesIO object at 0x00000178E31DEC20>,0.23167221248149872,-0.06137694790959358,-0.27634692192077637,268527,47,8,False,Left,Back,Centre,Left,62
<_io.BytesIO object at 0x00000178E31DEB30>,0.23132546246051788,-0.05081980302929878,-0.22975213825702667,268527,47,8,False,Left,Back,Centre,Left,62
<_io.BytesIO object at 0x00000178E5FEEEF0>,0.6357487440109253,0.07465876638889313,0.2608630359172821,268527,47,8,False,Left,Back,Centre,Left,62
<_io.BytesIO object at 0x00000178E5FEE220>,0.6039947867393494,0.0451866090297699,0.2619056701660156,268527,47,8,False,Left,Back,Centre,Left,62
<_io.BytesIO object at 0x00000178E5FEE310>,0.6046757698059082,0.027455005794763565,0.3271600008010864,268527,47,8,False,Left,Back,Centre,Left,62
<_io.BytesIO object at 0x00000178E5FEE9A0>,0.642616868019104,0.10722262412309647,0.34633374214172363,268527,47,8,False,Left,Back,Centre,Left,62
<_io.BytesIO object at 0x00000178E5FEE180>,0.6163575649261475,0.1166662946343422,0.2578933537006378,268527,47,8,False,Left,Back,Centre,Left,62
<_io.BytesIO object at 0x00000178E5FDE270>,0.23790670931339264,-0.12944312393665314,-0.1838473379611969,268528,47,8,False,Left,Back,Centre,Left,62
<_io.BytesIO object at 0x00000178E5FDE8B0>,0.27250856161117554,-0.04933514818549156,-0.21573886275291443,268528,47,8,False,Left,Back,Centre,Left,62
<_io.BytesIO object at 0x00000178E5FDE720>,0.2235581874847412,-0.1341235190629959,-0.275211900472641,268528,47,8,False,Left,Back,Centre,Left,62
<_io.BytesIO object at 0x00000178E5FCA360>,0.23169325292110443,-0.06146103888750076,-0.2758967876434326,268528,47,8,False,Left,Back,Centre,Left,62
<_io.BytesIO object at 0x00000178E5FCABD0>,0.23140515387058258,-0.05085787549614906,-0.22932714223861694,268528,47,8,False,Left,Back,Centre,Left,62
<_io.BytesIO object at 0x00000178E5FCAB80>,0.6352569460868835,0.07572959363460541,0.2603367269039154,268528,47,8,False,Left,Back,Centre,Left,62
<_io.BytesIO object at 0x00000178E5FCA270>,0.6044049263000488,0.04566432535648346,0.26097172498703003,268528,47,8,False,Left,Back,Centre,Left,62
<_io.BytesIO object at 0x00000178E5FCACC0>,0.6050701141357422,0.028991401195526123,0.3264058530330658,268528,47,8,False,Left,Back,Centre,Left,62
<_io.BytesIO object at 0x00000178E5FCAA90>,0.6412283182144165,0.10952586680650711,0.3453007936477661,268528,47,8,False,Left,Back,Centre,Left,62
<_io.BytesIO object at 0x00000178E5FCA9A0>,0.6155167818069458,0.11780209094285965,0.2565102279186249,268528,47,8,False,Left,Back,Centre,Left,62
<_io.BytesIO object at 0x00000178DE5E5770>,0.23816680908203125,-0.12942533195018768,-0.18340739607810974,268529,47,8,False,Left,Back,Centre,Left,62
<_io.BytesIO object at 0x00000178E5FF9DB0>,0.27264413237571716,-0.049280427396297455,-0.21534273028373718,268529,47,8,False,Left,Back,Centre,Left,62
<_io.BytesIO object at 0x00000178E5FF92C0>,0.22370892763137817,-0.13425441086292267,-0.2746821641921997,268529,47,8,False,Left,Back,Centre,Left,62
<_io.BytesIO object at 0x00000178E5FF9E50>,0.23173628747463226,-0.06137360632419586,-0.2754863500595093,268529,47,8,False,Left,Back,Centre,Left,62
<_io.BytesIO object at 0x00000178E5FF9A40>,0.23156699538230896,-0.05077878385782242,-0.22877545654773712,268529,47,8,False,Left,Back,Centre,Left,62
<_io.BytesIO object at 0x00000178E5FF9270>,0.6354094743728638,0.07715412974357605,0.25961408019065857,268529,47,8,False,Left,Back,Centre,Left,62
<_io.BytesIO object at 0x00000178E5FDD9A0>,0.6067543029785156,0.04803992062807083,0.2582021653652191,268529,47,8,False,Left,Back,Centre,Left,62
<_io.BytesIO object at 0x00000178E5FDD180>,0.6059800386428833,0.029986880719661713,0.32473844289779663,268529,47,8,False,Left,Back,Centre,Left,62
<_io.BytesIO object at 0x00000178E5FDDD60>,0.6400076150894165,0.11215545982122421,0.34404656291007996,268529,47,8,False,Left,Back,Centre,Left,62
<_io.BytesIO object at 0x00000178E5FDD090>,0.6147730350494385,0.11894307285547256,0.25505340099334717,268529,47,8,False,Left,Back,Centre,Left,62
<_io.BytesIO object at 0x00000178E5F8BA90>,0.2384539246559143,-0.12938973307609558,-0.18293453752994537,268530,47,8,False,Left,Back,Centre,Left,62
<_io.BytesIO object at 0x00000178E32364A0>,0.2727958559989929,-0.04922674223780632,-0.21496663987636566,268530,47,8,False,Left,Back,Centre,Left,62
<_io.BytesIO object at 0x00000178E3236310>,0.22385632991790771,-0.13439823687076569,-0.27425894141197205,268530,47,8,False,Left,Back,Centre,Left,62
<_io.BytesIO object at 0x00000178E3236E00>,0.23175682127475739,-0.06145915389060974,-0.27499493956565857,268530,47,8,False,Left,Back,Centre,Left,62
<_io.BytesIO object at 0x00000178E3236BD0>,0.23168732225894928,-0.05078699439764023,-0.2283618152141571,268530,47,8,False,Left,Back,Centre,Left,62
<_io.BytesIO object at 0x00000178E5F76EF0>,0.6358610391616821,0.0790131613612175,0.2585340142250061,268530,47,8,False,Left,Back,Centre,Left,62
<_io.BytesIO object at 0x00000178E5F76860>,0.6077957153320312,0.04922042042016983,0.259566992521286,268530,47,8,False,Left,Back,Centre,Left,62
<_io.BytesIO object at 0x00000178E5F76450>,0.605201005935669,0.03373752534389496,0.32558393478393555,268530,47,8,False,Left,Back,Centre,Left,62
<_io.BytesIO object at 0x00000178E5F764A0>,0.6350942254066467,0.11735881865024567,0.3400295078754425,268530,47,8,False,Left,Back,Centre,Left,62
<_io.BytesIO object at 0x00000178E5F76AE0>,0.614119291305542,0.12023419886827469,0.2533673942089081,268530,47,8,False,Left,Back,Centre,Left,62
<_io.BytesIO object at 0x00000178E5F77860>,0.2386980652809143,-0.1293720155954361,-0.18254618346691132,268531,47,8,False,Left,Back,Centre,Left,62
<_io.BytesIO object at 0x00000178E5F8C090>,0.2728872299194336,-0.049196019768714905,-0.2145300954580307,268531,47,8,False,Left,Back,Centre,Left,62
<_io.BytesIO object at 0x00000178E5F8C130>,0.22408723831176758,-0.1344771534204483,-0.2737071216106415,268531,47,8,False,Left,Back,Centre,Left,62
<_io.BytesIO object at 0x00000178E5F8C950>,0.23188543319702148,-0.06155027076601982,-0.27453407645225525,268531,47,8,False,Left,Back,Centre,Left,62
<_io.BytesIO object at 0x00000178E5FC2400>,0.23182590305805206,-0.050848811864852905,-0.22798116505146027,268531,47,8,False,Left,Back,Centre,Left,62
<_io.BytesIO object at 0x00000178E5FC2540>,0.6366766095161438,0.08126913756132126,0.2574668824672699,268531,47,8,False,Left,Back,Centre,Left,62
<_io.BytesIO object at 0x00000178E5FC2590>,0.6085530519485474,0.04962262138724327,0.2592051923274994,268531,47,8,False,Left,Back,Centre,Left,62
<_io.BytesIO object at 0x00000178E5FC24A0>,0.6046663522720337,0.03713226690888405,0.3252719044685364,268531,47,8,False,Left,Back,Centre,Left,62
<_io.BytesIO object at 0x00000178E5FC2B30>,0.6311206817626953,0.12235722690820694,0.3369184732437134,268531,47,8,False,Left,Back,Centre,Left,62
<_io.BytesIO object at 0x00000178E5FC2B80>,0.6135265231132507,0.12173635512590408,0.25144025683403015,268531,47,8,False,Left,Back,Centre,Left,62
<_io.BytesIO object at 0x00000178E5FCF3B0>,0.23891817033290863,-0.12925761938095093,-0.18209536373615265,268532,47,8,False,Left,Back,Centre,Left,62
<_io.BytesIO object at 0x00000178E3216B30>,0.273036390542984,-0.04915059357881546,-0.21417061984539032,268532,47,8,False,Left,Back,Centre,Left,62
<_io.BytesIO object at 0x00000178E3216220>,0.22427810728549957,-0.13460612297058105,-0.27327653765678406,268532,47,8,False,Left,Back,Centre,Left,62
<_io.BytesIO object at 0x00000178E3216CC0>,0.23197652399539948,-0.06154337897896767,-0.27409088611602783,268532,47,8,False,Left,Back,Centre,Left,62
<_io.BytesIO object at 0x00000178E3216090>,0.2319408804178238,-0.05088803172111511,-0.2275480180978775,268532,47,8,False,Left,Back,Centre,Left,62
<_io.BytesIO object at 0x00000178E5FC02C0>,0.6376891136169434,0.08371559530496597,0.25612467527389526,268532,47,8,False,Left,Back,Centre,Left,62
<_io.BytesIO object at 0x00000178E5FC0E50>,0.6095886826515198,0.05026589334011078,0.2587755024433136,268532,47,8,False,Left,Back,Centre,Left,62
<_io.BytesIO object at 0x00000178E5FC06D0>,0.604803740978241,0.04003952816128731,0.32450300455093384,268532,47,8,False,Left,Back,Centre,Left,62
<_io.BytesIO object at 0x00000178E5FC0400>,0.6277689933776855,0.1264299601316452,0.33390337228775024,268532,47,8,False,Left,Back,Centre,Left,62
<_io.BytesIO object at 0x00000178E5FC0C20>,0.6130588054656982,0.1232093870639801,0.24952460825443268,268532,47,8,False,Left,Back,Centre,Left,62
<_io.BytesIO object at 0x00000178E5FC0310>,0.23910382390022278,-0.12918506562709808,-0.18169069290161133,268533,47,8,False,Left,Back,Centre,Left,62
<_io.BytesIO object at 0x00000178E3216810>,0.2731592357158661,-0.049121033400297165,-0.2138153612613678,268533,47,8,False,Left,Back,Centre,Left,62
<_io.BytesIO object at 0x00000178E32165E0>,0.2244519293308258,-0.1347264051437378,-0.27278101444244385,268533,47,8,False,Left,Back,Centre,Left,62
<_io.BytesIO object at 0x00000178E3216590>,0.2320059835910797,-0.061627257615327835,-0.2737100124359131,268533,47,8,False,Left,Back,Centre,Left,62
<_io.BytesIO object at 0x00000178E3216A40>,0.23201462626457214,-0.050901077687740326,-0.227203831076622,268533,47,8,False,Left,Back,Centre,Left,62
<_io.BytesIO object at 0x00000178E32168B0>,0.6390314698219299,0.08654254674911499,0.2547732889652252,268533,47,8,False,Left,Back,Centre,Left,62
<_io.BytesIO object at 0x00000178E5FCFEF0>,0.6110237836837769,0.05118098482489586,0.25819772481918335,268533,47,8,False,Left,Back,Centre,Left,62
<_io.BytesIO object at 0x00000178E5FCF040>,0.605446994304657,0.04284047707915306,0.32357797026634216,268533,47,8,False,Left,Back,Centre,Left,62
<_io.BytesIO object at 0x00000178E5FCFD10>,0.6248559355735779,0.13015557825565338,0.33151164650917053,268533,47,8,False,Left,Back,Centre,Left,62
<_io.BytesIO object at 0x00000178E5FCFF90>,0.6128066778182983,0.12474329024553299,0.24750350415706635,268533,47,8,False,Left,Back,Centre,Left,62
<_io.BytesIO object at 0x00000178E5FC2400>,0.2392837256193161,-0.12907758355140686,-0.1813216358423233,268534,47,8,False,Left,Back,Centre,Left,62
<_io.BytesIO object at 0x00000178E5F8C860>,0.2732465863227844,-0.049082014709711075,-0.2134922295808792,268534,47,8,False,Left,Back,Centre,Left,62
<_io.BytesIO object at 0x00000178E5F8CEA0>,0.22460298240184784,-0.13485969603061676,-0.2723153233528137,268534,47,8,False,Left,Back,Centre,Left,62
<_io.BytesIO object at 0x00000178E5F8CAE0>,0.23204675316810608,-0.06168825179338455,-0.27336621284484863,268534,47,8,False,Left,Back,Centre,Left,62
<_io.BytesIO object at 0x00000178E5F77090>,0.23219235241413116,-0.050884928554296494,-0.22680556774139404,268534,47,8,False,Left,Back,Centre,Left,62
<_io.BytesIO object at 0x00000178E5F770E0>,0.6405572295188904,0.08947356045246124,0.25341174006462097,268534,47,8,False,Left,Back,Centre,Left,62
<_io.BytesIO object at 0x00000178E5F77E50>,0.6130779385566711,0.052501801401376724,0.25740212202072144,268534,47,8,False,Left,Back,Centre,Left,62
<_io.BytesIO object at 0x00000178E5F776D0>,0.618111789226532,0.04658495634794235,0.32495567202568054,268534,47,8,False,Left,Back,Centre,Left,62
<_io.BytesIO object at 0x00000178E5F77810>,0.6378241777420044,0.13464297354221344,0.32958221435546875,268534,47,8,False,Left,Back,Centre,Left,62
<_io.BytesIO object at 0x00000178E5F77400>,0.6127519011497498,0.1261756718158722,0.24551226198673248,268534,47,8,False,Left,Back,Centre,Left,62
<_io.BytesIO object at 0x00000178E5F76630>,0.23944544792175293,-0.12900185585021973,-0.180900439620018,268535,47,8,False,Left,Back,Centre,Left,62
<_io.BytesIO object at 0x00000178E3236EA0>,0.2733287215232849,-0.04904470965266228,-0.21317285299301147,268535,47,8,False,Left,Back,Centre,Left,62
<_io.BytesIO object at 0x00000178E32360E0>,0.22475384175777435,-0.1349751055240631,-0.2718736231327057,268535,47,8,False,Left,Back,Centre,Left,62
<_io.BytesIO object at 0x00000178E32364F0>,0.2320665717124939,-0.06170736625790596,-0.27299246191978455,268535,47,8,False,Left,Back,Centre,Left,62
<_io.BytesIO object at 0x00000178E3236860>,0.23232285678386688,-0.05087725818157196,-0.22641921043395996,268535,47,8,False,Left,Back,Centre,Left,62
<_io.BytesIO object at 0x00000178E5F8BC20>,0.6418185234069824,0.0917472094297409,0.2522149682044983,268535,47,8,False,Left,Back,Centre,Left,62
<_io.BytesIO object at 0x00000178E5F8B0E0>,0.615792989730835,0.05408905819058418,0.25640156865119934,268535,47,8,False,Left,Back,Centre,Left,62
<_io.BytesIO object at 0x00000178E5F8B810>,0.6190342307090759,0.049810074269771576,0.32440459728240967,268535,47,8,False,Left,Back,Centre,Left,62
<_io.BytesIO object at 0x00000178E5F8BDB0>,0.6359958052635193,0.13811761140823364,0.3252599835395813,268535,47,8,False,Left,Back,Centre,Left,62
<_io.BytesIO object at 0x00000178E5F8BB30>,0.6130141615867615,0.12753573060035706,0.24355116486549377,268535,47,8,False,Left,Back,Centre,Left,62
<_io.BytesIO object at 0x00000178E5FF9040>,0.23951156437397003,-0.1288401186466217,-0.18049323558807373,268536,47,8,False,Left,Back,Centre,Left,62
<_io.BytesIO object at 0x00000178E5FF9E00>,0.2734696865081787,-0.04915168136358261,-0.2128625065088272,268536,47,8,False,Left,Back,Centre,Left,62
<_io.BytesIO object at 0x00000178E5FF9F40>,0.2249053418636322,-0.1350553184747696,-0.2713959813117981,268536,47,8,False,Left,Back,Centre,Left,62
<_io.BytesIO object at 0x00000178E5FF9CC0>,0.2322182059288025,-0.061871062964200974,-0.27261269092559814,268536,47,8,False,Left,Back,Centre,Left,62
<_io.BytesIO object at 0x00000178E5FF90E0>,0.23236322402954102,-0.050903402268886566,-0.22605694830417633,268536,47,8,False,Left,Back,Centre,Left,62
<_io.BytesIO object at 0x00000178DE5E5900>,0.6426740884780884,0.09362169355154037,0.2515598237514496,268536,47,8,False,Left,Back,Centre,Left,62
<_io.BytesIO object at 0x00000178DE5E56D0>,0.624216616153717,0.06092685088515282,0.25218328833580017,268536,47,8,False,Left,Back,Centre,Left,62
<_io.BytesIO object at 0x00000178E32464F0>,0.6251428723335266,0.050808846950531006,0.32192397117614746,268536,47,8,False,Left,Back,Centre,Left,62
<_io.BytesIO object at 0x00000178E32468B0>,0.6373995542526245,0.1397361308336258,0.32413774728775024,268536,47,8,False,Left,Back,Centre,Left,62
<_io.BytesIO object at 0x00000178E32465E0>,0.6135376691818237,0.12883004546165466,0.24180492758750916,268536,47,8,False,Left,Back,Centre,Left,62
<_io.BytesIO object at 0x00000178E5FCABD0>,0.23961307108402252,-0.12870875000953674,-0.18012192845344543,268537,47,8,False,Left,Back,Centre,Left,62
<_io.BytesIO object at 0x00000178E5FDEB30>,0.27354106307029724,-0.04911522567272186,-0.21257326006889343,268537,47,8,False,Left,Back,Centre,Left,62
<_io.BytesIO object at 0x00000178E5FDE4F0>,0.22507244348526,-0.1351090669631958,-0.2709410488605499,268537,47,8,False,Left,Back,Centre,Left,62
<_io.BytesIO object at 0x00000178E5FDEBD0>,0.23227664828300476,-0.061943694949150085,-0.2723080515861511,268537,47,8,False,Left,Back,Centre,Left,62
<_io.BytesIO object at 0x00000178E5FDE400>,0.23236992955207825,-0.05097530409693718,-0.2257566601037979,268537,47,8,False,Left,Back,Centre,Left,62
<_io.BytesIO object at 0x00000178E5FDE4A0>,0.6439158916473389,0.0952274352312088,0.2508106827735901,268537,47,8,False,Left,Back,Centre,Left,62
<_io.BytesIO object at 0x00000178E5FDE5E0>,0.6265339851379395,0.06161021068692207,0.2520195245742798,268537,47,8,False,Left,Back,Centre,Left,62
<_io.BytesIO object at 0x00000178E5FA3D60>,0.6285596489906311,0.05242224037647247,0.3208076059818268,268537,47,8,False,Left,Back,Centre,Left,62
<_io.BytesIO object at 0x00000178E5FA3D10>,0.6381771564483643,0.14156298339366913,0.32325631380081177,268537,47,8,False,Left,Back,Centre,Left,62
<_io.BytesIO object at 0x00000178E5FA3360>,0.6143489480018616,0.13000720739364624,0.24024748802185059,268537,47,8,False,Left,Back,Centre,Left,62
