_io,asset_ID,pos_x,pos_y,pos_z,rot_w,rot_x,rot_y,rot_z,error,tracking_valid,frame,trial_num,block_num,practicing,left_right_hand,palm_back_hand,target_loc,distractor_loc,participant_id
<_io.BytesIO object at 0x000001E8C3A603B0>,1050394815,-0.003266918705776334,-0.07596614956855774,0.29809466004371643,0.00898286234587431,0.005418465938419104,0.2576192021369934,0.0070039937272667885,-0.06933247298002243,18832,1074915,27,4,False,Left,Back,Centre,Right,81
<_io.BytesIO object at 0x000001E8C3A60EF0>,2833071728,-7.366588575985728e+20,-1.29530853533555e-35,1.7974051615965436e-06,-1.9110697501720576e+17,1.0138992781023016e+26,2.05334054044215e-05,1.4158909094240209e+26,2.518343535161345e-40,0,1074915,27,4,False,Left,Back,Centre,Right,81
<_io.BytesIO object at 0x000001E8C3A60860>,76,1.401298464324817e-45,0.6341692805290222,0.030917972326278687,-0.10489222407341003,-0.11378800868988037,-0.6658898591995239,-0.473743200302124,0.5649871826171875,-7878,1074915,27,4,False,Left,Back,Centre,Right,81
<_io.BytesIO object at 0x000001E8C687EC70>,80778,2.802596928649634e-45,0.6499995589256287,0.048026349395513535,-0.10068254172801971,0.12427860498428345,-0.2562236785888672,-0.4294283390045166,0.8570272326469421,0,1074915,27,4,False,Left,Back,Centre,Right,81
<_io.BytesIO object at 0x000001E8C687ED10>,0,0.0,0.0,0.0,0.0,1.401298464324817e-44,3.643376007244524e-43,9.183829875491986e-41,0.6289043426513672,-17924,1074915,27,4,False,Left,Back,Centre,Right,81
<_io.BytesIO object at 0x000001E8C683E130>,240040954,1.1851364757554385e-26,1.485784878712626e-37,0.00020604534074664116,9.183970005338419e-41,0.5990064740180969,0.07678559422492981,-0.06827843189239502,0.009857762604951859,586,1074915,27,4,False,Left,Back,Centre,Right,81
<_io.BytesIO object at 0x000001E8C3AFE1D0>,1050394863,-0.00327139999717474,-0.07596589624881744,0.2980956733226776,0.008993374183773994,0.005417869426310062,0.2576075494289398,0.006990343797951937,-0.06932740658521652,19099,1074916,27,4,False,Left,Back,Centre,Right,81
<_io.BytesIO object at 0x000001E8C3AFE310>,3804184176,-3.9795405962974915e+27,-2.719485747229467e-34,1.8470899845955584e+16,3.330358599904354e-18,1.9171718409628906e+25,1.324592525449123e+24,2.4930715435504606e+20,2.518343535161345e-40,0,1074916,27,4,False,Left,Back,Centre,Right,81
<_io.BytesIO object at 0x000001E8BE4AFB30>,76,1.401298464324817e-45,0.6341254711151123,0.030631862580776215,-0.10492675006389618,-0.11400558054447174,-0.665233314037323,-0.47469207644462585,0.5649203062057495,25008,1074916,27,4,False,Left,Back,Centre,Right,81
<_io.BytesIO object at 0x000001E8C3AFE310>,80778,2.802596928649634e-45,0.6499995589256287,0.048026349395513535,-0.10068254172801971,0.12427860498428345,-0.2562236785888672,-0.4294283390045166,0.8570272326469421,0,1074916,27,4,False,Left,Back,Centre,Right,81
<_io.BytesIO object at 0x000001E8C3AFE680>,0,0.0,0.0,0.0,0.0,1.401298464324817e-44,3.643376007244524e-43,9.183829875491986e-41,0.6288588047027588,-14830,1074916,27,4,False,Left,Back,Centre,Right,81
<_io.BytesIO object at 0x000001E8C3AFE180>,1485093888,1.8048174546484556e-26,1.485784878712626e-37,0.000682673417031765,9.183970005338419e-41,0.5990264415740967,0.07641782611608505,-0.06817051768302917,0.009858909994363785,586,1074916,27,4,False,Left,Back,Centre,Right,81
<_io.BytesIO object at 0x000001E8C687EC70>,1050395102,-0.00328507786616683,-0.0759756788611412,0.29809120297431946,0.008989335037767887,0.0054028937593102455,0.2576075494289398,0.0069872490130364895,-0.06932584941387177,19318,1074917,27,4,False,Left,Back,Centre,Right,81
<_io.BytesIO object at 0x000001E8C687E9F0>,3740483184,-3.1495809422441043e+24,-8.952013044530632e-34,1.874591678958089e+21,1.56044602394104,1.7282771816481048e+25,-4.1647597341688654e-32,127903842304.0,2.518343535161345e-40,0,1074917,27,4,False,Left,Back,Centre,Right,81
<_io.BytesIO object at 0x000001E8C687EA40>,76,1.401298464324817e-45,0.6340554356575012,0.0302856657654047,-0.10491488873958588,-0.11346349865198135,-0.6647047996520996,-0.475813090801239,0.5647083520889282,-6435,1074917,27,4,False,Left,Back,Centre,Right,81
<_io.BytesIO object at 0x000001E8C687ECC0>,80779,2.802596928649634e-45,0.6499995589256287,0.048026349395513535,-0.10068254172801971,0.12427860498428345,-0.2562236785888672,-0.4294283390045166,0.8570272326469421,0,1074917,27,4,False,Left,Back,Centre,Right,81
<_io.BytesIO object at 0x000001E8C687EB30>,0,0.0,0.0,0.0,0.0,1.401298464324817e-44,3.643376007244524e-43,9.183829875491986e-41,0.6286394000053406,20513,1074917,27,4,False,Left,Back,Centre,Right,81
<_io.BytesIO object at 0x000001E8C687EB80>,2420227083,5.185191249715487e-23,1.485784878712626e-37,0.00022918515605852008,9.183970005338419e-41,0.5990636348724365,0.07610990852117538,-0.0680970698595047,0.00986018031835556,586,1074917,27,4,False,Left,Back,Centre,Right,81
<_io.BytesIO object at 0x000001E8C3AFEE00>,1050394983,-0.0032799202017486095,-0.07596405595541,0.2980897128582001,0.008989895693957806,0.005414484068751335,0.2576037645339966,0.006970860064029694,-0.06933063268661499,19963,1074918,27,4,False,Left,Back,Centre,Right,81
<_io.BytesIO object at 0x000001E8C3AFE590>,4036116080,-1.1254491375927528e+27,-1.7278904564381518e-35,430.4872741699219,-7.810866975432873e-08,6.418698077357932e+26,4050889.75,0.00176421704236418,2.518343535161345e-40,0,1074918,27,4,False,Left,Back,Centre,Right,81
<_io.BytesIO object at 0x000001E8C3AFEB80>,76,1.401298464324817e-45,0.6340156197547913,0.029980989173054695,-0.10489048808813095,-0.11229856312274933,-0.6639654040336609,-0.4782724380493164,0.5637326240539551,17330,1074918,27,4,False,Left,Back,Centre,Right,81
<_io.BytesIO object at 0x000001E8C3AFE4A0>,80780,2.802596928649634e-45,0.6499995589256287,0.048026349395513535,-0.10068254172801971,0.12427860498428345,-0.2562236785888672,-0.4294283390045166,0.8570272326469421,0,1074918,27,4,False,Left,Back,Centre,Right,81
<_io.BytesIO object at 0x000001E8C3AFEB80>,0,0.0,0.0,0.0,0.0,1.401298464324817e-44,3.643376007244524e-43,9.183829875491986e-41,0.6284048557281494,19186,1074918,27,4,False,Left,Back,Centre,Right,81
<_io.BytesIO object at 0x000001E8C3AFE040>,282967059,2.7077576406164365e-20,1.485784878712626e-37,0.0002358463389100507,9.183970005338419e-41,0.5990633964538574,0.07570802420377731,-0.06787701696157455,0.009861540049314499,586,1074918,27,4,False,Left,Back,Centre,Right,81
<_io.BytesIO object at 0x000001E8C683E4A0>,1050395242,-0.0032796335872262716,-0.07596151530742645,0.2980915307998657,0.008988529443740845,0.0054178498685359955,0.257601261138916,0.006969455163925886,-0.06931834667921066,20171,1074919,27,4,False,Left,Back,Centre,Right,81
<_io.BytesIO object at 0x000001E8C683E8B0>,3987553904,-9.434813229113653e+24,-1.8412253597115425e-34,316203302912.0,-9288882.0,1.4061108294084168e+28,-8.278703284057019e+22,9.95624319489689e-32,2.518343535161345e-40,0,1074919,27,4,False,Left,Back,Centre,Right,81
<_io.BytesIO object at 0x000001E8C3AFE2C0>,76,1.401298464324817e-45,0.6338437795639038,0.029617950320243835,-0.10483454912900925,-0.11241284012794495,-0.6625228524208069,-0.48172762989997864,0.5624637007713318,1334,1074919,27,4,False,Left,Back,Centre,Right,81
<_io.BytesIO object at 0x000001E8C3AFEBD0>,80781,2.802596928649634e-45,0.6499995589256287,0.048026349395513535,-0.10068254172801971,0.12427860498428345,-0.2562236785888672,-0.4294283390045166,0.8570272326469421,0,1074919,27,4,False,Left,Back,Centre,Right,81
<_io.BytesIO object at 0x000001E8C3AFE9A0>,0,0.0,0.0,0.0,0.0,1.401298464324817e-44,3.643376007244524e-43,9.183829875491986e-41,0.6280014514923096,-10099,1074919,27,4,False,Left,Back,Centre,Right,81
<_io.BytesIO object at 0x000001E8BE4AFB30>,1363000347,2.5579104605324288e-18,1.485784878712626e-37,0.00022452464327216148,9.183970005338419e-41,0.5991213321685791,0.07531756162643433,-0.06759783625602722,0.009862828999757767,586,1074919,27,4,False,Left,Back,Centre,Right,81
<_io.BytesIO object at 0x000001E8C687EE00>,1050395342,-0.0032683785539120436,-0.07593417912721634,0.29808977246284485,0.008996136486530304,0.005425472278147936,0.2576162815093994,0.006968463771045208,-0.0693005919456482,19789,1074920,27,4,False,Left,Back,Centre,Right,81
<_io.BytesIO object at 0x000001E8C683E400>,3900259952,-4.46728091112552e+20,-1.826513795363387e-33,2.9947438835085073e+32,5.166631595014389e-28,8.401625489384256e+28,6.484576764442807e-10,-6.270786255139635e+17,2.5183295221767018e-40,0,1074920,27,4,False,Left,Back,Centre,Right,81
<_io.BytesIO object at 0x000001E8C683ED10>,76,1.401298464324817e-45,0.633959174156189,0.02947090193629265,-0.1046299934387207,-0.10955265909433365,-0.6619898676872253,-0.4851626455783844,0.5607003569602966,17126,1074920,27,4,False,Left,Back,Centre,Right,81
<_io.BytesIO object at 0x000001E8C687EC70>,80780,2.802596928649634e-45,0.6499995589256287,0.048026349395513535,-0.10068254172801971,0.12427860498428345,-0.2562236785888672,-0.4294283390045166,0.8570272326469421,0,1074920,27,4,False,Left,Back,Centre,Right,81
<_io.BytesIO object at 0x000001E8C687EB80>,0,0.0,0.0,0.0,0.0,1.401298464324817e-44,3.643376007244524e-43,9.183829875491986e-41,0.6279268264770508,18702,1074920,27,4,False,Left,Back,Centre,Right,81
<_io.BytesIO object at 0x000001E8C683E090>,2221456417,2.1574797375337965e-16,1.485784878712626e-37,0.0002549385535530746,9.183970005338419e-41,0.5990915894508362,0.07485787570476532,-0.06715960800647736,0.009864459745585918,586,1074920,27,4,False,Left,Back,Centre,Right,81
<_io.BytesIO object at 0x000001E8C3AFE220>,1050395525,-0.003242193255573511,-0.0759035050868988,0.29809314012527466,0.00900015328079462,0.005424127448350191,0.2576303780078888,0.00697076041251421,-0.06930582225322723,20208,1074921,27,4,False,Left,Back,Centre,Right,81
<_io.BytesIO object at 0x000001E8C3A83130>,3636674160,-1.504111675783617e+19,-1.4274513482220973e-34,18644158.0,-8649620586496.0,2.6335387392319347e+29,-3.089297437672143e-37,-4.641453932871316e-18,2.5183295221767018e-40,0,1074921,27,4,False,Left,Back,Centre,Right,81
<_io.BytesIO object at 0x000001E8C3AFE220>,76,1.401298464324817e-45,0.6340096592903137,0.029405798763036728,-0.10438981652259827,-0.10734381526708603,-0.6615016460418701,-0.4872622787952423,0.5598825216293335,14458,1074921,27,4,False,Left,Back,Centre,Right,81
<_io.BytesIO object at 0x000001E8C3AFEB30>,80780,2.802596928649634e-45,0.6499995589256287,0.048026349395513535,-0.10068254172801971,0.12427860498428345,-0.2562236785888672,-0.4294283390045166,0.8570272326469421,0,1074921,27,4,False,Left,Back,Centre,Right,81
<_io.BytesIO object at 0x000001E8C3AFE720>,0,0.0,0.0,0.0,0.0,1.401298464324817e-44,3.643376007244524e-43,9.183829875491986e-41,0.6278350949287415,-27264,1074921,27,4,False,Left,Back,Centre,Right,81
<_io.BytesIO object at 0x000001E8C3AFEB30>,2129509412,1.962213486313147e-14,1.485784878712626e-37,0.00026415378670208156,9.183970005338419e-41,0.5990278124809265,0.07455986738204956,-0.06670528650283813,0.009866300038993359,586,1074921,27,4,False,Left,Back,Centre,Right,81
<_io.BytesIO object at 0x000001E8C687EEF0>,1050395562,-0.0032302443869411945,-0.07589159160852432,0.2980920374393463,0.008995896205306053,0.0054326364770531654,0.25764793157577515,0.006976601202040911,-0.06930142641067505,20775,1074922,27,4,False,Left,Back,Centre,Right,81
<_io.BytesIO object at 0x000001E8C687EEA0>,3616751216,-4.2194607714802504e+21,-2.07249365653688e-34,4974231040.0,-17413017600.0,1.235894074006677e+28,-0.005561727564781904,1153.91552734375,2.5183295221767018e-40,0,1074922,27,4,False,Left,Back,Centre,Right,81
<_io.BytesIO object at 0x000001E8C687EF40>,76,1.401298464324817e-45,0.6340749263763428,0.02942524291574955,-0.10409250110387802,-0.1046234667301178,-0.6613821983337402,-0.48819106817245483,0.5597294569015503,-6499,1074922,27,4,False,Left,Back,Centre,Right,81
<_io.BytesIO object at 0x000001E8BE4AFB30>,80779,2.802596928649634e-45,0.6499995589256287,0.048026349395513535,-0.10068254172801971,0.12427860498428345,-0.2562236785888672,-0.4294283390045166,0.8570272326469421,0,1074922,27,4,False,Left,Back,Centre,Right,81
<_io.BytesIO object at 0x000001E8C687EA40>,0,0.0,0.0,0.0,0.0,1.401298464324817e-44,3.643376007244524e-43,9.183829875491986e-41,0.6278369426727295,-31031,1074922,27,4,False,Left,Back,Centre,Right,81
<_io.BytesIO object at 0x000001E8C687E9F0>,1559346214,1.618193426478065e-12,1.485784878712626e-37,0.00026806091773323715,9.183970005338419e-41,0.5988932251930237,0.07429763674736023,-0.06623832136392593,0.009867500513792038,586,1074922,27,4,False,Left,Back,Centre,Right,81
<_io.BytesIO object at 0x000001E8C3AFE770>,1050395500,-0.0032063350081443787,-0.07586212456226349,0.29808899760246277,0.009000873193144798,0.005442952737212181,0.2576563060283661,0.006985812913626432,-0.06929957866668701,20893,1074923,27,4,False,Left,Back,Centre,Right,81
<_io.BytesIO object at 0x000001E8C3AFE900>,3266461296,-4.495312888763984e+25,-8.410345247671722e-34,19743.185546875,-7.950565361625195e-08,2.166252113271246e+30,-1.2590118229794996e-17,-3.8384374002678364e+31,2.5183155091920585e-40,0,1074923,27,4,False,Left,Back,Centre,Right,81
<_io.BytesIO object at 0x000001E8C3AFE860>,76,1.401298464324817e-45,0.63413405418396,0.02951986901462078,-0.10370683670043945,-0.10184992849826813,-0.6614956855773926,-0.4887230396270752,0.5596426725387573,11360,1074923,27,4,False,Left,Back,Centre,Right,81
<_io.BytesIO object at 0x000001E8C3AFE450>,80780,2.802596928649634e-45,0.6499995589256287,0.048026349395513535,-0.10068254172801971,0.12427860498428345,-0.2562236785888672,-0.4294283390045166,0.8570272326469421,0,1074923,27,4,False,Left,Back,Centre,Right,81
<_io.BytesIO object at 0x000001E8C3AFE860>,0,0.0,0.0,0.0,0.0,1.401298464324817e-44,3.643376007244524e-43,9.183829875491986e-41,0.627833366394043,22278,1074923,27,4,False,Left,Back,Centre,Right,81
<_io.BytesIO object at 0x000001E8C3AFED60>,360430631,1.3073120364026636e-10,1.485784878712626e-37,0.0002563729358371347,9.183970005338419e-41,0.5987153649330139,0.07412039488554001,-0.06572537869215012,0.009869132190942764,586,1074923,27,4,False,Left,Back,Centre,Right,81
<_io.BytesIO object at 0x000001E8C683EE50>,1050395513,-0.0031979484483599663,-0.07588531821966171,0.29808977246284485,0.009000509046018124,0.005446538329124451,0.2576647400856018,0.006996184587478638,-0.06929955631494522,21032,1074924,27,4,False,Left,Back,Centre,Right,81
<_io.BytesIO object at 0x000001E8C3AFED10>,3205185136,-2.1872101534012605e+25,-3.200968233326276e-34,15.265227317810059,-2.997372857728442e-13,4.7088379984852477e+30,4.982626677841513e+29,-2.478456011928941e-14,2.5183155091920585e-40,0,1074924,27,4,False,Left,Back,Centre,Right,81
<_io.BytesIO object at 0x000001E8C3AFEDB0>,76,1.401298464324817e-45,0.6341137290000916,0.02958097495138645,-0.10330266505479813,-0.09918474406003952,-0.6615181565284729,-0.48947590589523315,0.5594367384910583,-7464,1074924,27,4,False,Left,Back,Centre,Right,81
<_io.BytesIO object at 0x000001E8C3AFE450>,80779,2.802596928649634e-45,0.6499995589256287,0.048026349395513535,-0.10068254172801971,0.12427860498428345,-0.2562236785888672,-0.4294283390045166,0.8570272326469421,0,1074924,27,4,False,Left,Back,Centre,Right,81
<_io.BytesIO object at 0x000001E8C3AFE540>,0,0.0,0.0,0.0,0.0,1.401298464324817e-44,3.643376007244524e-43,9.183829875491986e-41,0.627848744392395,-15745,1074924,27,4,False,Left,Back,Centre,Right,81
<_io.BytesIO object at 0x000001E8C3AFE220>,2356919336,4.358021055139716e-09,1.485784878712626e-37,0.00026687141507864,9.183970005338419e-41,0.5984325408935547,0.07391567528247833,-0.06522059440612793,0.009870423004031181,586,1074924,27,4,False,Left,Back,Centre,Right,81
<_io.BytesIO object at 0x000001E8C687ED10>,1050395542,-0.0031797064002603292,-0.07588200271129608,0.29808855056762695,0.00899518746882677,0.005455054808408022,0.2576760947704315,0.007008909713476896,-0.06928960233926773,20882,1074925,27,4,False,Left,Back,Centre,Right,81
<_io.BytesIO object at 0x000001E8C687EE00>,2364620400,-3.6702071969116324e+18,-4.1750799684548105e-34,3.9675566476262113e+18,-2.4116736598072267e+21,4.490960551571021e+30,3.868192389563384e+36,330.4789733886719,2.5183155091920585e-40,0,1074925,27,4,False,Left,Back,Centre,Right,81
<_io.BytesIO object at 0x000001E8C687EB30>,76,1.401298464324817e-45,0.6340702176094055,0.029612641781568527,-0.10290621966123581,-0.09667017310857773,-0.6615376472473145,-0.48874664306640625,0.560490608215332,-16054,1074925,27,4,False,Left,Back,Centre,Right,81
<_io.BytesIO object at 0x000001E8C687EB80>,80778,2.802596928649634e-45,0.6499995589256287,0.048026349395513535,-0.10068254172801971,0.12427860498428345,-0.2562236785888672,-0.4294283390045166,0.8570272326469421,0,1074925,27,4,False,Left,Back,Centre,Right,81
<_io.BytesIO object at 0x000001E8C687ECC0>,0,0.0,0.0,0.0,0.0,1.401298464324817e-44,3.643376007244524e-43,9.183829875491986e-41,0.627997100353241,-31393,1074925,27,4,False,Left,Back,Centre,Right,81
<_io.BytesIO object at 0x000001E8C687EF40>,3971529768,1.488182306275121e-06,1.485784878712626e-37,0.00024759728694334626,9.183970005338419e-41,0.5982401371002197,0.07366225123405457,-0.06474728137254715,0.009871968999505043,586,1074925,27,4,False,Left,Back,Centre,Right,81
<_io.BytesIO object at 0x000001E8C687EB80>,1050395380,-0.0031556999310851097,-0.07589823007583618,0.2980872094631195,0.009000738151371479,0.005452388897538185,0.2576821744441986,0.00702710123732686,-0.06929823756217957,21127,1074926,27,4,False,Left,Back,Centre,Right,81
<_io.BytesIO object at 0x000001E8C683E860>,1586183792,-3.4117458781796303e+19,-5.499156805221035e-34,312797065904128.0,-2.6984596620967936e+16,8.834903558660843e+28,-4440882413568.0,-3.299721231694757e+28,2.5183014962074153e-40,0,1074926,27,4,False,Left,Back,Centre,Right,81
<_io.BytesIO object at 0x000001E8C683E090>,76,1.401298464324817e-45,0.6340676546096802,0.029603486880660057,-0.10254809260368347,-0.09501776099205017,-0.6609446406364441,-0.4887448847293854,0.5614733695983887,27245,1074926,27,4,False,Left,Back,Centre,Right,81
<_io.BytesIO object at 0x000001E8C687EE50>,80778,2.802596928649634e-45,0.6499995589256287,0.048026349395513535,-0.10068254172801971,0.12427860498428345,-0.2562236785888672,-0.4294283390045166,0.8570272326469421,0,1074926,27,4,False,Left,Back,Centre,Right,81
<_io.BytesIO object at 0x000001E8C683ED60>,0,0.0,0.0,0.0,0.0,1.401298464324817e-44,3.643376007244524e-43,9.183829875491986e-41,0.6281455755233765,6034,1074926,27,4,False,Left,Back,Centre,Right,81
<_io.BytesIO object at 0x000001E8C683EEF0>,1600502826,0.0010508762206882238,1.485784878712626e-37,0.0002567531482782215,9.183970005338419e-41,0.598222017288208,0.07342322170734406,-0.06426890939474106,0.009873469360172749,586,1074926,27,4,False,Left,Back,Centre,Right,81
<_io.BytesIO object at 0x000001E8C3AFEE50>,1050395239,-0.0031162588857114315,-0.07587884366512299,0.29808512330055237,0.009004943072795868,0.005468985065817833,0.257686048746109,0.007050991058349609,-0.06929396092891693,21190,1074927,27,4,False,Left,Back,Centre,Right,81
<_io.BytesIO object at 0x000001E8C3AFEC20>,4181212784,-2.2911188817043355e+32,-8.172723656427805e-33,1.6764465208597015e+38,2993964.5,3.805419565376458e+27,-1.0984738134946925e+35,-7.602932319848062e-26,2.5183014962074153e-40,0,1074927,27,4,False,Left,Back,Centre,Right,81
<_io.BytesIO object at 0x000001E8C3AFEEA0>,76,1.401298464324817e-45,0.6340842843055725,0.029559530317783356,-0.10220424085855484,-0.09348174929618835,-0.6602099537849426,-0.4898293912410736,0.5616503953933716,-29642,1074927,27,4,False,Left,Back,Centre,Right,81
<_io.BytesIO object at 0x000001E8C3AFE3B0>,80777,2.802596928649634e-45,0.6499995589256287,0.048026349395513535,-0.10068254172801971,0.12427860498428345,-0.2562236785888672,-0.4294283390045166,0.8570272326469421,0,1074927,27,4,False,Left,Back,Centre,Right,81
<_io.BytesIO object at 0x000001E8C3AFE540>,0,0.0,0.0,0.0,0.0,1.401298464324817e-44,3.643376007244524e-43,9.183829875491986e-41,0.6282368302345276,32247,1074927,27,4,False,Left,Back,Centre,Right,81
<_io.BytesIO object at 0x000001E8C3AFE3B0>,3606953004,0.07116232067346573,1.485784878712626e-37,0.00019739380513783544,9.183970005338419e-41,0.5981712937355042,0.07317020744085312,-0.06373608857393265,0.009875108487904072,586,1074927,27,4,False,Left,Back,Centre,Right,81
<_io.BytesIO object at 0x000001E8C687EDB0>,1050395375,-0.003095397260040045,-0.0758948102593422,0.2980898320674896,0.00900559313595295,0.005475914105772972,0.2576892375946045,0.007075310219079256,-0.0692884549498558,21807,1074928,27,4,False,Left,Back,Centre,Right,81
<_io.BytesIO object at 0x000001E8C683E090>,3618324080,-1.8161927525803097e+28,-2.4185591934189614e-34,3.0259962885693844e+25,7.239202126640976e-09,4.912628267281222e+28,9.838711666885589e-25,0.0006799297407269478,2.5183014962074153e-40,0,1074928,27,4,False,Left,Back,Centre,Right,81
<_io.BytesIO object at 0x000001E8C683EEA0>,76,1.401298464324817e-45,0.6340026259422302,0.029437629505991936,-0.10191000998020172,-0.09066920727491379,-0.6597437858581543,-0.4910513758659363,0.5615922212600708,-29680,1074928,27,4,False,Left,Back,Centre,Right,81
<_io.BytesIO object at 0x000001E8BE8D9CC0>,80777,2.802596928649634e-45,0.6499995589256287,0.048026349395513535,-0.10068254172801971,0.12427860498428345,-0.2562236785888672,-0.4294283390045166,0.8570272326469421,0,1074928,27,4,False,Left,Back,Centre,Right,81
<_io.BytesIO object at 0x000001E8C687ECC0>,0,0.0,0.0,0.0,0.0,1.401298464324817e-44,3.643376007244524e-43,9.183829875491986e-41,0.6281893849372864,-7485,1074928,27,4,False,Left,Back,Centre,Right,81
<_io.BytesIO object at 0x000001E8C683EB30>,2441985071,21.092554092407227,1.485784878712626e-37,0.0001935064501594752,9.183970005338419e-41,0.5981958508491516,0.07275676727294922,-0.06318620592355728,0.009876687079668045,586,1074928,27,4,False,Left,Back,Centre,Right,81
<_io.BytesIO object at 0x000001E8C3AFE180>,1050395300,-0.003076538909226656,-0.07588303834199905,0.29809367656707764,0.00901026464998722,0.005489069502800703,0.25769057869911194,0.00708805350586772,-0.0692790299654007,22424,1074929,27,4,False,Left,Back,Centre,Right,81
<_io.BytesIO object at 0x000001E8C3AFE9F0>,3351199344,-8.154150818322769e+28,-3.682450719423085e-34,1.8723055403462034e+29,8.767785275178297e-18,7.067923602507311e+29,2.17378682698835e-21,-1.2270430841788289e+29,2.518287483222772e-40,0,1074929,27,4,False,Left,Back,Centre,Right,81
<_io.BytesIO object at 0x000001E8C3AFE450>,76,1.401298464324817e-45,0.6339535713195801,0.029324494302272797,-0.10168007761240005,-0.0879099890589714,-0.6594239473342896,-0.49256056547164917,0.5610846877098083,11549,1074929,27,4,False,Left,Back,Centre,Right,81
<_io.BytesIO object at 0x000001E8C3AFE040>,80777,2.802596928649634e-45,0.6499995589256287,0.048026349395513535,-0.10068254172801971,0.12427860498428345,-0.2562236785888672,-0.4294283390045166,0.8570272326469421,0,1074929,27,4,False,Left,Back,Centre,Right,81
<_io.BytesIO object at 0x000001E8C3AFE450>,0,0.0,0.0,0.0,0.0,1.401298464324817e-44,3.643376007244524e-43,9.183829875491986e-41,0.6281737685203552,30319,1074929,27,4,False,Left,Back,Centre,Right,81
<_io.BytesIO object at 0x000001E8C3AFE9F0>,1864088627,986.9617309570312,1.485784878712626e-37,0.00021062347514089197,9.183970005338419e-41,0.5981887578964233,0.07240229845046997,-0.06281399726867676,0.009878403507173061,586,1074929,27,4,False,Left,Back,Centre,Right,81
<_io.BytesIO object at 0x000001E8C3AFEF40>,1050395494,-0.003063760930672288,-0.07588767260313034,0.2980937659740448,0.00900572445243597,0.005495445802807808,0.2576911747455597,0.007098855916410685,-0.06927285343408585,22516,1074930,27,4,False,Left,Back,Centre,Right,81
<_io.BytesIO object at 0x000001E8C3AFEEA0>,3116056176,-4.684283179729472e+26,-5.5422402659505584e-36,32110737408.0,1.7329015092251485e-29,1.5453792018871841e+28,216.24668884277344,1.6266493581699397e+28,2.518287483222772e-40,0,1074930,27,4,False,Left,Back,Centre,Right,81
<_io.BytesIO object at 0x000001E8BE4AFB30>,76,1.401298464324817e-45,0.6337997913360596,0.029171636328101158,-0.10151153802871704,-0.08326547592878342,-0.6599966883659363,-0.493304044008255,0.5604662299156189,25818,1074930,27,4,False,Left,Back,Centre,Right,81
<_io.BytesIO object at 0x000001E8C683EC70>,80777,2.802596928649634e-45,0.6499995589256287,0.048026349395513535,-0.10068254172801971,0.12427860498428345,-0.2562236785888672,-0.4294283390045166,0.8570272326469421,0,1074930,27,4,False,Left,Back,Centre,Right,81
<_io.BytesIO object at 0x000001E8C683E7C0>,0,0.0,0.0,0.0,0.0,1.401298464324817e-44,3.643376007244524e-43,9.183829875491986e-41,0.6281112432479858,13094,1074930,27,4,False,Left,Back,Centre,Right,81
<_io.BytesIO object at 0x000001E8BE4AFB30>,1897905207,49597.55078125,1.485784878712626e-37,0.000201437171199359,9.183970005338419e-41,0.5981799364089966,0.07192878425121307,-0.06253156810998917,0.009880149737000465,586,1074930,27,4,False,Left,Back,Centre,Right,81
<_io.BytesIO object at 0x000001E8C3AFEC20>,1050395357,-0.003063266398385167,-0.07588712126016617,0.2980908751487732,0.009006042964756489,0.0055083357729017735,0.2576862573623657,0.007097217720001936,-0.06926032155752182,22841,1074931,27,4,False,Left,Back,Centre,Right,81
<_io.BytesIO object at 0x000001E8C3AFE810>,3342810736,-3.9912513938282774e+35,-5.4690641498399846e-34,0.07824396342039108,-0.000792454113252461,2.646037644964372e+32,-1.1297033516245455e+34,14447547514880.0,2.518287483222772e-40,0,1074931,27,4,False,Left,Back,Centre,Right,81
<_io.BytesIO object at 0x000001E8C683E4A0>,76,1.401298464324817e-45,0.6336582899093628,0.02898038923740387,-0.10141682624816895,-0.07982703298330307,-0.6601098775863647,-0.4942103922367096,0.5600346326828003,-24317,1074931,27,4,False,Left,Back,Centre,Right,81
<_io.BytesIO object at 0x000001E8C683E270>,80777,2.802596928649634e-45,0.6499995589256287,0.048026349395513535,-0.10068254172801971,0.12427860498428345,-0.2562236785888672,-0.4294283390045166,0.8570272326469421,0,1074931,27,4,False,Left,Back,Centre,Right,81
<_io.BytesIO object at 0x000001E8C683E720>,0,0.0,0.0,0.0,0.0,1.401298464324817e-44,3.643376007244524e-43,9.183829875491986e-41,0.6279696226119995,-27105,1074931,27,4,False,Left,Back,Centre,Right,81
<_io.BytesIO object at 0x000001E8BE4AFB30>,2412035132,13417869.0,1.485784878712626e-37,0.00021533266408368945,9.183970005338419e-41,0.598068118095398,0.07147707790136337,-0.06229202821850777,0.009881292469799519,586,1074931,27,4,False,Left,Back,Centre,Right,81
<_io.BytesIO object at 0x000001E8C3AFE630>,1050395181,-0.0030557147692888975,-0.0758710503578186,0.29809096455574036,0.009015808813273907,0.005512847099453211,0.2576864957809448,0.007091945968568325,-0.0692291185259819,23265,1074932,27,4,False,Left,Back,Centre,Right,81
<_io.BytesIO object at 0x000001E8C3AFE310>,3674553968,-3.280424428257555e+33,-1.8024396710585467e-33,7.988631089972387e-09,-1.7131312725153792e-36,5.2906506994800354e+36,4.862506297261172e-30,1.1541211748226172e-23,2.518287483222772e-40,0,1074932,27,4,False,Left,Back,Centre,Right,81
<_io.BytesIO object at 0x000001E8C683E9F0>,76,1.401298464324817e-45,0.6335965991020203,0.02887052297592163,-0.1013561263680458,-0.07688914239406586,-0.660445511341095,-0.49476104974746704,0.5595636367797852,-2373,1074932,27,4,False,Left,Back,Centre,Right,81
<_io.BytesIO object at 0x000001E8C683E5E0>,80776,2.802596928649634e-45,0.6499995589256287,0.048026349395513535,-0.10068254172801971,0.12427860498428345,-0.2562236785888672,-0.4294283390045166,0.8570272326469421,0,1074932,27,4,False,Left,Back,Centre,Right,81
<_io.BytesIO object at 0x000001E8C683EC70>,0,0.0,0.0,0.0,0.0,1.401298464324817e-44,3.643376007244524e-43,9.183829875491986e-41,0.6279504299163818,16940,1074932,27,4,False,Left,Back,Centre,Right,81
<_io.BytesIO object at 0x000001E8C683EBD0>,2891824191,3535637760.0,1.485784878712626e-37,0.00019366777269169688,9.183970005338419e-41,0.5979059934616089,0.07115714997053146,-0.062109287828207016,0.009882749989628792,586,1074932,27,4,False,Left,Back,Centre,Right,81
<_io.BytesIO object at 0x000001E8C687EDB0>,1050395239,-0.0030491137877106667,-0.07585868239402771,0.29809194803237915,0.009026505053043365,0.005525488406419754,0.2576867640018463,0.007085220422595739,-0.06923277676105499,23093,1074933,27,4,False,Left,Back,Centre,Right,81
<_io.BytesIO object at 0x000001E8C687EE00>,3780460144,-9.457363218239714e+30,-1.0396460502821059e-33,325991205437440.0,-4.6767920372050555e+37,-2.3030221431068594e-37,5.179842511467914e-26,-1.9651753430038126e+36,2.5182734702381288e-40,0,1074933,27,4,False,Left,Back,Centre,Right,81
<_io.BytesIO object at 0x000001E8C687ED10>,76,1.401298464324817e-45,0.6337113976478577,0.028888186439871788,-0.1012757420539856,-0.07452654093503952,-0.6606788039207458,-0.4959048330783844,0.5585945248603821,-27725,1074933,27,4,False,Left,Back,Centre,Right,81
<_io.BytesIO object at 0x000001E8C687EA40>,80778,2.802596928649634e-45,0.6499995589256287,0.048026349395513535,-0.10068254172801971,0.12427860498428345,-0.2562236785888672,-0.4294283390045166,0.8570272326469421,0,1074933,27,4,False,Left,Back,Centre,Right,81
<_io.BytesIO object at 0x000001E8C687EF90>,0,0.0,0.0,0.0,0.0,1.401298464324817e-44,3.643376007244524e-43,9.183829875491986e-41,0.6279106140136719,32753,1074933,27,4,False,Left,Back,Centre,Right,81
<_io.BytesIO object at 0x000001E8C687EEF0>,3666852929,905123266560.0,1.485784878712626e-37,0.0001935257314471528,9.183970005338419e-41,0.5977388024330139,0.0709792971611023,-0.06200360506772995,0.009884299710392952,586,1074933,27,4,False,Left,Back,Centre,Right,81
<_io.BytesIO object at 0x000001E8C683E4F0>,1050395340,-0.0030344142578542233,-0.0758480504155159,0.2980932295322418,0.009035864844918251,0.00553563516587019,0.25769349932670593,0.007087687961757183,-0.06921713799238205,23144,1074934,27,4,False,Left,Back,Centre,Right,81
<_io.BytesIO object at 0x000001E8C683E270>,3744743024,-4.2974269174527905e+26,-7.1843455065598665e-34,227.24363708496094,3.191046391790031e-38,-7.979877930703654e-33,1.7675522565841675,-1.225847017953443e+25,2.5182734702381288e-40,0,1074934,27,4,False,Left,Back,Centre,Right,81
<_io.BytesIO object at 0x000001E8C683EEA0>,76,1.401298464324817e-45,0.6337637901306152,0.02894880436360836,-0.10129605978727341,-0.07311707735061646,-0.660876989364624,-0.4964195489883423,0.5580888390541077,16885,1074934,27,4,False,Left,Back,Centre,Right,81
<_io.BytesIO object at 0x000001E8C683E3B0>,80777,2.802596928649634e-45,0.6499995589256287,0.048026349395513535,-0.10068254172801971,0.12427860498428345,-0.2562236785888672,-0.4294283390045166,0.8570272326469421,0,1074934,27,4,False,Left,Back,Centre,Right,81
<_io.BytesIO object at 0x000001E8C683EEA0>,0,0.0,0.0,0.0,0.0,1.401298464324817e-44,3.643376007244524e-43,9.183829875491986e-41,0.6279197335243225,21795,1074934,27,4,False,Left,Back,Centre,Right,81
<_io.BytesIO object at 0x000001E8C683E680>,205044801,1120360338554880.0,1.485784878712626e-37,0.000168108512298204,9.183970005338419e-41,0.597602128982544,0.07092995941638947,-0.06209990382194519,0.009885778650641441,586,1074934,27,4,False,Left,Back,Centre,Right,81
<_io.BytesIO object at 0x000001E8C3AFED60>,1050395129,-0.003031990258023143,-0.07584621012210846,0.29806455969810486,0.00905867200344801,0.00551059702411294,0.2576923072338104,0.007083945907652378,-0.06921162456274033,23541,1074935,27,4,False,Left,Back,Centre,Right,81
<_io.BytesIO object at 0x000001E8C3AFE0E0>,3937287792,-2.2816952988840045e+26,-3.531987442517832e-34,1105.9490966796875,-1.5169528966844545e-24,-2.3821777407947166e-27,-7.982481218249687e+17,-1.2941615946805895e+23,2.5182734702381288e-40,0,1074935,27,4,False,Left,Back,Centre,Right,81
<_io.BytesIO object at 0x000001E8C683E4F0>,76,1.401298464324817e-45,0.6338904500007629,0.029117172583937645,-0.10134720802307129,-0.07251200079917908,-0.661329448223114,-0.496917724609375,0.5571877956390381,9952,1074935,27,4,False,Left,Back,Centre,Right,81
<_io.BytesIO object at 0x000001E8C683E860>,80776,2.802596928649634e-45,0.6499995589256287,0.048026349395513535,-0.10068254172801971,0.12427860498428345,-0.2562236785888672,-0.4294283390045166,0.8570272326469421,0,1074935,27,4,False,Left,Back,Centre,Right,81
<_io.BytesIO object at 0x000001E8C683E180>,0,0.0,0.0,0.0,0.0,1.401298464324817e-44,3.643376007244524e-43,9.183829875491986e-41,0.6279751658439636,-25483,1074935,27,4,False,Left,Back,Centre,Right,81
<_io.BytesIO object at 0x000001E8C683EEA0>,956677182,2.6542014844003942e+17,1.485784878712626e-37,0.0001667841279413551,9.183970005338419e-41,0.5975140929222107,0.07108370214700699,-0.06222730502486229,0.009886984713375568,586,1074935,27,4,False,Left,Back,Centre,Right,81
<_io.BytesIO object at 0x000001E8C3AFE040>,1050395165,-0.0030334729235619307,-0.07586555182933807,0.29808786511421204,0.009058821015059948,0.005535767413675785,0.25767782330513,0.007084295619279146,-0.06921219825744629,23880,1074936,27,4,False,Left,Back,Centre,Right,81
<_io.BytesIO object at 0x000001E8C3AFEB30>,3948691056,-8.582306607464767e+23,-9.493680841389542e-34,5.468556851353137e-25,9.67351212466383e-08,-8.519005093403271e-22,-1.4476809292823428e+23,-4687948750520320.0,2.5182734702381288e-40,0,1074936,27,4,False,Left,Back,Centre,Right,81
<_io.BytesIO object at 0x000001E8C3AFEF90>,76,1.401298464324817e-45,0.6341107487678528,0.029449796304106712,-0.10140356421470642,-0.07295038551092148,-0.6615182757377625,-0.49784326553344727,0.5560790300369263,12689,1074936,27,4,False,Left,Back,Centre,Right,81
<_io.BytesIO object at 0x000001E8C3AFE310>,80775,2.802596928649634e-45,0.6499995589256287,0.048026349395513535,-0.10068254172801971,0.12427860498428345,-0.2562236785888672,-0.4294283390045166,0.8570272326469421,0,1074936,27,4,False,Left,Back,Centre,Right,81
<_io.BytesIO object at 0x000001E8C3AFEF90>,0,0.0,0.0,0.0,0.0,1.401298464324817e-44,3.643376007244524e-43,9.183829875491986e-41,0.6280841827392578,23463,1074936,27,4,False,Left,Back,Centre,Right,81
<_io.BytesIO object at 0x000001E8C3AFE3B0>,1727642681,4.5169383526828605e+18,1.485784878712626e-37,0.00015598662139382213,9.183970005338419e-41,0.5974910855293274,0.07147642970085144,-0.06240701302886009,0.00988826248794794,586,1074936,27,4,False,Left,Back,Centre,Right,81
<_io.BytesIO object at 0x000001E8C683ED10>,1050395271,-0.0030384636484086514,-0.07589041441679001,0.2980653941631317,0.00907666701823473,0.0055078803561627865,0.257685124874115,0.007077076006680727,-0.06921953707933426,24477,1074937,27,4,False,Left,Back,Centre,Right,81
<_io.BytesIO object at 0x000001E8C683E180>,134364784,-8.498140507206174e+26,-2.9700346998433084e-33,3.664492964020066e-16,-1.8945092742633438e-32,-1.361837032032298e-10,-6.12950660278155e+24,-6.826205094512261e-07,2.5182734702381288e-40,0,1074937,27,4,False,Left,Back,Centre,Right,81
<_io.BytesIO object at 0x000001E8C3AFEEA0>,76,1.401298464324817e-45,0.6343752145767212,0.02991526573896408,-0.10150148719549179,-0.07543360441923141,-0.6610482931137085,-0.4996582567691803,0.5546770095825195,15821,1074937,27,4,False,Left,Back,Centre,Right,81
<_io.BytesIO object at 0x000001E8C3AFEAE0>,80773,2.802596928649634e-45,0.6499995589256287,0.048026349395513535,-0.10068254172801971,0.12427860498428345,-0.2562236785888672,-0.4294283390045166,0.8570272326469421,0,1074937,27,4,False,Left,Back,Centre,Right,81
<_io.BytesIO object at 0x000001E8C3AFEF90>,0,0.0,0.0,0.0,0.0,1.401298464324817e-44,3.643376007244524e-43,9.183829875491986e-41,0.6280750632286072,-1282,1074937,27,4,False,Left,Back,Centre,Right,81
<_io.BytesIO object at 0x000001E8BE4AFB30>,2824649778,2.3143797934136073e+20,1.485784878712626e-37,0.00014225214545149356,9.183970005338419e-41,0.5973845720291138,0.07211805135011673,-0.06266311556100845,0.009889781475067139,586,1074937,27,4,False,Left,Back,Centre,Right,81
<_io.BytesIO object at 0x000001E8C687ECC0>,1050395470,-0.00303368060849607,-0.07589937746524811,0.2980894148349762,0.009076426737010479,0.005533730611205101,0.25768736004829407,0.007081084419041872,-0.06922734528779984,23816,1074938,27,4,False,Left,Back,Centre,Right,81
<_io.BytesIO object at 0x000001E8C687E9F0>,4196613744,-42610749440.0,-1.9234342229436463e-32,5.8827400915184245e-21,-1.0167211517142505e-09,-0.025846626609563828,2.7153488346698396e-08,-2.2772241810797632e-23,2.5182734702381288e-40,0,1074938,27,4,False,Left,Back,Centre,Right,81
<_io.BytesIO object at 0x000001E8C687EC70>,76,1.401298464324817e-45,0.6344800591468811,0.030530810356140137,-0.10157445818185806,-0.07497868686914444,-0.6617751717567444,-0.5012654662132263,0.5524171590805054,2741,1074938,27,4,False,Left,Back,Centre,Right,81
<_io.BytesIO object at 0x000001E8C687EB30>,80773,2.802596928649634e-45,0.6499995589256287,0.048026349395513535,-0.10068254172801971,0.12427860498428345,-0.2562236785888672,-0.4294283390045166,0.8570272326469421,0,1074938,27,4,False,Left,Back,Centre,Right,81
<_io.BytesIO object at 0x000001E8C687EE00>,0,0.0,0.0,0.0,0.0,1.401298464324817e-44,3.643376007244524e-43,9.183829875491986e-41,0.627927303314209,-28300,1074938,27,4,False,Left,Back,Centre,Right,81
<_io.BytesIO object at 0x000001E8C687EF40>,137346089,1.8870315499963095e+22,1.485784878712626e-37,0.00017148310143966228,9.183970005338419e-41,0.5972504019737244,0.07276356220245361,-0.06287571787834167,0.009890900924801826,586,1074938,27,4,False,Left,Back,Centre,Right,81
<_io.BytesIO object at 0x000001E8C3AFE450>,1050395608,-0.003008686937391758,-0.07591362297534943,0.29807811975479126,0.009094199165701866,0.00549733079969883,0.2576890289783478,0.0070947748608887196,-0.06923504918813705,26736,1074939,27,4,False,Left,Back,Centre,Right,81
<_io.BytesIO object at 0x000001E8C3AFE4A0>,2856140400,3.053733787612518e+38,-1.95474824634256e-31,3.689752536509579e-20,-10652665856.0,-17630.15234375,-2.1591094902840157e+27,-9.403623539621334e-40,2.5182734702381288e-40,0,1074939,27,4,False,Left,Back,Centre,Right,81
<_io.BytesIO object at 0x000001E8C3AFE090>,76,1.401298464324817e-45,0.6346464157104492,0.03132293000817299,-0.10157371312379837,-0.07589410990476608,-0.6616056561470032,-0.5031137466430664,0.5508127808570862,18212,1074939,27,4,False,Left,Back,Centre,Right,81
<_io.BytesIO object at 0x000001E8C3AFEAE0>,80773,2.802596928649634e-45,0.6499995589256287,0.048026349395513535,-0.10068254172801971,0.12427860498428345,-0.2562236785888672,-0.4294283390045166,0.8570272326469421,0,1074939,27,4,False,Left,Back,Centre,Right,81
<_io.BytesIO object at 0x000001E8C3AFE090>,0,0.0,0.0,0.0,0.0,1.401298464324817e-44,3.643376007244524e-43,9.183829875491986e-41,0.6278635859489441,-7371,1074939,27,4,False,Left,Back,Centre,Right,81
<_io.BytesIO object at 0x000001E8C3AFE040>,821541918,1.6031533489416971e+24,1.485784878712626e-37,0.00016712045180611312,9.183970005338419e-41,0.597247302532196,0.07366480678319931,-0.06294521689414978,0.009892333298921585,586,1074939,27,4,False,Left,Back,Centre,Right,81
<_io.BytesIO object at 0x000001E8C683E950>,1050395578,-0.0029734093695878983,-0.07593078166246414,0.2980789542198181,0.009107980877161026,0.005483061075210571,0.2576926052570343,0.007109958212822676,-0.06925693154335022,26069,1074940,27,4,False,Left,Back,Centre,Right,81
<_io.BytesIO object at 0x000001E8C683E9F0>,2759081584,2.547278947151188e-39,-2.9080131567026275e-31,6.989465644874698e-22,0.94819176197052,-93810450432.0,-3.3575239267847546e-29,5.065510788604399e-10,2.5182734702381288e-40,0,1074940,27,4,False,Left,Back,Centre,Right,81
<_io.BytesIO object at 0x000001E8C3AFE810>,76,1.401298464324817e-45,0.6348188519477844,0.03216313198208809,-0.10161443054676056,-0.07648736238479614,-0.6614506840705872,-0.5049996972084045,0.5491885542869568,9621,1074940,27,4,False,Left,Back,Centre,Right,81
<_io.BytesIO object at 0x000001E8C3AFE450>,80772,2.802596928649634e-45,0.6499995589256287,0.048026349395513535,-0.10068254172801971,0.12427860498428345,-0.2562236785888672,-0.4294283390045166,0.8570272326469421,0,1074940,27,4,False,Left,Back,Centre,Right,81
<_io.BytesIO object at 0x000001E8C3AFED10>,0,0.0,0.0,0.0,0.0,1.401298464324817e-44,3.643376007244524e-43,9.183829875491986e-41,0.6278455257415771,-22370,1074940,27,4,False,Left,Back,Centre,Right,81
<_io.BytesIO object at 0x000001E8C3AFEB30>,2207824915,2.656499196452687e+26,1.485784878712626e-37,0.00017124325677286834,9.183970005338419e-41,0.5972065329551697,0.07464297115802765,-0.06298106908798218,0.009893259964883327,586,1074940,27,4,False,Left,Back,Centre,Right,81
<_io.BytesIO object at 0x000001E8C3A60A40>,1050396222,-0.002929733833298087,-0.07595743983983994,0.29811370372772217,0.009116118773818016,0.005510294809937477,0.2577035427093506,0.007157526910305023,-0.06928224861621857,26700,1074941,27,4,False,Left,Back,Centre,Right,81
<_io.BytesIO object at 0x000001E8C3A60B30>,1111178864,1.7184543592079182e-35,-7.11595849620559e-32,-6.654236209778117e+37,-8.717628404869907e-22,-7.111668916148188e+19,-2.5942919501099e-38,3.753657422460007e-15,2.5182734702381288e-40,0,1074941,27,4,False,Left,Back,Centre,Right,81
<_io.BytesIO object at 0x000001E8C3A60590>,76,1.401298464324817e-45,0.6349310874938965,0.033139295876026154,-0.10154212266206741,-0.07613904774188995,-0.6614452004432678,-0.5079481601715088,0.5465178489685059,25373,1074941,27,4,False,Left,Back,Centre,Right,81
<_io.BytesIO object at 0x000001E8C3A60DB0>,80775,2.802596928649634e-45,0.6499995589256287,0.048026349395513535,-0.10068254172801971,0.12427860498428345,-0.2562236785888672,-0.4294283390045166,0.8570272326469421,0,1074941,27,4,False,Left,Back,Centre,Right,81
<_io.BytesIO object at 0x000001E8C3A609F0>,0,0.0,0.0,0.0,0.0,1.401298464324817e-44,3.643376007244524e-43,9.183829875491986e-41,0.627596914768219,1205,1074941,27,4,False,Left,Back,Centre,Right,81
<_io.BytesIO object at 0x000001E8C6952180>,3757685767,5.253212893812153e+28,1.485784878712626e-37,0.0001856846793089062,9.183970005338419e-41,0.5974120497703552,0.0758102685213089,-0.06285358220338821,0.009894699789583683,586,1074941,27,4,False,Left,Back,Centre,Right,81
<_io.BytesIO object at 0x000001E8C3A924A0>,1050396496,-0.0028196806088089943,-0.07596329599618912,0.2980894446372986,0.00913698598742485,0.0054790666326880455,0.25770360231399536,0.007193649187684059,-0.06930661201477051,27863,1074942,27,4,False,Left,Back,Centre,Right,81
<_io.BytesIO object at 0x000001E8C3A923B0>,4166598256,6.34724368336671e-30,-3.426434001121484e-29,-93009469440.0,6.991926960099641e+27,-6.288164182119964e+30,3.553480265925793e-21,-6.658467686979631e-22,2.5182594572534855e-40,0,1074942,27,4,False,Left,Back,Centre,Right,81
<_io.BytesIO object at 0x000001E8C3A92630>,76,1.401298464324817e-45,0.6349058151245117,0.03412545099854469,-0.10145814716815948,-0.07542689889669418,-0.661345899105072,-0.5088998675346375,0.5458511114120483,-27030,1074942,27,4,False,Left,Back,Centre,Right,81
<_io.BytesIO object at 0x000001E8C3A92F40>,80777,2.802596928649634e-45,0.6499995589256287,0.048026349395513535,-0.10068254172801971,0.12427860498428345,-0.2562236785888672,-0.4294283390045166,0.8570272326469421,0,1074942,27,4,False,Left,Back,Centre,Right,81
<_io.BytesIO object at 0x000001E8C3A92E00>,0,0.0,0.0,0.0,0.0,1.401298464324817e-44,3.643376007244524e-43,9.183829875491986e-41,0.6274791359901428,-7404,1074942,27,4,False,Left,Back,Centre,Right,81
<_io.BytesIO object at 0x000001E8C3A92180>,4167875571,7.674850454250728e+30,1.485784878712626e-37,0.0001552493340568617,9.183970005338419e-41,0.5976767539978027,0.07698998600244522,-0.06264321506023407,0.009895282797515392,586,1074942,27,4,False,Left,Back,Centre,Right,81
<_io.BytesIO object at 0x000001E8C3A96450>,1050396689,-0.0027767254505306482,-0.07601463794708252,0.2980944514274597,0.009154032915830612,0.005472373217344284,0.25770804286003113,0.007224009372293949,-0.06932667642831802,32540,1074943,27,4,False,Left,Back,Centre,Right,81
<_io.BytesIO object at 0x000001E8C3A96180>,1455439472,1.7825744522531285e+24,-1.1023608926734495e-28,-7292635840512.0,-7.075789571786546e+22,1.0387583820080742e-36,2.988229751586914,2.7269113189731797e-08,2.5182594572534855e-40,0,1074943,27,4,False,Left,Back,Centre,Right,81
<_io.BytesIO object at 0x000001E8C3A96A40>,76,1.401298464324817e-45,0.6349033117294312,0.035155054181814194,-0.10128359496593475,-0.07321850210428238,-0.6618937849998474,-0.5102714896202087,0.544204592704773,20723,1074943,27,4,False,Left,Back,Centre,Right,81
<_io.BytesIO object at 0x000001E8C3A96C20>,80782,2.802596928649634e-45,0.6499995589256287,0.048026349395513535,-0.10068254172801971,0.12427860498428345,-0.2562236785888672,-0.4294283390045166,0.8570272326469421,0,1074943,27,4,False,Left,Back,Centre,Right,81
<_io.BytesIO object at 0x000001E8C3A96EF0>,0,0.0,0.0,0.0,0.0,1.401298464324817e-44,3.643376007244524e-43,9.183829875491986e-41,0.6272745132446289,12748,1074943,27,4,False,Left,Back,Centre,Right,81
<_io.BytesIO object at 0x000001E8C3A96860>,500218840,5.157451631794033e+31,1.485784878712626e-37,0.00014130193449091166,9.183970005338419e-41,0.5980349183082581,0.07823789119720459,-0.06234652176499367,0.009896615520119667,586,1074943,27,4,False,Left,Back,Centre,Right,81
<_io.BytesIO object at 0x000001E8C3B19CC0>,1050396615,-0.002726928563788533,-0.0760486051440239,0.2980904281139374,0.00916334893554449,0.005461312364786863,0.2577057480812073,0.007251421920955181,-0.06935696303844452,32719,1074944,27,4,False,Left,Back,Centre,Right,81
<_io.BytesIO object at 0x000001E8C3A54B80>,3940040304,7.401714266171416e+23,-3.781421408470939e-29,-4333512687616.0,0.0375334657728672,5.318140502427281e-24,3.531303895858907e-30,-0.12621091306209564,2.5182454442688423e-40,0,1074944,27,4,False,Left,Back,Centre,Right,81
<_io.BytesIO object at 0x000001E8C3A54310>,76,1.401298464324817e-45,0.6347410082817078,0.036180783063173294,-0.10111770033836365,-0.06942572444677353,-0.6629998683929443,-0.5111746191978455,0.5425052046775818,-24665,1074944,27,4,False,Left,Back,Centre,Right,81
<_io.BytesIO object at 0x000001E8BE5654F0>,80786,2.802596928649634e-45,0.6284351348876953,0.04115306958556175,-0.10717076808214188,0.18930761516094208,-0.32190969586372375,-0.387430876493454,0.8428725004196167,0,1074944,27,4,False,Left,Back,Centre,Right,81
<_io.BytesIO object at 0x000001E8BE5657C0>,0,0.0,0.0,0.0,0.0,1.401298464324817e-44,3.643376007244524e-43,9.183829875491986e-41,0.6270521283149719,9690,1074944,27,4,False,Left,Back,Centre,Right,81
<_io.BytesIO object at 0x000001E8BE5650E0>,551926716,6.968726949980908e+34,1.485784878712626e-37,0.00011953352077398449,9.183970005338419e-41,0.5984699726104736,0.07965268194675446,-0.06200842931866646,0.009898143820464611,586,1074944,27,4,False,Left,Back,Centre,Right,81
<_io.BytesIO object at 0x000001E8C3A834F0>,1050397493,-0.0027190688997507095,-0.07614264637231827,0.2980942726135254,0.009174326434731483,0.005453207530081272,0.2576958239078522,0.007266752887517214,-0.06938613951206207,-32619,1074945,27,4,False,Left,Back,Centre,Right,81
<_io.BytesIO object at 0x000001E8C3A83810>,3043507824,4.0955968846846855e+27,-1.5508427617661776e-27,-4.6403623372109486e+20,-1.2754269794128682e-21,7.630136522607245e-10,-1.657653583076572e+28,3645805000916992.0,2.5182454442688423e-40,0,1074945,27,4,False,Left,Back,Centre,Right,81
<_io.BytesIO object at 0x000001E8C3A83A90>,76,1.401298464324817e-45,0.6347754001617432,0.03724009916186333,-0.10094856470823288,-0.06646894663572311,-0.6637486815452576,-0.5121525526046753,0.541035532951355,22530,1074945,27,4,False,Left,Back,Centre,Right,81
<_io.BytesIO object at 0x000001E8C683EB30>,80791,2.802596928649634e-45,0.6284351348876953,0.04115306958556175,-0.10717076808214188,0.18930763006210327,-0.32190972566604614,-0.38743090629577637,0.8428725600242615,0,1074945,27,4,False,Left,Back,Centre,Right,81
<_io.BytesIO object at 0x000001E8C683E270>,0,0.0,0.0,0.0,0.0,1.401298464324817e-44,3.643376007244524e-43,9.183829875491986e-41,0.6270509958267212,-21585,1074945,27,4,False,Left,Back,Centre,Right,81
<_io.BytesIO object at 0x000001E8C683E720>,1304804250,-2.964309910341278e-37,1.485784878712626e-37,0.0002394598413957283,9.183970005338419e-41,0.5990496277809143,0.08099034428596497,-0.06165621429681778,0.009895220398902893,586,1074945,27,4,False,Left,Back,Centre,Right,81
<_io.BytesIO object at 0x000001E8C3A9F540>,1050397527,-0.0026493631303310394,-0.07614345848560333,0.29808279871940613,0.009182814508676529,0.0054468619637191296,0.257686585187912,0.007295016665011644,-0.06944537162780762,-31508,1074946,27,4,False,Left,Back,Centre,Right,81
<_io.BytesIO object at 0x000001E8C3A9F360>,2363047536,6.398588960715877e+33,-6.492271015781693e-26,3.5218154743871996e-24,-4.4672731705636605e+20,930.9425048828125,-1.6948019661397647e-15,-6.112331877003873e+25,2.518231431284199e-40,0,1074946,27,4,False,Left,Back,Centre,Right,81
<_io.BytesIO object at 0x000001E8C3A8F090>,76,1.401298464324817e-45,0.6351117491722107,0.038433924317359924,-0.10067741572856903,-0.07023020833730698,-0.6620200872421265,-0.5151869058609009,0.5397958755493164,23322,1074946,27,4,False,Left,Back,Centre,Right,81
<_io.BytesIO object at 0x000001E8C3A8FEA0>,80794,2.802596928649634e-45,0.6288881897926331,0.043479081243276596,-0.10687046498060226,0.19067279994487762,-0.3240041434764862,-0.39086759090423584,0.8401712775230408,0,1074946,27,4,False,Left,Back,Centre,Right,81
<_io.BytesIO object at 0x000001E8C3A8F4A0>,0,0.0,0.0,0.0,0.0,1.401298464324817e-44,3.643376007244524e-43,9.183829875491986e-41,0.6269389986991882,22789,1074946,27,4,False,Left,Back,Centre,Right,81
<_io.BytesIO object at 0x000001E8C3A8FC20>,3235691376,-3.268654296913436e-29,1.485784878712626e-37,0.00023366180539596826,9.183970005338419e-41,0.5997973084449768,0.08249448239803314,-0.06121142581105232,0.009894192218780518,586,1074946,27,4,False,Left,Back,Centre,Right,81
<_io.BytesIO object at 0x000001E8C683B040>,1050397558,-0.002622683998197317,-0.0761820524930954,0.29807576537132263,0.009192298166453838,0.005444160662591457,0.25768980383872986,0.007307318039238453,-0.06946015357971191,-29571,1074947,27,4,False,Left,Back,Centre,Right,81
<_io.BytesIO object at 0x000001E8C683B270>,945307248,1.4096262062419298e+29,-1.7414846012004743e-24,-6.470734769230187e+35,-7.517616830922714e+25,4.1385491225651446e+18,-0.03961101174354553,-2.1400428304452213e-11,2.518231431284199e-40,0,1074947,27,4,False,Left,Back,Centre,Right,81
<_io.BytesIO object at 0x000001E8C683B4A0>,76,1.401298464324817e-45,0.6354047060012817,0.039696816354990005,-0.10044101625680923,-0.07600545138120651,-0.6598858833312988,-0.5144864320755005,0.542289137840271,-23986,1074947,27,4,False,Left,Back,Centre,Right,81
<_io.BytesIO object at 0x000001E8C3A7DEF0>,80792,2.802596928649634e-45,0.6292439699172974,0.04479207843542099,-0.10661371797323227,0.18831866979599,-0.32344555854797363,-0.3934861123561859,0.8396950364112854,0,1074947,27,4,False,Left,Back,Centre,Right,81
<_io.BytesIO object at 0x000001E8C3A7DD60>,0,0.0,0.0,0.0,0.0,1.401298464324817e-44,3.643376007244524e-43,9.183829875491986e-41,0.6271266937255859,775,1074947,27,4,False,Left,Back,Centre,Right,81
<_io.BytesIO object at 0x000001E8C3A7DA40>,4048927511,-1.2551675672409526e-22,1.485784878712626e-37,0.00022689859906677157,9.183970005338419e-41,0.6004073619842529,0.08380141854286194,-0.06086143106222153,0.009893047623336315,586,1074947,27,4,False,Left,Back,Centre,Right,81
<_io.BytesIO object at 0x000001E8C3AFE400>,1050397705,-0.002589396433904767,-0.0761825293302536,0.29807862639427185,0.009208345785737038,0.0054492768831551075,0.25768929719924927,0.007308707106858492,-0.06941945850849152,-28822,1074948,27,4,False,Left,Back,Centre,Right,81
<_io.BytesIO object at 0x000001E8C3AFE950>,256589424,6.033505587850147e+33,-7.617197513464303e-25,-4.292785696072063e-35,-3.8408496092088823e-25,6.2498533865342314e+35,46988448.0,193.240234375,2.518231431284199e-40,0,1074948,27,4,False,Left,Back,Centre,Right,81
<_io.BytesIO object at 0x000001E8C3AFEF40>,76,1.401298464324817e-45,0.6358062624931335,0.04083320125937462,-0.10029793530702591,-0.08523641526699066,-0.6557022929191589,-0.5175507068634033,0.5430751442909241,-12531,1074948,27,4,False,Left,Back,Centre,Right,81
<_io.BytesIO object at 0x000001E8C3AFE680>,80789,2.802596928649634e-45,0.6295788884162903,0.046108439564704895,-0.10637354850769043,0.1863514482975006,-0.3222512900829315,-0.3990984857082367,0.8379425406455994,0,1074948,27,4,False,Left,Back,Centre,Right,81
<_io.BytesIO object at 0x000001E8C3AFE4F0>,0,0.0,0.0,0.0,0.0,1.401298464324817e-44,3.643376007244524e-43,9.183829875491986e-41,0.6271215677261353,-20555,1074948,27,4,False,Left,Back,Centre,Right,81
<_io.BytesIO object at 0x000001E8C3AFE1D0>,1884863125,-1.1365377971975059e-14,1.485784878712626e-37,0.00028719421243295074,9.183970005338419e-41,0.6013244390487671,0.08522069454193115,-0.06047357991337776,0.009891897439956665,586,1074948,27,4,False,Left,Back,Centre,Right,81
<_io.BytesIO object at 0x000001E8C3A604A0>,1050397963,-0.0025419476442039013,-0.07617243379354477,0.2980775833129883,0.009303530678153038,0.005558795295655727,0.25769972801208496,0.007329750806093216,-0.06941604614257812,-27533,1074949,27,4,False,Left,Back,Centre,Right,81
<_io.BytesIO object at 0x000001E8C3A60770>,51199600,-1.6808383964886422e-35,-2.2100285358564943e-23,-6.4169476183227964e-24,-3.832374430944725e-17,-1.0756342357006802e-18,216087003136.0,3.5153197483806653e-37,2.518231431284199e-40,0,1074949,27,4,False,Left,Back,Centre,Right,81
<_io.BytesIO object at 0x000001E8C6952130>,76,1.401298464324817e-45,0.6361692547798157,0.04201472923159599,-0.10019231587648392,-0.09045195579528809,-0.6533299684524536,-0.5198022723197937,0.5429401397705078,-19710,1074949,27,4,False,Left,Back,Centre,Right,81
<_io.BytesIO object at 0x000001E8C6952180>,80791,2.802596928649634e-45,0.629984438419342,0.04731219261884689,-0.1062474399805069,0.18617261946201324,-0.32246914505958557,-0.4025971293449402,0.8362230658531189,0,1074949,27,4,False,Left,Back,Centre,Right,81
<_io.BytesIO object at 0x000001E8C6952900>,0,0.0,0.0,0.0,0.0,1.401298464324817e-44,3.643376007244524e-43,9.183829875491986e-41,0.6271311044692993,15544,1074949,27,4,False,Left,Back,Centre,Right,81
<_io.BytesIO object at 0x000001E8C6952810>,1407236229,-1.6035098582278806e-08,1.485784878712626e-37,0.00021752528846263885,9.183970005338419e-41,0.6022205352783203,0.08677491545677185,-0.060203440487384796,0.009891393594443798,586,1074949,27,4,False,Left,Back,Centre,Right,81
<_io.BytesIO object at 0x000001E8C3B19F90>,1050398082,-0.002499622292816639,-0.07617682218551636,0.29807984828948975,0.009327707812190056,0.005576936062425375,0.25770217180252075,0.007373615633696318,-0.06945578753948212,-26574,1074950,27,4,False,Left,Back,Centre,Right,81
<_io.BytesIO object at 0x000001E8C3B19040>,3056418416,5.607261268399058e+37,-1.544684063295878e-22,-4.5962497144155354e-38,-4.511579044380598e-12,-3.886493682861328,1.441121481461074e+21,-0.002597660757601261,2.5182174182995558e-40,0,1074950,27,4,False,Left,Back,Centre,Right,81
<_io.BytesIO object at 0x000001E8C3B194F0>,76,1.401298464324817e-45,0.6365839838981628,0.04313899204134941,-0.10000064969062805,-0.0964885726571083,-0.651124119758606,-0.5190572142601013,0.545258641242981,16139,1074950,27,4,False,Left,Back,Centre,Right,81
<_io.BytesIO object at 0x000001E8C3B19180>,80791,2.802596928649634e-45,0.6303476691246033,0.048487961292266846,-0.1060418114066124,0.1852981001138687,-0.32268592715263367,-0.40636998414993286,0.8345069289207458,0,1074950,27,4,False,Left,Back,Centre,Right,81
<_io.BytesIO object at 0x000001E8C3B19770>,0,0.0,0.0,0.0,0.0,1.401298464324817e-44,3.643376007244524e-43,9.183829875491986e-41,0.6270264983177185,-31848,1074950,27,4,False,Left,Back,Centre,Right,81
<_io.BytesIO object at 0x000001E8C3B197C0>,3737401995,-0.030119681730866432,1.485784878712626e-37,0.0002771360450424254,9.183970005338419e-41,0.6029825806617737,0.08802881091833115,-0.05992598459124565,0.009891616180539131,586,1074950,27,4,False,Left,Back,Centre,Right,81
<_io.BytesIO object at 0x000001E8C3A819F0>,1050397867,-0.0024334967602044344,-0.07613527774810791,0.2980767488479614,0.009339951910078526,0.00560844037681818,0.2577036917209625,0.007391967345029116,-0.06944587081670761,-26884,1074951,27,4,False,Left,Back,Centre,Right,81
<_io.BytesIO object at 0x000001E8C3A81C20>,1077034608,3.592585726950364e+25,-2.973562840834332e-22,92796.7421875,2005.8966064453125,-1.5393826376254695e+25,33706450354176.0,2.6287550926208496,2.5182174182995558e-40,0,1074951,27,4,False,Left,Back,Centre,Right,81
<_io.BytesIO object at 0x000001E8C3A81E50>,76,1.401298464324817e-45,0.6370692849159241,0.0443558432161808,-0.0995832160115242,-0.10209383070468903,-0.6495795249938965,-0.5230436325073242,0.5422624945640564,24608,1074951,27,4,False,Left,Back,Centre,Right,81
<_io.BytesIO object at 0x000001E8C3A81F90>,80787,2.802596928649634e-45,0.6309887170791626,0.0497487373650074,-0.10543795675039291,0.1803036332130432,-0.3201100826263428,-0.4102311432361603,0.8347039222717285,0,1074951,27,4,False,Left,Back,Centre,Right,81
<_io.BytesIO object at 0x000001E8C3A81E50>,0,0.0,0.0,0.0,0.0,1.401298464324817e-44,3.643376007244524e-43,9.183829875491986e-41,0.6272369027137756,-5277,1074951,27,4,False,Left,Back,Centre,Right,81
<_io.BytesIO object at 0x000001E8C3A81B80>,3519298355,-26462.771484375,1.485784878712626e-37,0.00020629711798392236,9.183970005338419e-41,0.6037753224372864,0.08936551958322525,-0.059443920850753784,0.00989188626408577,586,1074951,27,4,False,Left,Back,Centre,Right,81
<_io.BytesIO object at 0x000001E8C3B191D0>,1050398231,-0.0024019903503358364,-0.07613112777471542,0.2980837821960449,0.00934781413525343,0.00563405966386199,0.25768470764160156,0.007415877189487219,-0.06940727680921555,-29262,1074952,27,4,False,Left,Back,Centre,Right,81
<_io.BytesIO object at 0x000001E8C3B19400>,1301888624,3.431180483973189e-24,-9.048750056154913e-22,1796546030993408.0,9199.1728515625,1.1532237395397442e-27,1.1386488514580649e-23,-7.572032657887209e+21,2.5182034053149125e-40,0,1074952,27,4,False,Left,Back,Centre,Right,81
<_io.BytesIO object at 0x000001E8C3B199A0>,76,1.401298464324817e-45,0.6375138163566589,0.045590803027153015,-0.09928867965936661,-0.10581817477941513,-0.6486815214157104,-0.5247535109519958,0.5409700870513916,-29630,1074952,27,4,False,Left,Back,Centre,Right,81
<_io.BytesIO object at 0x000001E8C3B19CC0>,80785,2.802596928649634e-45,0.6316331028938293,0.05090814456343651,-0.10500781238079071,0.1775199919939041,-0.3178573548793793,-0.41190770268440247,0.8353354930877686,0,1074952,27,4,False,Left,Back,Centre,Right,81
<_io.BytesIO object at 0x000001E8C3B190E0>,0,0.0,0.0,0.0,0.0,1.401298464324817e-44,3.643376007244524e-43,9.183829875491986e-41,0.627745509147644,-13159,1074952,27,4,False,Left,Back,Centre,Right,81
<_io.BytesIO object at 0x000001E8C3A929F0>,2994355083,-75022548992.0,1.485784878712626e-37,0.0002821796224452555,9.183970005338419e-41,0.6044586300849915,0.09078121185302734,-0.05918025225400925,0.009892774745821953,586,1074952,27,4,False,Left,Back,Centre,Right,81
<_io.BytesIO object at 0x000001E8C6952EF0>,1050398358,-0.0023393596056848764,-0.07611875236034393,0.2980901598930359,0.009369143284857273,0.00565555552020669,0.2576468288898468,0.00735566858202219,-0.0693393126130104,-24756,1074953,27,4,False,Left,Back,Centre,Right,81
<_io.BytesIO object at 0x000001E8C3A60810>,3227074160,98811661778944.0,-7.766923029285325e-22,2.8133200337777873e-30,-1.1158564358233481e-19,3.8507502608808863e-07,-1.0239980085917448e+31,7.020968769211322e-05,2.5182034053149125e-40,0,1074953,27,4,False,Left,Back,Centre,Right,81
<_io.BytesIO object at 0x000001E8C3A60770>,76,1.401298464324817e-45,0.6381776928901672,0.04685921221971512,-0.09887240082025528,-0.10590784251689911,-0.649457573890686,-0.5277618169784546,0.5370809435844421,4087,1074953,27,4,False,Left,Back,Centre,Right,81
<_io.BytesIO object at 0x000001E8C3A604A0>,80787,2.802596928649634e-45,0.6321929097175598,0.05204268544912338,-0.10465119779109955,0.17800366878509521,-0.31735533475875854,-0.4118361175060272,0.8354587554931641,0,1074953,27,4,False,Left,Back,Centre,Right,81
<_io.BytesIO object at 0x000001E8C3A60950>,0,0.0,0.0,0.0,0.0,1.401298464324817e-44,3.643376007244524e-43,9.183829875491986e-41,0.6279268860816956,17648,1074953,27,4,False,Left,Back,Centre,Right,81
<_io.BytesIO object at 0x000001E8C3A60720>,2656910261,-3461093221466112.0,1.485784878712626e-37,0.0002533934894017875,9.183970005338419e-41,0.6051098704338074,0.09209618717432022,-0.05890069901943207,0.009893080219626427,586,1074953,27,4,False,Left,Back,Centre,Right,81
<_io.BytesIO object at 0x000001E8C3AFEEF0>,1050399052,-0.002280744956806302,-0.07609866559505463,0.29808610677719116,0.009402112103998661,0.005688501521945,0.25774523615837097,0.0073619866743683815,-0.06934688985347748,-21791,1074954,27,4,False,Left,Back,Centre,Right,81
<_io.BytesIO object at 0x000001E8C3AFE6D0>,3966582384,-316081742807040.0,-2.7077613564668444e-20,-1.4375184860836807e+29,-4.037726572882423e-29,3.3880520949497856e+16,-2080883474432.0,-4.6424645461229375e-07,2.5181893923302693e-40,0,1074954,27,4,False,Left,Back,Centre,Right,81
<_io.BytesIO object at 0x000001E8C3AFE770>,76,1.401298464324817e-45,0.6387671232223511,0.04818936809897423,-0.09839553385972977,-0.10704480111598969,-0.650590181350708,-0.5289260149002075,0.5343323349952698,-19946,1074954,27,4,False,Left,Back,Centre,Right,81
<_io.BytesIO object at 0x000001E8C3AFE180>,80784,2.802596928649634e-45,0.6329017281532288,0.05316092073917389,-0.10410679131746292,0.1751554012298584,-0.314523845911026,-0.41362300515174866,0.8362483382225037,0,1074954,27,4,False,Left,Back,Centre,Right,81
<_io.BytesIO object at 0x000001E8C3AFE7C0>,0,0.0,0.0,0.0,0.0,1.401298464324817e-44,3.643376007244524e-43,9.183829875491986e-41,0.6283458471298218,13828,1074954,27,4,False,Left,Back,Centre,Right,81
<_io.BytesIO object at 0x000001E8C3AFE810>,146160618,-3.094263426179496e+21,1.485784878712626e-37,0.00022240067482925951,9.183970005338419e-41,0.6056460738182068,0.0935518816113472,-0.05866751819849014,0.009893127717077732,586,1074954,27,4,False,Left,Back,Centre,Right,81
<_io.BytesIO object at 0x000001E8C3A949F0>,1050398789,-0.0021936106495559216,-0.07604655623435974,0.29808130860328674,0.009428496472537518,0.005722299683839083,0.2578836977481842,0.0075185648165643215,-0.06941858679056168,-25427,1074955,27,4,False,Left,Back,Centre,Right,81
<_io.BytesIO object at 0x000001E8C3A94C20>,1757691504,9.168380113749374e-35,-1.361527914528861e-19,-10305119.0,8.284428622573614e-05,-1.9717222724421426e-36,1.8109391493829077e+27,3.3968441940118505e-29,2.5181893923302693e-40,0,1074955,27,4,False,Left,Back,Centre,Right,81
<_io.BytesIO object at 0x000001E8C3A94E50>,76,1.401298464324817e-45,0.6391315460205078,0.04942354932427406,-0.09796443581581116,-0.11053779721260071,-0.6504657864570618,-0.5289973616600037,0.5337016582489014,-7206,1074955,27,4,False,Left,Back,Centre,Right,81
<_io.BytesIO object at 0x000001E8C3A94F90>,80783,2.802596928649634e-45,0.6335303783416748,0.054482024163007736,-0.10365832597017288,0.17327146232128143,-0.314164936542511,-0.4140852093696594,0.8365470767021179,0,1074955,27,4,False,Left,Back,Centre,Right,81
<_io.BytesIO object at 0x000001E8C3A94E50>,0,0.0,0.0,0.0,0.0,1.401298464324817e-44,3.643376007244524e-43,9.183829875491986e-41,0.628650426864624,-20915,1074955,27,4,False,Left,Back,Centre,Right,81
<_io.BytesIO object at 0x000001E8C3A94B80>,1322138637,-7.482783013984845e+26,1.485784878712626e-37,0.00026168604381382465,9.183970005338419e-41,0.6063233613967896,0.0949440523982048,-0.05831514671444893,0.009893364273011684,586,1074955,27,4,False,Left,Back,Centre,Right,81
<_io.BytesIO object at 0x000001E8C3AFED10>,1050399924,-0.0021752757020294666,-0.07608098536729813,0.29808610677719116,0.009449491277337074,0.005753765348345041,0.25805220007896423,0.0076715946197509766,-0.06931754946708679,-21972,1074956,27,4,False,Left,Back,Centre,Right,81
<_io.BytesIO object at 0x000001E8C3AFE770>,2989440624,-8.943683656130696e+24,-1.9921220648324855e-17,-1.770982557651457e-12,1.6496322401615346e-15,-9.079916506171681e-12,-115838.3203125,6021217517568.0,2.518175379345626e-40,0,1074956,27,4,False,Left,Back,Centre,Right,81
<_io.BytesIO object at 0x000001E8C3AFE220>,76,1.401298464324817e-45,0.6398733258247375,0.05092555284500122,-0.09732206165790558,-0.10935979336500168,-0.6521210074424744,-0.5285941958427429,0.532322108745575,12923,1074956,27,4,False,Left,Back,Centre,Right,81
<_io.BytesIO object at 0x000001E8C3AFE310>,80785,2.802596928649634e-45,0.6340693235397339,0.055895742028951645,-0.10321532189846039,0.17073796689510345,-0.3148305118083954,-0.4159666895866394,0.8358839750289917,0,1074956,27,4,False,Left,Back,Centre,Right,81
<_io.BytesIO object at 0x000001E8C3AFE3B0>,0,0.0,0.0,0.0,0.0,1.401298464324817e-44,3.643376007244524e-43,9.183829875491986e-41,0.6289188265800476,-27951,1074956,27,4,False,Left,Back,Centre,Right,81
<_io.BytesIO object at 0x000001E8C3AFEC20>,3936042023,-2.915399548058681e+33,1.485784878712626e-37,0.0002639112062752247,9.183970005338419e-41,0.606956422328949,0.09643824398517609,-0.057756729423999786,0.009893804788589478,586,1074956,27,4,False,Left,Back,Centre,Right,81
<_io.BytesIO object at 0x000001E8C3A60DB0>,1050400400,-0.002115925308316946,-0.07607875019311905,0.29809629917144775,0.00947626493871212,0.005764561239629984,0.25779226422309875,0.007543160580098629,-0.06932683289051056,-11097,1074957,27,4,False,Left,Back,Centre,Right,81
<_io.BytesIO object at 0x000001E8C3A60BD0>,3605937776,3.6536840086129584e-27,-4.3528731991822876e-17,-7.292738091912379e-19,6.956497600185685e-07,-11526701318144.0,1.8463535084070798e+37,2.9947233278990746e+18,2.5181613663609828e-40,0,1074957,27,4,False,Left,Back,Centre,Right,81
<_io.BytesIO object at 0x000001E8C6952C20>,76,1.401298464324817e-45,0.6404503583908081,0.05240323394536972,-0.0966610386967659,-0.10894323140382767,-0.6532415747642517,-0.5255318880081177,0.534062922000885,-25271,1074957,27,4,False,Left,Back,Centre,Right,81
<_io.BytesIO object at 0x000001E8C6952A90>,80784,2.802596928649634e-45,0.634611189365387,0.05745956674218178,-0.1026521548628807,0.16806866228580475,-0.31580421328544617,-0.4182070195674896,0.8349392414093018,0,1074957,27,4,False,Left,Back,Centre,Right,81
<_io.BytesIO object at 0x000001E8C6952220>,0,0.0,0.0,0.0,0.0,1.401298464324817e-44,3.643376007244524e-43,9.183829875491986e-41,0.6293168067932129,12658,1074957,27,4,False,Left,Back,Centre,Right,81
<_io.BytesIO object at 0x000001E8C6952D10>,988429376,3.6502824468557957e-38,1.4857849908165032e-37,0.00025367180933244526,9.183970005338419e-41,0.6074807047843933,0.09786704927682877,-0.05722691863775253,0.00989376287907362,586,1074957,27,4,False,Left,Back,Centre,Right,81
<_io.BytesIO object at 0x000001E8C3A935E0>,1050401087,-0.00205408176407218,-0.07609650492668152,0.2981078624725342,0.009505847468972206,0.0057778917253017426,0.25789350271224976,0.007587899453938007,-0.06937620788812637,-9899,1074958,27,4,False,Left,Back,Centre,Right,81
<_io.BytesIO object at 0x000001E8C3A936D0>,2316582512,3.4780343475011115e-31,-1.2642156473150618e-14,7.782380832431143e-14,-4.928398958258052e-20,-9.813816809541817e+30,-2.0186919938152606e+32,64573.5859375,2.5181473533763395e-40,0,1074958,27,4,False,Left,Back,Centre,Right,81
<_io.BytesIO object at 0x000001E8C3A939F0>,76,1.401298464324817e-45,0.6411103010177612,0.053915634751319885,-0.09605088829994202,-0.11094941198825836,-0.653156578540802,-0.524253249168396,0.5350097417831421,9771,1074958,27,4,False,Left,Back,Centre,Right,81
<_io.BytesIO object at 0x000001E8C3A93A90>,80784,2.802596928649634e-45,0.6351393461227417,0.05879603698849678,-0.10201811045408249,0.16667017340660095,-0.31471171975135803,-0.4192410707473755,0.8351134657859802,0,1074958,27,4,False,Left,Back,Centre,Right,81
<_io.BytesIO object at 0x000001E8C3A93C70>,0,0.0,0.0,0.0,0.0,1.401298464324817e-44,3.643376007244524e-43,9.183829875491986e-41,0.6297065615653992,-10491,1074958,27,4,False,Left,Back,Centre,Right,81
<_io.BytesIO object at 0x000001E8C3A93A40>,3004382298,2.753929592295712e-31,1.4857849908165032e-37,0.00022089621052145958,9.183970005338419e-41,0.6082074642181396,0.09947118908166885,-0.05660484358668327,0.009894674643874168,586,1074958,27,4,False,Left,Back,Centre,Right,81
<_io.BytesIO object at 0x000001E8C3A8C9F0>,1050401323,-0.0019805985502898693,-0.0761159360408783,0.2981109023094177,0.009533500298857689,0.005803459323942661,0.25790947675704956,0.007638704963028431,-0.06938830763101578,-12163,1074959,27,4,False,Left,Back,Centre,Right,81
<_io.BytesIO object at 0x000001E8C3A8CC20>,2020949616,-986714275840.0,-1.7958316040830868e-12,3.1837623021933227e-27,-0.010054752230644226,1.0626852337366968e-20,-8.323016722806509e+23,2.3006346225738525,2.5181333403916963e-40,0,1074959,27,4,False,Left,Back,Centre,Right,81
<_io.BytesIO object at 0x000001E8C3A8CE50>,76,1.401298464324817e-45,0.6416398286819458,0.05538555979728699,-0.0954701155424118,-0.11358754336833954,-0.6523301005363464,-0.5214184522628784,0.5382249355316162,-271,1074959,27,4,False,Left,Back,Centre,Right,81
<_io.BytesIO object at 0x000001E8C3A8CF90>,80783,2.802596928649634e-45,0.6356539130210876,0.06049175560474396,-0.10146131366491318,0.16379255056381226,-0.3159235715866089,-0.4220057427883148,0.833831787109375,0,1074959,27,4,False,Left,Back,Centre,Right,81
<_io.BytesIO object at 0x000001E8C3A8CE50>,0,0.0,0.0,0.0,0.0,1.401298464324817e-44,3.643376007244524e-43,9.183829875491986e-41,0.630085289478302,-112,1074959,27,4,False,Left,Back,Centre,Right,81
<_io.BytesIO object at 0x000001E8C3A8CB80>,237124723,1.6620150691528717e-23,1.4857849908165032e-37,0.00018406094750389457,9.183970005338419e-41,0.6089679598808289,0.10101168602705002,-0.05595182999968529,0.009895501658320427,586,1074959,27,4,False,Left,Back,Centre,Right,81
<_io.BytesIO object at 0x000001E8C3A93CC0>,1050401887,-0.0019041401101276278,-0.07613056898117065,0.2981034517288208,0.009550145827233791,0.005819371901452541,0.2578585147857666,0.007689874153584242,-0.06939049065113068,-9800,1074960,27,4,False,Left,Back,Centre,Right,81
<_io.BytesIO object at 0x000001E8C3A939F0>,1520254576,-1.0548647002888533e+21,-3.324036323970603e-10,9.247968583849005e-17,3.222727640306289e-11,1245.8846435546875,-844.9869384765625,1.5574247447247558e-10,2.518119327407053e-40,0,1074960,27,4,False,Left,Back,Centre,Right,81
<_io.BytesIO object at 0x000001E8C3A93AE0>,76,1.401298464324817e-45,0.6422125101089478,0.05692824721336365,-0.09473031014204025,-0.11508260667324066,-0.6517266035079956,-0.5215495824813843,0.538511335849762,1449,1074960,27,4,False,Left,Back,Centre,Right,81
<_io.BytesIO object at 0x000001E8C3A93DB0>,80783,2.802596928649634e-45,0.636257529258728,0.06214161962270737,-0.10073857754468918,0.16105370223522186,-0.3151250183582306,-0.42433586716651917,0.8334847688674927,0,1074960,27,4,False,Left,Back,Centre,Right,81
<_io.BytesIO object at 0x000001E8C3A93360>,0,0.0,0.0,0.0,0.0,1.401298464324817e-44,3.643376007244524e-43,9.183829875491986e-41,0.6305678486824036,32383,1074960,27,4,False,Left,Back,Centre,Right,81
<_io.BytesIO object at 0x000001E8C3A932C0>,2319006856,1.307462587327201e-16,1.4857849908165032e-37,0.00025617415667511523,9.183970005338419e-41,0.6097047924995422,0.1025996059179306,-0.05506899207830429,0.009896133095026016,586,1074960,27,4,False,Left,Back,Centre,Right,81
<_io.BytesIO object at 0x000001E8C6952BD0>,1050401887,-0.0018428763141855597,-0.07616892457008362,0.2981043756008148,0.009571844711899757,0.0058241900987923145,0.2577369213104248,0.007791624404489994,-0.06934881210327148,-9441,1074961,27,4,False,Left,Back,Centre,Right,81
<_io.BytesIO object at 0x000001E8C3A609A0>,3602267760,-4.1022561224018065e+23,-2.686176792110473e-08,-8.123587662445637e+28,1.035734565758016e+19,7.724338700411494e+26,3.0427781894104555e-05,-0.033994317054748535,2.5180913014377665e-40,0,1074961,27,4,False,Left,Back,Centre,Right,81
<_io.BytesIO object at 0x000001E8C3A60BD0>,76,1.401298464324817e-45,0.6424838304519653,0.05841299146413803,-0.09402275830507278,-0.11778524518013,-0.6513175964355469,-0.5216577649116516,0.538317084312439,-18546,1074961,27,4,False,Left,Back,Centre,Right,81
<_io.BytesIO object at 0x000001E8C3A60DB0>,80781,2.802596928649634e-45,0.6367673277854919,0.06394726783037186,-0.10002052783966064,0.15836885571479797,-0.31667912006378174,-0.4258360266685486,0.8326447606086731,0,1074961,27,4,False,Left,Back,Centre,Right,81
<_io.BytesIO object at 0x000001E8C3A60D10>,0,0.0,0.0,0.0,0.0,1.401298464324817e-44,3.643376007244524e-43,9.183829875491986e-41,0.631080687046051,11585,1074961,27,4,False,Left,Back,Centre,Right,81
<_io.BytesIO object at 0x000001E8C3A60180>,2559982742,5.811311432069033e-10,1.4857849908165032e-37,0.0002163376339012757,9.183970005338419e-41,0.6103866696357727,0.10431770235300064,-0.05433588847517967,0.00989716686308384,586,1074961,27,4,False,Left,Back,Centre,Right,81
<_io.BytesIO object at 0x000001E8C3AFE7C0>,1050402153,-0.0017901038518175483,-0.0762210339307785,0.29811781644821167,0.009597305208444595,0.005819299723953009,0.2579053044319153,0.007701479364186525,-0.0693940594792366,673,1074962,27,4,False,Left,Back,Centre,Right,81
<_io.BytesIO object at 0x000001E8C3AFE360>,2288074353,-2.8876571445167554e-25,-5.684520147042349e-06,-4.2533653567256285e-15,8.75880876564372e+32,-1.8141980816285826e-27,3.034208642000804e-26,5.555952302516052e-32,2.5180772884531233e-40,0,1074962,27,4,False,Left,Back,Centre,Right,81
<_io.BytesIO object at 0x000001E8C3AFEF90>,76,1.401298464324817e-45,0.643017053604126,0.06004366651177406,-0.09311172366142273,-0.12068669497966766,-0.6503058075904846,-0.5219794511795044,0.5385856628417969,-17570,1074962,27,4,False,Left,Back,Centre,Right,81
<_io.BytesIO object at 0x000001E8C3AFED60>,80781,2.802596928649634e-45,0.6374147534370422,0.06554320454597473,-0.09904060512781143,0.15628913044929504,-0.3148319125175476,-0.4274035692214966,0.8329350352287292,0,1074962,27,4,False,Left,Back,Centre,Right,81
<_io.BytesIO object at 0x000001E8C3A8FF90>,0,0.0,0.0,0.0,0.0,1.401298464324817e-44,3.643376007244524e-43,9.183829875491986e-41,0.6316723227500916,2090,1074962,27,4,False,Left,Back,Centre,Right,81
<_io.BytesIO object at 0x000001E8C3A8FB80>,4288298149,0.024870609864592552,1.4857849908165032e-37,0.00022932283172849566,9.183970005338419e-41,0.6113543510437012,0.1061030700802803,-0.053271014243364334,0.009897888638079166,586,1074962,27,4,False,Left,Back,Centre,Right,81
<_io.BytesIO object at 0x000001E8C3A979F0>,1050402050,-0.0017315413570031524,-0.07625395059585571,0.29812222719192505,0.009620553813874722,0.005799427628517151,0.2579577565193176,0.007731362245976925,-0.06945725530385971,-10885,1074963,27,4,False,Left,Back,Centre,Right,81
<_io.BytesIO object at 0x000001E8C3A97C20>,2386247280,-5.721517126744402e-08,-1.24016273021698,-1.7080723987983326e-11,3.6990163326263428,-0.05852919816970825,3.805482861255983e+18,1.0219850745665373e+32,2.5180492624838368e-40,0,1074963,27,4,False,Left,Back,Centre,Right,81
<_io.BytesIO object at 0x000001E8C3A97E50>,76,1.401298464324817e-45,0.6434396505355835,0.061674945056438446,-0.09211717545986176,-0.1237916424870491,-0.6500163674354553,-0.5216176509857178,0.5385809540748596,18831,1074963,27,4,False,Left,Back,Centre,Right,81
<_io.BytesIO object at 0x000001E8C3A97F90>,80782,2.802596928649634e-45,0.6379581093788147,0.06744430214166641,-0.09812348335981369,0.15236125886440277,-0.31684115529060364,-0.42846131324768066,0.8323572874069214,0,1074963,27,4,False,Left,Back,Centre,Right,81
<_io.BytesIO object at 0x000001E8C3A97E50>,0,0.0,0.0,0.0,0.0,1.401298464324817e-44,3.643376007244524e-43,9.183829875491986e-41,0.6322281360626221,-10235,1074963,27,4,False,Left,Back,Centre,Right,81
<_io.BytesIO object at 0x000001E8C3A97B80>,3141483699,183029.71875,1.4857849908165032e-37,0.00022185035049915314,9.183970005338419e-41,0.612183690071106,0.10798614472150803,-0.05224064737558365,0.009898833930492401,586,1074963,27,4,False,Left,Back,Centre,Right,81
<_io.BytesIO object at 0x000001E8C3A83860>,1050400631,-0.0017560204723849893,-0.07638205587863922,0.2981242537498474,0.00963508989661932,0.005806306377053261,0.257963627576828,0.007754992228001356,-0.06951199471950531,6936,1074964,27,4,False,Left,Back,Centre,Right,81
<_io.BytesIO object at 0x000001E8C3A83DB0>,3198172785,1.4067057308906713e+35,-0.12438518553972244,280.4872741699219,-2.6672080152542193e+22,-6.121348204829879e+20,-3.326170176960741e-13,2.119859169375284e+29,2.5180212365145503e-40,0,1074964,27,4,False,Left,Back,Centre,Right,81
<_io.BytesIO object at 0x000001E8C3A834F0>,76,1.401298464324817e-45,0.6441327929496765,0.0633968859910965,-0.09097811579704285,-0.1264594942331314,-0.6495633721351624,-0.5214160680770874,0.5387028455734253,31835,1074964,27,4,False,Left,Back,Centre,Right,81
<_io.BytesIO object at 0x000001E8C3A83F40>,80781,2.802596928649634e-45,0.6386092901229858,0.06922829151153564,-0.09695899486541748,0.14944082498550415,-0.31611812114715576,-0.4300112724304199,0.8323623538017273,0,1074964,27,4,False,Left,Back,Centre,Right,81
<_io.BytesIO object at 0x000001E8C3A836D0>,0,0.0,0.0,0.0,0.0,1.401298464324817e-44,3.643376007244524e-43,9.183829875491986e-41,0.6329230070114136,14484,1074964,27,4,False,Left,Back,Centre,Right,81
<_io.BytesIO object at 0x000001E8C3A834A0>,689061059,8846937423872.0,1.4857849908165032e-37,0.00024315042537637055,9.183970005338419e-41,0.6132082343101501,0.10981835424900055,-0.05113540589809418,0.009899059310555458,586,1074964,27,4,False,Left,Back,Centre,Right,81
<_io.BytesIO object at 0x000001E8C3A54B80>,1050400595,-0.0017049720045179129,-0.07643423229455948,0.2981265187263489,0.009647980332374573,0.005808508489280939,0.2579582631587982,0.007786150556057692,-0.06954735517501831,-18099,1074965,27,4,False,Left,Back,Centre,Right,81
<_io.BytesIO object at 0x000001E8C3A54B30>,3940040304,-2.2584333593523003e-15,-31.71760368347168,5.224482606536185e-07,8.10311532069691e-24,1.894937518610292e-30,2.7893992657671528e-14,0.025664174929261208,2.5179932105452638e-40,0,1074965,27,4,False,Left,Back,Centre,Right,81
<_io.BytesIO object at 0x000001E8C3A93090>,76,1.401298464324817e-45,0.6448362469673157,0.06525325775146484,-0.08968684077262878,-0.1288287341594696,-0.649174153804779,-0.5203553438186646,0.5396355390548706,10155,1074965,27,4,False,Left,Back,Centre,Right,81
<_io.BytesIO object at 0x000001E8C3A932C0>,80779,2.802596928649634e-45,0.6392818093299866,0.07114686071872711,-0.09567251056432724,0.14546291530132294,-0.31493324041366577,-0.43161559104919434,0.8326857686042786,0,1074965,27,4,False,Left,Back,Centre,Right,81
<_io.BytesIO object at 0x000001E8C3A93360>,0,0.0,0.0,0.0,0.0,1.401298464324817e-44,3.643376007244524e-43,9.183829875491986e-41,0.6337235569953918,-25816,1074965,27,4,False,Left,Back,Centre,Right,81
<_io.BytesIO object at 0x000001E8C3A93DB0>,3737599187,2.991595569161773e+20,1.4857849908165032e-37,0.00023925119603518397,9.183970005338419e-41,0.6140005588531494,0.11181393265724182,-0.04976968467235565,0.009899605065584183,586,1074965,27,4,False,Left,Back,Centre,Right,81
<_io.BytesIO object at 0x000001E8C3B19F90>,1050400647,-0.0016562953824177384,-0.07645995914936066,0.2981337308883667,0.009660422801971436,0.005811493378132582,0.2579635977745056,0.007815789431333542,-0.06957068294286728,-9476,1074966,27,4,False,Left,Back,Centre,Right,81
<_io.BytesIO object at 0x000001E8C3B195E0>,2480684656,-6615.59228515625,-47549.65234375,6.2407662882119676e-18,1.2347764814757358e+24,1.6595095075899735e-06,-2.8062689246838784e+17,-477677.5,2.517951171591334e-40,0,1074966,27,4,False,Left,Back,Centre,Right,81
<_io.BytesIO object at 0x000001E8C3B199A0>,76,1.401298464324817e-45,0.6456698179244995,0.06709574908018112,-0.08830583095550537,-0.13143570721149445,-0.6484611630439758,-0.5182651877403259,0.5418709516525269,18045,1074966,27,4,False,Left,Back,Centre,Right,81
<_io.BytesIO object at 0x000001E8C3B19630>,80779,2.802596928649634e-45,0.639948844909668,0.07306890934705734,-0.09432508051395416,0.14243730902671814,-0.31500834226608276,-0.43202778697013855,0.832966685295105,0,1074966,27,4,False,Left,Back,Centre,Right,81
<_io.BytesIO object at 0x000001E8C3B19180>,0,0.0,0.0,0.0,0.0,1.401298464324817e-44,3.643376007244524e-43,9.183829875491986e-41,0.6345460414886475,-32371,1074966,27,4,False,Left,Back,Centre,Right,81
<_io.BytesIO object at 0x000001E8C3B19900>,1306148067,1.8060354145123054e+27,1.4857849908165032e-37,0.00022012784029357135,9.183970005338419e-41,0.6150473952293396,0.11371628940105438,-0.04833799600601196,0.009900275617837906,586,1074966,27,4,False,Left,Back,Centre,Right,81
<_io.BytesIO object at 0x000001E8C3A7D8B0>,1050400361,-0.0015595421427860856,-0.0765017494559288,0.29813382029533386,0.009677406400442123,0.0058164168149232864,0.2579592764377594,0.007830752059817314,-0.06959860771894455,-260,1074967,27,4,False,Left,Back,Centre,Right,81
<_io.BytesIO object at 0x000001E8C3A7DAE0>,3023257200,-2.9466032083999653e+26,-31198.828125,4.742479942767495e-32,-3.3874226530574675e-26,5479459146694656.0,6.2684498177447295e+32,4.603960276213772e-33,2.5179231456220476e-40,0,1074967,27,4,False,Left,Back,Centre,Right,81
<_io.BytesIO object at 0x000001E8C3A7DD10>,76,1.401298464324817e-45,0.6465900540351868,0.069063700735569,-0.08664648979902267,-0.13199284672737122,-0.6479440927505493,-0.5170499682426453,0.5435123443603516,32760,1074967,27,4,False,Left,Back,Centre,Right,81
<_io.BytesIO object at 0x000001E8C683E400>,80777,2.802596928649634e-45,0.6406155228614807,0.07499122619628906,-0.09273461997509003,0.13953383266925812,-0.3134380877017975,-0.4330812394618988,0.8335033059120178,0,1074967,27,4,False,Left,Back,Centre,Right,81
<_io.BytesIO object at 0x000001E8C683E2C0>,0,0.0,0.0,0.0,0.0,1.401298464324817e-44,3.643376007244524e-43,9.183829875491986e-41,0.6354262828826904,5863,1074967,27,4,False,Left,Back,Centre,Right,81
<_io.BytesIO object at 0x000001E8C683E090>,11746547,4.729519714352837e+34,1.4857849908165032e-37,0.00019539710774552077,9.183970005338419e-41,0.6157593727111816,0.11568138748407364,-0.046515677124261856,0.00990066584199667,586,1074967,27,4,False,Left,Back,Centre,Right,81
<_io.BytesIO object at 0x000001E8C3A92E00>,1050401260,-0.0014102596323937178,-0.0764777660369873,0.298121839761734,0.009696610271930695,0.005822968669235706,0.2579595148563385,0.007842127233743668,-0.06962496042251587,-3055,1074968,27,4,False,Left,Back,Centre,Right,81
<_io.BytesIO object at 0x000001E8C3A923B0>,1355562608,-7.154804526621206e-12,-1505205.0,-2.261811723639813e+35,-2.391205743362943e-37,-1.3866101659256415e-37,9.464944014222075e-17,-4208773744820224.0,2.5178670936834746e-40,0,1074968,27,4,False,Left,Back,Centre,Right,81
<_io.BytesIO object at 0x000001E8C3A92130>,76,1.401298464324817e-45,0.6476148962974548,0.07100390642881393,-0.0848492980003357,-0.13312682509422302,-0.6466217041015625,-0.5167600512504578,0.5450841188430786,6392,1074968,27,4,False,Left,Back,Centre,Right,81
<_io.BytesIO object at 0x000001E8C3A924A0>,80777,2.802596928649634e-45,0.6412833333015442,0.07692193984985352,-0.09101635217666626,0.13719095289707184,-0.31223395466804504,-0.4349372386932373,0.8333776593208313,0,1074968,27,4,False,Left,Back,Centre,Right,81
<_io.BytesIO object at 0x000001E8C3A96AE0>,0,0.0,0.0,0.0,0.0,1.401298464324817e-44,3.643376007244524e-43,9.183829875491986e-41,0.6362190842628479,6496,1074968,27,4,False,Left,Back,Centre,Right,81
<_io.BytesIO object at 0x000001E8C3A96310>,2641968385,-1.0144020479410051e-35,1.4857849908165032e-37,0.00021880610438529402,9.183970005338419e-41,0.6168005466461182,0.11756862699985504,-0.044540245085954666,0.00990134198218584,586,1074968,27,4,False,Left,Back,Centre,Right,81
<_io.BytesIO object at 0x000001E8C69524F0>,1050400967,-0.001378760440275073,-0.07649680972099304,0.29812130331993103,0.009705699980258942,0.005828019697219133,0.2579471170902252,0.007842537015676498,-0.06963130831718445,-4936,1074969,27,4,False,Left,Back,Centre,Right,81
<_io.BytesIO object at 0x000001E8C6952DB0>,176832112,-2.346660655577051e-28,-314029312.0,-1.1014619341126309e+24,0.010176820680499077,-1.2677467582655755e-13,-1.2301457722524824e+24,3.285017728805542,2.517825054729545e-40,0,1074969,27,4,False,Left,Back,Centre,Right,81
<_io.BytesIO object at 0x000001E8C69528B0>,76,1.401298464324817e-45,0.6483762264251709,0.07296556234359741,-0.08299826830625534,-0.13468918204307556,-0.6453208923339844,-0.5137481689453125,0.5490743517875671,-14404,1074969,27,4,False,Left,Back,Centre,Right,81
<_io.BytesIO object at 0x000001E8C69529F0>,80773,2.802596928649634e-45,0.6420295834541321,0.0788574367761612,-0.08909302949905396,0.13484682142734528,-0.3095059096813202,-0.43638262152671814,0.834022045135498,0,1074969,27,4,False,Left,Back,Centre,Right,81
<_io.BytesIO object at 0x000001E8C6952CC0>,0,0.0,0.0,0.0,0.0,1.401298464324817e-44,3.643376007244524e-43,9.183829875491986e-41,0.6371549367904663,24359,1074969,27,4,False,Left,Back,Centre,Right,81
<_io.BytesIO object at 0x000001E8C6952220>,1185889545,-4.9055184066820536e-29,1.4857849908165032e-37,0.00019573525059968233,9.183970005338419e-41,0.6175457239151001,0.11947464942932129,-0.04245968163013458,0.009901707991957664,586,1074969,27,4,False,Left,Back,Centre,Right,81
<_io.BytesIO object at 0x000001E8C3A8F040>,1050400978,-0.0013586641289293766,-0.07650382071733475,0.2981257438659668,0.009736779145896435,0.005839697550982237,0.2579370439052582,0.007829601876437664,-0.06966222077608109,-6211,1074970,27,4,False,Left,Back,Centre,Right,81
<_io.BytesIO object at 0x000001E8C3A8FCC0>,257441392,-1.726353234317143e+20,-3583849.75,-4.290870705080628e-14,-7.132398113780072e-25,-233555184.0,-6227590905856.0,8262483456.0,2.517769002790972e-40,0,1074970,27,4,False,Left,Back,Centre,Right,81
<_io.BytesIO object at 0x000001E8C3A8F5E0>,76,1.401298464324817e-45,0.6491428017616272,0.07491809129714966,-0.08089450001716614,-0.13594873249530792,-0.6432007551193237,-0.5128215551376343,0.5521095395088196,15838,1074970,27,4,False,Left,Back,Centre,Right,81
<_io.BytesIO object at 0x000001E8C687EF40>,80772,2.802596928649634e-45,0.6425991654396057,0.08086306601762772,-0.08699619770050049,0.13311314582824707,-0.3074219226837158,-0.43924471735954285,0.8335687518119812,0,1074970,27,4,False,Left,Back,Centre,Right,81
<_io.BytesIO object at 0x000001E8C687E9F0>,0,0.0,0.0,0.0,0.0,1.401298464324817e-44,3.643376007244524e-43,9.183829875491986e-41,0.6378501057624817,-25586,1074970,27,4,False,Left,Back,Centre,Right,81
<_io.BytesIO object at 0x000001E8C687EF90>,3754114320,-4.065413986371444e-22,1.4857849908165032e-37,0.00021797831868752837,9.183970005338419e-41,0.6183879971504211,0.12136062979698181,-0.04002754017710686,0.009903178550302982,586,1074970,27,4,False,Left,Back,Centre,Right,81
<_io.BytesIO object at 0x000001E8C3A818B0>,1050400743,-0.001347785466350615,-0.07650405913591385,0.2981158196926117,0.009754556231200695,0.005849848967045546,0.25793617963790894,0.007802889216691256,-0.06968666613101959,1170,1074971,27,4,False,Left,Back,Centre,Right,81
<_io.BytesIO object at 0x000001E8C3A81AE0>,2656190065,9059081385934848.0,-7071289344.0,-5381935.5,0.0007504922104999423,-3.8041207670197164e+25,-68222.3359375,-1.1276350537070573e+25,2.5176989378677556e-40,0,1074971,27,4,False,Left,Back,Centre,Right,81
<_io.BytesIO object at 0x000001E8C3A81D10>,76,1.401298464324817e-45,0.6496765613555908,0.07682137936353683,-0.07857542484998703,-0.13717080652713776,-0.6412273645401001,-0.5120803713798523,0.5547841191291809,-4835,1074971,27,4,False,Left,Back,Centre,Right,81
<_io.BytesIO object at 0x000001E8C3A94F90>,80771,2.802596928649634e-45,0.6430554389953613,0.0828821063041687,-0.08475285023450851,0.13201503455638885,-0.3070325553417206,-0.44126689434051514,0.8328184485435486,0,1074971,27,4,False,Left,Back,Centre,Right,81
<_io.BytesIO object at 0x000001E8C3A94D10>,0,0.0,0.0,0.0,0.0,1.401298464324817e-44,3.643376007244524e-43,9.183829875491986e-41,0.6382935643196106,10392,1074971,27,4,False,Left,Back,Centre,Right,81
<_io.BytesIO object at 0x000001E8C3A949A0>,2688498968,-1.8400731987915607e-14,1.4857849908165032e-37,0.00015969538071658462,9.183970005338419e-41,0.6190494894981384,0.12319940328598022,-0.037215456366539,0.009903608821332455,586,1074971,27,4,False,Left,Back,Centre,Right,81
<_io.BytesIO object at 0x000001E8C3A83DB0>,1050400481,-0.0013545096153393388,-0.07649993896484375,0.29810214042663574,0.009779662825167179,0.00585817638784647,0.25792962312698364,0.007776097860187292,-0.0696738213300705,6215,1074972,27,4,False,Left,Back,Centre,Right,81
<_io.BytesIO object at 0x000001E8C3A83860>,3565370993,-4.209041315516573e-27,-7790292.0,-4.533147866547298e-18,1.6402105232826356e-14,1.8336627066029319e-34,-3.3480038186262107e-11,3.435593538484419e-20,2.5176428859291826e-40,0,1074972,27,4,False,Left,Back,Centre,Right,81
<_io.BytesIO object at 0x000001E8C3A838B0>,76,1.401298464324817e-45,0.6500237584114075,0.07871348410844803,-0.07601985335350037,-0.13705140352249146,-0.6397541165351868,-0.5124510526657104,0.5561703443527222,28162,1074972,27,4,False,Left,Back,Centre,Right,81
<_io.BytesIO object at 0x000001E8C3A83D60>,80772,2.802596928649634e-45,0.6434532999992371,0.08490791916847229,-0.08225489407777786,0.13059233129024506,-0.30578282475471497,-0.44342559576034546,0.8323559165000916,0,1074972,27,4,False,Left,Back,Centre,Right,81
<_io.BytesIO object at 0x000001E8C3A836D0>,0,0.0,0.0,0.0,0.0,1.401298464324817e-44,3.643376007244524e-43,9.183829875491986e-41,0.6387290358543396,-31750,1074972,27,4,False,Left,Back,Centre,Right,81
<_io.BytesIO object at 0x000001E8C3A839F0>,1017134367,-9.181612803388361e-09,1.4857849908165032e-37,0.00011820392683148384,9.183970005338419e-41,0.6195911169052124,0.12498100101947784,-0.034184638410806656,0.009903881698846817,586,1074972,27,4,False,Left,Back,Centre,Right,81
<_io.BytesIO object at 0x000001E8C3A54CC0>,1050399226,-0.0014624758623540401,-0.07651977986097336,0.2981076240539551,0.00979227852076292,0.005876277573406696,0.2579372823238373,0.007735761348158121,-0.06966610252857208,-8532,1074973,27,4,False,Left,Back,Centre,Right,81
<_io.BytesIO object at 0x000001E8C3A549F0>,1528577648,4.369959146215735e+26,-2680006400.0,-0.32274147868156433,4.466431995520397e-21,4.594357072012929e-24,-2.333710103817076e-17,1.6464735870319118e+27,2.517558808021323e-40,0,1074973,27,4,False,Left,Back,Centre,Right,81
<_io.BytesIO object at 0x000001E8C3A93D60>,76,1.401298464324817e-45,0.6500934958457947,0.0805603489279747,-0.07300278544425964,-0.13699151575565338,-0.6371569037437439,-0.516842246055603,0.5551022291183472,6671,1074973,27,4,False,Left,Back,Centre,Right,81
<_io.BytesIO object at 0x000001E8C3A93450>,80771,2.802596928649634e-45,0.6437086462974548,0.0869269147515297,-0.07937974482774734,0.1305999904870987,-0.3036920130252838,-0.44683876633644104,0.8312941789627075,0,1074973,27,4,False,Left,Back,Centre,Right,81
<_io.BytesIO object at 0x000001E8C3A93360>,0,0.0,0.0,0.0,0.0,1.401298464324817e-44,3.643376007244524e-43,9.183829875491986e-41,0.6389303803443909,-31116,1074973,27,4,False,Left,Back,Centre,Right,81
<_io.BytesIO object at 0x000001E8C3A935E0>,298138918,-0.09069274365901947,1.4857849908165032e-37,0.00013611619942821562,9.183970005338419e-41,0.6199629902839661,0.12664031982421875,-0.03079099953174591,0.009903796948492527,586,1074973,27,4,False,Left,Back,Centre,Right,81
<_io.BytesIO object at 0x000001E8C3A9F310>,1050400497,-0.001530466484837234,-0.07653336226940155,0.29811719059944153,0.00980252493172884,0.005894509144127369,0.2579634487628937,0.007684849668294191,-0.06967329978942871,-8267,1074974,27,4,False,Left,Back,Centre,Right,81
<_io.BytesIO object at 0x000001E8C3A9F180>,1599749744,7.741789817810059,-10771147784192.0,-806328256.0,2774939178369024.0,2.432420072411791e-20,-3.8425562731703167e-10,0.540005624294281,2.5174747301134636e-40,0,1074974,27,4,False,Left,Back,Centre,Right,81
<_io.BytesIO object at 0x000001E8C3A9F8B0>,76,1.401298464324817e-45,0.6501816511154175,0.08248328417539597,-0.06982278823852539,-0.1347406655550003,-0.6362742185592651,-0.5185796618461609,0.5550453662872314,21181,1074974,27,4,False,Left,Back,Centre,Right,81
<_io.BytesIO object at 0x000001E8C3A9F0E0>,80771,2.802596928649634e-45,0.6438511610031128,0.08893877267837524,-0.07624892890453339,0.1308220624923706,-0.3021673262119293,-0.4503350555896759,0.8299269676208496,0,1074974,27,4,False,Left,Back,Centre,Right,81
<_io.BytesIO object at 0x000001E8C3A9F270>,0,0.0,0.0,0.0,0.0,1.401298464324817e-44,3.643376007244524e-43,9.183829875491986e-41,0.6389090418815613,25660,1074974,27,4,False,Left,Back,Centre,Right,81
<_io.BytesIO object at 0x000001E8C3A9F360>,2562211117,-75130.1328125,1.4857849908165032e-37,0.00017878628568723798,9.183970005338419e-41,0.6201797723770142,0.12831927835941315,-0.027000749483704567,0.009904314763844013,586,1074974,27,4,False,Left,Back,Centre,Right,81
<_io.BytesIO object at 0x000001E8C3A618B0>,1050401571,-0.0016266831662505865,-0.07652143388986588,0.29812487959861755,0.009823118336498737,0.005937967915087938,0.25799742341041565,0.007628642953932285,-0.06966134905815125,-5606,1074975,27,4,False,Left,Back,Centre,Right,81
<_io.BytesIO object at 0x000001E8C3A61AE0>,121060976,0.0017298682359978557,-2.7688810196238336e+16,-8497446400.0,-15343.169921875,1.55291232429944e-22,-0.0003094611456617713,272944416686080.0,2.517376639220961e-40,0,1074975,27,4,False,Left,Back,Centre,Right,81
<_io.BytesIO object at 0x000001E8C3A61D10>,76,1.401298464324817e-45,0.6500952243804932,0.0844254121184349,-0.06656830757856369,-0.13027888536453247,-0.6364355087280273,-0.5182986855506897,0.5561867952346802,-12129,1074975,27,4,False,Left,Back,Centre,Right,81
<_io.BytesIO object at 0x000001E8C683E360>,80772,2.802596928649634e-45,0.6438282132148743,0.09090868383646011,-0.07286961376667023,0.131685271859169,-0.3000405430793762,-0.45354190468788147,0.8288150429725647,0,1074975,27,4,False,Left,Back,Centre,Right,81
<_io.BytesIO object at 0x000001E8C683E180>,0,0.0,0.0,0.0,0.0,1.401298464324817e-44,3.643376007244524e-43,9.183829875491986e-41,0.6387239694595337,29019,1074975,27,4,False,Left,Back,Centre,Right,81
<_io.BytesIO object at 0x000001E8C683E270>,1231830324,-570106839040.0,1.4857849908165032e-37,0.0001400288165314123,9.183970005338419e-41,0.6201408505439758,0.1298544704914093,-0.022988777607679367,0.009904786013066769,586,1074975,27,4,False,Left,Back,Centre,Right,81
<_io.BytesIO object at 0x000001E8C3B19EA0>,1050403104,-0.0016777014825493097,-0.07650184631347656,0.2981463372707367,0.009843395091593266,0.0059565771371126175,0.2580345571041107,0.007566207088530064,-0.06966378539800644,-2137,1074976,27,4,False,Left,Back,Centre,Right,81
<_io.BytesIO object at 0x000001E8C3B194A0>,2527411824,7.749920816470438e-19,-3.0361987413637897e+22,5.1245893691458244e+20,519126286336.0,3.592658306282562e-30,2.0961154922787057e-38,-1.5389321106340503e-07,2.517264535343815e-40,0,1074976,27,4,False,Left,Back,Centre,Right,81
<_io.BytesIO object at 0x000001E8C3B19720>,76,1.401298464324817e-45,0.650046706199646,0.08628080785274506,-0.0627581998705864,-0.12755487859249115,-0.6348568201065063,-0.5186318159103394,0.5583078265190125,9488,1074976,27,4,False,Left,Back,Centre,Right,81
<_io.BytesIO object at 0x000001E8C3B19130>,80773,2.802596928649634e-45,0.6436046361923218,0.09286138415336609,-0.06909357011318207,0.1336742639541626,-0.29872265458106995,-0.4555431008338928,0.8278746604919434,0,1074976,27,4,False,Left,Back,Centre,Right,81
<_io.BytesIO object at 0x000001E8C3A969A0>,0,0.0,0.0,0.0,0.0,1.401298464324817e-44,3.643376007244524e-43,9.183829875491986e-41,0.6382980942726135,17547,1074976,27,4,False,Left,Back,Centre,Right,81
<_io.BytesIO object at 0x000001E8C3A96D60>,1664171323,-8.860290070180004e+17,1.4857849908165032e-37,0.00018197977624367923,9.183970005338419e-41,0.6197203993797302,0.13121111690998077,-0.018524181097745895,0.009904961101710796,586,1074976,27,4,False,Left,Back,Centre,Right,81
<_io.BytesIO object at 0x000001E8C6952DB0>,1050406438,-0.0016749779460951686,-0.0764029249548912,0.29817894101142883,0.009866302832961082,0.005984779447317123,0.258076548576355,0.007501407526433468,-0.06964894384145737,475,1074977,27,4,False,Left,Back,Centre,Right,81
<_io.BytesIO object at 0x000001E8C6952810>,4181999217,-2.610366547803462e+31,-8.732924762818245e+27,8.984986239859281e-23,1.4170230315357912e-05,-3.1435387751345604e+34,193788.671875,1990042494959616.0,2.517152431466669e-40,0,1074977,27,4,False,Left,Back,Centre,Right,81
<_io.BytesIO object at 0x000001E8C6952E00>,76,1.401298464324817e-45,0.6494652032852173,0.08813405781984329,-0.0587366484105587,-0.12188758701086044,-0.6361486315727234,-0.5197572708129883,0.5570555329322815,-26974,1074977,27,4,False,Left,Back,Centre,Right,81
<_io.BytesIO object at 0x000001E8C6952D60>,80775,2.802596928649634e-45,0.6432442665100098,0.09474815428256989,-0.0651291012763977,0.1369168609380722,-0.298576295375824,-0.45523691177368164,0.8275659084320068,0,1074977,27,4,False,Left,Back,Centre,Right,81
<_io.BytesIO object at 0x000001E8C6952CC0>,0,0.0,0.0,0.0,0.0,1.401298464324817e-44,3.643376007244524e-43,9.183829875491986e-41,0.6378595232963562,-14594,1074977,27,4,False,Left,Back,Centre,Right,81
<_io.BytesIO object at 0x000001E8C6952B30>,1506753857,-1.9336909002808975e+24,1.4857849908165032e-37,0.00018550011736806482,9.183970005338419e-41,0.6189160346984863,0.13257794082164764,-0.013764585368335247,0.009905224665999413,586,1074977,27,4,False,Left,Back,Centre,Right,81
<_io.BytesIO object at 0x000001E8C3AFE900>,1050408152,-0.0017071515321731567,-0.07637930661439896,0.29825156927108765,0.009869210422039032,0.006024443078786135,0.25812235474586487,0.007447897922247648,-0.06963321566581726,7195,1074978,27,4,False,Left,Back,Centre,Right,81
<_io.BytesIO object at 0x000001E8C3AFEAE0>,4008394353,2.6400376187374765e-38,-4.0206839347153975e+31,-1.1047534635620762e+17,-6.472444511018693e-05,-930026176.0,6.47587324410556e+28,1.1539185607034597e-08,2.5170263146048797e-40,0,1074978,27,4,False,Left,Back,Centre,Right,81
<_io.BytesIO object at 0x000001E8C3AFE270>,76,1.401298464324817e-45,0.6492096781730652,0.08995478600263596,-0.05415073037147522,-0.11756988614797592,-0.6351693272590637,-0.519749641418457,0.5591042041778564,23502,1074978,27,4,False,Left,Back,Centre,Right,81
<_io.BytesIO object at 0x000001E8C3AFE180>,80775,2.802596928649634e-45,0.6426869630813599,0.09656238555908203,-0.06071893870830536,0.14011475443840027,-0.2985036373138428,-0.4543376564979553,0.8275510668754578,0,1074978,27,4,False,Left,Back,Centre,Right,81
<_io.BytesIO object at 0x000001E8C3AFE9A0>,0,0.0,0.0,0.0,0.0,1.401298464324817e-44,3.643376007244524e-43,9.183829875491986e-41,0.6372977495193481,-6130,1074978,27,4,False,Left,Back,Centre,Right,81
<_io.BytesIO object at 0x000001E8C3AFE720>,1346911559,-5.886081876934555e+29,1.4857849908165032e-37,0.00010374805424362421,9.183970005338419e-41,0.6177757978439331,0.13366273045539856,-0.008978312835097313,0.009904388338327408,586,1074978,27,4,False,Left,Back,Centre,Right,81
<_io.BytesIO object at 0x000001E8C3A946D0>,1050410293,-0.0017470424063503742,-0.07636452466249466,0.2982691526412964,0.009881560690701008,0.0060522533021867275,0.2581891119480133,0.007391738705337048,-0.06966240704059601,14169,1074979,27,4,False,Left,Back,Centre,Right,81
<_io.BytesIO object at 0x000001E8C3A94C20>,953499249,1.14126975068645e-19,6.43232342541143e-31,8.057132077057452e-20,6.2270338492726685e-18,-5.2671795022996674e-20,-1.9376437005258174e-22,5.294903825617926e-29,2.516886184758447e-40,0,1074979,27,4,False,Left,Back,Centre,Right,81
<_io.BytesIO object at 0x000001E8C3A94A90>,76,1.401298464324817e-45,0.6481404304504395,0.09175021201372147,-0.04948120191693306,-0.11009537428617477,-0.638383150100708,-0.518551766872406,0.5580770969390869,12934,1074979,27,4,False,Left,Back,Centre,Right,81
<_io.BytesIO object at 0x000001E8C3A81F90>,80776,2.802596928649634e-45,0.6419322490692139,0.09840159118175507,-0.055920060724020004,0.14241579174995422,-0.29833346605300903,-0.45418936014175415,0.827301025390625,0,1074979,27,4,False,Left,Back,Centre,Right,81
<_io.BytesIO object at 0x000001E8C3A81D10>,0,0.0,0.0,0.0,0.0,1.401298464324817e-44,3.643376007244524e-43,9.183829875491986e-41,0.6365819573402405,30143,1074979,27,4,False,Left,Back,Centre,Right,81
<_io.BytesIO object at 0x000001E8C3A819A0>,2567912782,-7.747438276412905e+34,1.4857849908165032e-37,0.00015876461111474782,9.183970005338419e-41,0.6162692308425903,0.134879007935524,-0.0035671484656631947,0.009905502200126648,586,1074979,27,4,False,Left,Back,Centre,Right,81
<_io.BytesIO object at 0x000001E8C3A83860>,1050411614,-0.00176598085090518,-0.07634039968252182,0.29829803109169006,0.0099105816334486,0.006075118202716112,0.2582116425037384,0.00726686418056488,-0.06961820274591446,17009,1074980,27,4,False,Left,Back,Centre,Right,81
<_io.BytesIO object at 0x000001E8C3A83DB0>,338509425,-2.035347824858036e-05,2.3065133458835864e-27,nan,253479600.0,1.036104727342623e+20,-4.862576267809298e-17,-327662848.0,2.5167320419273715e-40,0,1074980,27,4,False,Left,Back,Centre,Right,81
<_io.BytesIO object at 0x000001E8C3A83EF0>,76,1.401298464324817e-45,0.6468997597694397,0.09344590455293655,-0.04440494626760483,-0.10372670739889145,-0.6410766839981079,-0.517560601234436,0.5571287870407104,-16570,1074980,27,4,False,Left,Back,Centre,Right,81
<_io.BytesIO object at 0x000001E8C3A83F40>,80776,2.802596928649634e-45,0.6409127116203308,0.10019683092832565,-0.05081329122185707,0.14347600936889648,-0.29867804050445557,-0.45358261466026306,0.8273263573646545,0,1074980,27,4,False,Left,Back,Centre,Right,81
<_io.BytesIO object at 0x000001E8C3A836D0>,0,0.0,0.0,0.0,0.0,1.401298464324817e-44,3.643376007244524e-43,9.183829875491986e-41,0.6356392502784729,31951,1074980,27,4,False,Left,Back,Centre,Right,81
<_io.BytesIO object at 0x000001E8C3A834A0>,2048212308,1.7833362583157263e-37,1.4857851029203804e-37,0.0001119402440963313,9.183970005338419e-41,0.6145285367965698,0.1360115110874176,0.0019439785974100232,0.009907028637826443,586,1074980,27,4,False,Left,Back,Centre,Right,81
<_io.BytesIO object at 0x000001E8C3A54A40>,1050413187,-0.0017676603747531772,-0.0763380378484726,0.2982994019985199,0.009937604889273643,0.006095987744629383,0.25824129581451416,0.007230488583445549,-0.06962110847234726,20602,1074981,27,4,False,Left,Back,Centre,Right,81
<_io.BytesIO object at 0x000001E8C3A54D10>,1836072561,-2.692263624839168e-22,2.5686648193230494e-24,-1.557451945188859e-10,-2.325869074197355e+20,8.551928907341028e-26,1617.9739990234375,2.9201887621584984e+25,2.5165778990962957e-40,0,1074981,27,4,False,Left,Back,Centre,Right,81
<_io.BytesIO object at 0x000001E8C3A93E50>,76,1.401298464324817e-45,0.645420253276825,0.09499377012252808,-0.03890276327729225,-0.09889595955610275,-0.6427809596061707,-0.5184171795845032,0.5552440285682678,-20960,1074981,27,4,False,Left,Back,Centre,Right,81
<_io.BytesIO object at 0x000001E8C3A932C0>,80776,2.802596928649634e-45,0.6396501660346985,0.10180049389600754,-0.045369863510131836,0.1461557000875473,-0.2997822165489197,-0.45299291610717773,0.8267808556556702,0,1074981,27,4,False,Left,Back,Centre,Right,81
<_io.BytesIO object at 0x000001E8C3A93360>,0,0.0,0.0,0.0,0.0,1.401298464324817e-44,3.643376007244524e-43,9.183829875491986e-41,0.634355902671814,3966,1074981,27,4,False,Left,Back,Centre,Right,81
<_io.BytesIO object at 0x000001E8C3A93680>,858864986,9.438436165526371e-36,1.4857851029203804e-37,5.230766691965982e-05,9.183970005338419e-41,0.6125761270523071,0.13712197542190552,0.007747154217213392,0.009906977415084839,586,1074981,27,4,False,Left,Back,Centre,Right,81
<_io.BytesIO object at 0x000001E8C3A92D10>,1050414216,-0.0017687209183350205,-0.07631471753120422,0.29830649495124817,0.009977447800338268,0.006126148626208305,0.25827568769454956,0.007213574834167957,-0.06962998956441879,19309,1074982,27,4,False,Left,Back,Centre,Right,81
<_io.BytesIO object at 0x000001E8C3A924A0>,410730097,48247877632.0,1.8011098007518269e-22,-2.191610475582686e-31,-8.958921793441807e-14,-9.758216641415213e-14,7.079198914411255e-34,-2.2557776603539307e+27,2.516311652388074e-40,0,1074982,27,4,False,Left,Back,Centre,Right,81
<_io.BytesIO object at 0x000001E8C3A92C20>,76,1.401298464324817e-45,0.6435355544090271,0.09652963280677795,-0.03287894278764725,-0.0957288146018982,-0.6432722210884094,-0.5216798186302185,0.5521657466888428,-8860,1074982,27,4,False,Left,Back,Centre,Right,81
<_io.BytesIO object at 0x000001E8C3A92BD0>,80776,2.802596928649634e-45,0.6380332708358765,0.10345663130283356,-0.03956685960292816,0.14866036176681519,-0.3002844750881195,-0.4529891908168793,0.8261538743972778,0,1074982,27,4,False,Left,Back,Centre,Right,81
<_io.BytesIO object at 0x000001E8C3A92590>,0,0.0,0.0,0.0,0.0,1.401298464324817e-44,3.643376007244524e-43,9.183829875491986e-41,0.6327165961265564,24358,1074982,27,4,False,Left,Back,Centre,Right,81
<_io.BytesIO object at 0x000001E8C3A92130>,2086485343,7.123551326458238e-34,1.4857851029203804e-37,4.906489994027652e-05,9.183970005338419e-41,0.6106051802635193,0.1383807510137558,0.013882897794246674,0.00990639254450798,586,1074982,27,4,False,Left,Back,Centre,Right,81
<_io.BytesIO object at 0x000001E8C3A618B0>,1050414970,-0.0017782377544790506,-0.07631730288267136,0.29831600189208984,0.01001064945012331,0.006132857874035835,0.25834542512893677,0.007235618773847818,-0.06964583694934845,24382,1074983,27,4,False,Left,Back,Centre,Right,81
<_io.BytesIO object at 0x000001E8C3A61AE0>,1762082417,-1.1272396763519965e-35,5.516990753399131e-22,1.9009591128886577e+26,8.587518351035608e+36,9.2380287242122e-05,4578322939904.0,-2.016802191917577e-08,2.515961327771993e-40,0,1074983,27,4,False,Left,Back,Centre,Right,81
<_io.BytesIO object at 0x000001E8C3A61D10>,76,1.401298464324817e-45,0.6415907144546509,0.0979711264371872,-0.026612332090735435,-0.09528978914022446,-0.6420606374740601,-0.5248148441314697,0.5506789684295654,18630,1074983,27,4,False,Left,Back,Centre,Right,81
<_io.BytesIO object at 0x000001E8C683E400>,80776,2.802596928649634e-45,0.6362385749816895,0.10500294715166092,-0.033408813178539276,0.14987421035766602,-0.299972265958786,-0.45386213064193726,0.825568675994873,0,1074983,27,4,False,Left,Back,Centre,Right,81
<_io.BytesIO object at 0x000001E8C683EE50>,0,0.0,0.0,0.0,0.0,1.401298464324817e-44,3.643376007244524e-43,9.183829875491986e-41,0.6308674812316895,3515,1074983,27,4,False,Left,Back,Centre,Right,81
<_io.BytesIO object at 0x000001E8C683EBD0>,138034533,7.44308094162417e-32,1.4857851029203804e-37,0.00010453377035446465,9.183970005338419e-41,0.6085942983627319,0.13976427912712097,0.020337846130132675,0.009906192310154438,586,1074983,27,4,False,Left,Back,Centre,Right,81
<_io.BytesIO object at 0x000001E8C3A9FF90>,1050415470,-0.001796787022612989,-0.0763317346572876,0.29829347133636475,0.010022290050983429,0.006144440267235041,0.25837230682373047,0.007219497114419937,-0.0696474239230156,30721,1074984,27,4,False,Left,Back,Centre,Right,81
<_io.BytesIO object at 0x000001E8C3A9FA90>,711868017,-1917.8990478515625,6.022093028272602e-19,2.8966420968307583e+20,-1.6543796216028785e-16,-3.472803294934934e-11,-9.29804270682678e-39,-1.499094780066934e-30,2.5155969901712684e-40,0,1074984,27,4,False,Left,Back,Centre,Right,81
<_io.BytesIO object at 0x000001E8C3A9F5E0>,76,1.401298464324817e-45,0.6394084095954895,0.09941422939300537,-0.02010221779346466,-0.09569912403821945,-0.6403967142105103,-0.5285825729370117,0.5489391088485718,17440,1074984,27,4,False,Left,Back,Centre,Right,81
<_io.BytesIO object at 0x000001E8C3A9F2C0>,80777,2.802596928649634e-45,0.6341283321380615,0.10653763264417648,-0.027038024738430977,0.151120126247406,-0.29981502890586853,-0.45482611656188965,0.824867844581604,0,1074984,27,4,False,Left,Back,Centre,Right,81
<_io.BytesIO object at 0x000001E8C3A966D0>,0,0.0,0.0,0.0,0.0,1.401298464324817e-44,3.643376007244524e-43,9.183829875491986e-41,0.6286709904670715,-32663,1074984,27,4,False,Left,Back,Centre,Right,81
<_io.BytesIO object at 0x000001E8C3A96860>,2077048170,4.474051972166179e-27,1.4857851029203804e-37,8.526121382601559e-05,9.183970005338419e-41,0.6065361499786377,0.14116428792476654,0.02706683613359928,0.009906095452606678,586,1074984,27,4,False,Left,Back,Centre,Right,81
<_io.BytesIO object at 0x000001E8C6952810>,1050416048,-0.0018221434438601136,-0.07635059207677841,0.29829052090644836,0.010036486200988293,0.006139485631138086,0.25834792852401733,0.007126749958842993,-0.06966758519411087,-31414,1074985,27,4,False,Left,Back,Centre,Right,81
<_io.BytesIO object at 0x000001E8C6952630>,3397795441,-1.1952491268572198e+26,1.3104795797189778e-17,8.936778809239606e+23,-9.113747838857525e+32,3.1248586207720135e-26,6.725540561727515e+34,-1.4103563905370417e-24,2.5152046266012574e-40,0,1074985,27,4,False,Left,Back,Centre,Right,81
<_io.BytesIO object at 0x000001E8C6952680>,76,1.401298464324817e-45,0.6370939612388611,0.10085318982601166,-0.013340466655790806,-0.09802026301622391,-0.638960063457489,-0.5306641459465027,0.548194944858551,14135,1074985,27,4,False,Left,Back,Centre,Right,81
<_io.BytesIO object at 0x000001E8C69529F0>,80778,2.802596928649634e-45,0.6318022608757019,0.10803330689668655,-0.020277077332139015,0.15075387060642242,-0.2992687225341797,-0.45694732666015625,0.8239604830741882,0,1074985,27,4,False,Left,Back,Centre,Right,81
<_io.BytesIO object at 0x000001E8C6952CC0>,0,0.0,0.0,0.0,0.0,1.401298464324817e-44,3.643376007244524e-43,9.183829875491986e-41,0.6262310147285461,24955,1074985,27,4,False,Left,Back,Centre,Right,81
<_io.BytesIO object at 0x000001E8C69522C0>,2379038064,9.91222968043224e-21,1.4857851029203804e-37,0.00011330118286423385,9.183970005338419e-41,0.6046610474586487,0.14267423748970032,0.034080974757671356,0.009906962513923645,586,1074985,27,4,False,Left,Back,Centre,Right,81
<_io.BytesIO object at 0x000001E8C3AFE0E0>,1050415745,-0.0018423593137413263,-0.07635609805583954,0.2982747256755829,0.010067129507660866,0.006139158736914396,0.2583555579185486,0.007057833485305309,-0.06979288905858994,-31144,1074986,27,4,False,Left,Back,Centre,Right,81
<_io.BytesIO object at 0x000001E8C3AFEE50>,1570782833,-5.337498163035059e+30,6.118717029600687e-18,6.245029914003908e+23,-2.6206675374817957e+24,1.240956434933604e+33,-3.2243478960177156e+36,0.004279849585145712,2.5148122630312465e-40,0,1074986,27,4,False,Left,Back,Centre,Right,81
<_io.BytesIO object at 0x000001E8C3AFEA40>,76,1.401298464324817e-45,0.6345429420471191,0.10215155780315399,-0.006270458921790123,-0.10247551649808884,-0.6364213228225708,-0.5342259407043457,0.5468722581863403,1603,1074986,27,4,False,Left,Back,Centre,Right,81
<_io.BytesIO object at 0x000001E8C3AFEA90>,80779,2.802596928649634e-45,0.629277765750885,0.10942810773849487,-0.013240084983408451,0.14921347796916962,-0.2983021140098572,-0.4609738886356354,0.8223468065261841,0,1074986,27,4,False,Left,Back,Centre,Right,81
<_io.BytesIO object at 0x000001E8C3A8F770>,0,0.0,0.0,0.0,0.0,1.401298464324817e-44,3.643376007244524e-43,9.183829875491986e-41,0.6234055161476135,5452,1074986,27,4,False,Left,Back,Centre,Right,81
<_io.BytesIO object at 0x000001E8C3A8F590>,2750233974,6.322636671319138e-16,1.4857851029203804e-37,0.00011588976485654712,9.183970005338419e-41,0.6028065085411072,0.14428657293319702,0.04139503836631775,0.00990719348192215,586,1074986,27,4,False,Left,Back,Centre,Right,81
<_io.BytesIO object at 0x000001E8C3A816D0>,1050415575,-0.0018883808515965939,-0.0763644278049469,0.298059344291687,0.010165398009121418,0.006345983128994703,0.2583622932434082,0.007017694413661957,-0.06983041018247604,31552,1074987,27,4,False,Left,Back,Centre,Right,81
<_io.BytesIO object at 0x000001E8C3A81C20>,2523086449,-0.36276835203170776,1.2129013841952824e-17,-3.29711242137526e-36,0.0001157460137619637,-127.36775970458984,-1.9196107022906983e+24,-1.0470200401124785e-10,2.5140835878297976e-40,0,1074987,27,4,False,Left,Back,Centre,Right,81
<_io.BytesIO object at 0x000001E8C3A81A90>,76,1.401298464324817e-45,0.6317950487136841,0.1033153161406517,0.0009673470631241798,-0.10720901936292648,-0.6341820359230042,-0.5368849039077759,0.5459616184234619,2069,1074987,27,4,False,Left,Back,Centre,Right,81
<_io.BytesIO object at 0x000001E8C3A6CF90>,80780,2.802596928649634e-45,0.6265173554420471,0.11063927412033081,-0.005944158881902695,0.14691583812236786,-0.29675474762916565,-0.4658397138118744,0.820576548576355,0,1074987,27,4,False,Left,Back,Centre,Right,81
<_io.BytesIO object at 0x000001E8C3A6CD10>,0,0.0,0.0,0.0,0.0,1.401298464324817e-44,3.643376007244524e-43,9.183829875491986e-41,0.6202664971351624,2826,1074987,27,4,False,Left,Back,Centre,Right,81
<_io.BytesIO object at 0x000001E8C3A6C9A0>,4088282491,1.4118849145372536e-10,1.4857851029203804e-37,0.00013212392514105886,9.183970005338419e-41,0.6008449196815491,0.14572608470916748,0.048848580569028854,0.009908083826303482,586,1074987,27,4,False,Left,Back,Centre,Right,81
<_io.BytesIO object at 0x000001E8C3A83DB0>,1050414994,-0.0019306398462504148,-0.07640927284955978,0.2982495427131653,0.010077902115881443,0.006099684629589319,0.2583552598953247,0.006983369588851929,-0.06987038999795914,30044,1074988,27,4,False,Left,Back,Centre,Right,81
<_io.BytesIO object at 0x000001E8C3A83860>,3341041265,-3.145091670395768e-26,1.4288987892992937e-16,-1.7352139793279053e-31,-1.3115879042568945e-11,5.7537044102209804e-36,-3.2458129008570738e-21,-7.971844538656736e-12,2.513214782781916e-40,0,1074988,27,4,False,Left,Back,Centre,Right,81
<_io.BytesIO object at 0x000001E8C3A830E0>,76,1.401298464324817e-45,0.6286898255348206,0.10417050868272781,0.008624652400612831,-0.11438754945993423,-0.6295251846313477,-0.5439663529396057,0.5428758859634399,31774,1074988,27,4,False,Left,Back,Centre,Right,81
<_io.BytesIO object at 0x000001E8C3A83D60>,80781,2.802596928649634e-45,0.6234254240989685,0.11165252327919006,0.001612858846783638,0.146309956908226,-0.2964857518672943,-0.4706380367279053,0.818040132522583,0,1074988,27,4,False,Left,Back,Centre,Right,81
<_io.BytesIO object at 0x000001E8C3A836D0>,0,0.0,0.0,0.0,0.0,1.401298464324817e-44,3.643376007244524e-43,9.183829875491986e-41,0.6166930794715881,-8351,1074988,27,4,False,Left,Back,Centre,Right,81
<_io.BytesIO object at 0x000001E8C3A839F0>,1493319038,1.91894108326225e-20,1.4857851029203804e-37,0.0004228497273288667,9.183970005338419e-41,0.5988423228263855,0.14712201058864594,0.056642331182956696,0.009908698499202728,586,1074988,27,4,False,Left,Back,Centre,Right,81
<_io.BytesIO object at 0x000001E8C3A54310>,1050414762,-0.0019468042301014066,-0.07641519606113434,0.2982385456562042,0.010099662467837334,0.006096722558140755,0.25834429264068604,0.006943948101252317,-0.06990839540958405,26960,1074989,27,4,False,Left,Back,Centre,Right,81
<_io.BytesIO object at 0x000001E8C3A54360>,4150476401,-1.039224816495304e-28,3.0833116304755724e-16,-238632304640.0,4.5772080170536356e-07,0.29831159114837646,0.008376872166991234,-14722611019776.0,2.511743419394375e-40,0,1074989,27,4,False,Left,Back,Centre,Right,81
<_io.BytesIO object at 0x000001E8C3A93B30>,76,1.401298464324817e-45,0.6256052851676941,0.10511311888694763,0.016384262591600418,-0.11928822100162506,-0.6273266673088074,-0.5466811060905457,0.5416377782821655,-31547,1074989,27,4,False,Left,Back,Centre,Right,81
<_io.BytesIO object at 0x000001E8C3A93450>,80780,2.802596928649634e-45,0.6204401254653931,0.11263595521450043,0.009538942947983742,0.14208585023880005,-0.2933385968208313,-0.47909480333328247,0.8150045275688171,0,1074989,27,4,False,Left,Back,Centre,Right,81
<_io.BytesIO object at 0x000001E8C3A93360>,0,0.0,0.0,0.0,0.0,1.401298464324817e-44,3.643376007244524e-43,9.183829875491986e-41,0.6132094264030457,-23662,1074989,27,4,False,Left,Back,Centre,Right,81
<_io.BytesIO object at 0x000001E8C3A93A90>,2835496321,2.678837204220438e-27,1.4857851029203804e-37,0.00045677428715862334,9.183970005338419e-41,0.596585214138031,0.14827804267406464,0.06482140719890594,0.009908884763717651,586,1074989,27,4,False,Left,Back,Centre,Right,81
<_io.BytesIO object at 0x000001E8C3B19860>,1050414351,-0.001994265243411064,-0.07643494755029678,0.2980289161205292,0.01019839383661747,0.006294483784586191,0.2583326995372772,0.006913586053997278,-0.0699249655008316,27026,1074990,27,4,False,Left,Back,Centre,Right,81
<_io.BytesIO object at 0x000001E8C3B191D0>,1149451889,-6.251370333991602e-34,6.92990159038094e-16,-5.17819176972721e+32,-2.16413843792e-32,5.160164904645401e+25,-2.5268455093113194e-26,5.848223476299592e-24,2.5080299784639143e-40,0,1074990,27,4,False,Left,Back,Centre,Right,81
<_io.BytesIO object at 0x000001E8C3B190E0>,76,1.401298464324817e-45,0.6222897171974182,0.10578992962837219,0.02438204735517502,-0.1254374384880066,-0.6237891316413879,-0.5515474081039429,0.5393959879875183,-16871,1074990,27,4,False,Left,Back,Centre,Right,81
<_io.BytesIO object at 0x000001E8C3B19E00>,80781,2.802596928649634e-45,0.6171039342880249,0.11337641626596451,0.01764674298465252,0.1403883993625641,-0.29182857275009155,-0.4864698350429535,0.8114643692970276,0,1074990,27,4,False,Left,Back,Centre,Right,81
<_io.BytesIO object at 0x000001E8C3B19630>,0,0.0,0.0,0.0,0.0,1.401298464324817e-44,3.643376007244524e-43,9.183829875491986e-41,0.6092021465301514,2652,1074990,27,4,False,Left,Back,Centre,Right,81
<_io.BytesIO object at 0x000001E8C3B19770>,2120105347,4.669648606938098e-38,1.4857851029203804e-37,0.0004178927047178149,9.183970005338419e-41,0.5944263935089111,0.1492370069026947,0.07303717732429504,0.00990951620042324,586,1074990,27,4,False,Left,Back,Centre,Right,81
<_io.BytesIO object at 0x000001E8C3A618B0>,1050413719,-0.002009507268667221,-0.07645037025213242,0.29799994826316833,0.010202144272625446,0.006285182200372219,0.25832125544548035,0.006879343185573816,-0.06995585560798645,-28391,1074991,27,4,False,Left,Back,Centre,Right,81
<_io.BytesIO object at 0x000001E8C3A61AE0>,1488928369,2387762.25,2.7076954986729185e-17,4.070917685891441e-20,-0.001500984188169241,-5.923888952812979e-28,-7943.892578125,-8.215372826470002e-13,2.0510245102936618e-40,0,1074991,27,4,False,Left,Back,Centre,Right,81
<_io.BytesIO object at 0x000001E8C3A61D10>,76,1.401298464324817e-45,0.6187041401863098,0.10617481917142868,0.032619886100292206,-0.13074283301830292,-0.6197284460067749,-0.5577844977378845,0.5363948345184326,581,1074991,27,4,False,Left,Back,Centre,Right,81
<_io.BytesIO object at 0x000001E8C683E360>,80784,2.802596928649634e-45,0.6135358810424805,0.11388415098190308,0.02597443386912346,0.1402560919523239,-0.29055628180503845,-0.494680792093277,0.8069672584533691,0,1074991,27,4,False,Left,Back,Centre,Right,81
<_io.BytesIO object at 0x000001E8C683E090>,0,0.0,0.0,0.0,0.0,1.401298464324817e-44,3.643376007244524e-43,9.183829875491986e-41,0.6046875715255737,-12983,1074991,27,4,False,Left,Back,Centre,Right,81
<_io.BytesIO object at 0x000001E8C683EA40>,1694842243,-1.5734097973875878e+32,1.4857849908165032e-37,0.00041394459549337626,9.183970005338419e-41,0.5919930934906006,0.14982572197914124,0.08159589767456055,0.009911679662764072,586,1074991,27,4,False,Left,Back,Centre,Right,81
<_io.BytesIO object at 0x000001E8C3A92720>,1050413283,-0.0020256901625543833,-0.07645615935325623,0.29798778891563416,0.010212997905910015,0.006278339307755232,0.25830739736557007,0.006874936167150736,-0.06995344161987305,-25703,1074992,27,4,False,Left,Back,Centre,Right,81
<_io.BytesIO object at 0x000001E8C3A922C0>,190332529,2.547659532601545e+26,2.3054207065210518e-20,-5.932347317539942e+33,1.361496629215253e-06,-6.758476956747472e-05,-6.047316111675308e-31,-3.629773348209908e-16,2.0534487566369437e-40,0,1074992,27,4,False,Left,Back,Centre,Right,81
<_io.BytesIO object at 0x000001E8C3A92E00>,76,1.401298464324817e-45,0.6151135563850403,0.10651969164609909,0.04103659465909004,-0.1352563202381134,-0.6160233616828918,-0.5638530850410461,0.5331892967224121,17928,1074992,27,4,False,Left,Back,Centre,Right,81
<_io.BytesIO object at 0x000001E8C3A92220>,80783,2.802596928649634e-45,0.6100823283195496,0.11430253088474274,0.03459925949573517,0.13847076892852783,-0.287758469581604,-0.5054923295974731,0.8015599846839905,0,1074992,27,4,False,Left,Back,Centre,Right,81
<_io.BytesIO object at 0x000001E8C3A96130>,0,0.0,0.0,0.0,0.0,1.401298464324817e-44,3.643376007244524e-43,9.183829875491986e-41,0.6003292798995972,-24911,1074992,27,4,False,Left,Back,Centre,Right,81
<_io.BytesIO object at 0x000001E8C3A96C20>,1570389380,-2.0701712807442362e+26,1.4857849908165032e-37,0.0004153364570811391,9.183970005338419e-41,0.5893804430961609,0.1502646505832672,0.090445876121521,0.009913978166878223,586,1074992,27,4,False,Left,Back,Centre,Right,81
<_io.BytesIO object at 0x000001E8C6952630>,1050413042,-0.0020304492209106684,-0.07646077871322632,0.29792019724845886,0.010220874100923538,0.006255613174289465,0.2582959830760956,0.006845276337116957,-0.06998248398303986,-23390,1074993,27,4,False,Left,Back,Centre,Right,81
<_io.BytesIO object at 0x000001E8C69524A0>,2496347761,-9.759512977325357e-06,2.2621872616032386e-22,-2.6021360882651427e+26,-1.9406089951390517e-16,-3.0221337662324736e+16,2.294413233577005e+33,6.909995899218354e-31,2.05459782137769e-40,0,1074993,27,4,False,Left,Back,Centre,Right,81
<_io.BytesIO object at 0x000001E8C69529A0>,76,1.401298464324817e-45,0.6114285588264465,0.10660523921251297,0.049635544419288635,-0.13930386304855347,-0.6111222505569458,-0.5710944533348083,0.5300710201263428,-29760,1074993,27,4,False,Left,Back,Centre,Right,81
<_io.BytesIO object at 0x000001E8C6952D60>,80782,2.802596928649634e-45,0.6065500974655151,0.11454501748085022,0.04333902895450592,0.13840201497077942,-0.284368097782135,-0.5153425335884094,0.796493411064148,0,1074993,27,4,False,Left,Back,Centre,Right,81
<_io.BytesIO object at 0x000001E8C6952CC0>,0,0.0,0.0,0.0,0.0,1.401298464324817e-44,3.643376007244524e-43,9.183829875491986e-41,0.5959073305130005,-22782,1074993,27,4,False,Left,Back,Centre,Right,81
<_io.BytesIO object at 0x000001E8C6952EA0>,2402237828,-2.482796193972522e+22,1.4857849908165032e-37,0.0003489470109343529,9.183970005338419e-41,0.5866473317146301,0.15028153359889984,0.09950588643550873,0.009916119277477264,586,1074993,27,4,False,Left,Back,Centre,Right,81
<_io.BytesIO object at 0x000001E8C3A8FBD0>,1050412893,-0.00204339693300426,-0.07645632326602936,0.29790177941322327,0.010241405107080936,0.00626508891582489,0.25828731060028076,0.006830117199569941,-0.07001084834337234,-18456,1074994,27,4,False,Left,Back,Centre,Right,81
<_io.BytesIO object at 0x000001E8C3A8F310>,2393521777,1.7372628427929258e-35,5.646181210115292e-25,-5.0554144307131344e+20,57643020288.0,-2.271479500556535e+36,9.525325825449095e-24,8.257349916783804e+19,2.0555787303027174e-40,0,1074994,27,4,False,Left,Back,Centre,Right,81
<_io.BytesIO object at 0x000001E8C3A8F810>,76,1.401298464324817e-45,0.608086109161377,0.10636334121227264,0.05860062688589096,-0.14424285292625427,-0.6029666662216187,-0.5794408917427063,0.5290307998657227,-760,1074994,27,4,False,Left,Back,Centre,Right,81
<_io.BytesIO object at 0x000001E8C687ECC0>,80782,2.802596928649634e-45,0.6028726696968079,0.11456114798784256,0.05227545648813248,0.13981422781944275,-0.28253063559532166,-0.5254400372505188,0.7902792096138,0,1074994,27,4,False,Left,Back,Centre,Right,81
<_io.BytesIO object at 0x000001E8C687EF90>,0,0.0,0.0,0.0,0.0,1.401298464324817e-44,3.643376007244524e-43,9.183829875491986e-41,0.5911664962768555,20176,1074994,27,4,False,Left,Back,Centre,Right,81
<_io.BytesIO object at 0x000001E8C687EF40>,3034725764,-1.8392057663878857e+19,1.4857849908165032e-37,0.0003287097788415849,9.183970005338419e-41,0.583938717842102,0.14985588192939758,0.10875963419675827,0.00991810578852892,586,1074994,27,4,False,Left,Back,Centre,Right,81
<_io.BytesIO object at 0x000001E8C3A6C6D0>,1050412350,-0.0020459219813346863,-0.07645829021930695,0.2978840470314026,0.0102605652064085,0.006258734036237001,0.25827547907829285,0.006828450132161379,-0.07001665979623795,-16322,1074995,27,4,False,Left,Back,Centre,Right,81
<_io.BytesIO object at 0x000001E8C3A6CC20>,420167281,1.3538629875543061e-20,1.8962214426966125e-25,9.262656712189615e-35,-5.124177897545674e-26,1.2797371841325412e-20,2.1532193488557273e-23,3.2103328782136873e-23,2.0560972107345176e-40,0,1074995,27,4,False,Left,Back,Centre,Right,81
<_io.BytesIO object at 0x000001E8C3A6CA90>,76,1.401298464324817e-45,0.604070246219635,0.10606323182582855,0.06737333536148071,-0.14725084602832794,-0.5978050231933594,-0.5886752605438232,0.5238394737243652,32570,1074995,27,4,False,Left,Back,Centre,Right,81
<_io.BytesIO object at 0x000001E8C3A94F90>,80783,2.802596928649634e-45,0.599248468875885,0.11439092457294464,0.06124400720000267,0.1413707286119461,-0.2786732017993927,-0.5358201265335083,0.7843802571296692,0,1074995,27,4,False,Left,Back,Centre,Right,81
<_io.BytesIO object at 0x000001E8C3A94D10>,0,0.0,0.0,0.0,0.0,1.401298464324817e-44,3.643376007244524e-43,9.183829875491986e-41,0.586585283279419,26356,1074995,27,4,False,Left,Back,Centre,Right,81
<_io.BytesIO object at 0x000001E8C3A949A0>,3528670595,-7.557115216396288e+16,1.4857849908165032e-37,0.0002705957740545273,9.183970005338419e-41,0.581167995929718,0.1493847668170929,0.11831950396299362,0.009917494840919971,586,1074995,27,4,False,Left,Back,Centre,Right,81
<_io.BytesIO object at 0x000001E8C3A83860>,1050411881,-0.002057019155472517,-0.07643447816371918,0.297870934009552,0.010269799269735813,0.006248926743865013,0.2582565248012543,0.0068059274926781654,-0.07003011554479599,-16356,1074996,27,4,False,Left,Back,Centre,Right,81
<_io.BytesIO object at 0x000001E8C3A83DB0>,1859337841,5.0250057542293957e-17,3.956695188995269e-27,4.267584549633163e-13,-2.3929715098347515e-05,1.1615135706439207e-24,-8.458473667161073e-31,4.2834816982764534e+36,2.0566156911663178e-40,0,1074996,27,4,False,Left,Back,Centre,Right,81
<_io.BytesIO object at 0x000001E8C3A83810>,76,1.401298464324817e-45,0.599932849407196,0.1054885983467102,0.07625283300876617,-0.15001684427261353,-0.5926017165184021,-0.5976366400718689,0.5187954902648926,-2686,1074996,27,4,False,Left,Back,Centre,Right,81
<_io.BytesIO object at 0x000001E8C3A83F40>,80784,2.802596928649634e-45,0.5953177809715271,0.11392004042863846,0.07029879093170166,0.1437603235244751,-0.2754070460796356,-0.5442219376564026,0.779298722743988,0,1074996,27,4,False,Left,Back,Centre,Right,81
<_io.BytesIO object at 0x000001E8C3A836D0>,0,0.0,0.0,0.0,0.0,1.401298464324817e-44,3.643376007244524e-43,9.183829875491986e-41,0.5819337964057922,-4193,1074996,27,4,False,Left,Back,Centre,Right,81
<_io.BytesIO object at 0x000001E8C3A834A0>,292306305,-159694836465664.0,1.4857849908165032e-37,0.00014272901171352714,9.183970005338419e-41,0.5783304572105408,0.14861512184143066,0.12794718146324158,0.009917950257658958,586,1074996,27,4,False,Left,Back,Centre,Right,81
<_io.BytesIO object at 0x000001E8C3A54B30>,1050411568,-0.0020818503107875586,-0.07644262164831161,0.29785844683647156,0.010292738676071167,0.00624092249199748,0.2582426965236664,0.006783881224691868,-0.0700579285621643,-15346,1074997,27,4,False,Left,Back,Centre,Right,81
<_io.BytesIO object at 0x000001E8C3A54C20>,3706732145,3.3784528993829888e-12,3.032003548510978e-29,6.4033970276750995e-18,1.2450592983033317e+22,2.5399844987700204e-12,5.4707620963284497e-33,7303.748046875,2.057134171598118e-40,0,1074997,27,4,False,Left,Back,Centre,Right,81
<_io.BytesIO object at 0x000001E8C3A93F90>,76,1.401298464324817e-45,0.5964991450309753,0.10473066568374634,0.08533167093992233,-0.155072882771492,-0.583704948425293,-0.6043204069137573,0.5196515917778015,3539,1074997,27,4,False,Left,Back,Centre,Right,81
<_io.BytesIO object at 0x000001E8C3A932C0>,80786,2.802596928649634e-45,0.5915146470069885,0.11340707540512085,0.07938257604837418,0.14484134316444397,-0.27235865592956543,-0.5519894957542419,0.7746930718421936,0,1074997,27,4,False,Left,Back,Centre,Right,81
<_io.BytesIO object at 0x000001E8C3A93360>,0,0.0,0.0,0.0,0.0,1.401298464324817e-44,3.643376007244524e-43,9.183829875491986e-41,0.577409565448761,-27017,1074997,27,4,False,Left,Back,Centre,Right,81
<_io.BytesIO object at 0x000001E8C3A93220>,2815180160,-515915481088.0,1.4857849908165032e-37,0.0002249914687126875,9.183970005338419e-41,0.5756646394729614,0.1476510763168335,0.13732638955116272,0.009917745366692543,586,1074997,27,4,False,Left,Back,Centre,Right,81
<_io.BytesIO object at 0x000001E8C3A9F630>,1050411128,-0.0020991407800465822,-0.07641500979661942,0.2978281080722809,0.010299405083060265,0.006226575933396816,0.2582308053970337,0.006748739164322615,-0.07008685171604156,-15796,1074998,27,4,False,Left,Back,Centre,Right,81
<_io.BytesIO object at 0x000001E8C3A9F310>,2026192497,121351725645824.0,2.2300858162783204e-31,5175558144.0,-1878936518656.0,3.354754243972409e-15,-1.2220670850590041e+31,445103904.0,2.057484496214199e-40,0,1074998,27,4,False,Left,Back,Centre,Right,81
<_io.BytesIO object at 0x000001E8C3A9FEF0>,76,1.401298464324817e-45,0.593022882938385,0.10389342904090881,0.09433034807443619,-0.1602405309677124,-0.5752325057983398,-0.6105681657791138,0.5202279090881348,29975,1074998,27,4,False,Left,Back,Centre,Right,81
<_io.BytesIO object at 0x000001E8C3A9F360>,80787,2.802596928649634e-45,0.587576150894165,0.1127697229385376,0.08835124969482422,0.14535574615001678,-0.26994988322257996,-0.5586140751838684,0.7706809043884277,0,1074998,27,4,False,Left,Back,Centre,Right,81
<_io.BytesIO object at 0x000001E8C3A9F4F0>,0,0.0,0.0,0.0,0.0,1.401298464324817e-44,3.643376007244524e-43,9.183829875491986e-41,0.5730122923851013,31722,1074998,27,4,False,Left,Back,Centre,Right,81
<_io.BytesIO object at 0x000001E8C3A9FE50>,3975363966,-340246400.0,1.4857849908165032e-37,0.0003405042225494981,9.183970005338419e-41,0.5729808807373047,0.14671146869659424,0.14653955399990082,0.00991765595972538,586,1074998,27,4,False,Left,Back,Centre,Right,81
<_io.BytesIO object at 0x000001E8C3A618B0>,1050410677,-0.0021523339673876762,-0.07642656564712524,0.29780369997024536,0.010307983495295048,0.006227039732038975,0.25821539759635925,0.006689968053251505,-0.07011139392852783,-21096,1074999,27,4,False,Left,Back,Centre,Right,81
<_io.BytesIO object at 0x000001E8C3A61AE0>,2150383217,1.11790219940601e-29,1.7885633275890742e-34,0.02224653959274292,2.0712559445357215e-10,0.00020764877262990922,-4.244092453178153e+19,1969.9364013671875,2.0577367299377776e-40,0,1074999,27,4,False,Left,Back,Centre,Right,81
<_io.BytesIO object at 0x000001E8C3A61D10>,76,1.401298464324817e-45,0.5890857577323914,0.10302452743053436,0.10307549685239792,-0.16443073749542236,-0.5703832507133484,-0.615389347076416,0.5185763239860535,31188,1074999,27,4,False,Left,Back,Centre,Right,81
<_io.BytesIO object at 0x000001E8C683E400>,80786,2.802596928649634e-45,0.583931565284729,0.1119137704372406,0.09729734808206558,0.14486928284168243,-0.2650607228279114,-0.5635496973991394,0.7688741683959961,0,1074999,27,4,False,Left,Back,Centre,Right,81
<_io.BytesIO object at 0x000001E8C683E270>,0,0.0,0.0,0.0,0.0,1.401298464324817e-44,3.643376007244524e-43,9.183829875491986e-41,0.5691500902175903,29619,1074999,27,4,False,Left,Back,Centre,Right,81
<_io.BytesIO object at 0x000001E8C683E220>,1770732922,-772768192.0,1.4857849908165032e-37,9.062516619451344e-05,9.183970005338419e-41,0.5701686143875122,0.14586205780506134,0.15557795763015747,0.009917545132339,586,1074999,27,4,False,Left,Back,Centre,Right,81
<_io.BytesIO object at 0x000001E8C3B19B30>,1050410158,-0.002188847167417407,-0.07640518248081207,0.2977820634841919,0.010311426594853401,0.006208343897014856,0.2581912875175476,0.006653261836618185,-0.07014250010251999,-22672,1075000,27,4,False,Left,Back,Centre,Right,81
<_io.BytesIO object at 0x000001E8C3B19040>,2009611889,-6198761984.0,-1.5095906847778267e+26,7.253036586475677e-17,1.163893849558991e+22,63.683895111083984,-9807.77734375,-1.1037106827195542e+27,2.057974950676713e-40,0,1075000,27,4,False,Left,Back,Centre,Right,81
<_io.BytesIO object at 0x000001E8C3B199F0>,76,1.401298464324817e-45,0.5856449604034424,0.10215265303850174,0.11177509278059006,-0.1683724820613861,-0.5653769373893738,-0.6169926524162292,0.5208837389945984,15163,1075000,27,4,False,Left,Back,Centre,Right,81
<_io.BytesIO object at 0x000001E8C3B19720>,80787,2.802596928649634e-45,0.5802428722381592,0.11107870936393738,0.10608118027448654,0.14353670179843903,-0.2620609402656555,-0.5662271976470947,0.7681849598884583,0,1075000,27,4,False,Left,Back,Centre,Right,81
<_io.BytesIO object at 0x000001E8C3A96630>,0,0.0,0.0,0.0,0.0,1.401298464324817e-44,3.643376007244524e-43,9.183829875491986e-41,0.5654597282409668,5703,1075000,27,4,False,Left,Back,Centre,Right,81
<_io.BytesIO object at 0x000001E8C3A96EA0>,1435712887,-2346884.0,1.4857849908165032e-37,4.408600216265768e-05,9.183970005338419e-41,0.5673041939735413,0.14500530064105988,0.16433864831924438,0.00991739146411419,586,1075000,27,4,False,Left,Back,Centre,Right,81
<_io.BytesIO object at 0x000001E8C69524A0>,1050409883,-0.0022370365913957357,-0.07641585916280746,0.29776081442832947,0.010328760370612144,0.006189243867993355,0.2581692636013031,0.006615780759602785,-0.07016763091087341,-28161,1075001,27,4,False,Left,Back,Centre,Right,81
<_io.BytesIO object at 0x000001E8C6952720>,402144881,-1.8562466622293647e-34,-3.858788193882433e+22,132075336237056.0,-7.392390299277135e-23,8.334957493675025e+20,-4.113437607656543e+32,0.0030096739064902067,2.0582271844002913e-40,0,1075001,27,4,False,Left,Back,Centre,Right,81
<_io.BytesIO object at 0x000001E8C6952B80>,76,1.401298464324817e-45,0.5828862190246582,0.10146894305944443,0.11995445191860199,-0.1695546954870224,-0.5637570023536682,-0.6119086146354675,0.5282018184661865,6224,1075001,27,4,False,Left,Back,Centre,Right,81
<_io.BytesIO object at 0x000001E8C69529F0>,80788,2.802596928649634e-45,0.5769925713539124,0.11028871685266495,0.1143435537815094,0.1432504653930664,-0.25927478075027466,-0.5675540566444397,0.7682046890258789,0,1075001,27,4,False,Left,Back,Centre,Right,81
<_io.BytesIO object at 0x000001E8C6952CC0>,0,0.0,0.0,0.0,0.0,1.401298464324817e-44,3.643376007244524e-43,9.183829875491986e-41,0.5621514320373535,-5203,1075001,27,4,False,Left,Back,Centre,Right,81
<_io.BytesIO object at 0x000001E8C6952AE0>,2300788086,-0.4692237377166748,1.4857849908165032e-37,0.0008370936848223209,9.183970005338419e-41,0.5644565224647522,0.144196018576622,0.1728505790233612,0.009917540475726128,586,1075001,27,4,False,Left,Back,Centre,Right,81
<_io.BytesIO object at 0x000001E8C3AFE630>,1050409648,-0.0022694761864840984,-0.07640866190195084,0.29774510860443115,0.010314655490219593,0.006148402113467455,0.2581575810909271,0.006578341592103243,-0.07019474357366562,-30099,1075002,27,4,False,Left,Back,Centre,Right,81
<_io.BytesIO object at 0x000001E8C3AFE4F0>,1522024049,1.5587150864435244e+31,-2.3489718365983238e+20,1.5570472249930585e+28,-1.7885346289965248e-34,-3.471723153229035e-34,-8.883318695442633e+30,-7.185738926543072e-33,2.0584654051392265e-40,0,1075002,27,4,False,Left,Back,Centre,Right,81
<_io.BytesIO object at 0x000001E8C3AFEE00>,76,1.401298464324817e-45,0.5787733197212219,0.10034970939159393,0.12848521769046783,-0.17456687986850739,-0.5609951019287109,-0.6182562112808228,0.522082507610321,-16291,1075002,27,4,False,Left,Back,Centre,Right,81
<_io.BytesIO object at 0x000001E8C3AFEEF0>,80785,2.802596928649634e-45,0.5735175609588623,0.10931239277124405,0.12314985692501068,0.14062879979610443,-0.25649702548980713,-0.5718525648117065,0.7664316892623901,0,1075002,27,4,False,Left,Back,Centre,Right,81
<_io.BytesIO object at 0x000001E8C3AFE590>,0,0.0,0.0,0.0,0.0,1.401298464324817e-44,3.643376007244524e-43,9.183829875491986e-41,0.5585319399833679,30651,1075002,27,4,False,Left,Back,Centre,Right,81
<_io.BytesIO object at 0x000001E8C3AFEEA0>,3438951792,-0.00030754602630622685,1.4857849908165032e-37,0.00013394487905316055,9.183970005338419e-41,0.5617949366569519,0.14335891604423523,0.181232750415802,0.009917914867401123,586,1075002,27,4,False,Left,Back,Centre,Right,81
<_io.BytesIO object at 0x000001E8C3A946D0>,1050409335,-0.002298615872859955,-0.07639025151729584,0.29772093892097473,0.010388609953224659,0.006199224852025509,0.25814953446388245,0.006547116674482822,-0.07023154944181442,-31419,1075003,27,4,False,Left,Back,Centre,Right,81
<_io.BytesIO object at 0x000001E8C3A94C20>,1360019057,4.186588520749466e+16,-8.133170523786969e+18,-1.5797878167013586e-33,-1.4014092787089912e+34,-4.551875008473871e-06,-9.242579618318203e-11,-9.119125752476975e-05,2.0587036258781618e-40,0,1075003,27,4,False,Left,Back,Centre,Right,81
<_io.BytesIO object at 0x000001E8C3A94A90>,76,1.401298464324817e-45,0.5757037997245789,0.09931006282567978,0.13671444356441498,-0.17978383600711823,-0.5554967522621155,-0.6210048198699951,0.5229284167289734,-21262,1075003,27,4,False,Left,Back,Centre,Right,81
<_io.BytesIO object at 0x000001E8C3A81F90>,80784,2.802596928649634e-45,0.5702474117279053,0.10838522017002106,0.1315276324748993,0.13986197113990784,-0.25432226061820984,-0.5763181447982788,0.7639477252960205,0,1075003,27,4,False,Left,Back,Centre,Right,81
<_io.BytesIO object at 0x000001E8C3A81D10>,0,0.0,0.0,0.0,0.0,1.401298464324817e-44,3.643376007244524e-43,9.183829875491986e-41,0.5548609495162964,-2515,1075003,27,4,False,Left,Back,Centre,Right,81
<_io.BytesIO object at 0x000001E8C3A819A0>,1254964588,-4.889176352662616e-07,1.4857849908165032e-37,0.0001612128398846835,9.183970005338419e-41,0.5593259930610657,0.14245936274528503,0.18930573761463165,0.009917724877595901,586,1075003,27,4,False,Left,Back,Centre,Right,81
<_io.BytesIO object at 0x000001E8C3A83DB0>,1050409285,-0.0023231031373143196,-0.07637839764356613,0.2977149188518524,0.01038843858987093,0.006186998449265957,0.25813764333724976,0.0065254829823970795,-0.07024315744638443,-30545,1075004,27,4,False,Left,Back,Centre,Right,81
<_io.BytesIO object at 0x000001E8C3A83860>,2214084209,7027638627467264.0,-2.0152782324372603e+18,-4.976363658905029,-5.847737790417465e-22,-1.0029218051714778e+25,1.1641486178380677e+18,2.8625092880420045e+17,2.058941846617097e-40,0,1075004,27,4,False,Left,Back,Centre,Right,81
<_io.BytesIO object at 0x000001E8C3A83A40>,76,1.401298464324817e-45,0.572605311870575,0.09823644906282425,0.14486397802829742,-0.18901468813419342,-0.5481821298599243,-0.6278011798858643,0.5192644596099854,-9561,1075004,27,4,False,Left,Back,Centre,Right,81
<_io.BytesIO object at 0x000001E8C3A83D60>,80782,2.802596928649634e-45,0.5670701861381531,0.1074630618095398,0.13975784182548523,0.1397603154182434,-0.253174751996994,-0.5806475877761841,0.7610636949539185,0,1075004,27,4,False,Left,Back,Centre,Right,81
<_io.BytesIO object at 0x000001E8C3A836D0>,0,0.0,0.0,0.0,0.0,1.401298464324817e-44,3.643376007244524e-43,9.183829875491986e-41,0.5511326789855957,28137,1075004,27,4,False,Left,Back,Centre,Right,81
<_io.BytesIO object at 0x000001E8C3A839F0>,2720415081,-4.883730087001936e-10,1.4857849908165032e-37,0.0001737227285047993,9.183970005338419e-41,0.5572806596755981,0.14189133048057556,0.19678762555122375,0.009917248040437698,586,1075004,27,4,False,Left,Back,Centre,Right,81
<_io.BytesIO object at 0x000001E8C3A549F0>,1050409388,-0.0023456686176359653,-0.07637689262628555,0.2977063059806824,0.01039270032197237,0.006177149247378111,0.2581292986869812,0.006497553084045649,-0.07028108090162277,-31055,1075005,27,4,False,Left,Back,Centre,Right,81
<_io.BytesIO object at 0x000001E8C3A54B80>,3223600753,1.5739005540710762e+27,-2986112251330560.0,-6889263.5,-1.3514147578774782e-09,1.0083367474322813e-10,-7.906796781753656e-07,-1.593815357470163e-10,2.0591380284021024e-40,0,1075005,27,4,False,Left,Back,Centre,Right,81
<_io.BytesIO object at 0x000001E8C3A93090>,76,1.401298464324817e-45,0.5679504871368408,0.0972982794046402,0.15330955386161804,-0.20154733955860138,-0.5408608913421631,-0.6468470692634583,0.49843472242355347,-17025,1075005,27,4,False,Left,Back,Centre,Right,81
<_io.BytesIO object at 0x000001E8C3A93450>,80790,2.802596928649634e-45,0.5640251636505127,0.10650274157524109,0.14773695170879364,0.14111267030239105,-0.2531375586986542,-0.5840405225753784,0.7582250833511353,0,1075005,27,4,False,Left,Back,Centre,Right,81
<_io.BytesIO object at 0x000001E8C3A93360>,0,0.0,0.0,0.0,0.0,1.401298464324817e-44,3.643376007244524e-43,9.183829875491986e-41,0.5475174784660339,27124,1075005,27,4,False,Left,Back,Centre,Right,81
<_io.BytesIO object at 0x000001E8C3A93310>,2472426853,-5.293346490298223e-12,1.4857849908165032e-37,0.0002183723554480821,9.183970005338419e-41,0.5558112263679504,0.14163288474082947,0.2059764713048935,0.009909546002745628,586,1075005,27,4,False,Left,Back,Centre,Right,81
<_io.BytesIO object at 0x000001E8C3A92C20>,1050409234,-0.0023490902967751026,-0.07637614756822586,0.29769691824913025,0.01040154229849577,0.006172537337988615,0.25813624262809753,0.006482857279479504,-0.07030583918094635,-30932,1075006,27,4,False,Left,Back,Centre,Right,81
<_io.BytesIO object at 0x000001E8C3A92220>,2879274609,1.7491080452683858e+19,-229512969191424.0,-52293772771328.0,3.731889641314926e-36,3.65370535340763e+35,-1.371314063258157e+18,1.1826764616503695e+33,2.0592501322792484e-40,0,1075006,27,4,False,Left,Back,Centre,Right,81
<_io.BytesIO object at 0x000001E8C3A92A40>,76,1.401298464324817e-45,0.5669212341308594,0.09596966952085495,0.16020353138446808,-0.19180569052696228,-0.5393785834312439,-0.6338865160942078,0.5200665593147278,-17398,1075006,27,4,False,Left,Back,Centre,Right,81
<_io.BytesIO object at 0x000001E8C3A92950>,80791,2.802596928649634e-45,0.5612321496009827,0.10535306483507156,0.1553199291229248,0.13960330188274384,-0.24718455970287323,-0.5939369797706604,0.7527613043785095,0,1075006,27,4,False,Left,Back,Centre,Right,81
<_io.BytesIO object at 0x000001E8C3A92040>,0,0.0,0.0,0.0,0.0,1.401298464324817e-44,3.643376007244524e-43,9.183829875491986e-41,0.543900728225708,20510,1075006,27,4,False,Left,Back,Centre,Right,81
<_io.BytesIO object at 0x000001E8C3A92E00>,538787169,-1.6236256181753964e-14,1.4857849908165032e-37,0.0002359008212806657,9.183970005338419e-41,0.552980899810791,0.13849669694900513,0.2137531191110611,0.009908239357173443,586,1075006,27,4,False,Left,Back,Centre,Right,81
<_io.BytesIO object at 0x000001E8C3A618B0>,1050409639,-0.0023472022730857134,-0.07637591660022736,0.29771360754966736,0.010397447273135185,0.006085849832743406,0.25814288854599,0.006470328662544489,-0.07033132016658783,-27588,1075007,27,4,False,Left,Back,Centre,Right,81
<_io.BytesIO object at 0x000001E8C3A61AE0>,1655848561,-9.625079325139424e-14,-1887559352320.0,-4.3580237338651634e+26,4.111547582397179e-07,2.5122618998261753e-40,6.979497708007332e-39,9.183549615799121e-41,3.7476700408053504e+26,16144,1075007,27,4,False,Left,Back,Centre,Right,81
<_io.BytesIO object at 0x000001E8C3A61D10>,1036299576,0.16616587340831757,-0.19596455991268158,-0.5276322364807129,-0.6339371204376221,0.5304015874862671,0.014375495724380016,1.8367239361444675e-40,-6.622258297284134e-12,16143,1075007,27,4,False,Left,Back,Centre,Right,81
<_io.BytesIO object at 0x000001E8C683E360>,1037550425,0.1553199291229248,0.13960330188274384,-0.24718455970287323,-0.5939369797706604,0.7527613043785095,0.0,0.0,0.0,0,1075007,27,4,False,Left,Back,Centre,Right,81
<_io.BytesIO object at 0x000001E8C683EBD0>,0,0.0,1.401298464324817e-44,3.643376007244524e-43,9.183689745645554e-41,0.5890912413597107,0.11182621121406555,0.14136546850204468,0.009643311612308025,586,1075007,27,4,False,Left,Back,Centre,Right,81
<_io.BytesIO object at 0x000001E8C3A9FE00>,1050409570,-0.002347456756979227,-0.0763738825917244,0.2977037727832794,0.010388459078967571,0.006077843718230724,0.2581423819065094,0.006472886074334383,-0.07035268098115921,-24605,1075008,27,4,False,Left,Back,Centre,Right,81
<_io.BytesIO object at 0x000001E8C3A9FDB0>,1867857521,-1051139637248.0,-7928194531328.0,8.714954848809517e-38,2.8496911471256535e+19,2.5122618998261753e-40,6.979497708007332e-39,9.183549615799121e-41,1.0754604091291741e+28,16143,1075008,27,4,False,Left,Back,Centre,Right,81
<_io.BytesIO object at 0x000001E8C3A9FB80>,1036238732,0.1722707897424698,-0.2045937478542328,-0.5150974988937378,-0.6499491333961487,0.5199827551841736,0.014343026094138622,1.8367239361444675e-40,-6.622258297284134e-12,16143,1075008,27,4,False,Left,Back,Centre,Right,81
<_io.BytesIO object at 0x000001E8C3A9FF90>,1037550425,0.1553199291229248,0.13960330188274384,-0.24718455970287323,-0.5939369797706604,0.7527613043785095,0.0,0.0,0.0,0,1075008,27,4,False,Left,Back,Centre,Right,81
<_io.BytesIO object at 0x000001E8C3A9F860>,0,0.0,1.401298464324817e-44,3.643376007244524e-43,9.183689745645554e-41,0.5867676138877869,0.11061739921569824,0.14836445450782776,0.00964059866964817,586,1075008,27,4,False,Left,Back,Centre,Right,81
<_io.BytesIO object at 0x000001E8BE565400>,1050409486,-0.002344517968595028,-0.07639337331056595,0.2976692020893097,0.010404905304312706,0.006155185867100954,0.2581437826156616,0.006481847260147333,-0.07037599384784698,-24240,1075009,27,4,False,Left,Back,Centre,Right,81
<_io.BytesIO object at 0x000001E8C69524F0>,1764179569,-1.4266384561209344e+16,-1836019744768.0,1.2657244477130668e-34,1.1746191424461519e+38,2.5122618998261753e-40,6.979497708007332e-39,9.183549615799121e-41,61203283968.0,16143,1075009,27,4,False,Left,Back,Centre,Right,81
<_io.BytesIO object at 0x000001E8C6952E50>,1036072866,0.1804557889699936,-0.20488084852695465,-0.513436496257782,-0.6471648216247559,0.524961531162262,0.014698539860546589,1.8367239361444675e-40,-6.622258297284134e-12,16143,1075009,27,4,False,Left,Back,Centre,Right,81
<_io.BytesIO object at 0x000001E8C6952400>,1037550425,0.1553199291229248,0.13960330188274384,-0.24718455970287323,-0.5939369797706604,0.7527613043785095,0.0,0.0,0.0,0,1075009,27,4,False,Left,Back,Centre,Right,81
<_io.BytesIO object at 0x000001E8C6952310>,0,0.0,1.401298464324817e-44,3.643376007244524e-43,9.183689745645554e-41,0.5840132236480713,0.10880324244499207,0.1547727882862091,0.009640712291002274,586,1075009,27,4,False,Left,Back,Centre,Right,81
<_io.BytesIO object at 0x000001E8C3AFE810>,1050409170,-0.0023407121188938618,-0.07639221847057343,0.2976727783679962,0.01038082130253315,0.006136609707027674,0.25813379883766174,0.006480853073298931,-0.07042734324932098,-23564,1075010,27,4,False,Left,Back,Centre,Right,81
<_io.BytesIO object at 0x000001E8C3AFED10>,3101572721,9.29757342878666e-36,-3518867456.0,-9.973330320129541e+26,0.022917117923498154,2.5122618998261753e-40,6.979497708007332e-39,9.183549615799121e-41,-1.1568772606551647e-09,16142,1075010,27,4,False,Left,Back,Centre,Right,81
<_io.BytesIO object at 0x000001E8C3AFE9F0>,1036033669,0.18738530576229095,-0.2022518813610077,-0.5210860371589661,-0.6456143260002136,0.5203322768211365,0.015173574909567833,1.8367239361444675e-40,-6.622258297284134e-12,16143,1075010,27,4,False,Left,Back,Centre,Right,81
<_io.BytesIO object at 0x000001E8C3AFE1D0>,1037550425,0.1553199291229248,0.13960330188274384,-0.24718455970287323,-0.5939369797706604,0.7527613043785095,0.0,0.0,0.0,0,1075010,27,4,False,Left,Back,Centre,Right,81
<_io.BytesIO object at 0x000001E8C3AFE720>,0,0.0,1.401298464324817e-44,3.643376007244524e-43,9.183689745645554e-41,0.5816870927810669,0.10759255290031433,0.1608707457780838,0.009641159325838089,586,1075010,27,4,False,Left,Back,Centre,Right,81
<_io.BytesIO object at 0x000001E8C3A81AE0>,1050408540,-0.0023405374959111214,-0.07639773935079575,0.2976611852645874,0.01035239640623331,0.006114104297012091,0.2581256926059723,0.006497700698673725,-0.07043663412332535,-25028,1075011,27,4,False,Left,Back,Centre,Right,81
<_io.BytesIO object at 0x000001E8C3A811D0>,1702116977,-6.223941815983941e+35,-19158349824.0,3.279720592330726e-11,-3.290939395994563e-11,2.5122618998261753e-40,6.979497708007332e-39,9.183549615799121e-41,1.909211277961731e-07,16142,1075011,27,4,False,Left,Back,Centre,Right,81
<_io.BytesIO object at 0x000001E8C3A814A0>,1035992090,0.1924697309732437,-0.21035654842853546,-0.5029066205024719,-0.6539204120635986,0.5246173143386841,0.01526747364550829,1.8367239361444675e-40,-6.622258297284134e-12,16143,1075011,27,4,False,Left,Back,Centre,Right,81
<_io.BytesIO object at 0x000001E8C3A81590>,1037550425,0.1553199291229248,0.13960330188274384,-0.24718455970287323,-0.5939369797706604,0.7527613043785095,0.0,0.0,0.0,0,1075011,27,4,False,Left,Back,Centre,Right,81
<_io.BytesIO object at 0x000001E8C3A81E00>,0,0.0,1.401298464324817e-44,3.643376007244524e-43,9.183689745645554e-41,0.5801413059234619,0.107443667948246,0.1661834716796875,0.009640302509069443,586,1075011,27,4,False,Left,Back,Centre,Right,81
<_io.BytesIO object at 0x000001E8C3AFEE00>,1050408030,-0.002330855233594775,-0.07641313970088959,0.29764172434806824,0.010327646508812904,0.006102333776652813,0.25810083746910095,0.006504660937935114,-0.07046043127775192,-26092,1075012,27,4,False,Left,Back,Centre,Right,81
<_io.BytesIO object at 0x000001E8C3AFE810>,645676657,1.6965461653045059e-38,-95284544.0,1.0935414222366588e-13,1.7010732298141696e+16,-3.4660041065894855e+31,5.523844197724979e+16,3.453995764765109e+21,2.0598246646496216e-40,0,1075012,27,4,False,Left,Back,Centre,Right,81
<_io.BytesIO object at 0x000001E8C3AFE9A0>,76,1.401298464324817e-45,0.5516153573989868,0.09055645018815994,0.19949151575565338,-0.2349219173192978,-0.48827317357063293,-0.6840697526931763,0.48831310868263245,20784,1075012,27,4,False,Left,Back,Centre,Right,81
<_io.BytesIO object at 0x000001E8C3AFE270>,80809,2.802596928649634e-45,0.5612321496009827,0.10535306483507156,0.1553199291229248,0.13960330188274384,-0.24718455970287323,-0.5939369797706604,0.7527613043785095,0,1075012,27,4,False,Left,Back,Centre,Right,81
<_io.BytesIO object at 0x000001E8C3A83F40>,0,0.0,0.0,0.0,0.0,1.401298464324817e-44,3.643376007244524e-43,9.183829875491986e-41,0.5286620259284973,-26602,1075012,27,4,False,Left,Back,Centre,Right,81
<_io.BytesIO object at 0x000001E8C3A83DB0>,3829546314,-7.833192825472806e-28,1.4857849908165032e-37,0.0003608913393691182,9.183970005338419e-41,0.5476024746894836,0.13088476657867432,0.2543295919895172,0.00989074632525444,586,1075012,27,4,False,Left,Back,Centre,Right,81
<_io.BytesIO object at 0x000001E8C3A93B30>,1050407440,-0.002325755078345537,-0.07641047984361649,0.2976527214050293,0.010302371345460415,0.006080810911953449,0.2580781579017639,0.006499442271888256,-0.07047691941261292,-28181,1075013,27,4,False,Left,Back,Centre,Right,81
<_io.BytesIO object at 0x000001E8C3A939A0>,4136189553,1.3016533916952972e-38,-3627.853515625,2.761197881477038e+17,-3.6071621429628406e-34,2.5122618998261753e-40,6.979497708007332e-39,9.183549615799121e-41,2.4263624769993453e+30,16139,1075013,27,4,False,Left,Back,Centre,Right,81
<_io.BytesIO object at 0x000001E8C3A93EA0>,1035317190,0.20473337173461914,-0.290263831615448,-0.45237258076667786,-0.687726616859436,0.4879940450191498,0.001045459765009582,1.8367239361444675e-40,-6.622258297284134e-12,16143,1075013,27,4,False,Left,Back,Centre,Right,81
<_io.BytesIO object at 0x000001E8C3A93C70>,1037550425,0.1553199291229248,0.13960330188274384,-0.24718455970287323,-0.5939369797706604,0.7527613043785095,0.0,0.0,0.0,0,1075013,27,4,False,Left,Back,Centre,Right,81
<_io.BytesIO object at 0x000001E8C3A93590>,0,0.0,1.1210387714598537e-44,2.9147008057956195e-43,9.183829875491986e-41,0.5272024273872375,0.04890938103199005,0.2339410036802292,0.008640461601316929,586,1075013,27,4,False,Left,Back,Centre,Right,81
<_io.BytesIO object at 0x000001E8C3B190E0>,1050406520,-0.0023243383038789034,-0.07641761749982834,0.29764145612716675,0.010289503261446953,0.0060841902159154415,0.2580487132072449,0.006512926891446114,-0.07046934962272644,25530,1075014,27,4,False,Left,Back,Centre,Right,81
<_io.BytesIO object at 0x000001E8C3B19900>,3266002545,15924877852672.0,-8.29630184173584,3.91792268619236e+29,1.3521912407656619e-34,2.5122618998261753e-40,6.979497708007332e-39,9.183549615799121e-41,-2.9907629905160607e+37,16138,1075014,27,4,False,Left,Back,Centre,Right,81
<_io.BytesIO object at 0x000001E8C3B19770>,1035246319,0.2097567617893219,-0.30168768763542175,-0.4425497353076935,-0.6887181401252747,0.4886734187602997,0.0009324558195658028,1.8367239361444675e-40,-6.622258297284134e-12,16143,1075014,27,4,False,Left,Back,Centre,Right,81
<_io.BytesIO object at 0x000001E8C3A9F7C0>,1037550425,0.1553199291229248,0.13960330188274384,-0.24718455970287323,-0.5939369797706604,0.7527613043785095,0.0,0.0,0.0,0,1075014,27,4,False,Left,Back,Centre,Right,81
<_io.BytesIO object at 0x000001E8C3A9F860>,0,0.0,1.1210387714598537e-44,2.9147008057956195e-43,9.183829875491986e-41,0.5261422991752625,0.048530057072639465,0.23907068371772766,0.008639582432806492,586,1075014,27,4,False,Left,Back,Centre,Right,81
<_io.BytesIO object at 0x000001E8C3A80040>,1050405719,-0.0023071737959980965,-0.07640401273965836,0.29762163758277893,0.010277342982590199,0.006093873176723719,0.2580246031284332,0.006548743695020676,-0.07046617567539215,-31846,1075015,27,4,False,Left,Back,Centre,Right,81
<_io.BytesIO object at 0x000001E8C3A801D0>,1903115889,-4.314539137982045e+36,-0.10338907688856125,3.161976634272636e+36,-6.174186069074494e-07,2.512247886841532e-40,6.979497708007332e-39,9.183549615799121e-41,-0.00194549560546875,16138,1075015,27,4,False,Left,Back,Centre,Right,81
<_io.BytesIO object at 0x000001E8C3A80400>,1035195405,0.2144557535648346,-0.30814480781555176,-0.4366454482078552,-0.6902406215667725,0.48780688643455505,0.0008585153263993561,1.8367239361444675e-40,-6.622258297284134e-12,16143,1075015,27,4,False,Left,Back,Centre,Right,81
<_io.BytesIO object at 0x000001E8C3A80590>,1037550425,0.1553199291229248,0.13960330188274384,-0.24718455970287323,-0.5939369797706604,0.7527613043785095,0.0,0.0,0.0,0,1075015,27,4,False,Left,Back,Centre,Right,81
<_io.BytesIO object at 0x000001E8C3A80720>,0,0.0,1.1210387714598537e-44,2.9147008057956195e-43,9.183829875491986e-41,0.52472984790802,0.04815360903739929,0.2439391016960144,0.008640031330287457,586,1075015,27,4,False,Left,Back,Centre,Right,81
<_io.BytesIO object at 0x000001E8C683E860>,1050405244,-0.002277862513437867,-0.076388880610466,0.29760923981666565,0.010257633402943611,0.006071084178984165,0.25792667269706726,0.006493809167295694,-0.07052848488092422,22672,1075016,27,4,False,Left,Back,Centre,Right,81
<_io.BytesIO object at 0x000001E8C683E720>,1898724977,4.552505131479859e+16,-2.588940105852089e-06,-3.4146614977250816e-36,1.3093482831242836e+35,-2.730243682861328,-5.088038245843835e-28,nan,2.060062885388557e-40,0,1075016,27,4,False,Left,Back,Centre,Right,81
<_io.BytesIO object at 0x000001E8C683EEF0>,76,1.401298464324817e-45,0.5410739779472351,0.08736716210842133,0.21888978779315948,-0.3160274624824524,-0.43063172698020935,-0.6924861669540405,0.48491838574409485,24696,1075016,27,4,False,Left,Back,Centre,Right,81
<_io.BytesIO object at 0x000001E8C683E810>,80476,2.802596928649634e-45,0.5612321496009827,0.10535306483507156,0.1553199291229248,0.13960330188274384,-0.24718455970287323,-0.5939369797706604,0.7527613043785095,0,1075016,27,4,False,Left,Back,Centre,Right,81
<_io.BytesIO object at 0x000001E8C683E040>,0,0.0,0.0,0.0,0.0,1.2611686178923354e-44,3.279038406520072e-43,9.183829875491986e-41,0.5236157178878784,-19893,1075016,27,4,False,Left,Back,Centre,Right,81
<_io.BytesIO object at 0x000001E8C683ECC0>,1887255876,-8.60821231292475e-29,1.4857849908165032e-37,7.642186261591633e-08,9.183970005338419e-41,0.5478883385658264,0.1284690946340561,0.2738211154937744,0.009886790066957474,586,1075016,27,4,False,Left,Back,Centre,Right,81
<_io.BytesIO object at 0x000001E8C3A92540>,1050404227,-0.0022469304967671633,-0.07637682557106018,0.2975987195968628,0.010250045917928219,0.00607877504080534,0.25788819789886475,0.006489166524261236,-0.07053416222333908,31761,1075017,27,4,False,Left,Back,Centre,Right,81
<_io.BytesIO object at 0x000001E8C3A92630>,2056535665,7.569193985546008e-05,-7.627190825587604e-07,-310889440.0,-4.609832111793543e+30,2.1513710322918355e+35,1.7212639733671375e-12,-52029.81640625,2.06011893732713e-40,0,1075017,27,4,False,Left,Back,Centre,Right,81
<_io.BytesIO object at 0x000001E8C3A92EF0>,76,1.401298464324817e-45,0.5403442978858948,0.08725834637880325,0.22296907007694244,-0.32496729493141174,-0.421589195728302,-0.695158064365387,0.48312947154045105,22285,1075017,27,4,False,Left,Back,Centre,Right,81
<_io.BytesIO object at 0x000001E8C3A96CC0>,80463,2.802596928649634e-45,0.5612321496009827,0.10535306483507156,0.1553199291229248,0.13960330188274384,-0.24718455970287323,-0.5939369797706604,0.7527613043785095,0,1075017,27,4,False,Left,Back,Centre,Right,81
<_io.BytesIO object at 0x000001E8C3A96F90>,0,0.0,0.0,0.0,0.0,1.2611686178923354e-44,3.279038406520072e-43,9.183829875491986e-41,0.5226945281028748,-628,1075017,27,4,False,Left,Back,Centre,Right,81
<_io.BytesIO object at 0x000001E8C3A96AE0>,1662860612,-2.922637449947761e-28,1.4857849908165032e-37,1.7231798210559646e-07,9.183970005338419e-41,0.5488864779472351,0.12790434062480927,0.2779265344142914,0.009885995648801327,586,1075017,27,4,False,Left,Back,Centre,Right,81
<_io.BytesIO object at 0x000001E8C6952540>,1050403567,-0.0022190259769558907,-0.07638218998908997,0.2975772023200989,0.010251915082335472,0.006083732470870018,0.25786763429641724,0.006525436416268349,-0.07051996141672134,20110,1075018,27,4,False,Left,Back,Centre,Right,81
<_io.BytesIO object at 0x000001E8C6952C20>,373374577,-2.0914383783943288e-38,-1.1477155892336555e-09,-4.0550516939406266e+36,-0.20872758328914642,8.340952928342915e-12,-2.4944289849511356e-23,-8.56620536369952e+30,2.0601609762810596e-40,0,1075018,27,4,False,Left,Back,Centre,Right,81
<_io.BytesIO object at 0x000001E8C6952450>,76,1.401298464324817e-45,0.5397964119911194,0.08716920018196106,0.22675342857837677,-0.33450278639793396,-0.414638876914978,-0.6974144577980042,0.47936999797821045,-19670,1075018,27,4,False,Left,Back,Centre,Right,81
<_io.BytesIO object at 0x000001E8C6952810>,80465,2.802596928649634e-45,0.5612321496009827,0.10535306483507156,0.1553199291229248,0.13960330188274384,-0.24718455970287323,-0.5939369797706604,0.7527613043785095,0,1075018,27,4,False,Left,Back,Centre,Right,81
<_io.BytesIO object at 0x000001E8C6952220>,0,0.0,0.0,0.0,0.0,1.2611686178923354e-44,3.279038406520072e-43,9.183829875491986e-41,0.5218722820281982,-22834,1075018,27,4,False,Left,Back,Centre,Right,81
<_io.BytesIO object at 0x000001E8C69521D0>,1984249158,-2.2371361492759083e-27,1.4857849908165032e-37,1.052765838949199e-07,9.183970005338419e-41,0.5499248504638672,0.1274343580007553,0.28160497546195984,0.00988522358238697,586,1075018,27,4,False,Left,Back,Centre,Right,81
<_io.BytesIO object at 0x000001E8C3A8FB80>,1050401475,-0.002256313804537058,-0.07649090141057968,0.29757410287857056,0.01023027952760458,0.006079326383769512,0.2578394412994385,0.006543807685375214,-0.07051528245210648,19539,1075019,27,4,False,Left,Back,Centre,Right,81
<_io.BytesIO object at 0x000001E8C3A8F4F0>,534003313,-9.006906331876507e-09,-5.493081101093367e-09,4.653073817527946e+21,2.7754114575156352e-24,-6.504432360686506e+37,-1.103731638220822e+27,-3783718600704.0,2.0602030152349893e-40,0,1075019,27,4,False,Left,Back,Centre,Right,81
<_io.BytesIO object at 0x000001E8C687EBD0>,76,1.401298464324817e-45,0.5393751263618469,0.08733335882425308,0.23010185360908508,-0.34429678320884705,-0.40264829993247986,-0.7014836072921753,0.47671258449554443,23104,1075019,27,4,False,Left,Back,Centre,Right,81
<_io.BytesIO object at 0x000001E8C687EAE0>,80495,2.802596928649634e-45,0.5612321496009827,0.10535306483507156,0.1553199291229248,0.13960330188274384,-0.24718455970287323,-0.5939369797706604,0.7527613043785095,0,1075019,27,4,False,Left,Back,Centre,Right,81
<_io.BytesIO object at 0x000001E8C687EF90>,0,0.0,0.0,0.0,0.0,1.2611686178923354e-44,3.279038406520072e-43,9.183829875491986e-41,0.5211498141288757,-2194,1075019,27,4,False,Left,Back,Centre,Right,81
<_io.BytesIO object at 0x000001E8C3A6CA40>,1086602567,-3.666479501977478e-27,1.4857849908165032e-37,2.7197492613595387e-07,9.183970005338419e-41,0.5515357851982117,0.1267615258693695,0.28512492775917053,0.009884671308100224,586,1075019,27,4,False,Left,Back,Centre,Right,81
<_io.BytesIO object at 0x000001E8C3A8F1D0>,1050400529,-0.0022129060234874487,-0.07647281140089035,0.29755470156669617,0.010239730589091778,0.006077827885746956,0.25781014561653137,0.006615237332880497,-0.07057355344295502,28644,1075020,27,4,False,Left,Back,Centre,Right,81
<_io.BytesIO object at 0x000001E8C3A8F6D0>,4245896817,4.665095551660851e+16,-5.593059348996121e-10,-2.7652756646025996e-36,-1.5035232739508225e+26,3.205093789584589e+16,-4.149865162617061e-06,-324.4828796386719,2.060231041204276e-40,0,1075020,27,4,False,Left,Back,Centre,Right,81
<_io.BytesIO object at 0x000001E8C3A8F950>,76,1.401298464324817e-45,0.5390941500663757,0.08734311163425446,0.23329414427280426,-0.35559242963790894,-0.3925272524356842,-0.7036698460578918,0.47362983226776123,18870,1075020,27,4,False,Left,Back,Centre,Right,81
<_io.BytesIO object at 0x000001E8C3A8F8B0>,80481,2.802596928649634e-45,0.5612321496009827,0.10535306483507156,0.1553199291229248,0.13960330188274384,-0.24718455970287323,-0.5939369797706604,0.7527613043785095,0,1075020,27,4,False,Left,Back,Centre,Right,81
<_io.BytesIO object at 0x000001E8C3A8FB30>,0,0.0,0.0,0.0,0.0,1.2611686178923354e-44,3.279038406520072e-43,9.183829875491986e-41,0.5206732153892517,-29762,1075020,27,4,False,Left,Back,Centre,Right,81
<_io.BytesIO object at 0x000001E8C3A8FA90>,4288560457,-6.266565430771922e-27,1.4857849908165032e-37,5.180996964782025e-08,9.183970005338419e-41,0.5533274412155151,0.12618370354175568,0.28824383020401,0.00988383125513792,586,1075020,27,4,False,Left,Back,Centre,Right,81
<_io.BytesIO object at 0x000001E8C69528B0>,1050399817,-0.0021834857761859894,-0.07647381722927094,0.29755255579948425,0.010230645537376404,0.006063451990485191,0.257729709148407,0.006606966722756624,-0.0706079974770546,17720,1075021,27,4,False,Left,Back,Centre,Right,81
<_io.BytesIO object at 0x000001E8C6952E50>,4294327921,-1165.899658203125,-4.1137817978487146e-12,-4.7026547690620646e-05,1.4975691432813742e+35,-247537.296875,53.06159210205078,nan,2.0602590671735623e-40,0,1075021,27,4,False,Left,Back,Centre,Right,81
<_io.BytesIO object at 0x000001E8BE565220>,76,1.401298464324817e-45,0.5392765998840332,0.08711892366409302,0.23653921484947205,-0.3671545386314392,-0.38198456168174744,-0.7077751159667969,0.46726831793785095,-12913,1075021,27,4,False,Left,Back,Centre,Right,81
<_io.BytesIO object at 0x000001E8BE5650E0>,80432,2.802596928649634e-45,0.5612321496009827,0.10535306483507156,0.1553199291229248,0.13960330188274384,-0.24718455970287323,-0.5939369797706604,0.7527613043785095,0,1075021,27,4,False,Left,Back,Centre,Right,81
<_io.BytesIO object at 0x000001E8BE5652C0>,0,0.0,0.0,0.0,0.0,1.2611686178923354e-44,3.279038406520072e-43,9.183829875491986e-41,0.5202867388725281,-9128,1075021,27,4,False,Left,Back,Centre,Right,81
<_io.BytesIO object at 0x000001E8BE5654F0>,2528722250,-4.299110896039742e-28,1.4857849908165032e-37,1.794897173112986e-07,9.183970005338419e-41,0.5555974841117859,0.12536941468715668,0.2912658154964447,0.009883114136755466,586,1075021,27,4,False,Left,Back,Centre,Right,81
<_io.BytesIO object at 0x000001E8C3A92E50>,1050398900,-0.0021593074779957533,-0.07648999989032745,0.2975320518016815,0.010240338742733002,0.006044956389814615,0.2576899826526642,0.006610948126763105,-0.07061544805765152,16930,1075022,27,4,False,Left,Back,Centre,Right,81
<_io.BytesIO object at 0x000001E8C3A925E0>,682573425,-1.0818312875278336e+16,-3.6135723184343646e-14,-3.72735105331809e-23,15908016.0,1.5895889605836254e-23,8.316575872413523e-07,-3.4423285033381526e+31,2.0602730801582055e-40,0,1075022,27,4,False,Left,Back,Centre,Right,81
<_io.BytesIO object at 0x000001E8C3A92F90>,76,1.401298464324817e-45,0.5388107299804688,0.08673964440822601,0.2395515888929367,-0.37978681921958923,-0.3696111738681793,-0.7123322486877441,0.4601438343524933,16965,1075022,27,4,False,Left,Back,Centre,Right,81
<_io.BytesIO object at 0x000001E8C3A921D0>,80438,2.802596928649634e-45,0.5612321496009827,0.10535306483507156,0.1553199291229248,0.13960330188274384,-0.24718455970287323,-0.5939369797706604,0.7527613043785095,0,1075022,27,4,False,Left,Back,Centre,Right,81
<_io.BytesIO object at 0x000001E8C3A92590>,0,0.0,0.0,0.0,0.0,1.2611686178923354e-44,3.279038406520072e-43,9.183829875491986e-41,0.518941342830658,22366,1075022,27,4,False,Left,Back,Centre,Right,81
<_io.BytesIO object at 0x000001E8C3A92400>,1998011721,-3.5929256665951845e-33,1.4857849908165032e-37,0.0008623950416222215,9.183970005338419e-41,0.557791531085968,0.12481915205717087,0.29376348853111267,0.00988219864666462,586,1075022,27,4,False,Left,Back,Centre,Right,81
<_io.BytesIO object at 0x000001E8C683E220>,1050397830,-0.0021299319341778755,-0.07647332549095154,0.297519713640213,0.010227485559880733,0.006027979776263237,0.25766614079475403,0.0066252537071704865,-0.0706123560667038,15700,1075023,27,4,False,Left,Back,Centre,Right,81
<_io.BytesIO object at 0x000001E8C3A602C0>,1270496881,-5.00764170601743e+19,-1.3929193178592136e-15,-2.392760284019825e-19,-1.9330660168254006e+23,2.512247886841532e-40,6.979497708007332e-39,9.183549615799121e-41,3.01739296247037e-29,16138,1075023,27,4,False,Left,Back,Centre,Right,81
<_io.BytesIO object at 0x000001E8C3A60A90>,1035053457,0.24198095500469208,-0.38874098658561707,-0.3604111969470978,-0.7150408625602722,0.4557420611381531,0.0006130028632469475,1.8367239361444675e-40,-6.622258297284134e-12,16143,1075023,27,4,False,Left,Back,Centre,Right,81
<_io.BytesIO object at 0x000001E8C3A609F0>,1037550425,0.1553199291229248,0.13960330188274384,-0.24718455970287323,-0.5939369797706604,0.7527613043785095,0.0,0.0,0.0,0,1075023,27,4,False,Left,Back,Centre,Right,81
<_io.BytesIO object at 0x000001E8C3A60CC0>,0,0.0,1.1210387714598537e-44,2.9147008057956195e-43,9.183829875491986e-41,0.5191318988800049,0.04942123964428902,0.27296605706214905,0.008635329082608223,586,1075023,27,4,False,Left,Back,Centre,Right,81
<_io.BytesIO object at 0x000001E8C3A972C0>,1050397010,-0.002129682805389166,-0.07649928331375122,0.2975001037120819,0.0102241775020957,0.006024646107107401,0.2576332688331604,0.006622618064284325,-0.07060742378234863,14518,1075024,27,4,False,Left,Back,Centre,Right,81
<_io.BytesIO object at 0x000001E8C3A974F0>,1881423473,-2.9801855620642556e+29,-1.601809282737704e-17,-1545.9490966796875,0.00020192819647490978,2.5122618998261753e-40,6.979497708007332e-39,9.183549615799121e-41,7.599592208862305e-06,16138,1075024,27,4,False,Left,Back,Centre,Right,81
<_io.BytesIO object at 0x000001E8C3A97540>,1035094126,0.2441367357969284,-0.39565908908843994,-0.3539014458656311,-0.7170388698577881,0.45173323154449463,0.0005875480128452182,1.8367239361444675e-40,-6.622258297284134e-12,16143,1075024,27,4,False,Left,Back,Centre,Right,81
<_io.BytesIO object at 0x000001E8C3A60540>,1037550425,0.1553199291229248,0.13960330188274384,-0.24718455970287323,-0.5939369797706604,0.7527613043785095,0.0,0.0,0.0,0,1075024,27,4,False,Left,Back,Centre,Right,81
<_io.BytesIO object at 0x000001E8C3A60400>,0,0.0,1.1210387714598537e-44,2.9147008057956195e-43,9.183829875491986e-41,0.5194472670555115,0.05010710656642914,0.2752365171909332,0.00863040890544653,586,1075024,27,4,False,Left,Back,Centre,Right,81
<_io.BytesIO object at 0x000001E8C3B19950>,1050396168,-0.0021240729838609695,-0.07650775462388992,0.2974904477596283,0.010232672095298767,0.006012109573930502,0.257603257894516,0.006616340950131416,-0.07062042504549026,12460,1075025,27,4,False,Left,Back,Centre,Right,81
<_io.BytesIO object at 0x000001E8C3B19590>,1897086577,-1.1894860799287342e+28,-6.227137660439544e-18,1.0736383288541528e-21,1.1772862064191226e+36,2.5122899257954618e-40,6.979497708007332e-39,9.183549615799121e-41,5291399708672.0,16138,1075025,27,4,False,Left,Back,Centre,Right,81
<_io.BytesIO object at 0x000001E8C3B192C0>,1035185464,0.24654710292816162,-0.41033488512039185,-0.3451909124851227,-0.7186062335968018,0.4428021013736725,0.0009016940603032708,1.8367239361444675e-40,-6.622258297284134e-12,16143,1075025,27,4,False,Left,Back,Centre,Right,81
<_io.BytesIO object at 0x000001E8C3B195E0>,1037550425,0.1553199291229248,0.13960330188274384,-0.24718455970287323,-0.5939369797706604,0.7527613043785095,0.0,0.0,0.0,0,1075025,27,4,False,Left,Back,Centre,Right,81
<_io.BytesIO object at 0x000001E8C3B19EA0>,0,0.0,1.1210387714598537e-44,2.9147008057956195e-43,9.183829875491986e-41,0.5198729038238525,0.052279964089393616,0.27883195877075195,0.008629278279840946,586,1075025,27,4,False,Left,Back,Centre,Right,81
<_io.BytesIO object at 0x000001E8C3A93E50>,1050395379,-0.0021167609374970198,-0.07652309536933899,0.29747048020362854,0.010233755223453045,0.0060088615864515305,0.25756245851516724,0.00659579923376441,-0.0706334188580513,9687,1075026,27,4,False,Left,Back,Centre,Right,81
<_io.BytesIO object at 0x000001E8C3A93C70>,2553429617,-2.179253813274931e+24,-3.513620500158394e-21,-1.4147729214410036e+25,2260512768.0,2.5122618998261753e-40,6.979497708007332e-39,9.183549615799121e-41,-1.1142660286246792e-29,16138,1075026,27,4,False,Left,Back,Centre,Right,81
<_io.BytesIO object at 0x000001E8C3A935E0>,1035251217,0.24787558615207672,-0.4176751971244812,-0.33906009793281555,-0.7199698090553284,0.43843942880630493,0.0008119437843561172,1.8367239361444675e-40,-6.622258297284134e-12,16143,1075026,27,4,False,Left,Back,Centre,Right,81
<_io.BytesIO object at 0x000001E8C3A93F40>,1037550425,0.1553199291229248,0.13960330188274384,-0.24718455970287323,-0.5939369797706604,0.7527613043785095,0.0,0.0,0.0,0,1075026,27,4,False,Left,Back,Centre,Right,81
<_io.BytesIO object at 0x000001E8C3A54C20>,0,0.0,1.1210387714598537e-44,2.9147008057956195e-43,9.183829875491986e-41,0.5204781889915466,0.05320009961724281,0.27999722957611084,0.0086269685998559,586,1075026,27,4,False,Left,Back,Centre,Right,81
<_io.BytesIO object at 0x000001E8C3AFEB30>,1050393625,-0.0021052120719105005,-0.07652502506971359,0.2974536120891571,0.010252020321786404,0.005977881606668234,0.2575199007987976,0.00657842680811882,-0.07064110785722733,8468,1075027,27,4,False,Left,Back,Centre,Right,81
<_io.BytesIO object at 0x000001E8C3AFEB80>,3400023665,-1.322186891319078e+26,-1.5004449456794754e-21,6.296649249061941e-23,8055.58642578125,2.5122618998261753e-40,6.979497708007332e-39,9.183549615799121e-41,-2.775341272354126e-07,16138,1075027,27,4,False,Left,Back,Centre,Right,81
<_io.BytesIO object at 0x000001E8C3AFEAE0>,1035288446,0.24939791858196259,-0.42730605602264404,-0.33028489351272583,-0.7230730652809143,0.4306817352771759,0.0007664416916668415,1.8367239361444675e-40,-6.622258297284134e-12,16143,1075027,27,4,False,Left,Back,Centre,Right,81
<_io.BytesIO object at 0x000001E8C3AFED60>,1037550425,0.1553199291229248,0.13960330188274384,-0.24718455970287323,-0.5939369797706604,0.7527613043785095,0.0,0.0,0.0,0,1075027,27,4,False,Left,Back,Centre,Right,81
<_io.BytesIO object at 0x000001E8C3AFE540>,0,0.0,1.1210387714598537e-44,2.9147008057956195e-43,9.183829875491986e-41,0.5204512476921082,0.05406279116868973,0.2818583548069,0.008624662645161152,586,1075027,27,4,False,Left,Back,Centre,Right,81
<_io.BytesIO object at 0x000001E8C3A81630>,1050391193,-0.0020718290470540524,-0.07648128271102905,0.29744285345077515,0.010257137008011341,0.005913284607231617,0.25744661688804626,0.006583004724234343,-0.07061395049095154,7468,1075028,27,4,False,Left,Back,Centre,Right,81
<_io.BytesIO object at 0x000001E8C3A812C0>,1748319857,nan,-6.854880042209987e-23,5.891781879362619e+33,1.096433220821547e+27,-1.1770575890376946e-29,-4.820155037961421e+16,1.6625829185601404e-11,5.779978296954097e-18,16146,1075028,27,4,False,Left,Back,Centre,Right,81
<_io.BytesIO object at 0x000001E8C3A81720>,1039928053,0.30263254046440125,0.5204140543937683,0.05468288064002991,0.2832658290863037,2.802596928649634e-45,1.064986832886861e-43,1.401298464324817e-45,0.5425087809562683,520,1075028,27,4,False,Left,Back,Centre,Right,81
<_io.BytesIO object at 0x000001E8C3A818B0>,1190215094,3.183768657762139e-27,6.02549221184745e-07,3.261841288412731e+29,1980391.125,2.2546892290986307e-41,0.0,2.802596928649634e-45,0.5612321496009827,-15527,1075028,27,4,False,Left,Back,Centre,Right,81
<_io.BytesIO object at 0x000001E8C3A6CCC0>,204488151,-5.426896534899413e+31,6.438572747514598e-21,1.492550215268731e-31,-4.6146374188538175e-07,2.2689824734347438e-41,0.0,0.0,0.0,0,1075028,27,4,False,Left,Back,Centre,Right,81
<_io.BytesIO object at 0x000001E8C3A6CEF0>,0,7.346839692639297e-40,1.9101783200862172e-38,1.2448708730516955e-11,-1.7811544239521027e-08,-68733.2109375,-2.5035661418537668e-18,-34186656219136.0,1.6746161245975153e-39,1564,1075028,27,4,False,Left,Back,Centre,Right,81
<_io.BytesIO object at 0x000001E8C3A6C6D0>,761018759,3899392.0,8.70486480625727e-31,-744.93994140625,-5.363516695750644e-34,1.674602111612872e-39,0.00089041463797912,1.62844894539187e-41,0.25744661688804626,-18881,1075028,27,4,False,Left,Back,Centre,Right,81
<_io.BytesIO object at 0x000001E8C3A6C9A0>,2651601879,-2.654201827997778e+17,1.6745993090159434e-39,0.0008758115582168102,1.6285890752383024e-41,0.23546284437179565,-0.024952033534646034,-0.08203035593032837,0.008921260945498943,18,1075028,27,4,False,Left,Back,Centre,Right,81
<_io.BytesIO object at 0x000001E8C3A83F90>,1050389476,-0.002053396077826619,-0.07646485418081284,0.2974296510219574,0.010257180780172348,0.005904748570173979,0.2573872208595276,0.006580319721251726,-0.07060655951499939,4580,1075029,27,4,False,Left,Back,Centre,Right,81
<_io.BytesIO object at 0x000001E8C3A83860>,2248294001,-5.49701946350744e+35,-6.734608469568006e-26,-0.24828480184078217,-4.688662968101115e-27,-2.2121953828053845e+27,-852476800.0,4.306350660834432e-23,-75100888.0,16146,1075029,27,4,False,Left,Back,Centre,Right,81
<_io.BytesIO object at 0x000001E8C3A83810>,1039861887,0.303385853767395,2.802596928649634e-45,1.064986832886861e-43,1.401298464324817e-45,0.5425087809562683,0.0888710618019104,0.25054123997688293,-0.4337424039840698,13601,1075029,27,4,False,Left,Back,Centre,Right,81
<_io.BytesIO object at 0x000001E8C3A83540>,1887682214,1980391.125,2.2546892290986307e-41,0.0,2.802596928649634e-45,0.5612321496009827,0.10535306483507156,0.1553199291229248,0.13960330188274384,7667,1075029,27,4,False,Left,Back,Centre,Right,81
<_io.BytesIO object at 0x000001E8C3A83090>,205635197,-4.6146374188538175e-07,2.2689824734347438e-41,0.0,0.0,0.0,0.0,0.0,9.80908925027372e-45,182,1075029,27,4,False,Left,Back,Centre,Right,81
<_io.BytesIO object at 0x000001E8C6952860>,760938496,-1.6200374375330284e-12,-6.223940652946247e-28,-1.6102162533055254e-23,-144850389303296.0,1.6746161245975153e-39,0.0002594807301647961,1.6271877767739776e-41,0.2974296510219574,3516,1075029,27,4,False,Left,Back,Centre,Right,81
<_io.BytesIO object at 0x000001E8C6952770>,2090810408,-2.1180848433312563e-35,1.674602111612872e-39,0.0008906650473363698,1.62844894539187e-41,0.2573872208595276,0.006580319721251726,-0.07060655951499939,0.00945313274860382,18,1075029,27,4,False,Left,Back,Centre,Right,81
<_io.BytesIO object at 0x000001E8C3A96DB0>,1050387868,-0.0020344776567071676,-0.07645265012979507,0.29740139842033386,0.010267162695527077,0.005903794430196285,0.2573273181915283,0.006567191332578659,-0.07059931010007858,3819,1075030,27,4,False,Left,Back,Centre,Right,81
<_io.BytesIO object at 0x000001E8C3A96D10>,52969073,6.107200966081339e-30,-2.420109701421401e-27,-0.04009854421019554,-2.545482501962738e-16,5796045312.0,-2.4925421102106604e-11,-1104975497265152.0,1.0351875955266135e+29,16147,1075030,27,4,False,Left,Back,Centre,Right,81
<_io.BytesIO object at 0x000001E8C3A96130>,1039807527,0.30401572585105896,2.802596928649634e-45,1.064986832886861e-43,1.401298464324817e-45,0.5425087809562683,0.0888710618019104,0.25054123997688293,-0.4337424039840698,13601,1075030,27,4,False,Left,Back,Centre,Right,81
<_io.BytesIO object at 0x000001E8C3A96D60>,1887682214,1980391.125,2.2546892290986307e-41,0.0,2.802596928649634e-45,0.5612321496009827,0.10535306483507156,0.1553199291229248,0.13960330188274384,7667,1075030,27,4,False,Left,Back,Centre,Right,81
<_io.BytesIO object at 0x000001E8C3A969A0>,205635197,-4.6146374188538175e-07,2.2689824734347438e-41,0.0,0.0,0.0,0.0,0.0,9.80908925027372e-45,182,1075030,27,4,False,Left,Back,Centre,Right,81
<_io.BytesIO object at 0x000001E8C3A967C0>,760938496,-2.706168622523819e-16,7670624419840.0,-2.293761956314793e-27,-623382022324224.0,1.6746161245975153e-39,0.00026135495863854885,1.6271877767739776e-41,0.29740139842033386,14234,1075030,27,4,False,Left,Back,Centre,Right,81
<_io.BytesIO object at 0x000001E8C3A964A0>,1956527144,-1.3825777446231495e-36,1.674602111612872e-39,0.0008917353115975857,1.62844894539187e-41,0.2573273181915283,0.006567191332578659,-0.07059931010007858,0.009454294107854366,18,1075030,27,4,False,Left,Back,Centre,Right,81
<_io.BytesIO object at 0x000001E8C3A9FEA0>,1050386746,-0.0020261146128177643,-0.07646293938159943,0.29738131165504456,0.010271579958498478,0.0059000467881560326,0.25728344917297363,0.006557743065059185,-0.07058402895927429,1790,1075031,27,4,False,Left,Back,Centre,Right,81
<_io.BytesIO object at 0x000001E8C3A9F360>,4025368177,-1.518518530219392e+33,-3.8052335100068456e-27,5.467453317777128e-22,-1.489476907802552e-37,-0.0941091999411583,3.608426394461143e+17,-2.2683790093913017e-20,6.7033020474806776e-21,16148,1075031,27,4,False,Left,Back,Centre,Right,81
<_io.BytesIO object at 0x000001E8C3A9FBD0>,1039745374,0.3044812083244324,2.802596928649634e-45,1.064986832886861e-43,1.401298464324817e-45,0.5425087809562683,0.0888710618019104,0.25054123997688293,-0.4337424039840698,13601,1075031,27,4,False,Left,Back,Centre,Right,81
<_io.BytesIO object at 0x000001E8C3A9F400>,1887682214,1980391.125,2.2546892290986307e-41,0.0,2.802596928649634e-45,0.5612321496009827,0.10535306483507156,0.1553199291229248,0.13960330188274384,7667,1075031,27,4,False,Left,Back,Centre,Right,81
<_io.BytesIO object at 0x000001E8C683E400>,205635197,-4.6146374188538175e-07,2.2689824734347438e-41,0.0,0.0,0.0,0.0,0.0,9.80908925027372e-45,182,1075031,27,4,False,Left,Back,Centre,Right,81
<_io.BytesIO object at 0x000001E8C683EB30>,760938496,-6.301925127571995e-19,-295412.84375,-3.999690450260626e-24,-1014808161812480.0,1.6746161245975153e-39,0.0002620785089675337,1.6271877767739776e-41,0.29738131165504456,18977,1075031,27,4,False,Left,Back,Centre,Right,81
<_io.BytesIO object at 0x000001E8C683E9A0>,1429093416,-9.045187086989846e-38,1.674602111612872e-39,0.0008943723514676094,1.62844894539187e-41,0.25728344917297363,0.006557743065059185,-0.07058402895927429,0.009455543011426926,18,1075031,27,4,False,Left,Back,Centre,Right,81
<_io.BytesIO object at 0x000001E8C3A81A90>,1050385444,-0.0020027176942676306,-0.07644537091255188,0.2973494827747345,0.010288997553288937,0.005918423645198345,0.257230281829834,0.0065607656724750996,-0.070473812520504,-324,1075032,27,4,False,Left,Back,Centre,Right,81
<_io.BytesIO object at 0x000001E8C3A97F40>,153435760,-2.1435333226237264e+19,-3.150332383367576e-29,961517504.0,1.022581842628699e+21,1.827299569252469e-13,3.3344961137074916e-23,1.2823317963039926e-09,-22710908354560.0,16148,1075032,27,4,False,Left,Back,Centre,Right,81
<_io.BytesIO object at 0x000001E8C3A97C20>,1039662387,0.3049885332584381,2.802596928649634e-45,1.064986832886861e-43,1.401298464324817e-45,0.5425087809562683,0.0888710618019104,0.25054123997688293,-0.4337424039840698,13601,1075032,27,4,False,Left,Back,Centre,Right,81
<_io.BytesIO object at 0x000001E8C3A977C0>,1887682214,1980391.125,2.2546892290986307e-41,0.0,2.802596928649634e-45,0.5612321496009827,0.10535306483507156,0.1553199291229248,0.13960330188274384,7667,1075032,27,4,False,Left,Back,Centre,Right,81
<_io.BytesIO object at 0x000001E8C3A972C0>,205635197,-4.6146374188538175e-07,2.2689824734347438e-41,0.0,0.0,0.0,0.0,0.0,9.80908925027372e-45,182,1075032,27,4,False,Left,Back,Centre,Right,81
<_io.BytesIO object at 0x000001E8C3A97180>,760938496,-5.426304818347862e-22,2.1131961345672607,-1.1277285046308613e-29,-636576161857536.0,1.6746161245975153e-39,0.0002659305464476347,1.6271877767739776e-41,0.2973494827747345,-27857,1075032,27,4,False,Left,Back,Centre,Right,81
<_io.BytesIO object at 0x000001E8C3A97D10>,4015406120,nan,1.674602111612872e-39,0.0008929067989811301,1.62844894539187e-41,0.257230281829834,0.0065607656724750996,-0.070473812520504,0.00945656280964613,18,1075032,27,4,False,Left,Back,Centre,Right,81
<_io.BytesIO object at 0x000001E8C3A9F540>,1050383939,-0.001985836075618863,-0.07643039524555206,0.29732346534729004,0.01030999980866909,0.005931332241743803,0.2571922540664673,0.006563181523233652,-0.07041960954666138,-1739,1075033,27,4,False,Left,Back,Centre,Right,81
<_io.BytesIO object at 0x000001E8C3A9F2C0>,1054031472,-3.934738768157737e+17,-3.385643547811792e-31,1.4160988480298156e-26,-9.488252238717527e+35,-9.533240624866324e-15,-7.801551071828783e-12,-31036819456.0,-2.0364688083603744e-36,16149,1075033,27,4,False,Left,Back,Centre,Right,81
<_io.BytesIO object at 0x000001E8C3B19450>,1039580451,0.30529308319091797,2.802596928649634e-45,1.064986832886861e-43,1.401298464324817e-45,0.5425087809562683,0.0888710618019104,0.25054123997688293,-0.4337424039840698,13601,1075033,27,4,False,Left,Back,Centre,Right,81
<_io.BytesIO object at 0x000001E8C3B194A0>,1887682214,1980391.125,2.2546892290986307e-41,0.0,2.802596928649634e-45,0.5612321496009827,0.10535306483507156,0.1553199291229248,0.13960330188274384,7667,1075033,27,4,False,Left,Back,Centre,Right,81
<_io.BytesIO object at 0x000001E8C3B19E50>,205635197,-4.6146374188538175e-07,2.2689824734347438e-41,0.0,0.0,0.0,0.0,0.0,9.80908925027372e-45,182,1075033,27,4,False,Left,Back,Centre,Right,81
<_io.BytesIO object at 0x000001E8C3B19D60>,760938496,-1.5751974555453164e-25,8.901063593323046e-17,-2.087384552650158e-34,-1023604254834688.0,1.6746161245975153e-39,0.00026429429999552667,1.6271877767739776e-41,0.29732346534729004,-5306,1075033,27,4,False,Left,Back,Centre,Right,81
<_io.BytesIO object at 0x000001E8C3B19B30>,1537162280,1.8379354210661442e+37,1.674602111612872e-39,0.0008961379062384367,1.62844894539187e-41,0.2571922540664673,0.006563181523233652,-0.07041960954666138,0.0094574810937047,18,1075033,27,4,False,Left,Back,Centre,Right,81
<_io.BytesIO object at 0x000001E8C3A93590>,1050383051,-0.0019501743372529745,-0.0763821080327034,0.2973083257675171,0.010336780920624733,0.00594892306253314,0.25716274976730347,0.006560312118381262,-0.07040252536535263,-3290,1075034,27,4,False,Left,Back,Centre,Right,81
<_io.BytesIO object at 0x000001E8C3A93D10>,1976057456,-12527.2001953125,-6.060440021210819e-33,150585458688.0,2.807392321288394e+30,2.866835675102708e-12,9.208176957132817e-33,3313538.25,5.158468319166332e-09,16150,1075034,27,4,False,Left,Back,Centre,Right,81
<_io.BytesIO object at 0x000001E8C3A93180>,1039480644,0.30562639236450195,2.802596928649634e-45,1.064986832886861e-43,1.401298464324817e-45,0.5425087809562683,0.0888710618019104,0.25054123997688293,-0.4337424039840698,13601,1075034,27,4,False,Left,Back,Centre,Right,81
<_io.BytesIO object at 0x000001E8C3A93E00>,1887682214,1980391.125,2.2546892290986307e-41,0.0,2.802596928649634e-45,0.5612321496009827,0.10535306483507156,0.1553199291229248,0.13960330188274384,7667,1075034,27,4,False,Left,Back,Centre,Right,81
<_io.BytesIO object at 0x000001E8C3A93D60>,205635197,-4.6146374188538175e-07,2.2689824734347438e-41,0.0,0.0,0.0,0.0,0.0,9.80908925027372e-45,182,1075034,27,4,False,Left,Back,Centre,Right,81
<_io.BytesIO object at 0x000001E8C3A93C20>,760938496,-1.2811101100789232e-27,-1.6824493181449333e-21,1.4370197805712573e+28,-1686568695758848.0,1.6746161245975153e-39,0.00027046503964811563,1.6271877767739776e-41,0.2973083257675171,23450,1075034,27,4,False,Left,Back,Centre,Right,81
<_io.BytesIO object at 0x000001E8C3A54DB0>,4012850217,4.7829732720027575e+35,1.674602111612872e-39,0.0008982212748378515,1.62844894539187e-41,0.25716274976730347,0.006560312118381262,-0.07040252536535263,0.009458470158278942,18,1075034,27,4,False,Left,Back,Centre,Right,81
<_io.BytesIO object at 0x000001E8C3AFEA40>,1050381434,-0.0019305305322632194,-0.07640603929758072,0.2973039150238037,0.01035328395664692,0.005967657081782818,0.25714364647865295,0.006548089906573296,-0.07036886364221573,-4427,1075035,27,4,False,Left,Back,Centre,Right,81
<_io.BytesIO object at 0x000001E8C3A8FE50>,2372615792,-2.469050797149208e-10,-1.208164920415989e-33,4.050717198482156e+22,1.6946755478569164e+21,-1.1675787447984476e-07,137468.265625,-9649672.0,-4.666711490156298e+17,16150,1075035,27,4,False,Left,Back,Centre,Right,81
<_io.BytesIO object at 0x000001E8C3A8FE00>,1039353263,0.30594682693481445,2.802596928649634e-45,1.064986832886861e-43,1.401298464324817e-45,0.5425087809562683,0.0888710618019104,0.25054123997688293,-0.4337424039840698,13601,1075035,27,4,False,Left,Back,Centre,Right,81
<_io.BytesIO object at 0x000001E8C3A8F900>,1887682214,1980391.125,2.2546892290986307e-41,0.0,2.802596928649634e-45,0.5612321496009827,0.10535306483507156,0.1553199291229248,0.13960330188274384,7667,1075035,27,4,False,Left,Back,Centre,Right,81
<_io.BytesIO object at 0x000001E8C3A8FB30>,205635197,-4.6146374188538175e-07,2.2689824734347438e-41,0.0,0.0,0.0,0.0,0.0,9.80908925027372e-45,182,1075035,27,4,False,Left,Back,Centre,Right,81
<_io.BytesIO object at 0x000001E8C3A8F720>,760938496,-1.9259299443872359e-31,5.2781206127477546e-33,5.133375270213782e+35,-8399940271210496.0,1.6746161245975153e-39,0.0002463140990585089,1.6271877767739776e-41,0.2973039150238037,-24366,1075035,27,4,False,Left,Back,Centre,Right,81
<_io.BytesIO object at 0x000001E8C3A8F950>,2354461737,1.2026125730022816e+34,1.674602111612872e-39,0.0008976313984021544,1.62844894539187e-41,0.25714364647865295,0.006548089906573296,-0.07036886364221573,0.00945945456624031,18,1075035,27,4,False,Left,Back,Centre,Right,81
<_io.BytesIO object at 0x000001E8C3A81860>,1050381685,-0.0018931352533400059,-0.07629793137311935,0.2972845733165741,0.010370760224759579,0.005996380932629108,0.25712254643440247,0.00654122419655323,-0.07034583389759064,-4054,1075036,27,4,False,Left,Back,Centre,Right,81
<_io.BytesIO object at 0x000001E8C3A6CCC0>,2934521456,-7.097981221820928e-26,-5.811080699157025e-37,553957.9375,-1.3202801354704002e+34,10451237888.0,1.0009086619476296e+18,83696086417408.0,-6.72476784885773e-22,16151,1075036,27,4,False,Left,Back,Centre,Right,81
<_io.BytesIO object at 0x000001E8C3A6C950>,1039191370,0.3065311312675476,2.802596928649634e-45,1.064986832886861e-43,1.401298464324817e-45,0.5425087809562683,0.0888710618019104,0.25054123997688293,-0.4337424039840698,13601,1075036,27,4,False,Left,Back,Centre,Right,81
<_io.BytesIO object at 0x000001E8C3A6C220>,1887682214,1980391.125,2.2546892290986307e-41,0.0,2.802596928649634e-45,0.5612321496009827,0.10535306483507156,0.1553199291229248,0.13960330188274384,7667,1075036,27,4,False,Left,Back,Centre,Right,81
<_io.BytesIO object at 0x000001E8C3A6C9F0>,205635197,-4.6146374188538175e-07,2.2689824734347438e-41,0.0,0.0,0.0,0.0,0.0,9.80908925027372e-45,182,1075036,27,4,False,Left,Back,Centre,Right,81
<_io.BytesIO object at 0x000001E8C3A6CE00>,760938496,-7.5496453819979645e-31,8.03635330007012e-18,37.932586669921875,-1.377402454278144e+16,1.6746161245975153e-39,0.0002824721159413457,1.6271877767739776e-41,0.2972845733165741,-5601,1075036,27,4,False,Left,Back,Centre,Right,81
<_io.BytesIO object at 0x000001E8C3A6C310>,2102017065,5.177933349744009e+32,1.674602111612872e-39,0.0009014473180286586,1.62844894539187e-41,0.25712254643440247,0.00654122419655323,-0.07034583389759064,0.009460357949137688,18,1075036,27,4,False,Left,Back,Centre,Right,81
<_io.BytesIO object at 0x000001E8C3AFE3B0>,1050380886,-0.0018923499155789614,-0.0762253925204277,0.2972602844238281,0.01039994228631258,0.006034250371158123,0.25710973143577576,0.0065459273755550385,-0.07030010223388672,-5571,1075037,27,4,False,Left,Back,Centre,Right,81
<_io.BytesIO object at 0x000001E8C3AFEA90>,2861907568,3.6403360454811934e+31,-2.4353426092495975e-37,133724603678720.0,-3.3348806572144896e-13,-2.0058433797586546e+25,4.261449371222016e+17,-1.5066844795123672e+23,522701792.0,16152,1075037,27,4,False,Left,Back,Centre,Right,81
<_io.BytesIO object at 0x000001E8C3AFE950>,1038881548,0.30568990111351013,2.802596928649634e-45,1.064986832886861e-43,1.401298464324817e-45,0.5425087809562683,0.0888710618019104,0.25054123997688293,-0.4337424039840698,13601,1075037,27,4,False,Left,Back,Centre,Right,81
<_io.BytesIO object at 0x000001E8C6952180>,1887682214,1980391.125,2.2546892290986307e-41,0.0,2.802596928649634e-45,0.5612321496009827,0.10535306483507156,0.1553199291229248,0.13960330188274384,7667,1075037,27,4,False,Left,Back,Centre,Right,81
<_io.BytesIO object at 0x000001E8C6952360>,205635197,-4.6146374188538175e-07,2.2689824734347438e-41,0.0,0.0,0.0,0.0,0.0,9.80908925027372e-45,182,1075037,27,4,False,Left,Back,Centre,Right,81
<_io.BytesIO object at 0x000001E8C6952B80>,760938496,-1.0303725202471712e-32,1.120918627672005e-33,4.755638248358517e-22,-2.121486210957312e+16,1.6746161245975153e-39,0.00028510752599686384,1.6271877767739776e-41,0.2972602844238281,25733,1075037,27,4,False,Left,Back,Centre,Right,81
<_io.BytesIO object at 0x000001E8C6952C20>,3136699434,2.127014310175469e+31,1.674602111612872e-39,0.0009030223591253161,1.62844894539187e-41,0.25710973143577576,0.0065459273755550385,-0.07030010223388672,0.009461642242968082,18,1075037,27,4,False,Left,Back,Centre,Right,81
<_io.BytesIO object at 0x000001E8C3A96E50>,1050380447,-0.0018643097719177604,-0.07618597894906998,0.2972424030303955,0.010436274111270905,0.006089884787797928,0.25709643959999084,0.006537376902997494,-0.07025682926177979,-6223,1075038,27,4,False,Left,Back,Centre,Right,81
<_io.BytesIO object at 0x000001E8C3A96130>,2983018096,360213544960.0,-4.836943655457186e-36,2.557021432307696e+28,-6.290171014839892e-26,-4.719270816426995e-36,9881537536.0,914400.3125,3.273818850000155e-38,16153,1075038,27,4,False,Left,Back,Centre,Right,81
<_io.BytesIO object at 0x000001E8C3A96040>,1038651336,0.30589666962623596,2.802596928649634e-45,1.064986832886861e-43,1.401298464324817e-45,0.5425087809562683,0.0888710618019104,0.25054123997688293,-0.4337424039840698,13601,1075038,27,4,False,Left,Back,Centre,Right,81
<_io.BytesIO object at 0x000001E8C3A96400>,1887682214,1980391.125,2.2546892290986307e-41,0.0,2.802596928649634e-45,0.5612321496009827,0.10535306483507156,0.1553199291229248,0.13960330188274384,7667,1075038,27,4,False,Left,Back,Centre,Right,81
<_io.BytesIO object at 0x000001E8C3A964A0>,205635197,-4.6146374188538175e-07,2.2689824734347438e-41,0.0,0.0,0.0,0.0,0.0,9.80908925027372e-45,182,1075038,27,4,False,Left,Back,Centre,Right,81
<_io.BytesIO object at 0x000001E8C3A96270>,760938496,-9.569464411174078e-34,1.2342371068097331e+17,1.7282985791227964e-34,-3.2755336154710016e+16,1.6746161245975153e-39,0.00028082821518182755,1.6271877767739776e-41,0.2972424030303955,-792,1075038,27,4,False,Left,Back,Centre,Right,81
<_io.BytesIO object at 0x000001E8C3A96EA0>,2376612906,1.5175511320625008e+30,1.674602111612872e-39,0.0009139581234194338,1.62844894539187e-41,0.25709643959999084,0.006537376902997494,-0.07025682926177979,0.00946291908621788,18,1075038,27,4,False,Left,Back,Centre,Right,81
<_io.BytesIO object at 0x000001E8C683EEA0>,1050379420,-0.0018490104703232646,-0.07614561915397644,0.29722949862480164,0.010460028424859047,0.00611909432336688,0.2570771872997284,0.0065348101779818535,-0.07022184133529663,-6630,1075039,27,4,False,Left,Back,Centre,Right,81
<_io.BytesIO object at 0x000001E8C3A60720>,3116187248,0.0012110710376873612,-4.954493090539415e-36,-9.81414685168192e-31,-0.006827914156019688,6.119471326407574e-24,2.654076943300627e-15,-3.6103075824051034e-13,2.060469261943211e-40,0,1075039,27,4,False,Left,Back,Centre,Right,81
<_io.BytesIO object at 0x000001E8C3A60860>,76,1.401298464324817e-45,0.5425087809562683,0.0888710618019104,0.25054123997688293,-0.4337424039840698,-0.32462409138679504,-0.7243730425834656,0.4263453781604767,0,1075039,27,4,False,Left,Back,Centre,Right,81
<_io.BytesIO object at 0x000001E8C3A607C0>,0,2.802596928649634e-45,0.5612321496009827,0.10535306483507156,0.1553199291229248,0.13960330188274384,-0.24718455970287323,-0.5939369797706604,0.7527613043785095,0,1075039,27,4,False,Left,Back,Centre,Right,81
<_io.BytesIO object at 0x000001E8C3A60F40>,0,0.0,0.0,0.0,0.0,8.407790785948902e-45,2.1860256043467146e-43,1.627047646927545e-41,0.3037461042404175,23167,1075039,27,4,False,Left,Back,Centre,Right,81
<_io.BytesIO object at 0x000001E8C3A60040>,4064066290,-5.22813441090519e+16,1.6746161245975153e-39,0.0002766733232419938,1.6271877767739776e-41,0.29722949862480164,0.010460028424859047,0.00611909432336688,0.009548109956085682,18,1075039,27,4,False,Left,Back,Centre,Right,81
<_io.BytesIO object at 0x000001E8C3A81130>,1050379277,-0.0018345194403082132,-0.07611530274152756,0.29721909761428833,0.01046181283891201,0.006136356387287378,0.2570669651031494,0.00653453404083848,-0.07019178569316864,-7786,1075040,27,4,False,Left,Back,Centre,Right,81
<_io.BytesIO object at 0x000001E8C3A97EF0>,3358539376,1.8728237607843727e-17,-1.3267853489465252e-36,-3.3537388250562993e-37,7.940039711193011e+33,-13231.0771484375,-1.7081037972932478e-11,318.48443603515625,2.0604832749278543e-40,0,1075040,27,4,False,Left,Back,Centre,Right,81
<_io.BytesIO object at 0x000001E8C3A97860>,76,1.401298464324817e-45,0.5425087809562683,0.0888710618019104,0.25054123997688293,-0.4337424039840698,-0.32462409138679504,-0.7243730425834656,0.4263453781604767,0,1075040,27,4,False,Left,Back,Centre,Right,81
<_io.BytesIO object at 0x000001E8C3A97220>,0,2.802596928649634e-45,0.5612321496009827,0.10535306483507156,0.1553199291229248,0.13960330188274384,-0.24718455970287323,-0.5939369797706604,0.7527613043785095,0,1075040,27,4,False,Left,Back,Centre,Right,81
<_io.BytesIO object at 0x000001E8C3A97D10>,0,0.0,0.0,0.0,0.0,8.407790785948902e-45,2.1860256043467146e-43,1.627047646927545e-41,0.30374184250831604,29762,1075040,27,4,False,Left,Back,Centre,Right,81
<_io.BytesIO object at 0x000001E8C3A97D60>,3797400304,-7.754109045388083e+16,1.6746161245975153e-39,0.0002730158739723265,1.6271877767739776e-41,0.29721909761428833,0.01046181283891201,0.006136356387287378,0.00954765360802412,18,1075040,27,4,False,Left,Back,Centre,Right,81
<_io.BytesIO object at 0x000001E8C683E810>,1050378812,-0.0018058618297800422,-0.07608556002378464,0.2972071170806885,0.010483822785317898,0.006151254754513502,0.2570577561855316,0.006528682541102171,-0.07017569243907928,-8610,1075041,27,4,False,Left,Back,Centre,Right,81
<_io.BytesIO object at 0x000001E8C683E540>,134692464,6.3946758556818e-19,-4.0376074968980304e-36,-2.2407952657069672e-29,4.943575516571786e+33,1.925158960889856e+18,199282539888640.0,-0.005164862144738436,2.0604832749278543e-40,0,1075041,27,4,False,Left,Back,Centre,Right,81
<_io.BytesIO object at 0x000001E8C683E0E0>,76,1.401298464324817e-45,0.5425087809562683,0.0888710618019104,0.25054123997688293,-0.4337424039840698,-0.32462409138679504,-0.7243730425834656,0.4263453781604767,0,1075041,27,4,False,Left,Back,Centre,Right,81
<_io.BytesIO object at 0x000001E8C3B19040>,0,2.802596928649634e-45,0.5612321496009827,0.10535306483507156,0.1553199291229248,0.13960330188274384,-0.24718455970287323,-0.5939369797706604,0.7527613043785095,0,1075041,27,4,False,Left,Back,Centre,Right,81
<_io.BytesIO object at 0x000001E8C3B19400>,0,0.0,0.0,0.0,0.0,8.407790785948902e-45,2.1860256043467146e-43,1.627047646927545e-41,0.30372798442840576,-19797,1075041,27,4,False,Left,Back,Centre,Right,81
<_io.BytesIO object at 0x000001E8C3B19720>,3535780588,-4.834069443510272e+16,1.6746161245975153e-39,0.00027681197389028966,1.6271877767739776e-41,0.2972071170806885,0.010483822785317898,0.006151254754513502,0.009547198191285133,18,1075041,27,4,False,Left,Back,Centre,Right,81
<_io.BytesIO object at 0x000001E8C3A93180>,1050378222,-0.0018025465542450547,-0.07608084380626678,0.29720744490623474,0.010490445420145988,0.00615711510181427,0.2570423185825348,0.006521850824356079,-0.07015378028154373,-9241,1075042,27,4,False,Left,Back,Centre,Right,81
<_io.BytesIO object at 0x000001E8C3A93860>,319831664,5.030646312545283e-35,-3.355820773421104e-36,-387563856592896.0,-1.4859935016723464e+23,9.955759147215796e-36,-2.2804458035400682e+21,6.251138273682955e-08,2.0604972879124975e-40,0,1075042,27,4,False,Left,Back,Centre,Right,81
<_io.BytesIO object at 0x000001E8C3A93590>,76,1.401298464324817e-45,0.5425087809562683,0.0888710618019104,0.25054123997688293,-0.4337424039840698,-0.32462409138679504,-0.7243730425834656,0.4263453781604767,0,1075042,27,4,False,Left,Back,Centre,Right,81
<_io.BytesIO object at 0x000001E8C3A93F90>,0,2.802596928649634e-45,0.5612321496009827,0.10535306483507156,0.1553199291229248,0.13960330188274384,-0.24718455970287323,-0.5939369797706604,0.7527613043785095,0,1075042,27,4,False,Left,Back,Centre,Right,81
<_io.BytesIO object at 0x000001E8C3A93C70>,0,0.0,0.0,0.0,0.0,8.407790785948902e-45,2.1860256043467146e-43,1.627047646927545e-41,0.303710401058197,17261,1075042,27,4,False,Left,Back,Centre,Right,81
<_io.BytesIO object at 0x000001E8C3A935E0>,3494296300,-2.895542182163251e+16,1.6746161245975153e-39,0.0002753741864580661,1.6271877767739776e-41,0.29720744490623474,0.010490445420145988,0.00615711510181427,0.009546742774546146,18,1075042,27,4,False,Left,Back,Centre,Right,81
<_io.BytesIO object at 0x000001E8C3A8F4A0>,1050373652,-0.00188672065269202,-0.07606209069490433,0.29718881845474243,0.010511212982237339,0.00615878077223897,0.25702109932899475,0.006524049676954746,-0.07013406604528427,-11773,1075043,27,4,False,Left,Back,Centre,Right,81
<_io.BytesIO object at 0x000001E8C3A8F310>,3804774000,-1.1522002464538624e+16,-7.300584511890092e-38,-30365906944.0,-73.36854553222656,-3.114913974505972e-32,1.3315785111053863e-33,4.872611672570724e+18,2.0604972879124975e-40,0,1075043,27,4,False,Left,Back,Centre,Right,81
<_io.BytesIO object at 0x000001E8C3A8FB80>,76,1.401298464324817e-45,0.5425087809562683,0.0888710618019104,0.25054123997688293,-0.4337424039840698,-0.32462409138679504,-0.7243730425834656,0.4263453781604767,0,1075043,27,4,False,Left,Back,Centre,Right,81
<_io.BytesIO object at 0x000001E8C687E9F0>,0,2.802596928649634e-45,0.5612321496009827,0.10535306483507156,0.1553199291229248,0.13960330188274384,-0.24718455970287323,-0.5939369797706604,0.7527613043785095,0,1075043,27,4,False,Left,Back,Centre,Right,81
<_io.BytesIO object at 0x000001E8C687EB30>,0,0.0,0.0,0.0,0.0,8.407790785948902e-45,2.1860256043467146e-43,1.627047646927545e-41,0.30357420444488525,19415,1075043,27,4,False,Left,Back,Centre,Right,81
<_io.BytesIO object at 0x000001E8C687EBD0>,3329342199,-0.01524295937269926,1.6746161245975153e-39,0.00034023236366920173,1.6271877767739776e-41,0.29718881845474243,0.010511212982237339,0.00615878077223897,0.009546134620904922,18,1075043,27,4,False,Left,Back,Centre,Right,81
<_io.BytesIO object at 0x000001E8C3A6C400>,1050371970,-0.0018740891246125102,-0.0761060118675232,0.2971879839897156,0.010514432564377785,0.006143622100353241,0.2570010721683502,0.006510555278509855,-0.07012621313333511,-12400,1075044,27,4,False,Left,Back,Centre,Right,81
<_io.BytesIO object at 0x000001E8C3A817C0>,250035824,-2.2687653238415154e+22,-2.0731019675990992e-38,-12861023.0,-2.3857656040674758e-23,3.8322337382427907e-13,4.366647817380327e+36,-0.0016574256587773561,2.0604972879124975e-40,0,1075044,27,4,False,Left,Back,Centre,Right,81
<_io.BytesIO object at 0x000001E8C3A81900>,76,1.401298464324817e-45,0.5425087809562683,0.0888710618019104,0.25054123997688293,-0.4337424039840698,-0.32462409138679504,-0.7243730425834656,0.4263453781604767,0,1075044,27,4,False,Left,Back,Centre,Right,81
<_io.BytesIO object at 0x000001E8C3A6CCC0>,0,2.802596928649634e-45,0.5612321496009827,0.10535306483507156,0.1553199291229248,0.13960330188274384,-0.24718455970287323,-0.5939369797706604,0.7527613043785095,0,1075044,27,4,False,Left,Back,Centre,Right,81
<_io.BytesIO object at 0x000001E8C3A6C6D0>,0,0.0,0.0,0.0,0.0,8.407790785948902e-45,2.1860256043467146e-43,1.627047646927545e-41,0.30352407693862915,-23553,1075044,27,4,False,Left,Back,Centre,Right,81
<_io.BytesIO object at 0x000001E8C3A6C7C0>,3715676917,-3.340288114751532e-20,1.6746161245975153e-39,0.00031934367143549025,1.6271877767739776e-41,0.2971879839897156,0.010514432564377785,0.006143622100353241,0.009545682929456234,18,1075044,27,4,False,Left,Back,Centre,Right,81
<_io.BytesIO object at 0x000001E8C3A8F310>,1050371532,-0.001977987587451935,-0.07629934698343277,0.29718947410583496,0.010518311522901058,0.006122237537056208,0.25698602199554443,0.006511622574180365,-0.07012099027633667,-13335,1075045,27,4,False,Left,Back,Centre,Right,81
<_io.BytesIO object at 0x000001E8C3A8F540>,1173438064,-5.2921248075303154e+32,-2.4941171025829575e-37,1.3573164019882296e-19,4.294107269858913e-29,-4.383568176349184e+16,1.7430185712732221e-13,-6.4447792942357535e+28,2.0604972879124975e-40,0,1075045,27,4,False,Left,Back,Centre,Right,81
<_io.BytesIO object at 0x000001E8C3A8F770>,76,1.401298464324817e-45,0.5425087809562683,0.0888710618019104,0.25054123997688293,-0.4337424039840698,-0.32462409138679504,-0.7243730425834656,0.4263453781604767,0,1075045,27,4,False,Left,Back,Centre,Right,81
<_io.BytesIO object at 0x000001E8C3A8F270>,0,2.802596928649634e-45,0.5612321496009827,0.10535306483507156,0.1553199291229248,0.13960330188274384,-0.24718455970287323,-0.5939369797706604,0.7527613043785095,0,1075045,27,4,False,Left,Back,Centre,Right,81
<_io.BytesIO object at 0x000001E8C3A8F630>,0,0.0,0.0,0.0,0.0,8.407790785948902e-45,2.1860256043467146e-43,1.627047646927545e-41,0.30351102352142334,-24288,1075045,27,4,False,Left,Back,Centre,Right,81
<_io.BytesIO object at 0x000001E8C3A8F950>,1121303297,-8.565866221034913e-37,1.6746161245975153e-39,0.00032452575396746397,1.6271877767739776e-41,0.29718947410583496,0.010518311522901058,0.006122237537056208,0.009545078501105309,18,1075045,27,4,False,Left,Back,Centre,Right,81
<_io.BytesIO object at 0x000001E8C3A932C0>,1050370571,-0.0019847420044243336,-0.07633142173290253,0.2971782088279724,0.010530252940952778,0.006111732684075832,0.2569785714149475,0.00648241164162755,-0.07013194262981415,-15245,1075046,27,4,False,Left,Back,Centre,Right,81
<_io.BytesIO object at 0x000001E8C3A93720>,1355431536,-3.06684193149821e+29,1.1746441912220124e+38,2.176202800928718e-31,7.344681253906816e-21,9.953660187988863e+24,-1.939992346213192e-38,5.6343766458022415e-12,2.0605113008971408e-40,0,1075046,27,4,False,Left,Back,Centre,Right,81
<_io.BytesIO object at 0x000001E8C3A96CC0>,76,1.401298464324817e-45,0.5425087809562683,0.0888710618019104,0.25054123997688293,-0.4337424039840698,-0.32462409138679504,-0.7243730425834656,0.4263453781604767,0,1075046,27,4,False,Left,Back,Centre,Right,81
<_io.BytesIO object at 0x000001E8C3A96680>,0,2.802596928649634e-45,0.5612321496009827,0.10535306483507156,0.1553199291229248,0.13960330188274384,-0.24718455970287323,-0.5939369797706604,0.7527613043785095,0,1075046,27,4,False,Left,Back,Centre,Right,81
<_io.BytesIO object at 0x000001E8C3A963B0>,0,0.0,0.0,0.0,0.0,8.407790785948902e-45,2.1860256043467146e-43,1.627047646927545e-41,0.30348238348960876,4722,1075046,27,4,False,Left,Back,Centre,Right,81
<_io.BytesIO object at 0x000001E8C3A96B80>,1403435778,1.1510327309519248e+24,1.6746161245975153e-39,0.0003320135292597115,1.6271877767739776e-41,0.2971782088279724,0.010530252940952778,0.006111732684075832,0.009544475004076958,18,1075046,27,4,False,Left,Back,Centre,Right,81
<_io.BytesIO object at 0x000001E8C3A60860>,1050370107,-0.0020118297543376684,-0.07637126743793488,0.2971845865249634,0.010537389665842056,0.006082281470298767,0.25696861743927,0.006469834595918655,-0.07012369483709335,-16450,1075047,27,4,False,Left,Back,Centre,Right,81
<_io.BytesIO object at 0x000001E8C3A609F0>,2248752752,-6.840203024750269e+35,2.6246106712816882e+36,1.2542006036391507e-32,-5.539462443827835e+29,-9.252074037000455e+36,2.09189014107639e+18,1.749576024904958e+18,2.0605113008971408e-40,0,1075047,27,4,False,Left,Back,Centre,Right,81
<_io.BytesIO object at 0x000001E8C3A60DB0>,76,1.401298464324817e-45,0.5425087809562683,0.0888710618019104,0.25054123997688293,-0.4337424039840698,-0.32462409138679504,-0.7243730425834656,0.4263453781604767,0,1075047,27,4,False,Left,Back,Centre,Right,81
<_io.BytesIO object at 0x000001E8C3A60C70>,0,2.802596928649634e-45,0.5612321496009827,0.10535306483507156,0.1553199291229248,0.13960330188274384,-0.24718455970287323,-0.5939369797706604,0.7527613043785095,0,1075047,27,4,False,Left,Back,Centre,Right,81
<_io.BytesIO object at 0x000001E8C3A60D60>,0,0.0,0.0,0.0,0.0,8.407790785948902e-45,2.1860256043467146e-43,1.627047646927545e-41,0.3034685552120209,-10009,1075047,27,4,False,Left,Back,Centre,Right,81
<_io.BytesIO object at 0x000001E8C3A60B30>,1753922307,49215088.0,1.6746161245975153e-39,0.0003292821638751775,1.6271877767739776e-41,0.2971845865249634,0.010537389665842056,0.006082281470298767,0.009543945081532001,18,1075047,27,4,False,Left,Back,Centre,Right,81
<_io.BytesIO object at 0x000001E8C3A97A40>,1050368347,-0.002037401543930173,-0.0763590857386589,0.2971770167350769,0.010554893873631954,0.006081081461161375,0.2569546103477478,0.0064541795291006565,-0.0701277107000351,-17640,1075048,27,4,False,Left,Back,Centre,Right,81
<_io.BytesIO object at 0x000001E8C3A972C0>,2354790000,-2.502766872140979e+28,1.2188439921872172e+36,4.732134684104494e-08,1.1618636079490899e-23,-3.548952092311576e-26,-7.890298661929639e-37,7.249436069641416e+28,2.0605113008971408e-40,0,1075048,27,4,False,Left,Back,Centre,Right,81
<_io.BytesIO object at 0x000001E8C3A97EF0>,76,1.401298464324817e-45,0.5425087809562683,0.0888710618019104,0.25054123997688293,-0.4337424039840698,-0.32462409138679504,-0.7243730425834656,0.4263453781604767,0,1075048,27,4,False,Left,Back,Centre,Right,81
<_io.BytesIO object at 0x000001E8C3A97220>,0,2.802596928649634e-45,0.5612321496009827,0.10535306483507156,0.1553199291229248,0.13960330188274384,-0.24718455970287323,-0.5939369797706604,0.7527613043785095,0,1075048,27,4,False,Left,Back,Centre,Right,81
<_io.BytesIO object at 0x000001E8C3A97EF0>,0,0.0,0.0,0.0,0.0,8.407790785948902e-45,2.1860256043467146e-43,1.627047646927545e-41,0.30341610312461853,-31251,1075048,27,4,False,Left,Back,Centre,Right,81
<_io.BytesIO object at 0x000001E8C3A97A40>,1646770949,1.997940007880672e-11,1.6746161245975153e-39,0.00046514725545421243,1.6271877767739776e-41,0.2971770167350769,0.010554893873631954,0.006081081461161375,0.009543417021632195,18,1075048,27,4,False,Left,Back,Centre,Right,81
<_io.BytesIO object at 0x000001E8C3A60AE0>,1050367582,-0.00203875545412302,-0.0763646587729454,0.2971695363521576,0.010563330724835396,0.006063356529921293,0.2569333612918854,0.0064388723112642765,-0.07015080004930496,-17920,1075049,27,4,False,Left,Back,Centre,Right,81
<_io.BytesIO object at 0x000001E8C3A60CC0>,3244441200,-1.873714304909457e+27,1.3028823737462913e+35,1.564925164281028e-12,-8.021169968577638e+33,8.674460295305531e-23,9.796999074120572e+27,-1.5121069845783384e-33,2.0605113008971408e-40,0,1075049,27,4,False,Left,Back,Centre,Right,81
<_io.BytesIO object at 0x000001E8C3A60630>,76,1.401298464324817e-45,0.5425087809562683,0.0888710618019104,0.25054123997688293,-0.4337424039840698,-0.32462409138679504,-0.7243730425834656,0.4263453781604767,0,1075049,27,4,False,Left,Back,Centre,Right,81
<_io.BytesIO object at 0x000001E8C3A60900>,0,2.802596928649634e-45,0.5612321496009827,0.10535306483507156,0.1553199291229248,0.13960330188274384,-0.24718455970287323,-0.5939369797706604,0.7527613043785095,0,1075049,27,4,False,Left,Back,Centre,Right,81
<_io.BytesIO object at 0x000001E8C3A60180>,0,0.0,0.0,0.0,0.0,8.407790785948902e-45,2.1860256043467146e-43,1.627047646927545e-41,0.30339330434799194,-25436,1075049,27,4,False,Left,Back,Centre,Right,81
<_io.BytesIO object at 0x000001E8C3B199F0>,1695791877,9.601455913109673e-30,1.6746161245975153e-39,0.0004610502510331571,1.6271877767739776e-41,0.2971695363521576,0.010563330724835396,0.006063356529921293,0.009542890824377537,18,1075049,27,4,False,Left,Back,Centre,Right,81
<_io.BytesIO object at 0x000001E8C3A96CC0>,1050367939,-0.0020580803975462914,-0.07645665854215622,0.29718372225761414,0.010526935569941998,0.006002518814057112,0.2569248080253601,0.006422508507966995,-0.07014533877372742,-19833,1075050,27,4,False,Left,Back,Centre,Right,81
<_io.BytesIO object at 0x000001E8C3A93B80>,410271344,-1.1226837602479292e+24,6.449508157999771e+34,1.4365058120802132e-07,-1.3972450113498125e+29,-0.00023053701443132013,7.245691727406789e-38,7.226307392120361,2.0605113008971408e-40,0,1075050,27,4,False,Left,Back,Centre,Right,81
<_io.BytesIO object at 0x000001E8C3A93220>,76,1.401298464324817e-45,0.5425087809562683,0.0888710618019104,0.25054123997688293,-0.4337424039840698,-0.32462409138679504,-0.7243730425834656,0.4263453781604767,0,1075050,27,4,False,Left,Back,Centre,Right,81
<_io.BytesIO object at 0x000001E8C3A93BD0>,0,2.802596928649634e-45,0.5612321496009827,0.10535306483507156,0.1553199291229248,0.13960330188274384,-0.24718455970287323,-0.5939369797706604,0.7527613043785095,0,1075050,27,4,False,Left,Back,Centre,Right,81
<_io.BytesIO object at 0x000001E8C3A93810>,0,0.0,0.0,0.0,0.0,8.407790785948902e-45,2.1860256043467146e-43,1.627047646927545e-41,0.30340394377708435,-7972,1075050,27,4,False,Left,Back,Centre,Right,81
<_io.BytesIO object at 0x000001E8C3A93EA0>,2505030406,-6.678638154911842e+31,1.674614723299051e-39,0.00033537307172082365,1.6271877767739776e-41,0.29718372225761414,0.010526935569941998,0.006002518814057112,0.009542366489768028,18,1075050,27,4,False,Left,Back,Centre,Right,81
<_io.BytesIO object at 0x000001E8C3A83540>,1050365853,-0.0020478498190641403,-0.0763898640871048,0.2971777617931366,0.010528042912483215,0.005991027224808931,0.25691041350364685,0.006402161903679371,-0.07013174146413803,-20180,1075051,27,4,False,Left,Back,Centre,Right,81
<_io.BytesIO object at 0x000001E8C3A83F40>,2048278128,2.2074611570936918e-35,8.345839550920857e+33,2.7381818294525146,2.8135425423242736e-15,5.23558372603786e+23,5.3331752347673955e-09,3.251236233200199e-25,2.0605113008971408e-40,0,1075051,27,4,False,Left,Back,Centre,Right,81
<_io.BytesIO object at 0x000001E8C3A83EF0>,76,1.401298464324817e-45,0.5425087809562683,0.0888710618019104,0.25054123997688293,-0.4337424039840698,-0.32462409138679504,-0.7243730425834656,0.4263453781604767,0,1075051,27,4,False,Left,Back,Centre,Right,81
<_io.BytesIO object at 0x000001E8C3A838B0>,0,2.802596928649634e-45,0.5612321496009827,0.10535306483507156,0.1553199291229248,0.13960330188274384,-0.24718455970287323,-0.5939369797706604,0.7527613043785095,0,1075051,27,4,False,Left,Back,Centre,Right,81
<_io.BytesIO object at 0x000001E8C3A83040>,0,0.0,0.0,0.0,0.0,8.407790785948902e-45,2.1860256043467146e-43,1.627047646927545e-41,0.3033417761325836,13624,1075051,27,4,False,Left,Back,Centre,Right,81
<_io.BytesIO object at 0x000001E8C3A83770>,1917500166,-439234359984128.0,1.674614723299051e-39,0.00045907660387456417,1.6271877767739776e-41,0.2971777617931366,0.010528042912483215,0.005991027224808931,0.009541843086481094,18,1075051,27,4,False,Left,Back,Centre,Right,81
<_io.BytesIO object at 0x000001E8C3A6CA90>,1050366269,-0.0020630531944334507,-0.07648979872465134,0.29718202352523804,0.01052288431674242,0.005985816940665245,0.25689971446990967,0.006416264455765486,-0.07010252773761749,-23029,1075052,27,4,False,Left,Back,Centre,Right,81
<_io.BytesIO object at 0x000001E8C3A6C220>,1636187760,-32579682304.0,7.412848090182861e+33,44357251072.0,8.46855971413158e-27,-842693.0,-9.596372762533922e+30,1.454074396939345e+20,2.0605113008971408e-40,0,1075052,27,4,False,Left,Back,Centre,Right,81
<_io.BytesIO object at 0x000001E8C3A6CCC0>,76,1.401298464324817e-45,0.5425087809562683,0.0888710618019104,0.25054123997688293,-0.4337424039840698,-0.32462409138679504,-0.7243730425834656,0.4263453781604767,0,1075052,27,4,False,Left,Back,Centre,Right,81
<_io.BytesIO object at 0x000001E8C3A6C7C0>,0,2.802596928649634e-45,0.5612321496009827,0.10535306483507156,0.1553199291229248,0.13960330188274384,-0.24718455970287323,-0.5939369797706604,0.7527613043785095,0,1075052,27,4,False,Left,Back,Centre,Right,81
<_io.BytesIO object at 0x000001E8C3A6CCC0>,0,0.0,0.0,0.0,0.0,8.407790785948902e-45,2.1860256043467146e-43,1.627047646927545e-41,0.3033541738986969,13386,1075052,27,4,False,Left,Back,Centre,Right,81
<_io.BytesIO object at 0x000001E8C3A6CA90>,2796534535,-0.06146012246608734,1.674614723299051e-39,0.00034789027995429933,1.6271877767739776e-41,0.29718202352523804,0.01052288431674242,0.005985816940665245,0.009541322477161884,18,1075052,27,4,False,Left,Back,Centre,Right,81
<_io.BytesIO object at 0x000001E8C3A837C0>,1050365415,-0.0020489669404923916,-0.0765020102262497,0.29717233777046204,0.01052834652364254,0.005971238948404789,0.25687482953071594,0.0063940673135221004,-0.07012593001127243,-14929,1075053,27,4,False,Left,Back,Centre,Right,81
<_io.BytesIO object at 0x000001E8C3A83F40>,3518119536,8.704701718983301e+30,1.40955306725743e+34,-1.371000097634778e-27,-4.5744880869451586e+23,9.282565770263318e-06,1.5466585870388947e-18,1.6658652199034041e-31,2.0605113008971408e-40,0,1075053,27,4,False,Left,Back,Centre,Right,81
<_io.BytesIO object at 0x000001E8C3A836D0>,76,1.401298464324817e-45,0.5425087809562683,0.0888710618019104,0.25054123997688293,-0.4337424039840698,-0.32462409138679504,-0.7243730425834656,0.4263453781604767,0,1075053,27,4,False,Left,Back,Centre,Right,81
<_io.BytesIO object at 0x000001E8C687EE00>,0,2.802596928649634e-45,0.5612321496009827,0.10535306483507156,0.1553199291229248,0.13960330188274384,-0.24718455970287323,-0.5939369797706604,0.7527613043785095,0,1075053,27,4,False,Left,Back,Centre,Right,81
<_io.BytesIO object at 0x000001E8C687EB30>,0,0.0,0.0,0.0,0.0,8.407790785948902e-45,2.1860256043467146e-43,1.627047646927545e-41,0.3033287227153778,18422,1075053,27,4,False,Left,Back,Centre,Right,81
<_io.BytesIO object at 0x000001E8C687EF40>,2903948038,-4.0858338202873036e-18,1.674614723299051e-39,0.0003420822031330317,1.6271877767739776e-41,0.29717233777046204,0.01052834652364254,0.005971238948404789,0.009540802799165249,18,1075053,27,4,False,Left,Back,Centre,Right,81
<_io.BytesIO object at 0x000001E8C3A93220>,1050364651,-0.0020449587609618902,-0.07651486992835999,0.29716256260871887,0.010518969967961311,0.005972190294414759,0.25685811042785645,0.006394511554390192,-0.07009541988372803,-14223,1075054,27,4,False,Left,Back,Centre,Right,81
<_io.BytesIO object at 0x000001E8C3A930E0>,1074085488,-1.1940000173279607e-30,6.868791064219683e+31,-1.9759060867124454e-31,1.8294513725457673e-17,-3.1005683385891027e-16,8.919295546998394e-33,-0.02932637184858322,2.0604972879124975e-40,0,1075054,27,4,False,Left,Back,Centre,Right,81
<_io.BytesIO object at 0x000001E8C3A96D60>,76,1.401298464324817e-45,0.5425087809562683,0.0888710618019104,0.25054123997688293,-0.4337424039840698,-0.32462409138679504,-0.7243730425834656,0.4263453781604767,0,1075054,27,4,False,Left,Back,Centre,Right,81
<_io.BytesIO object at 0x000001E8C3A96A40>,0,2.802596928649634e-45,0.5612321496009827,0.10535306483507156,0.1553199291229248,0.13960330188274384,-0.24718455970287323,-0.5939369797706604,0.7527613043785095,0,1075054,27,4,False,Left,Back,Centre,Right,81
<_io.BytesIO object at 0x000001E8C3A96270>,0,0.0,0.0,0.0,0.0,8.407790785948902e-45,2.1860256043467146e-43,1.627047646927545e-41,0.3033059537410736,1207,1075054,27,4,False,Left,Back,Centre,Right,81
<_io.BytesIO object at 0x000001E8C3A96E50>,3017063174,-5.13803988969614e-34,1.674614723299051e-39,0.0003354925138410181,1.6271877767739776e-41,0.29716256260871887,0.010518969967961311,0.005972190294414759,0.009540284983813763,18,1075054,27,4,False,Left,Back,Centre,Right,81
<_io.BytesIO object at 0x000001E8C3A9FA90>,1050363970,-0.0020404073875397444,-0.07652182877063751,0.2971508502960205,0.010531674139201641,0.00597402174025774,0.2568289339542389,0.0063802823424339294,-0.07008782774209976,-14057,1075055,27,4,False,Left,Back,Centre,Right,81
<_io.BytesIO object at 0x000001E8C3A9FCC0>,1732656752,-8.171500550090872e-18,2.186111288825783e+30,-2.6367731892598106e-34,-104858833125376.0,-6.968567998479864e+34,-81.12326049804688,7994061824.0,2.0604972879124975e-40,0,1075055,27,4,False,Left,Back,Centre,Right,81
<_io.BytesIO object at 0x000001E8C3A9F090>,76,1.401298464324817e-45,0.5425087809562683,0.0888710618019104,0.25054123997688293,-0.4337424039840698,-0.32462409138679504,-0.7243730425834656,0.4263453781604767,0,1075055,27,4,False,Left,Back,Centre,Right,81
<_io.BytesIO object at 0x000001E8C3A9FB80>,0,2.802596928649634e-45,0.5612321496009827,0.10535306483507156,0.1553199291229248,0.13960330188274384,-0.24718455970287323,-0.5939369797706604,0.7527613043785095,0,1075055,27,4,False,Left,Back,Centre,Right,81
<_io.BytesIO object at 0x000001E8C3A9FE00>,0,0.0,0.0,0.0,0.0,8.407790785948902e-45,2.1860256043467146e-43,1.627047646927545e-41,0.3032856583595276,-18341,1075055,27,4,False,Left,Back,Centre,Right,81
<_io.BytesIO object at 0x000001E8C3A9F040>,3078273797,8.887661364770814e+27,1.674614723299051e-39,0.0003387212927918881,1.6271877767739776e-41,0.2971508502960205,0.010531674139201641,0.00597402174025774,0.009539768099784851,18,1075055,27,4,False,Left,Back,Centre,Right,81
<_io.BytesIO object at 0x000001E8C3A97400>,1050363310,-0.0020331833511590958,-0.07651717960834503,0.29714107513427734,0.01055828481912613,0.005978659726679325,0.25681573152542114,0.006382387597113848,-0.07007654756307602,-14224,1075056,27,4,False,Left,Back,Centre,Right,81
<_io.BytesIO object at 0x000001E8C3A971D0>,1887452784,-7.536872514979365e-11,4.024558155111e+32,-6.612589284054086e-15,-5.368772256019251e+16,16289711104.0,-1986392621056.0,5.759531834499545e-33,2.0604972879124975e-40,0,1075056,27,4,False,Left,Back,Centre,Right,81
<_io.BytesIO object at 0x000001E8C3A97220>,76,1.401298464324817e-45,0.5425087809562683,0.0888710618019104,0.25054123997688293,-0.4337424039840698,-0.32462409138679504,-0.7243730425834656,0.4263453781604767,0,1075056,27,4,False,Left,Back,Centre,Right,81
<_io.BytesIO object at 0x000001E8C3A97A40>,0,2.802596928649634e-45,0.5612321496009827,0.10535306483507156,0.1553199291229248,0.13960330188274384,-0.24718455970287323,-0.5939369797706604,0.7527613043785095,0,1075056,27,4,False,Left,Back,Centre,Right,81
<_io.BytesIO object at 0x000001E8C3A97220>,0,0.0,0.0,0.0,0.0,8.407790785948902e-45,2.1860256043467146e-43,1.627047646927545e-41,0.3032659888267517,16168,1075056,27,4,False,Left,Back,Centre,Right,81
<_io.BytesIO object at 0x000001E8C3A97400>,3037379333,4135893073920.0,1.674614723299051e-39,0.0003417764091864228,1.6271877767739776e-41,0.29714107513427734,0.01055828481912613,0.005978659726679325,0.009539253078401089,18,1075056,27,4,False,Left,Back,Centre,Right,81
<_io.BytesIO object at 0x000001E8C3A9F950>,1050363060,-0.0020300881005823612,-0.07650724053382874,0.29713761806488037,0.010581285692751408,0.0059923348017036915,0.2568114399909973,0.006361694075167179,-0.07006543129682541,-12736,1075057,27,4,False,Left,Back,Centre,Right,81
<_io.BytesIO object at 0x000001E8C3A9F2C0>,3323543152,-70021732630528.0,7.397566392560638e+30,-1.4178793605879036e-07,9.642514933964686e-26,-6.34868812252401e-15,7207.88916015625,-1.1743494538420563e-15,2.0604832749278543e-40,0,1075057,27,4,False,Left,Back,Centre,Right,81
<_io.BytesIO object at 0x000001E8C3A9F360>,76,1.401298464324817e-45,0.5425087809562683,0.0888710618019104,0.25054123997688293,-0.4337424039840698,-0.32462409138679504,-0.7243730425834656,0.4263453781604767,0,1075057,27,4,False,Left,Back,Centre,Right,81
<_io.BytesIO object at 0x000001E8C3A9F590>,0,2.802596928649634e-45,0.5612321496009827,0.10535306483507156,0.1553199291229248,0.13960330188274384,-0.24718455970287323,-0.5939369797706604,0.7527613043785095,0,1075057,27,4,False,Left,Back,Centre,Right,81
<_io.BytesIO object at 0x000001E8C3A609A0>,0,0.0,0.0,0.0,0.0,8.407790785948902e-45,2.1860256043467146e-43,1.627047646927545e-41,0.3032585382461548,2874,1075057,27,4,False,Left,Back,Centre,Right,81
<_io.BytesIO object at 0x000001E8C3A60D10>,2949954309,0.0012950184755027294,1.674614723299051e-39,0.0003383541479706764,1.6271877767739776e-41,0.29713761806488037,0.010581285692751408,0.0059923348017036915,0.009538832120597363,18,1075057,27,4,False,Left,Back,Centre,Right,81
<_io.BytesIO object at 0x000001E8C3A96D60>,1050362838,-0.002037190832197666,-0.07650399953126907,0.2971224784851074,0.010587911121547222,0.0060273450799286366,0.25680825114250183,0.006344330497086048,-0.07004810869693756,-11402,1075058,27,4,False,Left,Back,Centre,Right,81
<_io.BytesIO object at 0x000001E8C3A93900>,339885680,-8.801139393886962e+29,2.5953983536604856e+32,-1.339636100820512e+21,-4.948650386578831e+25,-1.0163173979009416e+36,-1124323.625,24350.921875,2.0604832749278543e-40,0,1075058,27,4,False,Left,Back,Centre,Right,81
<_io.BytesIO object at 0x000001E8C3A93B80>,76,1.401298464324817e-45,0.5425087809562683,0.0888710618019104,0.25054123997688293,-0.4337424039840698,-0.32462409138679504,-0.7243730425834656,0.4263453781604767,0,1075058,27,4,False,Left,Back,Centre,Right,81
<_io.BytesIO object at 0x000001E8C3A932C0>,0,2.802596928649634e-45,0.5612321496009827,0.10535306483507156,0.1553199291229248,0.13960330188274384,-0.24718455970287323,-0.5939369797706604,0.7527613043785095,0,1075058,27,4,False,Left,Back,Centre,Right,81
<_io.BytesIO object at 0x000001E8C3A93450>,0,0.0,0.0,0.0,0.0,8.407790785948902e-45,2.1860256043467146e-43,1.627047646927545e-41,0.3032519221305847,-32156,1075058,27,4,False,Left,Back,Centre,Right,81
<_io.BytesIO object at 0x000001E8C3A93770>,2921446149,4.937885685908269e-19,1.674614723299051e-39,0.0003429369244258851,1.6271877767739776e-41,0.2971224784851074,0.010587911121547222,0.0060273450799286366,0.00953831896185875,18,1075058,27,4,False,Left,Back,Centre,Right,81
<_io.BytesIO object at 0x000001E8C3AFE220>,1050362933,-0.002061083447188139,-0.07649156451225281,0.2971241772174835,0.010584697127342224,0.006039154250174761,0.2568108141422272,0.006321664899587631,-0.0700305923819542,-9420,1075059,27,4,False,Left,Back,Centre,Right,81
<_io.BytesIO object at 0x000001E8C3AFE360>,1240022640,-2.058123414729407e+37,2.6896508044757566e+31,-1386164096.0,-1.2314642263870737e+35,10317022208.0,-7.11866407094145e-35,-4.928288106775066e+28,2.060469261943211e-40,0,1075059,27,4,False,Left,Back,Centre,Right,81
<_io.BytesIO object at 0x000001E8C3AFE770>,76,1.401298464324817e-45,0.5425087809562683,0.0888710618019104,0.25054123997688293,-0.4337424039840698,-0.32462409138679504,-0.7243730425834656,0.4263453781604767,0,1075059,27,4,False,Left,Back,Centre,Right,81
<_io.BytesIO object at 0x000001E8C3AFEE50>,0,2.802596928649634e-45,0.5612321496009827,0.10535306483507156,0.1553199291229248,0.13960330188274384,-0.24718455970287323,-0.5939369797706604,0.7527613043785095,0,1075059,27,4,False,Left,Back,Centre,Right,81
<_io.BytesIO object at 0x000001E8C3AFEA40>,0,0.0,0.0,0.0,0.0,8.407790785948902e-45,2.1860256043467146e-43,1.627047646927545e-41,0.30325475335121155,4926,1075059,27,4,False,Left,Back,Centre,Right,81
<_io.BytesIO object at 0x000001E8C3AFE040>,2812066567,2.2380007356565137e-34,1.674614723299051e-39,0.0003441782610025257,1.6271877767739776e-41,0.2971241772174835,0.010584697127342224,0.006039154250174761,0.009537890553474426,18,1075059,27,4,False,Left,Back,Centre,Right,81
<_io.BytesIO object at 0x000001E8C3A6CEA0>,1050363166,-0.002068204339593649,-0.07648303359746933,0.2971420884132385,0.010614835657179356,0.006022879853844643,0.2568216621875763,0.00630904920399189,-0.07000879943370819,-8406,1075060,27,4,False,Left,Back,Centre,Right,81
<_io.BytesIO object at 0x000001E8C3A6C450>,2675195504,-1.2188272750449267e+36,1.2612658471043626e+33,-309760851968.0,4.0164477617754676e-21,-8.337136590905875e-14,1.4072391558691502e+25,-9.965426117989923e-21,2.060469261943211e-40,0,1075060,27,4,False,Left,Back,Centre,Right,81
<_io.BytesIO object at 0x000001E8C3A6C7C0>,76,1.401298464324817e-45,0.5425087809562683,0.0888710618019104,0.25054123997688293,-0.4337424039840698,-0.32462409138679504,-0.7243730425834656,0.4263453781604767,0,1075060,27,4,False,Left,Back,Centre,Right,81
<_io.BytesIO object at 0x000001E8C3A6CA90>,0,2.802596928649634e-45,0.5612321496009827,0.10535306483507156,0.1553199291229248,0.13960330188274384,-0.24718455970287323,-0.5939369797706604,0.7527613043785095,0,1075060,27,4,False,Left,Back,Centre,Right,81
<_io.BytesIO object at 0x000001E8C3A6C7C0>,0,0.0,0.0,0.0,0.0,8.407790785948902e-45,2.1860256043467146e-43,1.627047646927545e-41,0.3032616972923279,-30026,1075060,27,4,False,Left,Back,Centre,Right,81
<_io.BytesIO object at 0x000001E8C3A6CEA0>,2737027847,-1.3674646349408806e+28,1.6746133220005867e-39,0.0003416475374251604,1.6271877767739776e-41,0.2971420884132385,0.010614835657179356,0.006022879853844643,0.009537474252283573,18,1075060,27,4,False,Left,Back,Centre,Right,81
<_io.BytesIO object at 0x000001E8C3A83450>,1050363701,-0.002088360022753477,-0.07646285742521286,0.2971477210521698,0.010634846054017544,0.006034187972545624,0.2568310499191284,0.006276561878621578,-0.07000305503606796,-7892,1075061,27,4,False,Left,Back,Centre,Right,81
<_io.BytesIO object at 0x000001E8C3A83DB0>,53493360,-4.8673348225287335e+30,2.1270247069375176e+33,-2.077294407154385e-19,-1.7636821040178884e+24,-8.999111574949779e+29,9.603573304165473e+27,1.0971277742854405e-20,2.060469261943211e-40,0,1075061,27,4,False,Left,Back,Centre,Right,81
<_io.BytesIO object at 0x000001E8C3A83CC0>,76,1.401298464324817e-45,0.5425087809562683,0.0888710618019104,0.25054123997688293,-0.4337424039840698,-0.32462409138679504,-0.7243730425834656,0.4263453781604767,0,1075061,27,4,False,Left,Back,Centre,Right,81
<_io.BytesIO object at 0x000001E8C3A830E0>,0,2.802596928649634e-45,0.5612321496009827,0.10535306483507156,0.1553199291229248,0.13960330188274384,-0.24718455970287323,-0.5939369797706604,0.7527613043785095,0,1075061,27,4,False,Left,Back,Centre,Right,81
<_io.BytesIO object at 0x000001E8C687EF90>,0,0.0,0.0,0.0,0.0,8.407790785948902e-45,2.1860256043467146e-43,1.627047646927545e-41,0.3032776415348053,-8994,1075061,27,4,False,Left,Back,Centre,Right,81
<_io.BytesIO object at 0x000001E8C687EEF0>,2559556360,-7962548502528.0,1.6746133220005867e-39,0.00033626885851845145,1.6271877767739776e-41,0.2971477210521698,0.010634846054017544,0.006034187972545624,0.009536964818835258,18,1075061,27,4,False,Left,Back,Centre,Right,81
<_io.BytesIO object at 0x000001E8C3A96BD0>,1050364686,-0.0021182589698582888,-0.07646074146032333,0.2971418499946594,0.010641639120876789,0.006051092408597469,0.25685134530067444,0.006255526561290026,-0.06997469067573547,-17487,1075062,27,4,False,Left,Back,Centre,Right,81
<_io.BytesIO object at 0x000001E8C3A964A0>,3647487600,5.198201438662785e-28,2.1903811968802027e+35,-3.2115084896977564e-11,-6.899545581559222e-36,7735.5390625,-4.056402847183766e-21,-4.3563655287293113e-13,2.0604552489585678e-40,0,1075062,27,4,False,Left,Back,Centre,Right,81
<_io.BytesIO object at 0x000001E8C3A92B30>,76,1.401298464324817e-45,0.5425087809562683,0.0888710618019104,0.25054123997688293,-0.4337424039840698,-0.32462409138679504,-0.7243730425834656,0.4263453781604767,0,1075062,27,4,False,Left,Back,Centre,Right,81
<_io.BytesIO object at 0x000001E8C3A927C0>,0,2.802596928649634e-45,0.5612321496009827,0.10535306483507156,0.1553199291229248,0.13960330188274384,-0.24718455970287323,-0.5939369797706604,0.7527613043785095,0,1075062,27,4,False,Left,Back,Centre,Right,81
<_io.BytesIO object at 0x000001E8C3A92860>,0,0.0,0.0,0.0,0.0,8.407790785948902e-45,2.1860256043467146e-43,1.627047646927545e-41,0.3033069968223572,-11651,1075062,27,4,False,Left,Back,Centre,Right,81
<_io.BytesIO object at 0x000001E8C3A924F0>,2540944138,-0.014022257179021835,1.6746133220005867e-39,0.000342895626090467,1.6271877767739776e-41,0.2971418499946594,0.010641639120876789,0.006051092408597469,0.009536456316709518,18,1075062,27,4,False,Left,Back,Centre,Right,81
<_io.BytesIO object at 0x000001E8C3A607C0>,1050365599,-0.0021438165567815304,-0.07646804302930832,0.29715773463249207,0.010634303092956543,0.0060549709014594555,0.2568624019622803,0.006230746395885944,-0.06996016949415207,-19495,1075063,27,4,False,Left,Back,Centre,Right,81
<_io.BytesIO object at 0x000001E8C3A60A90>,3192405616,-98681.640625,1.8528817030050326e+35,-3.547664868529482e-24,1.9041961431503296,-1.9385120447139177e-28,-797951936.0,150898709889024.0,2.0604552489585678e-40,0,1075063,27,4,False,Left,Back,Centre,Right,81
<_io.BytesIO object at 0x000001E8C3A604A0>,76,1.401298464324817e-45,0.5425087809562683,0.0888710618019104,0.25054123997688293,-0.4337424039840698,-0.32462409138679504,-0.7243730425834656,0.4263453781604767,0,1075063,27,4,False,Left,Back,Centre,Right,81
<_io.BytesIO object at 0x000001E8C3A60C70>,0,2.802596928649634e-45,0.5612321496009827,0.10535306483507156,0.1553199291229248,0.13960330188274384,-0.24718455970287323,-0.5939369797706604,0.7527613043785095,0,1075063,27,4,False,Left,Back,Centre,Right,81
<_io.BytesIO object at 0x000001E8C3A60040>,0,0.0,0.0,0.0,0.0,8.407790785948902e-45,2.1860256043467146e-43,1.627047646927545e-41,0.30333420634269714,32582,1075063,27,4,False,Left,Back,Centre,Right,81
<_io.BytesIO object at 0x000001E8C3A60540>,2605169420,-2.751061765774991e-17,1.6746133220005867e-39,0.0003448877832852304,1.6271877767739776e-41,0.29715773463249207,0.010634303092956543,0.0060549709014594555,0.009535949677228928,18,1075063,27,4,False,Left,Back,Centre,Right,81
<_io.BytesIO object at 0x000001E8C3A619A0>,1050365661,-0.0021508929785341024,-0.07644224911928177,0.29715603590011597,0.010648179799318314,0.006073476281017065,0.256841242313385,0.006147284526377916,-0.06993511319160461,-23171,1075064,27,4,False,Left,Back,Centre,Right,81
<_io.BytesIO object at 0x000001E8C3A61BD0>,2314878576,1.335355565256299e+37,2.188919730426016e+37,-2.2945743520839344e-26,-1.6108275889526355e-22,-1255515577384960.0,1.370870987559954e+19,-4.413048078137816e+29,2.0604412359739245e-40,0,1075064,27,4,False,Left,Back,Centre,Right,81
<_io.BytesIO object at 0x000001E8C3A61E00>,76,1.401298464324817e-45,0.5425087809562683,0.0888710618019104,0.25054123997688293,-0.4337424039840698,-0.32462409138679504,-0.7243730425834656,0.4263453781604767,0,1075064,27,4,False,Left,Back,Centre,Right,81
<_io.BytesIO object at 0x000001E8C3A61F90>,0,2.802596928649634e-45,0.5612321496009827,0.10535306483507156,0.1553199291229248,0.13960330188274384,-0.24718455970287323,-0.5939369797706604,0.7527613043785095,0,1075064,27,4,False,Left,Back,Centre,Right,81
<_io.BytesIO object at 0x000001E8C3A61E00>,0,0.0,0.0,0.0,0.0,8.407790785948902e-45,2.1860256043467146e-43,1.627047646927545e-41,0.3033360540866852,-2561,1075064,27,4,False,Left,Back,Centre,Right,81
<_io.BytesIO object at 0x000001E8C3A61CC0>,2378283788,-3.7698280155023384e-32,1.6746133220005867e-39,0.00034317118115723133,1.6271877767739776e-41,0.29715603590011597,0.010648179799318314,0.006073476281017065,0.009535443969070911,18,1075064,27,4,False,Left,Back,Centre,Right,81
<_io.BytesIO object at 0x000001E8C3A60E00>,1050365926,-0.002148127183318138,-0.07642047107219696,0.29715633392333984,0.010662303306162357,0.006088040303438902,0.2568381726741791,0.006115172058343887,-0.069912850856781,-24907,1075065,27,4,False,Left,Back,Centre,Right,81
<_io.BytesIO object at 0x000001E8C3A60450>,962477680,68473.640625,-8.149556702346196e-39,-2.928135155958364e-21,4257002240.0,2.325841647114098e-21,-5.878406227566302e-06,-1.779585307186654e-26,2.0604412359739245e-40,0,1075065,27,4,False,Left,Back,Centre,Right,81
<_io.BytesIO object at 0x000001E8C3A60810>,76,1.401298464324817e-45,0.5425087809562683,0.0888710618019104,0.25054123997688293,-0.4337424039840698,-0.32462409138679504,-0.7243730425834656,0.4263453781604767,0,1075065,27,4,False,Left,Back,Centre,Right,81
<_io.BytesIO object at 0x000001E8C3A60590>,0,2.802596928649634e-45,0.5612321496009827,0.10535306483507156,0.1553199291229248,0.13960330188274384,-0.24718455970287323,-0.5939369797706604,0.7527613043785095,0,1075065,27,4,False,Left,Back,Centre,Right,81
<_io.BytesIO object at 0x000001E8C3A60EF0>,0,0.0,0.0,0.0,0.0,8.407790785948902e-45,2.1860256043467146e-43,1.627047646927545e-41,0.3033439517021179,-14440,1075065,27,4,False,Left,Back,Centre,Right,81
<_io.BytesIO object at 0x000001E8C3B19810>,2186722060,6.446821793297458e+30,1.6746133220005867e-39,0.00033847297891043127,1.6271877767739776e-41,0.29715633392333984,0.010662303306162357,0.006088040303438902,0.00953502394258976,18,1075065,27,4,False,Left,Back,Centre,Right,81
<_io.BytesIO object at 0x000001E8C3A92CC0>,1050365985,-0.0021621936466544867,-0.0764080360531807,0.29715684056282043,0.010658307000994682,0.006093836389482021,0.2568436563014984,0.006096055265516043,-0.06989096105098724,-24525,1075066,27,4,False,Left,Back,Centre,Right,81
<_io.BytesIO object at 0x000001E8C3A96D60>,1805729392,0.0007466796087101102,1.4271975104211464e+38,-2.84337016154268e-08,5.688595318163513e+22,1.0044126766563328e+16,-7.9490925955352235e-22,1.2281376341794804e-14,2.0604412359739245e-40,0,1075066,27,4,False,Left,Back,Centre,Right,81
<_io.BytesIO object at 0x000001E8C3A96630>,76,1.401298464324817e-45,0.5425087809562683,0.0888710618019104,0.25054123997688293,-0.4337424039840698,-0.32462409138679504,-0.7243730425834656,0.4263453781604767,0,1075066,27,4,False,Left,Back,Centre,Right,81
<_io.BytesIO object at 0x000001E8C3A96F40>,0,2.802596928649634e-45,0.5612321496009827,0.10535306483507156,0.1553199291229248,0.13960330188274384,-0.24718455970287323,-0.5939369797706604,0.7527613043785095,0,1075066,27,4,False,Left,Back,Centre,Right,81
<_io.BytesIO object at 0x000001E8C3A96C20>,0,0.0,0.0,0.0,0.0,8.407790785948902e-45,2.1860256043467146e-43,1.627047646927545e-41,0.3033457100391388,-19561,1075066,27,4,False,Left,Back,Centre,Right,81
<_io.BytesIO object at 0x000001E8C3A96B80>,2077342477,5.537757314783642e+16,1.6746133220005867e-39,0.0003435104445088655,1.6271877767739776e-41,0.29715684056282043,0.010658307000994682,0.006093836389482021,0.009534521028399467,18,1075066,27,4,False,Left,Back,Centre,Right,81
<_io.BytesIO object at 0x000001E8C3AFE130>,1050365753,-0.0021685471292585135,-0.07640934735536575,0.2971561849117279,0.010642356239259243,0.006090639624744654,0.25683000683784485,0.006079588085412979,-0.06987264752388,-24882,1075067,27,4,False,Left,Back,Centre,Right,81
<_io.BytesIO object at 0x000001E8C3AFEB30>,2649505392,7.887839501563576e-07,1.8665353299356034e+36,-5.75216643996959e-15,539595.1875,-3.702431799214327e-29,15311.78125,-2.3877862531662686e-06,2.0604272229892813e-40,0,1075067,27,4,False,Left,Back,Centre,Right,81
<_io.BytesIO object at 0x000001E8C3AFE6D0>,76,1.401298464324817e-45,0.5425087809562683,0.0888710618019104,0.25054123997688293,-0.4337424039840698,-0.32462409138679504,-0.7243730425834656,0.4263453781604767,0,1075067,27,4,False,Left,Back,Centre,Right,81
<_io.BytesIO object at 0x000001E8C3AFE2C0>,0,2.802596928649634e-45,0.5612321496009827,0.10535306483507156,0.1553199291229248,0.13960330188274384,-0.24718455970287323,-0.5939369797706604,0.7527613043785095,0,1075067,27,4,False,Left,Back,Centre,Right,81
<_io.BytesIO object at 0x000001E8C3AFED10>,0,0.0,0.0,0.0,0.0,8.407790785948902e-45,2.1860256043467146e-43,1.627047646927545e-41,0.30333879590034485,7727,1075067,27,4,False,Left,Back,Centre,Right,81
<_io.BytesIO object at 0x000001E8C3AFE450>,2088876814,208.74066162109375,1.6746133220005867e-39,0.00034318509278818965,1.6271877767739776e-41,0.2971561849117279,0.010642356239259243,0.006090639624744654,0.009534019976854324,18,1075067,27,4,False,Left,Back,Centre,Right,81
<_io.BytesIO object at 0x000001E8C3A6C130>,1050365258,-0.002197594614699483,-0.07643501460552216,0.2971486747264862,0.010650780983269215,0.006072662770748138,0.25682497024536133,0.005990957375615835,-0.06986559927463531,-24041,1075068,27,4,False,Left,Back,Centre,Right,81
<_io.BytesIO object at 0x000001E8C3A6C950>,650264176,7272506880.0,3.1692253773173913e+37,-9295.5927734375,2.8287870485403372e-21,-9288786.0,1.1041556717827916e-05,800.966552734375,2.0604272229892813e-40,0,1075068,27,4,False,Left,Back,Centre,Right,81
<_io.BytesIO object at 0x000001E8C3A6C450>,76,1.401298464324817e-45,0.5425087809562683,0.0888710618019104,0.25054123997688293,-0.4337424039840698,-0.32462409138679504,-0.7243730425834656,0.4263453781604767,0,1075068,27,4,False,Left,Back,Centre,Right,81
<_io.BytesIO object at 0x000001E8C3A6CF90>,0,2.802596928649634e-45,0.5612321496009827,0.10535306483507156,0.1553199291229248,0.13960330188274384,-0.24718455970287323,-0.5939369797706604,0.7527613043785095,0,1075068,27,4,False,Left,Back,Centre,Right,81
<_io.BytesIO object at 0x000001E8C3A6C450>,0,0.0,0.0,0.0,0.0,8.407790785948902e-45,2.1860256043467146e-43,1.627047646927545e-41,0.30332404375076294,1413,1075068,27,4,False,Left,Back,Centre,Right,81
<_io.BytesIO object at 0x000001E8C3A6CB80>,2314648336,2.312683898553214e-12,1.6746133220005867e-39,0.0003413380472920835,1.6271877767739776e-41,0.2971486747264862,0.010650780983269215,0.006072662770748138,0.009533519856631756,18,1075068,27,4,False,Left,Back,Centre,Right,81
<_io.BytesIO object at 0x000001E8C3AFED60>,1050364950,-0.002218370558694005,-0.07644206285476685,0.29715001583099365,0.010661781765520573,0.006055111531168222,0.2568154036998749,0.005964355077594519,-0.06986210495233536,-21231,1075069,27,4,False,Left,Back,Centre,Right,81
<_io.BytesIO object at 0x000001E8C3AFEA90>,598031984,-1.193414908435832e-25,5.347684201460204e+36,-6.541191898537656e+17,-6.083873753642076e-35,3.2662249601779476e-26,-1.5628360827690813e-08,-0.0035589851904660463,2.060413210004638e-40,0,1075069,27,4,False,Left,Back,Centre,Right,81
<_io.BytesIO object at 0x000001E8C3AFEEA0>,76,1.401298464324817e-45,0.5425087809562683,0.0888710618019104,0.25054123997688293,-0.4337424039840698,-0.32462409138679504,-0.7243730425834656,0.4263453781604767,0,1075069,27,4,False,Left,Back,Centre,Right,81
<_io.BytesIO object at 0x000001E8C3AFEE50>,0,2.802596928649634e-45,0.5612321496009827,0.10535306483507156,0.1553199291229248,0.13960330188274384,-0.24718455970287323,-0.5939369797706604,0.7527613043785095,0,1075069,27,4,False,Left,Back,Centre,Right,81
<_io.BytesIO object at 0x000001E8C687ECC0>,0,0.0,0.0,0.0,0.0,8.407790785948902e-45,2.1860256043467146e-43,1.627047646927545e-41,0.30331486463546753,25109,1075069,27,4,False,Left,Back,Centre,Right,81
<_io.BytesIO object at 0x000001E8C687EDB0>,2376645393,2.8422350266321953e-26,1.6746133220005867e-39,0.0003464608744252473,1.6271877767739776e-41,0.29715001583099365,0.010661781765520573,0.006055111531168222,0.009533021599054337,18,1075069,27,4,False,Left,Back,Centre,Right,81
<_io.BytesIO object at 0x000001E8C3A96F40>,1050364637,-0.0022561652585864067,-0.07644549012184143,0.2971341013908386,0.0106736458837986,0.006047757808119059,0.25681373476982117,0.0059359511360526085,-0.06985288113355637,-19109,1075070,27,4,False,Left,Back,Centre,Right,81
<_io.BytesIO object at 0x000001E8C3A96040>,3080076912,-6.86623424783761e-10,5.27506835800685e+37,1.4500852203825312e-23,8.801390605911452e-13,10988112896.0,-1.0147896224030274e-15,4.832114799769638e+33,2.060413210004638e-40,0,1075070,27,4,False,Left,Back,Centre,Right,81
<_io.BytesIO object at 0x000001E8C3A92A90>,76,1.401298464324817e-45,0.5425087809562683,0.0888710618019104,0.25054123997688293,-0.4337424039840698,-0.32462409138679504,-0.7243730425834656,0.4263453781604767,0,1075070,27,4,False,Left,Back,Centre,Right,81
<_io.BytesIO object at 0x000001E8C3A92D10>,0,2.802596928649634e-45,0.5612321496009827,0.10535306483507156,0.1553199291229248,0.13960330188274384,-0.24718455970287323,-0.5939369797706604,0.7527613043785095,0,1075070,27,4,False,Left,Back,Centre,Right,81
<_io.BytesIO object at 0x000001E8C3A927C0>,0,0.0,0.0,0.0,0.0,8.407790785948902e-45,2.1860256043467146e-43,1.627047646927545e-41,0.3033055365085602,-9172,1075070,27,4,False,Left,Back,Centre,Right,81
<_io.BytesIO object at 0x000001E8C3A92860>,2406791955,-1.7258418955602427e+37,1.6746119207021224e-39,0.00035144956200383604,1.6271877767739776e-41,0.2971341013908386,0.0106736458837986,0.006047757808119059,0.009532369673252106,18,1075070,27,4,False,Left,Back,Centre,Right,81
<_io.BytesIO object at 0x000001E8C683EA40>,1050364082,-0.0023024450056254864,-0.07646292448043823,0.29713353514671326,0.010666554793715477,0.006026604678481817,0.25680452585220337,0.005903602112084627,-0.06984683871269226,-17793,1075071,27,4,False,Left,Back,Centre,Right,81
<_io.BytesIO object at 0x000001E8C683E400>,1527594608,-1.9335937612631245e+17,3.653840437424717e+35,-9.108243686138839e+17,-8.870109372482657e-14,-2.6652641187934956e-36,41221252.0,-1.4132942594002884e-09,2.0603991970199948e-40,0,1075071,27,4,False,Left,Back,Centre,Right,81
<_io.BytesIO object at 0x000001E8C683E950>,76,1.401298464324817e-45,0.5425087809562683,0.0888710618019104,0.25054123997688293,-0.4337424039840698,-0.32462409138679504,-0.7243730425834656,0.4263453781604767,0,1075071,27,4,False,Left,Back,Centre,Right,81
<_io.BytesIO object at 0x000001E8C683EBD0>,0,2.802596928649634e-45,0.5612321496009827,0.10535306483507156,0.1553199291229248,0.13960330188274384,-0.24718455970287323,-0.5939369797706604,0.7527613043785095,0,1075071,27,4,False,Left,Back,Centre,Right,81
<_io.BytesIO object at 0x000001E8C683E9A0>,0,0.0,0.0,0.0,0.0,8.407790785948902e-45,2.1860256043467146e-43,1.627047646927545e-41,0.303288996219635,-7010,1075071,27,4,False,Left,Back,Centre,Right,81
<_io.BytesIO object at 0x000001E8C683E4F0>,2560146198,-1.019680888335225e+23,1.6746119207021224e-39,0.0003457555721979588,1.6271877767739776e-41,0.29713353514671326,0.010666554793715477,0.006026604678481817,0.009531720541417599,18,1075071,27,4,False,Left,Back,Centre,Right,81
<_io.BytesIO object at 0x000001E8C3A8C9A0>,1050363712,-0.002357851481065154,-0.07646039128303528,0.2971372604370117,0.010654855519533157,0.0060119773261249065,0.2567918002605438,0.00586610147729516,-0.06983058154582977,-19330,1075072,27,4,False,Left,Back,Centre,Right,81
<_io.BytesIO object at 0x000001E8C3A8CBD0>,2154577520,-47548.83203125,1.4586512795023362e+35,3.494223760519641e-38,6.991154877233896e-11,-1862446264352768.0,-1316378247168.0,-1.2214447358499104e+36,2.0603851840353515e-40,0,1075072,27,4,False,Left,Back,Centre,Right,81
<_io.BytesIO object at 0x000001E8C3A8CE00>,76,1.401298464324817e-45,0.5425087809562683,0.0888710618019104,0.25054123997688293,-0.4337424039840698,-0.32462409138679504,-0.7243730425834656,0.4263453781604767,0,1075072,27,4,False,Left,Back,Centre,Right,81
<_io.BytesIO object at 0x000001E8C3A8CF90>,0,2.802596928649634e-45,0.5612321496009827,0.10535306483507156,0.1553199291229248,0.13960330188274384,-0.24718455970287323,-0.5939369797706604,0.7527613043785095,0,1075072,27,4,False,Left,Back,Centre,Right,81
<_io.BytesIO object at 0x000001E8C3A8CE00>,0,0.0,0.0,0.0,0.0,8.407790785948902e-45,2.1860256043467146e-43,1.627047646927545e-41,0.30327796936035156,-31185,1075072,27,4,False,Left,Back,Centre,Right,81
<_io.BytesIO object at 0x000001E8C3A8CCC0>,2537863962,-749692672.0,1.6746119207021224e-39,0.00034372429945506155,1.6271877767739776e-41,0.2971372604370117,0.010654855519533157,0.0060119773261249065,0.009531073272228241,18,1075072,27,4,False,Left,Back,Centre,Right,81
<_io.BytesIO object at 0x000001E8C683E680>,1050363723,-0.0024171217810362577,-0.07648610323667526,0.2971420884132385,0.010653505101799965,0.005998364649713039,0.25677740573883057,0.0058246273547410965,-0.0698138102889061,-24700,1075073,27,4,False,Left,Back,Centre,Right,81
<_io.BytesIO object at 0x000001E8C683EB30>,1603616368,1.482543745089751e+34,4.826915389707638e+34,-2.3179639544889403e+29,4.432817092459069e+23,5.073274926411632e-33,5.848604814673308e-06,1910878328848384.0,2.0603851840353515e-40,0,1075073,27,4,False,Left,Back,Centre,Right,81
<_io.BytesIO object at 0x000001E8C683E3B0>,76,1.401298464324817e-45,0.5425087809562683,0.0888710618019104,0.25054123997688293,-0.4337424039840698,-0.32462409138679504,-0.7243730425834656,0.4263453781604767,0,1075073,27,4,False,Left,Back,Centre,Right,81
<_io.BytesIO object at 0x000001E8C683E9F0>,0,2.802596928649634e-45,0.5612321496009827,0.10535306483507156,0.1553199291229248,0.13960330188274384,-0.24718455970287323,-0.5939369797706604,0.7527613043785095,0,1075073,27,4,False,Left,Back,Centre,Right,81
<_io.BytesIO object at 0x000001E8C3A60720>,0,0.0,0.0,0.0,0.0,8.407790785948902e-45,2.1860256043467146e-43,1.627047646927545e-41,0.3032782971858978,26771,1075073,27,4,False,Left,Back,Centre,Right,81
<_io.BytesIO object at 0x000001E8C3A60090>,2764028702,-2.20150741370162e-06,1.6746119207021224e-39,0.000350528716808185,1.6271877767739776e-41,0.2971420884132385,0.010653505101799965,0.005998364649713039,0.009530427865684032,18,1075073,27,4,False,Left,Back,Centre,Right,81
<_io.BytesIO object at 0x000001E8C3A925E0>,1050363351,-0.0024868131149560213,-0.0765063539147377,0.2971576452255249,0.010624690912663937,0.005959272850304842,0.2567714750766754,0.005800676066428423,-0.0697869136929512,-28297,1075074,27,4,False,Left,Back,Centre,Right,81
<_io.BytesIO object at 0x000001E8C3A96CC0>,1851539056,3.813535442986904e-07,3.6628541264387617e+34,4.4791456654813544e-10,1.3341270090005819e+38,1.591684341430664,5.184499026392086e-31,-4.554343881191247e-12,2.0603711710507083e-40,0,1075074,27,4,False,Left,Back,Centre,Right,81
<_io.BytesIO object at 0x000001E8C3A96B30>,76,1.401298464324817e-45,0.5425087809562683,0.0888710618019104,0.25054123997688293,-0.4337424039840698,-0.32462409138679504,-0.7243730425834656,0.4263453781604767,0,1075074,27,4,False,Left,Back,Centre,Right,81
<_io.BytesIO object at 0x000001E8C3A96450>,0,2.802596928649634e-45,0.5612321496009827,0.10535306483507156,0.1553199291229248,0.13960330188274384,-0.24718455970287323,-0.5939369797706604,0.7527613043785095,0,1075074,27,4,False,Left,Back,Centre,Right,81
<_io.BytesIO object at 0x000001E8C3A96BD0>,0,0.0,0.0,0.0,0.0,8.407790785948902e-45,2.1860256043467146e-43,1.627047646927545e-41,0.3032672107219696,-1587,1075074,27,4,False,Left,Back,Centre,Right,81
<_io.BytesIO object at 0x000001E8C3A96EF0>,2942155554,-7.450748588214702e-21,1.6746119207021224e-39,0.00034476054133847356,1.6271877767739776e-41,0.2971576452255249,0.010624690912663937,0.005959272850304842,0.009529785253107548,18,1075074,27,4,False,Left,Back,Centre,Right,81
<_io.BytesIO object at 0x000001E8C3AFEB80>,1050362656,-0.0025325329042971134,-0.07647782564163208,0.2971528470516205,0.010608116164803505,0.005941373761743307,0.2567620277404785,0.005767839029431343,-0.06974966824054718,-32414,1075075,27,4,False,Left,Back,Centre,Right,81
<_io.BytesIO object at 0x000001E8C3AFE360>,2259238512,9.156519128941681e-36,7.947703488491217e+32,5.663651391102397e-16,-209097392128.0,-8.190302233130516e-35,3.071548009218048e+16,8.014805744101999e+21,2.060357158066065e-40,0,1075075,27,4,False,Left,Back,Centre,Right,81
<_io.BytesIO object at 0x000001E8C3AFE590>,76,1.401298464324817e-45,0.5425087809562683,0.0888710618019104,0.25054123997688293,-0.4337424039840698,-0.32462409138679504,-0.7243730425834656,0.4263453781604767,0,1075075,27,4,False,Left,Back,Centre,Right,81
<_io.BytesIO object at 0x000001E8C3AFE900>,0,2.802596928649634e-45,0.5612321496009827,0.10535306483507156,0.1553199291229248,0.13960330188274384,-0.24718455970287323,-0.5939369797706604,0.7527613043785095,0,1075075,27,4,False,Left,Back,Centre,Right,81
<_io.BytesIO object at 0x000001E8C3AFE040>,0,0.0,0.0,0.0,0.0,8.407790785948902e-45,2.1860256043467146e-43,1.627047646927545e-41,0.30324649810791016,-1830,1075075,27,4,False,Left,Back,Centre,Right,81
<_io.BytesIO object at 0x000001E8C69526D0>,2691218213,-2.985580015702208e-35,1.6746119207021224e-39,0.0003368201432749629,1.6271877767739776e-41,0.2971528470516205,0.010608116164803505,0.005941373761743307,0.009529145434498787,18,1075075,27,4,False,Left,Back,Centre,Right,81
<_io.BytesIO object at 0x000001E8C3A6C860>,1050362221,-0.0025734181981533766,-0.07647407054901123,0.29715919494628906,0.010581920854747295,0.005934977903962135,0.25674179196357727,0.005738705396652222,-0.06972368061542511,31038,1075076,27,4,False,Left,Back,Centre,Right,81
<_io.BytesIO object at 0x000001E8C3A6C400>,2372484720,-6.759834453382805e+27,3.868683012435634e+33,14981626880.0,-4.3750401538825545e+20,-2.1768325098037167e-07,-1.4436562095330014e-30,1.2320734434037113e+28,2.0603431450814218e-40,0,1075076,27,4,False,Left,Back,Centre,Right,81
<_io.BytesIO object at 0x000001E8C3A6CDB0>,76,1.401298464324817e-45,0.5425087809562683,0.0888710618019104,0.25054123997688293,-0.4337424039840698,-0.32462409138679504,-0.7243730425834656,0.4263453781604767,0,1075076,27,4,False,Left,Back,Centre,Right,81
<_io.BytesIO object at 0x000001E8C3A6CA90>,0,2.802596928649634e-45,0.5612321496009827,0.10535306483507156,0.1553199291229248,0.13960330188274384,-0.24718455970287323,-0.5939369797706604,0.7527613043785095,0,1075076,27,4,False,Left,Back,Centre,Right,81
<_io.BytesIO object at 0x000001E8C3A6CDB0>,0,0.0,0.0,0.0,0.0,8.407790785948902e-45,2.1860256043467146e-43,1.627047646927545e-41,0.3032335340976715,-22837,1075076,27,4,False,Left,Back,Centre,Right,81
<_io.BytesIO object at 0x000001E8C3A6C6D0>,2658188072,5.019098742004001e+27,1.6746119207021224e-39,0.0003382638387847692,1.6271877767739776e-41,0.29715919494628906,0.010581920854747295,0.005934977903962135,0.0095285065472126,18,1075076,27,4,False,Left,Back,Centre,Right,81
<_io.BytesIO object at 0x000001E8C3AFEA40>,1050361374,-0.002610885538160801,-0.07648885995149612,0.29715853929519653,0.010586102493107319,0.00593168381601572,0.25672847032546997,0.005725458264350891,-0.06971150636672974,30626,1075077,27,4,False,Left,Back,Centre,Right,81
<_io.BytesIO object at 0x000001E8C3AFED60>,1086144112,-1.8930582986149116e+27,2.7855455568384577e+32,7975.79638671875,-5.548932924713287e+35,-8.036381019257266e+27,-2.169767027947671e+21,7.684235765159762e-22,2.0603291320967785e-40,0,1075077,27,4,False,Left,Back,Centre,Right,81
<_io.BytesIO object at 0x000001E8C3AFED10>,76,1.401298464324817e-45,0.5425087809562683,0.0888710618019104,0.25054123997688293,-0.4337424039840698,-0.32462409138679504,-0.7243730425834656,0.4263453781604767,0,1075077,27,4,False,Left,Back,Centre,Right,81
<_io.BytesIO object at 0x000001E8C3AFE4F0>,0,2.802596928649634e-45,0.5612321496009827,0.10535306483507156,0.1553199291229248,0.13960330188274384,-0.24718455970287323,-0.5939369797706604,0.7527613043785095,0,1075077,27,4,False,Left,Back,Centre,Right,81
<_io.BytesIO object at 0x000001E8C3AFEB30>,0,0.0,0.0,0.0,0.0,8.407790785948902e-45,2.1860256043467146e-43,1.627047646927545e-41,0.30320829153060913,7012,1075077,27,4,False,Left,Back,Centre,Right,81
<_io.BytesIO object at 0x000001E8C3AFE680>,2788277035,8752822484992.0,1.6746119207021224e-39,0.0003246204578317702,1.6271877767739776e-41,0.29715853929519653,0.010586102493107319,0.00593168381601572,0.009527870453894138,18,1075077,27,4,False,Left,Back,Centre,Right,81
<_io.BytesIO object at 0x000001E8C3A96450>,1050359547,-0.0025874259881675243,-0.07634193450212479,0.29714345932006836,0.010598395019769669,0.005935511086136103,0.2567163407802582,0.005709773860871792,-0.06967537105083466,29673,1075078,27,4,False,Left,Back,Centre,Right,81
<_io.BytesIO object at 0x000001E8C3A96860>,531709552,4.3668084051656035e-32,6.820594758122815e+29,1247179.875,2.9102306716565273e-18,1.8218806429247499e-35,2.4597910903647767e-15,-12111245737984.0,2.060301106127492e-40,0,1075078,27,4,False,Left,Back,Centre,Right,81
<_io.BytesIO object at 0x000001E8C3A929A0>,76,1.401298464324817e-45,0.5425087809562683,0.0888710618019104,0.25054123997688293,-0.4337424039840698,-0.32462409138679504,-0.7243730425834656,0.4263453781604767,0,1075078,27,4,False,Left,Back,Centre,Right,81
<_io.BytesIO object at 0x000001E8C3A92C20>,0,2.802596928649634e-45,0.5612321496009827,0.10535306483507156,0.1553199291229248,0.13960330188274384,-0.24718455970287323,-0.5939369797706604,0.7527613043785095,0,1075078,27,4,False,Left,Back,Centre,Right,81
<_io.BytesIO object at 0x000001E8C3A92D10>,0,0.0,0.0,0.0,0.0,8.407790785948902e-45,2.1860256043467146e-43,1.627047646927545e-41,0.3031538426876068,-28210,1075078,27,4,False,Left,Back,Centre,Right,81
<_io.BytesIO object at 0x000001E8C3A927C0>,1495907113,0.002437449060380459,1.6746119207021224e-39,0.0003863151650875807,1.6271877767739776e-41,0.29714345932006836,0.010598395019769669,0.005935511086136103,0.009527236223220825,18,1075078,27,4,False,Left,Back,Centre,Right,81
<_io.BytesIO object at 0x000001E8C3A8F680>,1050359008,-0.0026038726791739464,-0.07632770389318466,0.2971246838569641,0.010616511106491089,0.005944183561950922,0.2566820979118347,0.005691138561815023,-0.06963813304901123,27151,1075079,27,4,False,Left,Back,Centre,Right,81
<_io.BytesIO object at 0x000001E8C3A8F270>,2228895344,3.7788039368098106e-38,1.2315376540327416e+26,3.539789761905602e+25,-9.568143548242921e-21,2.3101030358623792e-24,4.745974413355018e+34,12230043648.0,2.0602870931428488e-40,0,1075079,27,4,False,Left,Back,Centre,Right,81
<_io.BytesIO object at 0x000001E8C3A8FE00>,76,1.401298464324817e-45,0.5425087809562683,0.0888710618019104,0.25054123997688293,-0.4337424039840698,-0.32462409138679504,-0.7243730425834656,0.4263453781604767,0,1075079,27,4,False,Left,Back,Centre,Right,81
<_io.BytesIO object at 0x000001E8C3A8F770>,0,2.802596928649634e-45,0.5612321496009827,0.10535306483507156,0.1553199291229248,0.13960330188274384,-0.24718455970287323,-0.5939369797706604,0.7527613043785095,0,1075079,27,4,False,Left,Back,Centre,Right,81
<_io.BytesIO object at 0x000001E8C3A8F5E0>,0,0.0,0.0,0.0,0.0,8.407790785948902e-45,2.1860256043467146e-43,1.627047646927545e-41,0.30313777923583984,-23108,1075079,27,4,False,Left,Back,Centre,Right,81
<_io.BytesIO object at 0x000001E8C3A8F1D0>,1370733354,2.943281293416543e-19,1.6746119207021224e-39,0.00038257334381341934,1.6271877767739776e-41,0.2971246838569641,0.010616511106491089,0.005944183561950922,0.009526602923870087,18,1075079,27,4,False,Left,Back,Centre,Right,81
<_io.BytesIO object at 0x000001E8C3A7D9A0>,1050357880,-0.0026441048830747604,-0.07632753252983093,0.2971096336841583,0.010606100782752037,0.005948193371295929,0.2566521465778351,0.005647920537739992,-0.06960758566856384,23829,1075080,27,4,False,Left,Back,Centre,Right,81
<_io.BytesIO object at 0x000001E8C3A7DBD0>,3200794224,-5557263532032.0,3.427082230873945e+26,1.307996198484799e+27,-3.552756027147552e-07,3.138452284201745e-17,144307193380864.0,-2.566279411315918,2.0602590671735623e-40,0,1075080,27,4,False,Left,Back,Centre,Right,81
<_io.BytesIO object at 0x000001E8C3A7DE00>,76,1.401298464324817e-45,0.5425087809562683,0.0888710618019104,0.25054123997688293,-0.4337424039840698,-0.32462409138679504,-0.7243730425834656,0.4263453781604767,0,1075080,27,4,False,Left,Back,Centre,Right,81
<_io.BytesIO object at 0x000001E8C3A7DF90>,0,2.802596928649634e-45,0.5612321496009827,0.10535306483507156,0.1553199291229248,0.13960330188274384,-0.24718455970287323,-0.5939369797706604,0.7527613043785095,0,1075080,27,4,False,Left,Back,Centre,Right,81
<_io.BytesIO object at 0x000001E8C3A7DE00>,0,0.0,0.0,0.0,0.0,8.407790785948902e-45,2.1860256043467146e-43,1.627047646927545e-41,0.3031041622161865,18616,1075080,27,4,False,Left,Back,Centre,Right,81
<_io.BytesIO object at 0x000001E8C3A7DCC0>,1369226029,1.0061529101493172e-34,1.6746119207021224e-39,0.00036763225216418505,1.6271877767739776e-41,0.2971096336841583,0.010606100782752037,0.005948193371295929,0.009525971487164497,18,1075080,27,4,False,Left,Back,Centre,Right,81
<_io.BytesIO object at 0x000001E8C3A8F130>,1050357285,-0.002689830958843231,-0.07631918787956238,0.297094464302063,0.010613166727125645,0.005949771497398615,0.25662797689437866,0.005618505645543337,-0.06959081441164017,19840,1075081,27,4,False,Left,Back,Centre,Right,81
<_io.BytesIO object at 0x000001E8C3A8F3B0>,2874162800,-4.082832429958955e-27,1.1652004789188801e+24,-1.4060325126408202e-09,-1.9628899000655313e-19,1.7398274847587247e-15,-6.878624844389628e+26,4.657451423938357e-16,2.060245054188919e-40,0,1075081,27,4,False,Left,Back,Centre,Right,81
<_io.BytesIO object at 0x000001E8C3A8F180>,76,1.401298464324817e-45,0.5425087809562683,0.0888710618019104,0.25054123997688293,-0.4337424039840698,-0.32462409138679504,-0.7243730425834656,0.4263453781604767,0,1075081,27,4,False,Left,Back,Centre,Right,81
<_io.BytesIO object at 0x000001E8C3A8FC20>,0,2.802596928649634e-45,0.5612321496009827,0.10535306483507156,0.1553199291229248,0.13960330188274384,-0.24718455970287323,-0.5939369797706604,0.7527613043785095,0,1075081,27,4,False,Left,Back,Centre,Right,81
<_io.BytesIO object at 0x000001E8C683E220>,0,0.0,0.0,0.0,0.0,8.407790785948902e-45,2.1860256043467146e-43,1.627047646927545e-41,0.30308642983436584,18400,1075081,27,4,False,Left,Back,Centre,Right,81
<_io.BytesIO object at 0x000001E8C683EC20>,1295825712,-1.8544018920298563e+27,1.674610519403658e-39,0.00035403063520789146,1.6271877767739776e-41,0.297094464302063,0.010613166727125645,0.005949771497398615,0.009525340981781483,18,1075081,27,4,False,Left,Back,Centre,Right,81
<_io.BytesIO object at 0x000001E8C3A92D60>,1050360426,-0.0026694592088460922,-0.07633113116025925,0.2970806658267975,0.010634785518050194,0.005939767230302095,0.2566133141517639,0.005580419208854437,-0.06956566870212555,17808,1075082,27,4,False,Left,Back,Centre,Right,81
<_io.BytesIO object at 0x000001E8C3A96DB0>,1899839088,-4.697043541258062e-35,7.000199917150862e+21,-1.3894693526650469e-15,113108392.0,2.5122198608722455e-40,6.979497708007332e-39,9.183549615799121e-41,-5.04979619017799e+20,16138,1075082,27,4,False,Left,Back,Centre,Right,81
<_io.BytesIO object at 0x000001E8C3A96810>,1035338248,0.25054123997688293,-0.4337424039840698,-0.32462409138679504,-0.7243730425834656,0.4263453781604767,0.0,1.8367099231598242e-40,-6.622258297284134e-12,16143,1075082,27,4,False,Left,Back,Centre,Right,81
<_io.BytesIO object at 0x000001E8C3A96090>,1037550425,0.1553199291229248,0.13960330188274384,-0.24718455970287323,-0.5939369797706604,0.7527613043785095,0.0,0.0,0.0,0,1075082,27,4,False,Left,Back,Centre,Right,81
<_io.BytesIO object at 0x000001E8C3A96F40>,0,0.0,7.006492321624085e-45,1.821688003622262e-43,1.627047646927545e-41,0.3031800389289856,-0.0026694592088460922,-0.07633113116025925,0.009944804012775421,18,1075082,27,4,False,Left,Back,Centre,Right,81
<_io.BytesIO object at 0x000001E8C6952D60>,1050360237,-0.0027357246726751328,-0.07632245868444443,0.2970600724220276,0.010686876252293587,0.005932077765464783,0.2565905749797821,0.005523936823010445,-0.06955628842115402,16267,1075083,27,4,False,Left,Back,Centre,Right,81
<_io.BytesIO object at 0x000001E8C6952AE0>,4288429680,1.3784267832303737e+36,3.729488905639454e+20,-1.6465406158638753e-23,-5.039270827488862e+22,2.5122058478876023e-40,6.979497708007332e-39,9.183549615799121e-41,-5.04979619017799e+20,16138,1075083,27,4,False,Left,Back,Centre,Right,81
<_io.BytesIO object at 0x000001E8C69521D0>,1035338248,0.25054123997688293,-0.4337424039840698,-0.32462409138679504,-0.7243730425834656,0.4263453781604767,0.0,1.8367099231598242e-40,-6.622258297284134e-12,16143,1075083,27,4,False,Left,Back,Centre,Right,81
<_io.BytesIO object at 0x000001E8C6952E00>,1037550425,0.1553199291229248,0.13960330188274384,-0.24718455970287323,-0.5939369797706604,0.7527613043785095,0.0,0.0,0.0,0,1075083,27,4,False,Left,Back,Centre,Right,81
<_io.BytesIO object at 0x000001E8C6952180>,0,0.0,7.006492321624085e-45,1.821688003622262e-43,1.627047646927545e-41,0.3031744062900543,-0.0027357246726751328,-0.07632245868444443,0.009945638477802277,18,1075083,27,4,False,Left,Back,Centre,Right,81
<_io.BytesIO object at 0x000001E8C3A6C310>,1050359868,-0.002802507486194372,-0.07633035629987717,0.2970704138278961,0.010647783987224102,0.0059064109809696674,0.25657516717910767,0.005455930717289448,-0.06954766809940338,14238,1075084,27,4,False,Left,Back,Centre,Right,81
<_io.BytesIO object at 0x000001E8C3A6C9F0>,1272725104,3.4379468466245256e+27,1.1786790545456577e+22,1.1574348784622995e-31,28254.35546875,2.5122618998261753e-40,6.979497708007332e-39,9.183549615799121e-41,-5.04979619017799e+20,16138,1075084,27,4,False,Left,Back,Centre,Right,81
<_io.BytesIO object at 0x000001E8C3A6CAE0>,1035338248,0.25054123997688293,-0.4337424039840698,-0.32462409138679504,-0.7243730425834656,0.4263453781604767,0.0,1.8367099231598242e-40,-6.622258297284134e-12,16143,1075084,27,4,False,Left,Back,Centre,Right,81
<_io.BytesIO object at 0x000001E8C3A6C040>,1037550425,0.1553199291229248,0.13960330188274384,-0.24718455970287323,-0.5939369797706604,0.7527613043785095,0.0,0.0,0.0,0,1075084,27,4,False,Left,Back,Centre,Right,81
<_io.BytesIO object at 0x000001E8C3A6CCC0>,0,0.0,7.006492321624085e-45,1.821688003622262e-43,1.627047646927545e-41,0.30316340923309326,-0.002802507486194372,-0.07633035629987717,0.009946471080183983,18,1075084,27,4,False,Left,Back,Centre,Right,81
<_io.BytesIO object at 0x000001E8C3A83770>,1050355557,-0.0029298916924744844,-0.07626048475503922,0.29707834124565125,0.01062717754393816,0.005890229716897011,0.2565602958202362,0.0054076965898275375,-0.06954079866409302,11880,1075085,27,4,False,Left,Back,Centre,Right,81
<_io.BytesIO object at 0x000001E8C6952EA0>,816529008,4.252235695544078e+36,7.848750144541501e+21,-4.980751939697377e+18,6.251362068796948e-34,2.5122618998261753e-40,6.979497708007332e-39,9.183549615799121e-41,-5.04979619017799e+20,16138,1075085,27,4,False,Left,Back,Centre,Right,81
<_io.BytesIO object at 0x000001E8C69528B0>,1035338248,0.25054123997688293,-0.4337424039840698,-0.32462409138679504,-0.7243730425834656,0.4263453781604767,0.0,1.8367099231598242e-40,-6.622258297284134e-12,16143,1075085,27,4,False,Left,Back,Centre,Right,81
<_io.BytesIO object at 0x000001E8C6952270>,1037550425,0.1553199291229248,0.13960330188274384,-0.24718455970287323,-0.5939369797706604,0.7527613043785095,0.0,0.0,0.0,0,1075085,27,4,False,Left,Back,Centre,Right,81
<_io.BytesIO object at 0x000001E8C69524A0>,0,0.0,7.006492321624085e-45,1.821688003622262e-43,1.627047646927545e-41,0.3030349314212799,-0.0029298916924744844,-0.07626048475503922,0.009940395131707191,18,1075085,27,4,False,Left,Back,Centre,Right,81
<_io.BytesIO object at 0x000001E8C3A969A0>,1050355278,-0.002977332565933466,-0.07625457644462585,0.29706981778144836,0.01061746571213007,0.005876785144209862,0.2565574645996094,0.0053636194206774235,-0.06952886283397675,9728,1075086,27,4,False,Left,Back,Centre,Right,81
<_io.BytesIO object at 0x000001E8C3A96E00>,1712995952,1510620797075456.0,7.412593483896062e+18,-687166782963712.0,-1.8803732018568553e-05,2.5122198608722455e-40,6.979497708007332e-39,9.183549615799121e-41,-5.04979619017799e+20,16138,1075086,27,4,False,Left,Back,Centre,Right,81
<_io.BytesIO object at 0x000001E8C3A96BD0>,1035338248,0.25054123997688293,-0.4337424039840698,-0.32462409138679504,-0.7243730425834656,0.4263453781604767,0.0,1.8367099231598242e-40,-6.622258297284134e-12,16143,1075086,27,4,False,Left,Back,Centre,Right,81
<_io.BytesIO object at 0x000001E8C3A96E50>,1037550425,0.1553199291229248,0.13960330188274384,-0.24718455970287323,-0.5939369797706604,0.7527613043785095,0.0,0.0,0.0,0,1075086,27,4,False,Left,Back,Centre,Right,81
<_io.BytesIO object at 0x000001E8C3A96040>,0,0.0,7.006492321624085e-45,1.821688003622262e-43,1.627047646927545e-41,0.30302661657333374,-0.002977332565933466,-0.07625457644462585,0.00993434339761734,18,1075086,27,4,False,Left,Back,Centre,Right,81
<_io.BytesIO object at 0x000001E8C3A8FE00>,1050355176,-0.003002404235303402,-0.07624436169862747,0.2970689833164215,0.01059988047927618,0.005888135172426701,0.256550133228302,0.005336518865078688,-0.06951133161783218,8107,1075087,27,4,False,Left,Back,Centre,Right,81
<_io.BytesIO object at 0x000001E8C3A8F860>,3113041520,1035213.625,2.82166930164341e+20,2.0005653763362913e-13,1.1308445716366229e-23,-2.111516392505966e-13,nan,-2.2933095067401155e-07,2.059964794496054e-40,0,1075087,27,4,False,Left,Back,Centre,Right,81
<_io.BytesIO object at 0x000001E8C3A8FF40>,76,1.401298464324817e-45,0.5425087809562683,0.0888710618019104,0.25054123997688293,-0.4337424039840698,-0.32462409138679504,-0.7243730425834656,0.4263453781604767,0,1075087,27,4,False,Left,Back,Centre,Right,81
<_io.BytesIO object at 0x000001E8C3A8FB80>,0,2.802596928649634e-45,0.5612321496009827,0.10535306483507156,0.1553199291229248,0.13960330188274384,-0.24718455970287323,-0.5939369797706604,0.7527613043785095,0,1075087,27,4,False,Left,Back,Centre,Right,81
<_io.BytesIO object at 0x000001E8C3A8F590>,0,0.0,0.0,0.0,0.0,8.407790785948902e-45,2.1860256043467146e-43,1.627047646927545e-41,0.3030235767364502,-15364,1075087,27,4,False,Left,Back,Centre,Right,81
<_io.BytesIO object at 0x000001E8C3B19A90>,637647684,-1.9960980568098363e-13,1.674610519403658e-39,0.00030204898212105036,1.6271877767739776e-41,0.2970689833164215,0.01059988047927618,0.005888135172426701,0.009521516039967537,18,1075087,27,4,False,Left,Back,Centre,Right,81
<_io.BytesIO object at 0x000001E8C3A80180>,1050355040,-0.003018337767571211,-0.07623647898435593,0.2970622479915619,0.01059626042842865,0.005896355956792831,0.2565416097640991,0.005329543258994818,-0.0694906935095787,6178,1075088,27,4,False,Left,Back,Centre,Right,81
<_io.BytesIO object at 0x000001E8C3A803B0>,3662560880,5.345450780147934e-14,2.6884432193322106e+21,5.5023662594289296e-15,-1.568963819297447e+35,8.780265513858322e-36,-3.916149466931529e-07,-3.236066437992799e-26,2.0599227555421243e-40,0,1075088,27,4,False,Left,Back,Centre,Right,81
<_io.BytesIO object at 0x000001E8C3A805E0>,76,1.401298464324817e-45,0.5425087809562683,0.0888710618019104,0.25054123997688293,-0.4337424039840698,-0.32462409138679504,-0.7243730425834656,0.4263453781604767,0,1075088,27,4,False,Left,Back,Centre,Right,81
<_io.BytesIO object at 0x000001E8C3A80770>,0,2.802596928649634e-45,0.5612321496009827,0.10535306483507156,0.1553199291229248,0.13960330188274384,-0.24718455970287323,-0.5939369797706604,0.7527613043785095,0,1075088,27,4,False,Left,Back,Centre,Right,81
<_io.BytesIO object at 0x000001E8C3A80900>,0,0.0,0.0,0.0,0.0,8.407790785948902e-45,2.1860256043467146e-43,1.627047646927545e-41,0.30301952362060547,-12466,1075088,27,4,False,Left,Back,Centre,Right,81
<_io.BytesIO object at 0x000001E8C683E680>,568310597,-1.4100152012621858e-28,1.674610519403658e-39,0.00030170584795996547,1.6271877767739776e-41,0.2970622479915619,0.01059626042842865,0.005896355956792831,0.009520815685391426,18,1075088,27,4,False,Left,Back,Centre,Right,81
<_io.BytesIO object at 0x000001E8C3A8F310>,1050358689,-0.0029186331667006016,-0.0762488842010498,0.2970637083053589,0.010579251684248447,0.005900287069380283,0.25652793049812317,0.005322800949215889,-0.0694788247346878,7733,1075089,27,4,False,Left,Back,Centre,Right,81
<_io.BytesIO object at 0x000001E8C3A8FB30>,383270512,0.007560355123132467,5.762941161622733e+16,74.62181854248047,2.0882914973895895e+32,2.5261934023994207e+24,1.3090148553626652e+25,-0.9657901525497437,2.0598667036035513e-40,0,1075089,27,4,False,Left,Back,Centre,Right,81
<_io.BytesIO object at 0x000001E8C3A8F180>,76,1.401298464324817e-45,0.5425087809562683,0.0888710618019104,0.25054123997688293,-0.4337424039840698,-0.32462409138679504,-0.7243730425834656,0.4263453781604767,0,1075089,27,4,False,Left,Back,Centre,Right,81
<_io.BytesIO object at 0x000001E8C3A8F450>,0,2.802596928649634e-45,0.5612321496009827,0.10535306483507156,0.1553199291229248,0.13960330188274384,-0.24718455970287323,-0.5939369797706604,0.7527613043785095,0,1075089,27,4,False,Left,Back,Centre,Right,81
<_io.BytesIO object at 0x000001E8C3A9FC20>,0,0.0,0.0,0.0,0.0,8.407790785948902e-45,2.1860256043467146e-43,1.627047646927545e-41,0.30312827229499817,18058,1075089,27,4,False,Left,Back,Centre,Right,81
<_io.BytesIO object at 0x000001E8C3A9FF40>,677428031,-4.6597705522614065e-26,1.674610519403658e-39,0.00021276791812852025,1.6271877767739776e-41,0.2970637083053589,0.010579251684248447,0.005900287069380283,0.009520118124783039,18,1075089,27,4,False,Left,Back,Centre,Right,81
<_io.BytesIO object at 0x000001E8C3A960E0>,1050358320,-0.002902923384681344,-0.07624497264623642,0.29705604910850525,0.010578212328255177,0.00589757738634944,0.25652366876602173,0.0053365034982562065,-0.06947049498558044,8429,1075090,27,4,False,Left,Back,Centre,Right,81
<_io.BytesIO object at 0x000001E8C3A969F0>,1032601200,52622188.0,2.3044468785545216e+16,3.001137389109248e+16,-1.4650395020051929e-34,-946.9422607421875,2.152716114762764e-25,4.075793309974211e+36,2.0598106516649784e-40,0,1075090,27,4,False,Left,Back,Centre,Right,81
<_io.BytesIO object at 0x000001E8C3A93A90>,76,1.401298464324817e-45,0.5425087809562683,0.0888710618019104,0.25054123997688293,-0.4337424039840698,-0.32462409138679504,-0.7243730425834656,0.4263453781604767,0,1075090,27,4,False,Left,Back,Centre,Right,81
<_io.BytesIO object at 0x000001E8C3A93F40>,0,2.802596928649634e-45,0.5612321496009827,0.10535306483507156,0.1553199291229248,0.13960330188274384,-0.24718455970287323,-0.5939369797706604,0.7527613043785095,0,1075090,27,4,False,Left,Back,Centre,Right,81
<_io.BytesIO object at 0x000001E8C3A93090>,0,0.0,0.0,0.0,0.0,8.407790785948902e-45,2.1860256043467146e-43,1.627047646927545e-41,0.3031172752380371,16121,1075090,27,4,False,Left,Back,Centre,Right,81
<_io.BytesIO object at 0x000001E8C3A93860>,643021630,-8.930482893284475e-24,1.674610519403658e-39,0.00020543660502880812,1.6271877767739776e-41,0.29705604910850525,0.010578212328255177,0.00589757738634944,0.009519507177174091,18,1075090,27,4,False,Left,Back,Centre,Right,81
<_io.BytesIO object at 0x000001E8C3A83CC0>,1050358152,-0.002878712024539709,-0.07624030113220215,0.2970431447029114,0.01058799959719181,0.0059122368693351746,0.2565237283706665,0.005347404628992081,-0.06946712732315063,9072,1075091,27,4,False,Left,Back,Centre,Right,81
<_io.BytesIO object at 0x000001E8C3A833B0>,810172016,2.8955009504772096e+16,1006012672770048.0,766331620163584.0,-1.6327695089067555e-21,6.6369151487683285e-21,-839895488.0,3.6874536340363935e-25,2.0597545997264054e-40,0,1075091,27,4,False,Left,Back,Centre,Right,81
<_io.BytesIO object at 0x000001E8C3A83040>,76,1.401298464324817e-45,0.5425087809562683,0.0888710618019104,0.25054123997688293,-0.4337424039840698,-0.32462409138679504,-0.7243730425834656,0.4263453781604767,0,1075091,27,4,False,Left,Back,Centre,Right,81
<_io.BytesIO object at 0x000001E8C3A83B30>,0,2.802596928649634e-45,0.5612321496009827,0.10535306483507156,0.1553199291229248,0.13960330188274384,-0.24718455970287323,-0.5939369797706604,0.7527613043785095,0,1075091,27,4,False,Left,Back,Centre,Right,81
<_io.BytesIO object at 0x000001E8C687EB80>,0,0.0,0.0,0.0,0.0,8.407790785948902e-45,2.1860256043467146e-43,1.627047646927545e-41,0.303112268447876,-22330,1075091,27,4,False,Left,Back,Centre,Right,81
<_io.BytesIO object at 0x000001E8C687EDB0>,601930556,-1.5864706186688357e-21,1.674610519403658e-39,0.00021948060020804405,1.6271877767739776e-41,0.2970431447029114,0.01058799959719181,0.0059122368693351746,0.009518896229565144,18,1075091,27,4,False,Left,Back,Centre,Right,81
<_io.BytesIO object at 0x000001E8C3A97680>,1050354576,-0.002943888073787093,-0.07620742172002792,0.2970360517501831,0.010590480640530586,0.005907561630010605,0.2565162479877472,0.0053608776070177555,-0.06947864592075348,10307,1075092,27,4,False,Left,Back,Centre,Right,81
<_io.BytesIO object at 0x000001E8C3A978B0>,886062704,1.970430288940011e+27,456826848018432.0,3.463153489360716e+18,-1.8160529609328242e-31,-2.4499589369596453e-37,-7.218283398653709e-31,9999.5107421875,2.059684534803189e-40,0,1075092,27,4,False,Left,Back,Centre,Right,81
<_io.BytesIO object at 0x000001E8C3A97AE0>,76,1.401298464324817e-45,0.5425087809562683,0.0888710618019104,0.25054123997688293,-0.4337424039840698,-0.32462409138679504,-0.7243730425834656,0.4263453781604767,0,1075092,27,4,False,Left,Back,Centre,Right,81
<_io.BytesIO object at 0x000001E8C3A6C720>,0,2.802596928649634e-45,0.5612321496009827,0.10535306483507156,0.1553199291229248,0.13960330188274384,-0.24718455970287323,-0.5939369797706604,0.7527613043785095,0,1075092,27,4,False,Left,Back,Centre,Right,81
<_io.BytesIO object at 0x000001E8C3A6C040>,0,0.0,0.0,0.0,0.0,8.407790785948902e-45,2.1860256043467146e-43,1.627047646927545e-41,0.3030056953430176,-4545,1075092,27,4,False,Left,Back,Centre,Right,81
<_io.BytesIO object at 0x000001E8C3A6C360>,312720192,-1.215112399104289e-36,1.674610519403658e-39,0.0003053019754588604,1.6271877767739776e-41,0.2970360517501831,0.010590480640530586,0.005907561630010605,0.00951828807592392,18,1075092,27,4,False,Left,Back,Centre,Right,81
<_io.BytesIO object at 0x000001E8C6952EA0>,1050358143,-0.0028494882863014936,-0.07623846083879471,0.29703912138938904,0.010582530871033669,0.00591235002502799,0.25652629137039185,0.005365199409425259,-0.06949258595705032,11613,1075093,27,4,False,Left,Back,Centre,Right,81
<_io.BytesIO object at 0x000001E8C6952CC0>,1553940080,-1.5402753878495166e-34,7.114021049833882e+16,2.578924924043264e+16,-1.4686680697794856e-18,-1.3620223742977634e+23,150588735488.0,0.0019168272847309709,2.059614469879973e-40,0,1075093,27,4,False,Left,Back,Centre,Right,81
<_io.BytesIO object at 0x000001E8C6952810>,76,1.401298464324817e-45,0.5425087809562683,0.0888710618019104,0.25054123997688293,-0.4337424039840698,-0.32462409138679504,-0.7243730425834656,0.4263453781604767,0,1075093,27,4,False,Left,Back,Centre,Right,81
<_io.BytesIO object at 0x000001E8C6952860>,0,2.802596928649634e-45,0.5612321496009827,0.10535306483507156,0.1553199291229248,0.13960330188274384,-0.24718455970287323,-0.5939369797706604,0.7527613043785095,0,1075093,27,4,False,Left,Back,Centre,Right,81
<_io.BytesIO object at 0x000001E8C6952BD0>,0,0.0,0.0,0.0,0.0,8.407790785948902e-45,2.1860256043467146e-43,1.627047646927545e-41,0.3031120002269745,-16773,1075093,27,4,False,Left,Back,Centre,Right,81
<_io.BytesIO object at 0x000001E8C6952630>,585743162,-2.418556667942817e-34,1.674610519403658e-39,0.00021322617249097675,1.6271877767739776e-41,0.29703912138938904,0.010582530871033669,0.00591235002502799,0.009517597034573555,18,1075093,27,4,False,Left,Back,Centre,Right,81
<_io.BytesIO object at 0x000001E8C3A96450>,1050358724,-0.0028548953123390675,-0.07624117285013199,0.29704540967941284,0.010568682104349136,0.005906736012548208,0.25652679800987244,0.005364222917705774,-0.06950852274894714,12553,1075094,27,4,False,Left,Back,Centre,Right,81
<_io.BytesIO object at 0x000001E8C3A96D60>,1659584112,-4.3569210988369106e-30,6.403787167365071e+18,6.567813023605802e+31,7.99920344202774e+24,31024866131968.0,-1.8975044656881145e+28,-7.100523042811857e+30,-8.324355520440835e-21,16169,1075094,27,4,False,Left,Back,Centre,Right,81
<_io.BytesIO object at 0x000001E8C3A92540>,1040726101,0.24921202659606934,2.802596928649634e-45,1.064986832886861e-43,1.401298464324817e-45,0.5425087809562683,0.0888710618019104,0.25054123997688293,-0.4337424039840698,13601,1075094,27,4,False,Left,Back,Centre,Right,81
<_io.BytesIO object at 0x000001E8C3A92680>,1887682214,1980391.125,2.2546892290986307e-41,0.0,2.802596928649634e-45,0.5612321496009827,0.10535306483507156,0.1553199291229248,0.13960330188274384,7667,1075094,27,4,False,Left,Back,Centre,Right,81
<_io.BytesIO object at 0x000001E8C3A92D60>,205635197,-4.6146374188538175e-07,2.2689824734347438e-41,0.0,0.0,0.0,0.0,0.0,9.80908925027372e-45,182,1075094,27,4,False,Left,Back,Centre,Right,81
<_io.BytesIO object at 0x000001E8C3A92C70>,760938496,9.12696123123169e-08,9.21502738838041e-24,4.6345602923643606e-17,-4.617237191032722e-32,1.674610519403658e-39,0.00021836221276316792,1.6271877767739776e-41,0.29704540967941284,10308,1075094,27,4,False,Left,Back,Centre,Right,81
<_io.BytesIO object at 0x000001E8C3A92860>,2370518061,-1.8881817173515858e+27,1.6746007103144078e-39,0.0009144815849140286,1.62844894539187e-41,0.25652679800987244,0.005364222917705774,-0.06950852274894714,0.009515322744846344,18,1075094,27,4,False,Left,Back,Centre,Right,81
<_io.BytesIO object at 0x000001E8C3A60B80>,1050355084,-0.0029449048452079296,-0.07622518390417099,0.29706376791000366,0.01056257076561451,0.005907946731895208,0.2565380036830902,0.005359905771911144,-0.06951043754816055,13090,1075095,27,4,False,Left,Back,Centre,Right,81
<_io.BytesIO object at 0x000001E8C3A602C0>,1867333232,-5.6731775556284706e-27,2.1637093901991936e+16,3.6600568294525146,-6774363.0,-0.0003981314948759973,-5.8559513912837585e-33,7.740351626761014e+31,-2.4541239472895208e+29,16169,1075095,27,4,False,Left,Back,Centre,Right,81
<_io.BytesIO object at 0x000001E8C3A60360>,1040888037,0.24380986392498016,2.802596928649634e-45,1.064986832886861e-43,1.401298464324817e-45,0.5425087809562683,0.0888710618019104,0.25054123997688293,-0.4337424039840698,13601,1075095,27,4,False,Left,Back,Centre,Right,81
<_io.BytesIO object at 0x000001E8C3A60B30>,1887682214,1980391.125,2.2546892290986307e-41,0.0,2.802596928649634e-45,0.5612321496009827,0.10535306483507156,0.1553199291229248,0.13960330188274384,7667,1075095,27,4,False,Left,Back,Centre,Right,81
<_io.BytesIO object at 0x000001E8C3A60810>,205635197,-4.6146374188538175e-07,2.2689824734347438e-41,0.0,0.0,0.0,0.0,0.0,9.80908925027372e-45,182,1075095,27,4,False,Left,Back,Centre,Right,81
<_io.BytesIO object at 0x000001E8C3A60680>,760938496,2.42861286636753e-16,-2.741460333104104e+38,4.0321985246405703e-22,4.4316403749912603e+30,1.674610519403658e-39,0.0003034050459973514,1.6271877767739776e-41,0.29706376791000366,3746,1075095,27,4,False,Left,Back,Centre,Right,81
<_io.BytesIO object at 0x000001E8C3A60EA0>,2540911661,-5.6890058482911455e+25,1.6746007103144078e-39,0.0009206673130393028,1.62844894539187e-41,0.2565380036830902,0.005359905771911144,-0.06951043754816055,0.009516172111034393,18,1075095,27,4,False,Left,Back,Centre,Right,81
<_io.BytesIO object at 0x000001E8C3A7DCC0>,1050355562,-0.002944998210296035,-0.07622693479061127,0.297067791223526,0.01055321004241705,0.005913254804909229,0.25656118988990784,0.005360919516533613,-0.0695180892944336,13036,1075096,27,4,False,Left,Back,Centre,Right,81
<_io.BytesIO object at 0x000001E8C3A7DEF0>,1450786416,-6.943510591305381e-34,8.004733959206339e+17,2.2112129817611792e-29,-1.0953897710679884e-30,2.2305897981892754e-17,2.5461314019958638e-23,-18644004.0,7.158766036056118e-26,16170,1075096,27,4,False,Left,Back,Centre,Right,81
<_io.BytesIO object at 0x000001E8C3A7DCC0>,1041036941,0.2383967936038971,2.802596928649634e-45,1.064986832886861e-43,1.401298464324817e-45,0.5425087809562683,0.0888710618019104,0.25054123997688293,-0.4337424039840698,13601,1075096,27,4,False,Left,Back,Centre,Right,81
<_io.BytesIO object at 0x000001E8C3A7DB80>,1887682214,1980391.125,2.2546892290986307e-41,0.0,2.802596928649634e-45,0.5612321496009827,0.10535306483507156,0.1553199291229248,0.13960330188274384,7667,1075096,27,4,False,Left,Back,Centre,Right,81
<_io.BytesIO object at 0x000001E8C3A7D950>,205635197,-4.6146374188538175e-07,2.2689824734347438e-41,0.0,0.0,0.0,0.0,0.0,9.80908925027372e-45,182,1075096,27,4,False,Left,Back,Centre,Right,81
<_io.BytesIO object at 0x000001E8C3A7D720>,760938496,3.247402347028583e-15,2.0501774253719774e-38,1.4739131679215153e-21,4129601391427584.0,1.674610519403658e-39,0.00030835758661851287,1.6271877767739776e-41,0.297067791223526,-6305,1075096,27,4,False,Left,Back,Centre,Right,81
<_io.BytesIO object at 0x000001E8C3A7D4A0>,3287956524,-1.7400353957280258e+24,1.6746007103144078e-39,0.0009115348220802844,1.62844894539187e-41,0.25656118988990784,0.005360919516533613,-0.0695180892944336,0.009517183527350426,18,1075096,27,4,False,Left,Back,Centre,Right,81
<_io.BytesIO object at 0x000001E8C3A60D60>,1050359914,-0.0028717864770442247,-0.07626395672559738,0.29708006978034973,0.010549558326601982,0.005915637593716383,0.25658565759658813,0.005363015923649073,-0.06952736526727676,13081,1075097,27,4,False,Left,Back,Centre,Right,81
<_io.BytesIO object at 0x000001E8C3A60860>,828718704,6.427553281499525e+36,1.68593151588565e+17,-4.601507900157649e+35,-6.311547379559049e-34,-3.147344247340427e-33,-1.5730793600726601e-30,-1.9748430157555569e+28,3.1813769758230574e-15,16170,1075097,27,4,False,Left,Back,Centre,Right,81
<_io.BytesIO object at 0x000001E8C3B19860>,1041163560,0.23321591317653656,0.6714547872543335,0.10400053858757019,0.1465984582901001,2.802596928649634e-45,1.064986832886861e-43,1.401298464324817e-45,0.5425087809562683,520,1075097,27,4,False,Left,Back,Centre,Right,81
<_io.BytesIO object at 0x000001E8C3B19590>,1190215094,3.183768657762139e-27,6.02549221184745e-07,3.261841288412731e+29,1980391.125,2.2546892290986307e-41,0.0,2.802596928649634e-45,0.5612321496009827,-15527,1075097,27,4,False,Left,Back,Centre,Right,81
<_io.BytesIO object at 0x000001E8C3B194F0>,204488151,-5.426896534899413e+31,6.438572747514598e-21,1.492550215268731e-31,-4.6146374188538175e-07,2.2689824734347438e-41,0.0,0.0,0.0,0,1075097,27,4,False,Left,Back,Centre,Right,81
<_io.BytesIO object at 0x000001E8C3B19720>,0,7.346839692639297e-40,1.9101783200862172e-38,1.2448708730516955e-11,5.5789947509765625e-05,2.779896419724537e-07,7.266185431120675e-10,9.98631161049645e+17,1.674610519403658e-39,1968,1075097,27,4,False,Left,Back,Centre,Right,81
<_io.BytesIO object at 0x000001E8C3B195E0>,761018720,9.305781891221561e-23,-625597957013504.0,-543675616591872.0,-1.3000286140591502e+23,1.6746007103144078e-39,0.0009161419002339244,1.62844894539187e-41,0.25658565759658813,-17347,1075097,27,4,False,Left,Back,Centre,Right,81
<_io.BytesIO object at 0x000001E8C3B19A90>,1683831727,-7.041024549673704e+30,1.6746007103144078e-39,0.0008472354966215789,1.6285890752383024e-41,0.23456992208957672,-0.026756951585412025,-0.08080406486988068,0.008864675648510456,18,1075097,27,4,False,Left,Back,Centre,Right,81
<_io.BytesIO object at 0x000001E8C3A96040>,1050360441,-0.0028784163296222687,-0.07625699788331985,0.2970792353153229,0.010544944554567337,0.005911196116358042,0.25660040974617004,0.005364598706364632,-0.06952555477619171,14721,1075098,27,4,False,Left,Back,Centre,Right,81
<_io.BytesIO object at 0x000001E8C3A96180>,1276853872,-1.746669093486908e-35,1.4917955622557817e+21,-2.892168365281452e+34,-0.3022209703922272,-1.8156672712499284e+27,-85494931456.0,-802129152.0,-1.5539309243479142e-35,16172,1075098,27,4,False,Left,Back,Centre,Right,81
<_io.BytesIO object at 0x000001E8C3A969A0>,1037526276,0.1412268877029419,2.802596928649634e-45,1.064986832886861e-43,1.401298464324817e-45,0.5425087809562683,0.0888710618019104,0.25054123997688293,-0.4337424039840698,13601,1075098,27,4,False,Left,Back,Centre,Right,81
<_io.BytesIO object at 0x000001E8C3A96540>,1887682214,1980391.125,2.2546892290986307e-41,0.0,2.802596928649634e-45,0.5612321496009827,0.10535306483507156,0.1553199291229248,0.13960330188274384,7667,1075098,27,4,False,Left,Back,Centre,Right,81
<_io.BytesIO object at 0x000001E8C3A96C20>,205635197,-4.6146374188538175e-07,2.2689824734347438e-41,0.0,0.0,0.0,0.0,0.0,9.80908925027372e-45,182,1075098,27,4,False,Left,Back,Centre,Right,81
<_io.BytesIO object at 0x000001E8C3A93A90>,760938496,0.000949859619140625,-2.2577919635053267e-17,4.596682409707675e-12,2.3720283315499958e+20,1.674610519403658e-39,0.00021545436175074428,1.6271877767739776e-41,0.2970792353153229,-15180,1075098,27,4,False,Left,Back,Centre,Right,81
<_io.BytesIO object at 0x000001E8C3A936D0>,2998221868,-9.5357428329091e+21,1.6746007103144078e-39,0.0009071024833247066,1.62844894539187e-41,0.25660040974617004,0.005364598706364632,-0.06952555477619171,0.009519434534013271,18,1075098,27,4,False,Left,Back,Centre,Right,81
<_io.BytesIO object at 0x000001E8C3AFEE00>,1050361449,-0.002879244275391102,-0.07625003159046173,0.2970879077911377,0.01054610125720501,0.005913164466619492,0.25663408637046814,0.005354792345315218,-0.06948590278625488,16344,1075099,27,4,False,Left,Back,Centre,Right,81
<_io.BytesIO object at 0x000001E8C3AFE400>,887635568,-8.028129035069032e-33,9.14002222970117e+21,4.783813909400177e-31,31505887232.0,22771874.0,1.8599183103573745e-25,1.0332627976480778e+20,6.77382412314631e-16,16173,1075099,27,4,False,Left,Back,Centre,Right,81
<_io.BytesIO object at 0x000001E8C3AFEDB0>,1037729450,0.13540244102478027,2.802596928649634e-45,1.064986832886861e-43,1.401298464324817e-45,0.5425087809562683,0.0888710618019104,0.25054123997688293,-0.4337424039840698,13601,1075099,27,4,False,Left,Back,Centre,Right,81
<_io.BytesIO object at 0x000001E8C3AFEF90>,1887682214,1980391.125,2.2546892290986307e-41,0.0,2.802596928649634e-45,0.5612321496009827,0.10535306483507156,0.1553199291229248,0.13960330188274384,7667,1075099,27,4,False,Left,Back,Centre,Right,81
<_io.BytesIO object at 0x000001E8C3AFE0E0>,205635197,-4.6146374188538175e-07,2.2689824734347438e-41,0.0,0.0,0.0,0.0,0.0,9.80908925027372e-45,182,1075099,27,4,False,Left,Back,Centre,Right,81
<_io.BytesIO object at 0x000001E8C3AFEC70>,760938496,0.2275390625,-5.245806899978334e-09,2.78367755820845e-14,3.0509536596429623e+22,1.674610519403658e-39,0.0002180969313485548,1.6271877767739776e-41,0.2970879077911377,-13938,1075099,27,4,False,Left,Back,Centre,Right,81
<_io.BytesIO object at 0x000001E8C3AFED10>,3275242540,-2.6774689673870993e+20,1.6746007103144078e-39,0.0009056313429027796,1.62844894539187e-41,0.25663408637046814,0.005354792345315218,-0.06948590278625488,0.00952035840600729,18,1075099,27,4,False,Left,Back,Centre,Right,81
<_io.BytesIO object at 0x000001E8C3A6C040>,1050362216,-0.0028732577338814735,-0.07625559717416763,0.2971018850803375,0.01055215299129486,0.005918343085795641,0.2566578984260559,0.0053670527413487434,-0.06949293613433838,17496,1075100,27,4,False,Left,Back,Centre,Right,81
<_io.BytesIO object at 0x000001E8C3A6CD10>,332873328,-3.3062456910569123e-34,5.5972217431025464e+20,-339185344970752.0,2.1561084426527655e-37,-6.424250909020657e-09,2.324955606961488e+28,-2.2871292810416526e+36,-13909491.0,16173,1075100,27,4,False,Left,Back,Centre,Right,81
<_io.BytesIO object at 0x000001E8C3A6C630>,1037932408,0.1294979304075241,2.802596928649634e-45,1.064986832886861e-43,1.401298464324817e-45,0.5425087809562683,0.0888710618019104,0.25054123997688293,-0.4337424039840698,13601,1075100,27,4,False,Left,Back,Centre,Right,81
<_io.BytesIO object at 0x000001E8C3A6CF90>,1887682214,1980391.125,2.2546892290986307e-41,0.0,2.802596928649634e-45,0.5612321496009827,0.10535306483507156,0.1553199291229248,0.13960330188274384,7667,1075100,27,4,False,Left,Back,Centre,Right,81
<_io.BytesIO object at 0x000001E8C3A6C4F0>,205635197,-4.6146374188538175e-07,2.2689824734347438e-41,0.0,0.0,0.0,0.0,0.0,9.80908925027372e-45,182,1075100,27,4,False,Left,Back,Centre,Right,81
<_io.BytesIO object at 0x000001E8C3A6C770>,760938496,14.5,205777328.0,1.632339662743787e-12,3.8674417524800346e+24,1.674610519403658e-39,0.00021398699027486145,1.6271877767739776e-41,0.2971018850803375,-7440,1075100,27,4,False,Left,Back,Centre,Right,81
<_io.BytesIO object at 0x000001E8C6952DB0>,4004068396,-5.23258518243482e+18,1.6746007103144078e-39,0.0009077877039089799,1.62844894539187e-41,0.2566578984260559,0.0053670527413487434,-0.06949293613433838,0.009521277621388435,18,1075100,27,4,False,Left,Back,Centre,Right,81
<_io.BytesIO object at 0x000001E8C3A839F0>,1050362945,-0.0028694982174783945,-0.07625126838684082,0.29710519313812256,0.010544029995799065,0.005934314802289009,0.25667911767959595,0.0053771003149449825,-0.06948913633823395,20357,1075101,27,4,False,Left,Back,Centre,Right,81
<_io.BytesIO object at 0x000001E8C3A83860>,892681840,1.3804743413941192e+27,2.7477183703967626e+23,-0.22094105184078217,-2.996465123076255e+33,4.054551849054697e-34,1.295174648821112e+29,9.397748007201582e+36,1.0934840706727936e+17,16174,1075101,27,4,False,Left,Back,Centre,Right,81
<_io.BytesIO object at 0x000001E8C3A83450>,1038142756,0.1233338713645935,0.6708898544311523,0.1501447707414627,0.20637503266334534,2.802596928649634e-45,1.064986832886861e-43,1.401298464324817e-45,0.5425087809562683,520,1075101,27,4,False,Left,Back,Centre,Right,81
<_io.BytesIO object at 0x000001E8BE565310>,1190215094,3.183768657762139e-27,6.02549221184745e-07,3.261841288412731e+29,1980391.125,2.2546892290986307e-41,0.0,2.802596928649634e-45,0.5612321496009827,-15527,1075101,27,4,False,Left,Back,Centre,Right,81
<_io.BytesIO object at 0x000001E8BE5651D0>,204488151,-5.426896534899413e+31,6.438572747514598e-21,1.492550215268731e-31,-4.6146374188538175e-07,2.2689824734347438e-41,0.0,0.0,0.0,0,1075101,27,4,False,Left,Back,Centre,Right,81
<_io.BytesIO object at 0x000001E8BE5650E0>,0,7.346839692639297e-40,1.9101783200862172e-38,1.2448708730516955e-11,772.0,2.1847077846755614e-30,7.137907344183236e-14,4.8294328612129813e+26,1.674610519403658e-39,379,1075101,27,4,False,Left,Back,Centre,Right,81
<_io.BytesIO object at 0x000001E8BE565220>,761018729,9.105604182983729e-21,-6.945140838623047,1.0409632756531756e+32,-2.5471619658520986e+17,1.6746007103144078e-39,0.00090458441991359,1.62844894539187e-41,0.25667911767959595,12899,1075101,27,4,False,Left,Back,Centre,Right,81
<_io.BytesIO object at 0x000001E8C3A54B30>,1347566512,3.6549123930338634e-37,1.674602111612872e-39,0.000859302468597889,1.6285890752383024e-41,0.23467834293842316,-0.026636699214577675,-0.08077345788478851,0.008864596486091614,18,1075101,27,4,False,Left,Back,Centre,Right,81
<_io.BytesIO object at 0x000001E8C3A924A0>,1050363768,-0.0028702004346996546,-0.07626114040613174,0.29711413383483887,0.010543174110352993,0.0059280795976519585,0.2566967010498047,0.005383289884775877,-0.06950174272060394,20868,1075102,27,4,False,Left,Back,Centre,Right,81
<_io.BytesIO object at 0x000001E8C3A92A40>,4142284400,8.074781481879984e+24,2.5639616427168625e+22,1.046590703766025e+19,3.6825531404784016e+29,9.16119788411945e+16,2.536747486203085e+16,1.8587868454275249e+28,8.103709019190417e-39,16175,1075102,27,4,False,Left,Back,Centre,Right,81
<_io.BytesIO object at 0x000001E8C3A922C0>,1038327329,0.11685177683830261,0.6706255674362183,0.15036429464817047,0.2006404548883438,2.802596928649634e-45,1.064986832886861e-43,1.401298464324817e-45,0.5425087809562683,520,1075102,27,4,False,Left,Back,Centre,Right,81
<_io.BytesIO object at 0x000001E8C3A92950>,1190215094,3.183768657762139e-27,6.02549221184745e-07,3.261841288412731e+29,1980391.125,2.2546892290986307e-41,0.0,2.802596928649634e-45,0.5612321496009827,-15527,1075102,27,4,False,Left,Back,Centre,Right,81
<_io.BytesIO object at 0x000001E8C3A92C20>,204488151,-5.426896534899413e+31,6.438572747514598e-21,1.492550215268731e-31,-4.6146374188538175e-07,2.2689824734347438e-41,0.0,0.0,0.0,0,1075102,27,4,False,Left,Back,Centre,Right,81
<_io.BytesIO object at 0x000001E8C3A9F090>,0,7.346839692639297e-40,1.9101783200862172e-38,1.2448708730516955e-11,63488.0,2.577128271316894e-23,9.355580199432723e-11,5.995983056459809e+28,1.674610519403658e-39,13545,1075102,27,4,False,Left,Back,Centre,Right,81
<_io.BytesIO object at 0x000001E8C3A9F860>,761018731,4.573977915173222e-20,-0.048643678426742554,3.3474225997924805,-7291378073600000.0,1.6746007103144078e-39,0.0009038357529789209,1.62844894539187e-41,0.2566967010498047,26191,1075102,27,4,False,Left,Back,Centre,Right,81
<_io.BytesIO object at 0x000001E8C3A9FCC0>,1458453424,7.58863222252997e-35,1.674602111612872e-39,0.0008564161835238338,1.6285890752383024e-41,0.2346859574317932,-0.026606988161802292,-0.08076635748147964,0.008864743635058403,18,1075102,27,4,False,Left,Back,Centre,Right,81
<_io.BytesIO object at 0x000001E8C683E220>,1050364742,-0.0028634928166866302,-0.07627034932374954,0.2971310615539551,0.01052700262516737,0.0059254588559269905,0.25672173500061035,0.005393903236836195,-0.06953560560941696,22098,1075103,27,4,False,Left,Back,Centre,Right,81
<_io.BytesIO object at 0x000001E8C683E0E0>,3256106608,3.2335788370197834e+26,1.5398136458007517e+26,-2.532994430523572e-12,7.009066444294021e+36,-2.5616798789086966e-14,9.060044619497069e-24,1.7989265632678553e-09,-1.3994325898481871e-25,16175,1075103,27,4,False,Left,Back,Centre,Right,81
<_io.BytesIO object at 0x000001E8C683E4F0>,1038489591,0.1103009283542633,0.6713833808898926,0.15178705751895905,0.19361981749534607,2.802596928649634e-45,1.064986832886861e-43,1.401298464324817e-45,0.5425087809562683,520,1075103,27,4,False,Left,Back,Centre,Right,81
<_io.BytesIO object at 0x000001E8C683E720>,1190215094,3.183768657762139e-27,6.02549221184745e-07,3.261841288412731e+29,1980391.125,2.2546892290986307e-41,0.0,2.802596928649634e-45,0.5612321496009827,-15527,1075103,27,4,False,Left,Back,Centre,Right,81
<_io.BytesIO object at 0x000001E8C683EF40>,204488151,-5.426896534899413e+31,6.438572747514598e-21,1.492550215268731e-31,-4.6146374188538175e-07,2.2689824734347438e-41,0.0,0.0,0.0,0,1075103,27,4,False,Left,Back,Centre,Right,81
<_io.BytesIO object at 0x000001E8C683E090>,0,7.346839692639297e-40,1.9101783200862172e-38,1.2448708730516955e-11,12976128.0,-5.334500677019009e-14,7.53120374952232e-08,1.3052099911623445e+31,1.674610519403658e-39,4484,1075103,27,4,False,Left,Back,Centre,Right,81
<_io.BytesIO object at 0x000001E8C683ED60>,761018721,9.75781955236954e-19,7.893735554375573e+34,1.9383165862293938e-13,-559065222610944.0,1.6746007103144078e-39,0.0009022010490298271,1.62844894539187e-41,0.25672173500061035,-16553,1075103,27,4,False,Left,Back,Centre,Right,81
<_io.BytesIO object at 0x000001E8C683ED10>,1756314544,1.441948063426991e-32,1.674602111612872e-39,0.0008593545062467456,1.6285890752383024e-41,0.23470428586006165,-0.02658180147409439,-0.08077148348093033,0.008864890784025192,18,1075103,27,4,False,Left,Back,Centre,Right,81
<_io.BytesIO object at 0x000001E8C3A80D60>,1050366807,-0.002843410475179553,-0.07629025727510452,0.29718050360679626,0.010495408438146114,0.005894051864743233,0.2567816376686096,0.005409814417362213,-0.06957568228244781,27921,1075105,27,4,False,Left,Back,Centre,Right,81
<_io.BytesIO object at 0x000001E8C3A809F0>,3455336048,-2.5201886067224035e-23,1.941445879207683e+27,6811599503360.0,-1.9978997622960293e-11,7.764155290912456e-11,9.140304069177319e-10,-1.9582888174597226e-28,-4.506239254705945e-21,16176,1075105,27,4,False,Left,Back,Centre,Right,81
<_io.BytesIO object at 0x000001E8C3A80090>,1038772538,0.09661252796649933,0.6726698279380798,0.15430323779582977,0.17918646335601807,2.802596928649634e-45,1.064986832886861e-43,1.401298464324817e-45,0.5425087809562683,520,1075105,27,4,False,Left,Back,Centre,Right,81
<_io.BytesIO object at 0x000001E8C3A80590>,1190215094,3.183768657762139e-27,6.02549221184745e-07,3.261841288412731e+29,1980391.125,2.2546892290986307e-41,0.0,2.802596928649634e-45,0.5612321496009827,-15527,1075105,27,4,False,Left,Back,Centre,Right,81
<_io.BytesIO object at 0x000001E8C3A803B0>,204488151,-5.426896534899413e+31,6.438572747514598e-21,1.492550215268731e-31,-4.6146374188538175e-07,2.2689824734347438e-41,0.0,0.0,0.0,0,1075105,27,4,False,Left,Back,Centre,Right,81
<_io.BytesIO object at 0x000001E8C3A801D0>,0,7.346839692639297e-40,1.9101783200862172e-38,1.2448708730516955e-11,923417968640.0,1154439293435904.0,0.14231577515602112,1.0330878879795043e+33,1.674610519403658e-39,-18334,1075105,27,4,False,Left,Back,Centre,Right,81
<_io.BytesIO object at 0x000001E8C3A80040>,761018725,7.716050021144838e-15,-1.5163922134594145e+32,6.1863229146549524e-18,-1752475640004608.0,1.6746007103144078e-39,0.0006875121616758406,1.62844894539187e-41,0.2567816376686096,17616,1075105,27,4,False,Left,Back,Centre,Right,81
<_io.BytesIO object at 0x000001E8C3B19F90>,2108832689,9.968024704577441e-31,1.674602111612872e-39,0.0008569008205085993,1.6285890752383024e-41,0.23479105532169342,-0.026587463915348053,-0.08086004108190536,0.008865037932991982,18,1075105,27,4,False,Left,Back,Centre,Right,81
<_io.BytesIO object at 0x000001E8C3A60CC0>,1050363900,-0.0029283170588314533,-0.07625522464513779,0.2972188889980316,0.010448665358126163,0.005870540626347065,0.256809800863266,0.005419834051281214,-0.06959442794322968,30752,1075106,27,4,False,Left,Back,Centre,Right,81
<_io.BytesIO object at 0x000001E8C3A60040>,2217754224,-1.2741193612913062e-30,1.1508261905983977e+28,3.04489566893551e-09,5.764675775987308e+25,3.475313087929066e+26,-4.6788674476627184e-29,-3611940356096.0,1.7638671427579758e-19,16177,1075106,27,4,False,Left,Back,Centre,Right,81
<_io.BytesIO object at 0x000001E8C3A603B0>,1038904668,0.08968885242938995,0.673251748085022,0.15524841845035553,0.1717267632484436,0.6348122954368591,0.0788654014468193,0.15712487697601318,0.6627760529518127,4844,1075106,27,4,False,Left,Back,Centre,Right,81
<_io.BytesIO object at 0x000001E8C3A60F90>,3230481830,2.05787685978421e-40,6.979497708007332e-39,9.183549615799121e-41,-5.04979619017799e+20,1.0009793305683263e-37,30878.85546875,3.183768657762139e-27,6.02549221184745e-07,-16730,1075106,27,4,False,Left,Back,Centre,Right,81
<_io.BytesIO object at 0x000001E8C3A607C0>,3208212611,0.4263453781604767,0.0,1.8367099231598242e-40,-6.622258297284134e-12,-217.24632263183594,1.3577156059554008e-31,-5.426896534899413e+31,6.438572747514598e-21,-16771,1075106,27,4,False,Left,Back,Centre,Right,81
<_io.BytesIO object at 0x000001E8C3A60D10>,3206024257,0.7527613043785095,0.0,0.0,0.0,0.0,0.0,9.183549615799121e-40,2.424457098570968e-38,0,1075106,27,4,False,Left,Back,Centre,Right,81
<_io.BytesIO object at 0x000001E8C3A9FB80>,11611,0.30328357219696045,-0.0029283170588314533,-0.07625522464513779,0.009909773245453835,1.0952774084974346e+19,1.2518360480162638e-11,8.355982572538778e-12,1.6388694845659302e-09,15403,1075106,27,4,False,Left,Back,Centre,Right,81
<_io.BytesIO object at 0x000001E8C3A9F3B0>,1002462634,0.009512624703347683,-1.1617034518226254e+24,1.30300674763828e-11,6.106141105636957e+36,-5.719028175977473e-24,-2.019716256072363e-34,6.773966263540068e-29,1.674602111612872e-39,-6205,1075106,27,4,False,Left,Back,Centre,Right,81
<_io.BytesIO object at 0x000001E8C3A9FA90>,761674335,1.298074214633707e+34,-2.0717370468429083e-36,-1.2741193612913062e-30,0.2826968729496002,1.6745866973297645e-39,0.0003696401254273951,1.628729205084735e-41,0.21819335222244263,12625,1075106,27,4,False,Left,Back,Centre,Right,81
<_io.BytesIO object at 0x000001E8C3A9FB30>,1782496436,28145822.0,1.6746077168067294e-39,0.0004062653752043843,1.673290496250264e-41,0.6735162138938904,0.15191812813282013,0.0770651251077652,0.009311726316809654,18,1075106,27,4,False,Left,Back,Centre,Right,81
<_io.BytesIO object at 0x000001E8C3A93A90>,1050368898,-0.002827429911121726,-0.07632751017808914,0.29724767804145813,0.01044018380343914,0.005872557871043682,0.25684893131256104,0.005445008631795645,-0.0696224644780159,-32285,1075107,27,4,False,Left,Back,Centre,Right,81
<_io.BytesIO object at 0x000001E8C3A93AE0>,1424637552,-1.7644055287692924e-17,3.2828347386175216e+30,9.176811094433032e-32,-1.1945580694431657e+38,-4.8597844498621257e-11,-0.08312830328941345,-1.436496148699007e-07,-3.7479646198602393e-23,16177,1075107,27,4,False,Left,Back,Centre,Right,81
<_io.BytesIO object at 0x000001E8C3A93090>,1038999133,0.0826634019613266,0.6738212704658508,0.15587954223155975,0.16436068713665009,0.6374949812889099,0.07821039110422134,0.14998456835746765,0.6677811741828918,-7175,1075107,27,4,False,Left,Back,Centre,Right,81
<_io.BytesIO object at 0x000001E8C3A93590>,657800614,2.0577227169531344e-40,6.979497708007332e-39,9.183549615799121e-41,-5.04979619017799e+20,1.0009793305683263e-37,30878.85546875,3.183768657762139e-27,6.02549221184745e-07,-16730,1075107,27,4,False,Left,Back,Centre,Right,81
<_io.BytesIO object at 0x000001E8C3A93C70>,3208212611,0.4263453781604767,0.0,1.8367099231598242e-40,-6.622258297284134e-12,-217.24632263183594,1.3577156059554008e-31,-5.426896534899413e+31,6.438572747514598e-21,-16771,1075107,27,4,False,Left,Back,Centre,Right,81
<_io.BytesIO object at 0x000001E8C3A93720>,3206024257,0.7527613043785095,0.0,0.0,0.0,0.0,0.0,9.183549615799121e-40,2.424457098570968e-38,0,1075107,27,4,False,Left,Back,Centre,Right,81
<_io.BytesIO object at 0x000001E8C3A93630>,11611,0.30343252420425415,-0.002827429911121726,-0.07632751017808914,0.009910541586577892,-1.3539985781753513e+26,1.2518304969011407e-11,1.5788828022778034e-09,6.35539954529136e-31,15403,1075107,27,4,False,Left,Back,Centre,Right,81
<_io.BytesIO object at 0x000001E8C3A93D60>,1002466966,0.009513020515441895,-0.014343278482556343,1.30300674763828e-11,-6.612155723375367e-38,6.733435686873801e+26,-1.4963017507809328e-25,7.812396152450826e-27,1.674602111612872e-39,-23664,1075107,27,4,False,Left,Back,Centre,Right,81
<_io.BytesIO object at 0x000001E8C3A93270>,761674334,-8.338663051145602e-38,8048558997504.0,-1.7644055287692924e-17,0.2409578114748001,1.6745866973297645e-39,0.00036935327807441354,1.628729205084735e-41,0.21820886433124542,3054,1075107,27,4,False,Left,Back,Centre,Right,81
<_io.BytesIO object at 0x000001E8C3A54360>,4273192116,53408060.0,1.6746077168067294e-39,0.00041726609924808145,1.673290496250264e-41,0.6745350956916809,0.15209069848060608,0.06967945396900177,0.009305397979915142,18,1075107,27,4,False,Left,Back,Centre,Right,81
<_io.BytesIO object at 0x000001E8C3A831D0>,1050370650,-0.0028312229551374912,-0.07627113908529282,0.29726770520210266,0.01043360959738493,0.005882411263883114,0.25693610310554504,0.005528795998543501,-0.06959874927997589,-30331,1075108,27,4,False,Left,Back,Centre,Right,81
<_io.BytesIO object at 0x000001E8C6952C70>,4247010928,-2.2139109989716133e-11,6.578640066532205e+32,6.296054627324798e-37,1519411789824000.0,-2.3231866379917957e+25,-19.280845642089844,-1.5303575666116675e+29,2.362155530635402e-33,16178,1075108,27,4,False,Left,Back,Centre,Right,81
<_io.BytesIO object at 0x000001E8C6952EA0>,1039057321,0.0754980519413948,0.6742492914199829,0.1563033163547516,0.15690578520298004,0.6403910517692566,0.07751522213220596,0.1427091509103775,0.6699230670928955,-27527,1075108,27,4,False,Left,Back,Centre,Right,81
<_io.BytesIO object at 0x000001E8C6952900>,2697608613,2.0574985091988424e-40,6.979497708007332e-39,9.183549615799121e-41,-5.04979619017799e+20,1.0009793305683263e-37,30878.85546875,3.183768657762139e-27,6.02549221184745e-07,-16730,1075108,27,4,False,Left,Back,Centre,Right,81
<_io.BytesIO object at 0x000001E8C69522C0>,3208212611,0.4263453781604767,0.0,1.8367099231598242e-40,-6.622258297284134e-12,-217.24632263183594,1.3577156059554008e-31,-5.426896534899413e+31,6.438572747514598e-21,-16771,1075108,27,4,False,Left,Back,Centre,Right,81
<_io.BytesIO object at 0x000001E8C6952680>,3206024257,0.7527613043785095,0.0,0.0,0.0,0.0,0.0,9.183549615799121e-40,2.424457098570968e-38,0,1075108,27,4,False,Left,Back,Centre,Right,81
<_io.BytesIO object at 0x000001E8C6952A40>,11611,0.3034847378730774,-0.0028312229551374912,-0.07627113908529282,0.009911115281283855,8.567307642919031e+34,1.2518337061395712e-11,5.797483026981354e-08,-1.854379777187617e+30,15402,1075108,27,4,False,Left,Back,Centre,Right,81
<_io.BytesIO object at 0x000001E8C6952C20>,1002488126,0.009513624012470245,-1.4136404754930031e-27,1.3030065741659325e-11,-4.9611955367415196e-31,4.10772192085615e-13,-4.86858793181287e-33,2.736681148082452e-24,1.674602111612872e-39,26030,1075108,27,4,False,Left,Back,Centre,Right,81
<_io.BytesIO object at 0x000001E8C6952E50>,761674344,-3.2018585325437796e-33,-1.3644849083989436e+37,-2.2139109989716133e-11,0.5810187458992004,1.6745866973297645e-39,0.0003599518386181444,1.628729205084735e-41,0.21822358667850494,854,1075108,27,4,False,Left,Back,Centre,Right,81
<_io.BytesIO object at 0x000001E8C6952A90>,1487715508,101048960.0,1.6746077168067294e-39,0.0004103669198229909,1.673290496250264e-41,0.6754394173622131,0.15210571885108948,0.062240567058324814,0.009299876168370247,18,1075108,27,4,False,Left,Back,Centre,Right,81
