_io,asset_ID,pos_x,pos_y,pos_z,rot_w,rot_x,rot_y,rot_z,error,tracking_valid,frame,trial_num,block_num,practicing,left_right_hand,palm_back_hand,target_loc,distractor_loc,participant_id
<_io.BytesIO object at 0x000001E1C14254F0>,1064278273,0.008209099993109703,-0.009691030718386173,2.802596928649634e-45,1.064986832886861e-43,1.401298464324817e-45,0.5329563021659851,0.035554151982069016,-0.07824630290269852,3257,498982,58,4,False,Right,Back,Left,Centre,61
<_io.BytesIO object at 0x000001E1C8D9DD10>,1064278264,0.008203511126339436,-0.009702891111373901,2.802596928649634e-45,1.064986832886861e-43,1.401298464324817e-45,0.5330426692962646,0.035087600350379944,-0.07824063301086426,8744,498983,58,4,False,Right,Back,Left,Centre,61
<_io.BytesIO object at 0x000001E1C6040B80>,1064278351,0.00818569865077734,-0.009738396853208542,2.802596928649634e-45,1.064986832886861e-43,1.401298464324817e-45,0.5331507921218872,0.034578029066324234,-0.07817359268665314,-2274,498984,58,4,False,Right,Back,Left,Centre,61
<_io.BytesIO object at 0x000001E1C602E040>,1064278348,0.008181026205420494,-0.009761699475347996,2.802596928649634e-45,1.064986832886861e-43,1.401298464324817e-45,0.5332911014556885,0.03408384695649147,-0.07815157622098923,24268,498985,58,4,False,Right,Back,Left,Centre,61
<_io.BytesIO object at 0x000001E1C6040C20>,1064278455,0.008159421384334564,-0.009779628366231918,2.802596928649634e-45,1.064986832886861e-43,1.401298464324817e-45,0.5333881974220276,0.03364785388112068,-0.07815844565629959,570,498986,58,4,False,Right,Back,Left,Centre,61
<_io.BytesIO object at 0x000001E1C6040360>,1064278499,0.008150419220328331,-0.009798819199204445,2.802596928649634e-45,1.064986832886861e-43,1.401298464324817e-45,0.5335170030593872,0.03325480595231056,-0.07813309878110886,27028,498987,58,4,False,Right,Back,Left,Centre,61
<_io.BytesIO object at 0x000001E1C6040310>,1064278767,0.008142799139022827,-0.0098365917801857,2.802596928649634e-45,1.064986832886861e-43,1.401298464324817e-45,0.5336545705795288,0.03298333287239075,-0.07811813056468964,-11791,498988,58,4,False,Right,Back,Left,Centre,61
<_io.BytesIO object at 0x000001E1C602ED10>,1064278609,0.008130146190524101,-0.009861753322184086,2.802596928649634e-45,1.064986832886861e-43,1.401298464324817e-45,0.5337969660758972,0.032799214124679565,-0.07811297476291656,2830,498989,58,4,False,Right,Back,Left,Centre,61
<_io.BytesIO object at 0x000001E1C8D9DA40>,1064278655,0.008112256415188313,-0.009889839217066765,2.802596928649634e-45,1.064986832886861e-43,1.401298464324817e-45,0.5339025855064392,0.032763101160526276,-0.07812213152647018,22115,498990,58,4,False,Right,Back,Left,Centre,61
<_io.BytesIO object at 0x000001E1C8D9DC70>,1064278820,0.008110209368169308,-0.009908859618008137,2.802596928649634e-45,1.064986832886861e-43,1.401298464324817e-45,0.5340022444725037,0.032783158123493195,-0.07812538743019104,-32408,498991,58,4,False,Right,Back,Left,Centre,61
<_io.BytesIO object at 0x000001E1C6040090>,1064278892,0.008106917142868042,-0.009931523352861404,2.802596928649634e-45,1.064986832886861e-43,1.401298464324817e-45,0.5341293811798096,0.03287862241268158,-0.07812786102294922,-30784,498992,58,4,False,Right,Back,Left,Centre,61
<_io.BytesIO object at 0x000001E1C602E270>,1064278887,0.008095989003777504,-0.009954950772225857,2.802596928649634e-45,1.064986832886861e-43,1.401298464324817e-45,0.5342493057250977,0.033044569194316864,-0.0781555101275444,27759,498993,58,4,False,Right,Back,Left,Centre,61
<_io.BytesIO object at 0x000001E1C60407C0>,1064279001,0.008078213781118393,-0.009981763549149036,2.802596928649634e-45,1.064986832886861e-43,1.401298464324817e-45,0.534329354763031,0.033219680190086365,-0.07812776416540146,2961,498994,58,4,False,Right,Back,Left,Centre,61
<_io.BytesIO object at 0x000001E1C8D9DDB0>,1064278975,0.008072087541222572,-0.010000880807638168,2.802596928649634e-45,1.064986832886861e-43,1.401298464324817e-45,0.5343796014785767,0.03343027085065842,-0.0780833512544632,5807,498995,58,4,False,Right,Back,Left,Centre,61
<_io.BytesIO object at 0x000001E1C8D9D540>,1064279095,0.008060394786298275,-0.010014401748776436,2.802596928649634e-45,1.064986832886861e-43,1.401298464324817e-45,0.5343330502510071,0.03368087112903595,-0.07803700864315033,-23824,498996,58,4,False,Right,Back,Left,Centre,61
<_io.BytesIO object at 0x000001E1C6040DB0>,1064279208,0.00805630162358284,-0.010037186555564404,2.802596928649634e-45,1.064986832886861e-43,1.401298464324817e-45,0.534288227558136,0.0339093916118145,-0.07797053456306458,6283,498997,58,4,False,Right,Back,Left,Centre,61
<_io.BytesIO object at 0x000001E1C6040B30>,1064279284,0.008047492243349552,-0.01005435362458229,2.802596928649634e-45,1.064986832886861e-43,1.401298464324817e-45,0.5342414975166321,0.03412550315260887,-0.0778874009847641,-30716,498998,58,4,False,Right,Back,Left,Centre,61
<_io.BytesIO object at 0x000001E1C602E6D0>,1064279194,0.008053365163505077,-0.010061517357826233,2.802596928649634e-45,1.064986832886861e-43,1.401298464324817e-45,0.5341811776161194,0.03431401401758194,-0.07778623700141907,11182,498999,58,4,False,Right,Back,Left,Centre,61
<_io.BytesIO object at 0x000001E1C602EB30>,1064279200,0.008042755536735058,-0.010071015916764736,2.802596928649634e-45,1.064986832886861e-43,1.401298464324817e-45,0.5340805053710938,0.03450147435069084,-0.07763266563415527,-32446,499000,58,4,False,Right,Back,Left,Centre,61
<_io.BytesIO object at 0x000001E1C8D9DA40>,1064279061,0.00804775021970272,-0.010076782666146755,2.802596928649634e-45,1.064986832886861e-43,1.401298464324817e-45,0.5339589715003967,0.034668080508708954,-0.07748104631900787,-12291,499001,58,4,False,Right,Back,Left,Centre,61
<_io.BytesIO object at 0x000001E1C8D9D900>,1064278895,0.00804025586694479,-0.010090391151607037,2.802596928649634e-45,1.064986832886861e-43,1.401298464324817e-45,0.533831775188446,0.034823644906282425,-0.07732219249010086,7591,499002,58,4,False,Right,Back,Left,Centre,61
<_io.BytesIO object at 0x000001E1C6040EF0>,1064278719,0.00803439598530531,-0.010114004835486412,2.802596928649634e-45,1.064986832886861e-43,1.401298464324817e-45,0.5337081551551819,0.0349658727645874,-0.07715450972318649,-11975,499003,58,4,False,Right,Back,Left,Centre,61
<_io.BytesIO object at 0x000001E1C8D9D5E0>,1064278784,0.008046344853937626,-0.010126985609531403,2.802596928649634e-45,1.064986832886861e-43,1.401298464324817e-45,0.5335736870765686,0.035137102007865906,-0.07703771442174911,3760,499004,58,4,False,Right,Back,Left,Centre,61
<_io.BytesIO object at 0x000001E1C6040130>,1064278754,0.008045067079365253,-0.010129157453775406,2.802596928649634e-45,1.064986832886861e-43,1.401298464324817e-45,0.533410906791687,0.03533906862139702,-0.07691391557455063,17981,499005,58,4,False,Right,Back,Left,Centre,61
<_io.BytesIO object at 0x000001E1C8D9D720>,1064278829,0.008034360595047474,-0.01014543604105711,2.802596928649634e-45,1.064986832886861e-43,1.401298464324817e-45,0.5332167148590088,0.035654764622449875,-0.07688343524932861,-12625,499006,58,4,False,Right,Back,Left,Centre,61
<_io.BytesIO object at 0x000001E1C60400E0>,1064278853,0.00802305992692709,-0.010161140002310276,2.802596928649634e-45,1.064986832886861e-43,1.401298464324817e-45,0.5329797863960266,0.03604643791913986,-0.07688684016466141,12641,499007,58,4,False,Right,Back,Left,Centre,61
<_io.BytesIO object at 0x000001E1C6040860>,1064278928,0.008013034239411354,-0.01018450502306223,2.802596928649634e-45,1.064986832886861e-43,1.401298464324817e-45,0.5328143239021301,0.036472905427217484,-0.07688914984464645,9891,499008,58,4,False,Right,Back,Left,Centre,61
<_io.BytesIO object at 0x000001E1C6040950>,1064279082,0.008005058392882347,-0.010202327743172646,2.802596928649634e-45,1.064986832886861e-43,1.401298464324817e-45,0.5326410531997681,0.036949340254068375,-0.07696890085935593,4450,499009,58,4,False,Right,Back,Left,Centre,61
<_io.BytesIO object at 0x000001E1C602E860>,1064279211,0.007998929359018803,-0.010226763784885406,2.802596928649634e-45,1.064986832886861e-43,1.401298464324817e-45,0.532462477684021,0.037548165768384933,-0.07709387689828873,-18073,499010,58,4,False,Right,Back,Left,Centre,61
<_io.BytesIO object at 0x000001E1C602E220>,1064279373,0.007982644252479076,-0.010243464261293411,2.802596928649634e-45,1.064986832886861e-43,1.401298464324817e-45,0.5322989225387573,0.03824996575713158,-0.0771697461605072,24474,499011,58,4,False,Right,Back,Left,Centre,61
<_io.BytesIO object at 0x000001E1C6040220>,1064279500,0.007969483733177185,-0.010261844843626022,2.802596928649634e-45,1.064986832886861e-43,1.401298464324817e-45,0.5321438908576965,0.03900078684091568,-0.07722163945436478,11397,499012,58,4,False,Right,Back,Left,Centre,61
<_io.BytesIO object at 0x000001E1C6040B80>,1064279571,0.007962231524288654,-0.010287085548043251,2.802596928649634e-45,1.064986832886861e-43,1.401298464324817e-45,0.5319741368293762,0.039886295795440674,-0.07733428478240967,9370,499013,58,4,False,Right,Back,Left,Centre,61
<_io.BytesIO object at 0x000001E1C8D9DC70>,1064278660,0.007856958545744419,-0.010430343449115753,2.802596928649634e-45,1.064986832886861e-43,1.401298464324817e-45,0.5323310494422913,0.04115396738052368,-0.07688198238611221,28055,499014,58,4,False,Right,Back,Left,Centre,61
<_io.BytesIO object at 0x000001E1C6040130>,1064279108,0.007916226983070374,-0.010340649634599686,2.802596928649634e-45,1.064986832886861e-43,1.401298464324817e-45,0.5322526693344116,0.042188528925180435,-0.07690303027629852,27787,499015,58,4,False,Right,Back,Left,Centre,61
<_io.BytesIO object at 0x000001E1C8D9D310>,1064279348,0.00793781690299511,-0.010342180728912354,2.802596928649634e-45,1.064986832886861e-43,1.401298464324817e-45,0.532159149646759,0.04337143898010254,-0.0768597275018692,-31981,499016,58,4,False,Right,Back,Left,Centre,61
<_io.BytesIO object at 0x000001E1C602E4A0>,1064279386,0.007944750599563122,-0.010346094146370888,2.802596928649634e-45,1.064986832886861e-43,1.401298464324817e-45,0.5320737361907959,0.04462125524878502,-0.07677586376667023,-109,499017,58,4,False,Right,Back,Left,Centre,61
<_io.BytesIO object at 0x000001E1C6040770>,1064278510,0.007926030084490776,-0.010390260256826878,2.802596928649634e-45,1.064986832886861e-43,1.401298464324817e-45,0.5320127010345459,0.045973844826221466,-0.07661876827478409,-11106,499018,58,4,False,Right,Back,Left,Centre,61
<_io.BytesIO object at 0x000001E1C604EEF0>,1064278186,0.00791889801621437,-0.010395284742116928,2.802596928649634e-45,1.064986832886861e-43,1.401298464324817e-45,0.5319458842277527,0.04738031327724457,-0.07636740058660507,27922,499019,58,4,False,Right,Back,Left,Centre,61
<_io.BytesIO object at 0x000001E1C60332C0>,1064278021,0.007912545464932919,-0.010402101092040539,2.802596928649634e-45,1.064986832886861e-43,1.401298464324817e-45,0.5318573117256165,0.04889104142785072,-0.07607566565275192,218,499020,58,4,False,Right,Back,Left,Centre,61
<_io.BytesIO object at 0x000001E1C8DA8540>,1064277585,0.007917950861155987,-0.010422357358038425,2.802596928649634e-45,1.064986832886861e-43,1.401298464324817e-45,0.5320068597793579,0.0538301058113575,-0.0745161846280098,-20042,499023,58,4,False,Right,Back,Left,Centre,61
<_io.BytesIO object at 0x000001E1C8D90A40>,1064277416,0.007932746782898903,-0.010384293273091316,2.802596928649634e-45,1.064986832886861e-43,1.401298464324817e-45,0.5320547819137573,0.05559631064534187,-0.07383015006780624,-30598,499024,58,4,False,Right,Back,Left,Centre,61
<_io.BytesIO object at 0x000001E1C602F090>,1064277325,0.007949579507112503,-0.010373983532190323,2.802596928649634e-45,1.064986832886861e-43,1.401298464324817e-45,0.5320949554443359,0.05753818154335022,-0.07301204651594162,14619,499025,58,4,False,Right,Back,Left,Centre,61
<_io.BytesIO object at 0x000001E1C8DA85E0>,1064276940,0.007918266579508781,-0.010449470952153206,2.802596928649634e-45,1.064986832886861e-43,1.401298464324817e-45,0.5322860479354858,0.06119701266288757,-0.07101749628782272,32245,499027,58,4,False,Right,Back,Left,Centre,61
<_io.BytesIO object at 0x000001E1C602E9F0>,1064276636,0.00791837740689516,-0.010419807396829128,2.802596928649634e-45,1.064986832886861e-43,1.401298464324817e-45,0.5323548316955566,0.06310021132230759,-0.06986290216445923,32602,499028,58,4,False,Right,Back,Left,Centre,61
<_io.BytesIO object at 0x000001E1C6027E00>,1064276454,0.007921664044260979,-0.010418583638966084,2.802596928649634e-45,1.064986832886861e-43,1.401298464324817e-45,0.5325780510902405,0.06501859426498413,-0.06858740001916885,-25677,499029,58,4,False,Right,Back,Left,Centre,61
<_io.BytesIO object at 0x000001E1C8E174F0>,1064277047,0.00794264953583479,-0.01036671083420515,2.802596928649634e-45,1.064986832886861e-43,1.401298464324817e-45,0.5327727198600769,0.06701364368200302,-0.06723138689994812,-20194,499030,58,4,False,Right,Back,Left,Centre,61
<_io.BytesIO object at 0x000001E1C604E6D0>,1064276925,0.007989899255335331,-0.010316726751625538,2.802596928649634e-45,1.064986832886861e-43,1.401298464324817e-45,0.5330963134765625,0.06898507475852966,-0.065561443567276,21073,499031,58,4,False,Right,Back,Left,Centre,61
<_io.BytesIO object at 0x000001E1C60406D0>,1064277671,0.00801023468375206,-0.010257037356495857,2.802596928649634e-45,1.064986832886861e-43,1.401298464324817e-45,0.533266007900238,0.07100191712379456,-0.06405305862426758,-24837,499032,58,4,False,Right,Back,Left,Centre,61
<_io.BytesIO object at 0x000001E1C6033A90>,1064277368,0.007966912351548672,-0.010306152515113354,2.802596928649634e-45,1.064986832886861e-43,1.401298464324817e-45,0.5335735082626343,0.072989821434021,-0.0622476190328598,-5019,499033,58,4,False,Right,Back,Left,Centre,61
<_io.BytesIO object at 0x000001E1C8DB31D0>,1064277635,0.007977264001965523,-0.010253247804939747,2.802596928649634e-45,1.064986832886861e-43,1.401298464324817e-45,0.5339657068252563,0.07503164559602737,-0.06032261997461319,26862,499034,58,4,False,Right,Back,Left,Centre,61
<_io.BytesIO object at 0x000001E1C602FBD0>,1064277724,0.008043484762310982,-0.0101690161973238,2.802596928649634e-45,1.064986832886861e-43,1.401298464324817e-45,0.534490168094635,0.07707756012678146,-0.058217987418174744,-24834,499035,58,4,False,Right,Back,Left,Centre,61
<_io.BytesIO object at 0x000001E1C8DB3DB0>,1064277675,0.008065151050686836,-0.010140552185475826,2.802596928649634e-45,1.064986832886861e-43,1.401298464324817e-45,0.5349633693695068,0.07909757643938065,-0.0560334138572216,-21340,499036,58,4,False,Right,Back,Left,Centre,61
<_io.BytesIO object at 0x000001E1C60332C0>,1064277425,0.008082510903477669,-0.010132459923624992,2.802596928649634e-45,1.064986832886861e-43,1.401298464324817e-45,0.5354853272438049,0.08110564202070236,-0.053722526878118515,-20406,499037,58,4,False,Right,Back,Left,Centre,61
<_io.BytesIO object at 0x000001E1C6027F90>,1064277125,0.008090417832136154,-0.01011300552636385,2.802596928649634e-45,1.064986832886861e-43,1.401298464324817e-45,0.5360808968544006,0.08305729180574417,-0.051248740404844284,-6874,499038,58,4,False,Right,Back,Left,Centre,61
<_io.BytesIO object at 0x000001E1C8DB7360>,1064276919,0.008100712671875954,-0.01008972804993391,2.802596928649634e-45,1.064986832886861e-43,1.401298464324817e-45,0.5367739200592041,0.0850483700633049,-0.04873323068022728,-9174,499039,58,4,False,Right,Back,Left,Centre,61
<_io.BytesIO object at 0x000001E1C602FD60>,1064276762,0.00811695121228695,-0.010071455501019955,2.802596928649634e-45,1.064986832886861e-43,1.401298464324817e-45,0.5377360582351685,0.08679953217506409,-0.04601631313562393,-10025,499040,58,4,False,Right,Back,Left,Centre,61
<_io.BytesIO object at 0x000001E1C8DB7540>,1064276528,0.008128849789500237,-0.01005879882723093,2.802596928649634e-45,1.064986832886861e-43,1.401298464324817e-45,0.5385216474533081,0.08883794397115707,-0.043137386441230774,-25992,499041,58,4,False,Right,Back,Left,Centre,61
<_io.BytesIO object at 0x000001E1C6040180>,1064276368,0.008142166770994663,-0.010047181509435177,2.802596928649634e-45,1.064986832886861e-43,1.401298464324817e-45,0.5394444465637207,0.090815469622612,-0.040084511041641235,-25124,499042,58,4,False,Right,Back,Left,Centre,61
<_io.BytesIO object at 0x000001E1C8DA8770>,1064276164,0.008154477924108505,-0.01003837026655674,2.802596928649634e-45,1.064986832886861e-43,1.401298464324817e-45,0.5403948426246643,0.0927506610751152,-0.036906033754348755,-15705,499043,58,4,False,Right,Back,Left,Centre,61
<_io.BytesIO object at 0x000001E1C8DB37C0>,1064276083,0.008161740377545357,-0.0100281136110425,2.802596928649634e-45,1.064986832886861e-43,1.401298464324817e-45,0.541431188583374,0.09465357661247253,-0.03361521661281586,4615,499044,58,4,False,Right,Back,Left,Centre,61
<_io.BytesIO object at 0x000001E1C6053310>,1064275997,0.008165577426552773,-0.010010714642703533,2.802596928649634e-45,1.064986832886861e-43,1.401298464324817e-45,0.5425089001655579,0.09662148356437683,-0.030080121010541916,-11664,499045,58,4,False,Right,Back,Left,Centre,61
<_io.BytesIO object at 0x000001E1C6027D60>,1064275880,0.008163890801370144,-0.010001851245760918,2.802596928649634e-45,1.064986832886861e-43,1.401298464324817e-45,0.5435859560966492,0.09844820201396942,-0.02625950425863266,4532,499046,58,4,False,Right,Back,Left,Centre,61
<_io.BytesIO object at 0x000001E1C6033400>,1064275788,0.008171390742063522,-0.010000173933804035,2.802596928649634e-45,1.064986832886861e-43,1.401298464324817e-45,0.5448479652404785,0.1002180203795433,-0.022239534184336662,31137,499047,58,4,False,Right,Back,Left,Centre,61
<_io.BytesIO object at 0x000001E1C14251D0>,1064275629,0.008171207271516323,-0.00998204480856657,2.802596928649634e-45,1.064986832886861e-43,1.401298464324817e-45,0.5461047887802124,0.1019449532032013,-0.017940502613782883,-3775,499048,58,4,False,Right,Back,Left,Centre,61
<_io.BytesIO object at 0x000001E1C8DB7950>,1064275610,0.008186805993318558,-0.009969963692128658,2.802596928649634e-45,1.064986832886861e-43,1.401298464324817e-45,0.5473687052726746,0.1036233976483345,-0.013455316424369812,-13406,499049,58,4,False,Right,Back,Left,Centre,61
<_io.BytesIO object at 0x000001E1C8DB7EF0>,1064275353,0.00820848997682333,-0.00994808692485094,2.802596928649634e-45,1.064986832886861e-43,1.401298464324817e-45,0.5486592054367065,0.10531635582447052,-0.008589064702391624,-19472,499050,58,4,False,Right,Back,Left,Centre,61
<_io.BytesIO object at 0x000001E1C1425590>,1064275080,0.008213868364691734,-0.009929978288710117,2.802596928649634e-45,1.064986832886861e-43,1.401298464324817e-45,0.5499271750450134,0.10703718662261963,-0.003515917807817459,-6685,499051,58,4,False,Right,Back,Left,Centre,61
<_io.BytesIO object at 0x000001E1C60337C0>,1064274782,0.008226804435253143,-0.009912490844726562,2.802596928649634e-45,1.064986832886861e-43,1.401298464324817e-45,0.5512382984161377,0.1088164746761322,0.0017983447760343552,929,499052,58,4,False,Right,Back,Left,Centre,61
<_io.BytesIO object at 0x000001E1C60274F0>,1064274688,0.008232539519667625,-0.009888985194265842,2.802596928649634e-45,1.064986832886861e-43,1.401298464324817e-45,0.5523042678833008,0.11084725707769394,0.007515899837017059,12569,499053,58,4,False,Right,Back,Left,Centre,61
<_io.BytesIO object at 0x000001E1C8DEEAE0>,1064274527,0.008248734287917614,-0.009861144237220287,2.802596928649634e-45,1.064986832886861e-43,1.401298464324817e-45,0.5535150766372681,0.11263874918222427,0.013288388028740883,15994,499054,58,4,False,Right,Back,Left,Centre,61
<_io.BytesIO object at 0x000001E1C8DEE130>,1064274228,0.008263408206403255,-0.009815291501581669,2.802596928649634e-45,1.064986832886861e-43,1.401298464324817e-45,0.5549869537353516,0.11445426195859909,0.01958155259490013,11159,499055,58,4,False,Right,Back,Left,Centre,61
<_io.BytesIO object at 0x000001E1C6027950>,1064273964,0.008258355781435966,-0.00977308303117752,2.802596928649634e-45,1.064986832886861e-43,1.401298464324817e-45,0.5566576719284058,0.11605903506278992,0.025987565517425537,-28594,499056,58,4,False,Right,Back,Left,Centre,61
<_io.BytesIO object at 0x000001E1C60335E0>,1064273970,0.00827755220234394,-0.009734791703522205,2.802596928649634e-45,1.064986832886861e-43,1.401298464324817e-45,0.558542788028717,0.1174539104104042,0.0325792133808136,-323,499057,58,4,False,Right,Back,Left,Centre,61
<_io.BytesIO object at 0x000001E1C604EB30>,1064273923,0.008293098770081997,-0.009696089662611485,2.802596928649634e-45,1.064986832886861e-43,1.401298464324817e-45,0.5605123043060303,0.11862941831350327,0.03945590555667877,11458,499058,58,4,False,Right,Back,Left,Centre,61
<_io.BytesIO object at 0x000001E1C8E17CC0>,1064273001,0.008340880274772644,-0.009662412106990814,2.802596928649634e-45,1.064986832886861e-43,1.401298464324817e-45,0.562620222568512,0.11967801302671432,0.04638902097940445,-11232,499059,58,4,False,Right,Back,Left,Centre,61
<_io.BytesIO object at 0x000001E1C1425770>,1064272765,0.008348886854946613,-0.00960643868893385,2.802596928649634e-45,1.064986832886861e-43,1.401298464324817e-45,0.5650036334991455,0.12051955610513687,0.05346906930208206,27982,499060,58,4,False,Right,Back,Left,Centre,61
<_io.BytesIO object at 0x000001E1C8D90040>,1064272274,0.008356381207704544,-0.00955413281917572,0.5589586496353149,0.09080059826374054,0.10650612413883209,2.802596928649634e-45,1.064986832886861e-43,1.401298464324817e-45,20835,499061,58,4,False,Right,Back,Left,Centre,61
<_io.BytesIO object at 0x000001E1C8D90630>,2058305297,4.2639674057083775e+35,23886578.0,-2.2584975303798574e-24,8.683205819786854e+16,11.077815055847168,2.4783310245543018e+30,1.1290261727065051e-40,2.802596928649634e-45,8030,499061,58,4,False,Right,Back,Left,Centre,61
<_io.BytesIO object at 0x000001E1C8DEE950>,1064272511,0.008374606259167194,-0.009523187763988972,2.802596928649634e-45,1.064986832886861e-43,1.401298464324817e-45,0.5704196691513062,0.12132566422224045,0.06838241219520569,9390,499062,58,4,False,Right,Back,Left,Centre,61
<_io.BytesIO object at 0x000001E1C8DB3310>,1064268421,0.007949312217533588,-0.009699583053588867,2.802596928649634e-45,1.064986832886861e-43,1.401298464324817e-45,0.5737574696540833,0.12202952802181244,0.07478572428226471,6326,499063,58,4,False,Right,Back,Left,Centre,61
<_io.BytesIO object at 0x000001E1C60279A0>,1064268082,0.007918660528957844,-0.009646372869610786,2.802596928649634e-45,1.064986832886861e-43,1.401298464324817e-45,0.5767722725868225,0.12312326580286026,0.08155703544616699,-22631,499064,58,4,False,Right,Back,Left,Centre,61
<_io.BytesIO object at 0x000001E1C8DB33B0>,1064269323,0.007891969755291939,-0.009623721241950989,2.802596928649634e-45,1.064986832886861e-43,1.401298464324817e-45,0.580089271068573,0.12441054731607437,0.08798724412918091,-14238,499065,58,4,False,Right,Back,Left,Centre,61
<_io.BytesIO object at 0x000001E1C604EEA0>,1064269750,0.007881452329456806,-0.009618350304663181,2.802596928649634e-45,1.064986832886861e-43,1.401298464324817e-45,0.5832275748252869,0.126002699136734,0.0945076271891594,-17779,499066,58,4,False,Right,Back,Left,Centre,61
<_io.BytesIO object at 0x000001E1C8F6F180>,1064270203,0.007877047173678875,-0.00958743505179882,2.802596928649634e-45,1.064986832886861e-43,1.401298464324817e-45,0.586791455745697,0.12774962186813354,0.10068358480930328,-1317,499067,58,4,False,Right,Back,Left,Centre,61
<_io.BytesIO object at 0x000001E1C1425040>,1064270575,0.007857127115130424,-0.00958013255149126,2.802596928649634e-45,1.064986832886861e-43,1.401298464324817e-45,0.5906869173049927,0.1296028345823288,0.10636230558156967,7433,499068,58,4,False,Right,Back,Left,Centre,61
<_io.BytesIO object at 0x000001E1C60279F0>,1064271102,0.007870964705944061,-0.009568058885633945,2.802596928649634e-45,1.064986832886861e-43,1.401298464324817e-45,0.5946326851844788,0.13143609464168549,0.11175822466611862,32335,499069,58,4,False,Right,Back,Left,Centre,61
<_io.BytesIO object at 0x000001E1C8DB7680>,1064271121,0.007869124412536621,-0.009573006071150303,2.802596928649634e-45,1.064986832886861e-43,1.401298464324817e-45,0.598534345626831,0.13317948579788208,0.11683502048254013,-16810,499070,58,4,False,Right,Back,Left,Centre,61
<_io.BytesIO object at 0x000001E1C8D90A40>,1064271295,0.007873362861573696,-0.00957940611988306,2.802596928649634e-45,1.064986832886861e-43,1.401298464324817e-45,0.6026451587677002,0.13490132987499237,0.12183772027492523,287,499071,58,4,False,Right,Back,Left,Centre,61
<_io.BytesIO object at 0x000001E1C602F630>,1064272335,0.00789976678788662,-0.009628763422369957,2.802596928649634e-45,1.064986832886861e-43,1.401298464324817e-45,0.6072771549224854,0.1363632082939148,0.12639343738555908,-32103,499072,58,4,False,Right,Back,Left,Centre,61
<_io.BytesIO object at 0x000001E1C6033450>,1064271288,0.007851772010326385,-0.009603838436305523,0.6120526194572449,0.10154085606336594,0.16925141215324402,2.802596928649634e-45,1.064986832886861e-43,1.401298464324817e-45,-7963,499073,58,4,False,Right,Back,Left,Centre,61
<_io.BytesIO object at 0x000001E1C6033D10>,1375223580,3.55326195439763e+31,-4.1202337608325524e-23,-0.006461798213422298,2.2070374283440075e-31,-8.502791501996398e-07,566261.6875,1.131898834558371e-40,2.802596928649634e-45,16014,499073,58,4,False,Right,Back,Left,Centre,61
<_io.BytesIO object at 0x000001E1C6027450>,1064272246,0.007849050685763359,-0.009660709649324417,2.802596928649634e-45,1.064986832886861e-43,1.401298464324817e-45,0.6187968254089355,0.13635791838169098,0.13538691401481628,-3526,499074,58,4,False,Right,Back,Left,Centre,61
<_io.BytesIO object at 0x000001E1C8DB3E00>,1064272800,0.007848595269024372,-0.009687623009085655,2.802596928649634e-45,1.064986832886861e-43,1.401298464324817e-45,0.6252219080924988,0.13661326467990875,0.13933375477790833,-20336,499075,58,4,False,Right,Back,Left,Centre,61
<_io.BytesIO object at 0x000001E1C8DEE540>,1064272984,0.00783198606222868,-0.009709171019494534,2.802596928649634e-45,1.064986832886861e-43,1.401298464324817e-45,0.6324935555458069,0.13676238059997559,0.1433555632829666,15655,499076,58,4,False,Right,Back,Left,Centre,61
<_io.BytesIO object at 0x000001E1C8F6F0E0>,1064273624,0.007781554013490677,-0.009769397787749767,0.6819489002227783,0.18389667570590973,0.18366216123104095,2.802596928649634e-45,1.064986832886861e-43,1.401298464324817e-45,6792,499077,58,4,False,Right,Back,Left,Centre,61
<_io.BytesIO object at 0x000001E1C8F6F630>,2362326820,5.568379360612946e+25,-2.0149310297918068e-32,1.9430155586449585e+31,1.2164346034637414e-16,6.866554311602513e+35,-4103.91455078125,1.1305676010172624e-40,2.802596928649634e-45,19685,499077,58,4,False,Right,Back,Left,Centre,61
<_io.BytesIO object at 0x000001E1C1425180>,1064273874,0.007771106902509928,-0.0097881518304348,0.6904531121253967,0.18456700444221497,0.18692278861999512,2.802596928649634e-45,1.064986832886861e-43,1.401298464324817e-45,-16967,499078,58,4,False,Right,Back,Left,Centre,61
<_io.BytesIO object at 0x000001E1C1425770>,1538932517,-4.3030856655690286e-13,6.892813609211953e-35,9545835520.0,20165601280.0,2.2814325985134204e+23,-1.7715891239513991e+37,1.13042747117083e-40,2.802596928649634e-45,20804,499078,58,4,False,Right,Back,Left,Centre,61
<_io.BytesIO object at 0x000001E1C8DB7360>,1064274449,0.007748208940029144,-0.009801923297345638,0.6990801692008972,0.18427638709545135,0.1900826245546341,2.802596928649634e-45,1.064986832886861e-43,1.401298464324817e-45,15482,499079,58,4,False,Right,Back,Left,Centre,61
<_io.BytesIO object at 0x000001E1C8DB79A0>,147144487,-3.131755392277077e+25,-8.42066057237142e+21,4.796631514495222e-33,-8.245167903901044e-33,299605442953216.0,-1.7916846895005278e-09,1.1303994452015434e-40,2.802596928649634e-45,25383,499079,58,4,False,Right,Back,Left,Centre,61
<_io.BytesIO object at 0x000001E1C8D907C0>,1060441804,0.18416188657283783,0.19371840357780457,2.802596928649634e-45,1.064986832886861e-43,1.401298464324817e-45,0.6588174700737,0.12370498478412628,0.14567676186561584,10655,499080,58,4,False,Right,Back,Left,Centre,61
<_io.BytesIO object at 0x000001E1C602FE00>,1064275352,0.007695603650063276,-0.009833922609686852,2.802596928649634e-45,1.064986832886861e-43,1.401298464324817e-45,0.6639096140861511,0.12244069576263428,0.1476704329252243,-32406,499081,58,4,False,Right,Back,Left,Centre,61
<_io.BytesIO object at 0x000001E1C8E17AE0>,1064275695,0.007688943296670914,-0.009833602234721184,2.802596928649634e-45,1.064986832886861e-43,1.401298464324817e-45,0.6681821942329407,0.12127882987260818,0.15003420412540436,20765,499082,58,4,False,Right,Back,Left,Centre,61
<_io.BytesIO object at 0x000001E1C60406D0>,1064276032,0.007682122755795717,-0.009825872257351875,2.802596928649634e-45,1.064986832886861e-43,1.401298464324817e-45,0.672260046005249,0.11959110200405121,0.15132762491703033,18104,499083,58,4,False,Right,Back,Left,Centre,61
<_io.BytesIO object at 0x000001E1C8E17090>,1064276204,0.007692249491810799,-0.009813699871301651,2.802596928649634e-45,1.064986832886861e-43,1.401298464324817e-45,0.6760696768760681,0.1184995174407959,0.15323635935783386,-3643,499084,58,4,False,Right,Back,Left,Centre,61
<_io.BytesIO object at 0x000001E1C602F7C0>,1064276168,0.007698792964220047,-0.00980131234973669,2.802596928649634e-45,1.064986832886861e-43,1.401298464324817e-45,0.679078996181488,0.11746519058942795,0.15528327226638794,30368,499085,58,4,False,Right,Back,Left,Centre,61
<_io.BytesIO object at 0x000001E1C8D90720>,1064276136,0.0076960669830441475,-0.009783074259757996,0.7439255118370056,0.1761474460363388,0.22805027663707733,2.802596928649634e-45,1.064986832886861e-43,1.401298464324817e-45,-25158,499086,58,4,False,Right,Back,Left,Centre,61
<_io.BytesIO object at 0x000001E1C602E220>,427638574,-916.9677124023438,4.865749704140656e+26,-0.018950998783111572,1.6413145580961792e+16,6.747120772899764e+25,1.7283201595675625e-37,1.1269662639639476e-40,2.802596928649634e-45,26635,499086,58,4,False,Right,Back,Left,Centre,61
<_io.BytesIO object at 0x000001E1C8DB7040>,1064276195,0.007698070257902145,-0.00976259633898735,0.706365168094635,0.1586385816335678,0.15671901404857635,0.6799335479736328,0.14030951261520386,0.18172357976436615,-26953,499087,58,4,False,Right,Back,Left,Centre,61
<_io.BytesIO object at 0x000001E1C8DB70E0>,3977854755,3.1401985110492693e+38,-3.0449112272947583e-27,2.226408746253128e-08,1.6320850494086775e+23,2.060693469697503e-40,6.979497708007332e-39,9.183549615799121e-41,3296.0,16175,499087,58,4,False,Right,Back,Left,Centre,61
<_io.BytesIO object at 0x000001E1C8DB7130>,1038975591,0.159917414188385,0.6601183414459229,0.3181229829788208,0.20094645023345947,0.650124728679657,0.0,1.8367099231598242e-40,7.064660258372989e+24,16226,499087,58,4,False,Right,Back,Left,Centre,61
<_io.BytesIO object at 0x000001E1C8DB7EA0>,1017678796,-0.01387947890907526,-0.3907247483730316,-0.4610849916934967,-0.3027156889438629,-0.7369518280029297,0.0028570282738655806,1.401298464324817e-45,0.0,0,499087,58,4,False,Right,Back,Left,Centre,61
<_io.BytesIO object at 0x000001E1C8DB7C20>,0,0.0,1.2611686178923354e-44,3.279038406520072e-43,1.8367239361444675e-40,0.8856130242347717,0.04700889438390732,-0.034361161291599274,0.010374891571700573,586,499087,58,4,False,Right,Back,Left,Centre,61
<_io.BytesIO object at 0x000001E1C60534A0>,1064276221,0.007695289328694344,-0.009748471900820732,0.7115069031715393,0.15781717002391815,0.1628904640674591,0.6407178640365601,0.13299676775932312,0.16358719766139984,-31,499088,58,4,False,Right,Back,Left,Centre,61
<_io.BytesIO object at 0x000001E1C6040360>,2623881024,7.001809182156312e-39,2.0607915605900057e-40,6.979497708007332e-39,9.183549615799121e-41,3296.0,-1.698933249212514e-37,-14.265118598937988,-2.1972590966646773e+37,16168,499088,58,4,False,Right,Back,Left,Centre,61
<_io.BytesIO object at 0x000001E1C60403B0>,1050861828,0.20094643533229828,0.6501246690750122,0.0,1.8367099231598242e-40,3.777893186295716e+25,1.5418298864572232e+24,1.49906337085788e-30,7.875531217515751e-25,-16696,499088,58,4,False,Right,Back,Left,Centre,61
<_io.BytesIO object at 0x000001E1C6040A90>,3203148806,-0.3025299310684204,-0.7368683218955994,0.0028507616370916367,1.401298464324817e-45,0.0,0.0,0.0,7.346839692639297e-40,0,499088,58,4,False,Right,Back,Left,Centre,61
<_io.BytesIO object at 0x000001E1C8DA84A0>,1064276549,0.007673394866287708,-0.009731507860124111,0.7158493995666504,0.15691396594047546,0.1689402163028717,0.6420046091079712,0.13417890667915344,0.16776292026042938,14090,499089,58,4,False,Right,Back,Left,Centre,61
<_io.BytesIO object at 0x000001E1C8DA88B0>,52641602,-1.1599109259879947e-12,2.0608756384978652e-40,6.979497708007332e-39,9.183549615799121e-41,3296.0,-1.698933249212514e-37,-14.265118598937988,-2.1972590966646773e+37,16168,499089,58,4,False,Right,Back,Left,Centre,61
<_io.BytesIO object at 0x000001E1C8DA8C20>,1050861828,0.20094643533229828,0.6501246690750122,0.0,1.8367099231598242e-40,6.818341622626509e+26,0.7509671449661255,-4.3827327544931904e-08,3.910535927729219e-21,-16696,499089,58,4,False,Right,Back,Left,Centre,61
<_io.BytesIO object at 0x000001E1C8DA8DB0>,3203151679,-0.30217188596725464,-0.7369367480278015,0.002840975997969508,1.401298464324817e-45,0.0,0.0,0.0,7.346839692639297e-40,0,499089,58,4,False,Right,Back,Left,Centre,61
<_io.BytesIO object at 0x000001E1C602E590>,1064276826,0.007646264508366585,-0.009719448164105415,2.802596928649634e-45,1.064986832886861e-43,1.401298464324817e-45,0.684651255607605,0.11597137898206711,0.159917414188385,-636,499090,58,4,False,Right,Back,Left,Centre,61
<_io.BytesIO object at 0x000001E1C604ECC0>,1064277491,0.007636078633368015,-0.009720194153487682,2.802596928649634e-45,1.064986832886861e-43,1.401298464324817e-45,0.684651255607605,0.11597137898206711,0.159917414188385,-636,499091,58,4,False,Right,Back,Left,Centre,61
<_io.BytesIO object at 0x000001E1C8DB3220>,1064278125,0.00763689074665308,-0.009707709774374962,2.802596928649634e-45,1.064986832886861e-43,1.401298464324817e-45,0.684651255607605,0.11597137898206711,0.159917414188385,-636,499092,58,4,False,Right,Back,Left,Centre,61
<_io.BytesIO object at 0x000001E1C8E17CC0>,1064278568,0.007620300631970167,-0.009703380055725574,2.802596928649634e-45,1.064986832886861e-43,1.401298464324817e-45,0.684651255607605,0.11597137898206711,0.159917414188385,-636,499093,58,4,False,Right,Back,Left,Centre,61
<_io.BytesIO object at 0x000001E1C6033810>,1064279042,0.007598835974931717,-0.009714264422655106,2.802596928649634e-45,1.064986832886861e-43,1.401298464324817e-45,0.684651255607605,0.11597137898206711,0.159917414188385,-636,499094,58,4,False,Right,Back,Left,Centre,61
<_io.BytesIO object at 0x000001E1C8D904F0>,1064279946,0.007583605125546455,-0.009716054424643517,2.802596928649634e-45,1.064986832886861e-43,1.401298464324817e-45,0.684651255607605,0.11597137898206711,0.159917414188385,-636,499095,58,4,False,Right,Back,Left,Centre,61
<_io.BytesIO object at 0x000001E1C8D9D2C0>,1064280820,0.007548956666141748,-0.009718246757984161,2.802596928649634e-45,1.064986832886861e-43,1.401298464324817e-45,0.684651255607605,0.11597137898206711,0.159917414188385,-636,499096,58,4,False,Right,Back,Left,Centre,61
<_io.BytesIO object at 0x000001E1C6027860>,1064281881,0.0075211054645478725,-0.00972908828407526,2.802596928649634e-45,1.064986832886861e-43,1.401298464324817e-45,0.684651255607605,0.11597137898206711,0.159917414188385,-636,499097,58,4,False,Right,Back,Left,Centre,61
<_io.BytesIO object at 0x000001E1C8DA85E0>,1064282694,0.007488633040338755,-0.009726805612444878,2.802596928649634e-45,1.064986832886861e-43,1.401298464324817e-45,0.684651255607605,0.11597137898206711,0.159917414188385,-636,499098,58,4,False,Right,Back,Left,Centre,61
<_io.BytesIO object at 0x000001E1C8DB79F0>,1064283774,0.007471906486898661,-0.009731066413223743,2.802596928649634e-45,1.064986832886861e-43,1.401298464324817e-45,0.684651255607605,0.11597137898206711,0.159917414188385,-636,499099,58,4,False,Right,Back,Left,Centre,61
<_io.BytesIO object at 0x000001E1C602F860>,1064284701,0.00738227553665638,-0.00970736425369978,2.802596928649634e-45,1.064986832886861e-43,1.401298464324817e-45,0.684651255607605,0.11597137898206711,0.159917414188385,-636,499100,58,4,False,Right,Back,Left,Centre,61
<_io.BytesIO object at 0x000001E1C604E860>,1064285219,0.007353411056101322,-0.00968195591121912,2.802596928649634e-45,1.064986832886861e-43,1.401298464324817e-45,0.684651255607605,0.11597137898206711,0.159917414188385,-636,499101,58,4,False,Right,Back,Left,Centre,61
<_io.BytesIO object at 0x000001E1C8DB3770>,1064286792,0.007419408764690161,-0.009683390147984028,2.802596928649634e-45,1.064986832886861e-43,1.401298464324817e-45,0.684651255607605,0.11597137898206711,0.159917414188385,-636,499102,58,4,False,Right,Back,Left,Centre,61
<_io.BytesIO object at 0x000001E1C8DEEC20>,1064287220,0.007416359148919582,-0.00967646948993206,2.802596928649634e-45,1.064986832886861e-43,1.401298464324817e-45,0.684651255607605,0.11597137898206711,0.159917414188385,-636,499103,58,4,False,Right,Back,Left,Centre,61
<_io.BytesIO object at 0x000001E1C602F450>,1064287664,0.007413135375827551,-0.009653499349951744,2.802596928649634e-45,1.064986832886861e-43,1.401298464324817e-45,0.684651255607605,0.11597137898206711,0.159917414188385,-636,499104,58,4,False,Right,Back,Left,Centre,61
<_io.BytesIO object at 0x000001E1C8F6F810>,1064287877,0.007400854956358671,-0.009631164371967316,2.802596928649634e-45,1.064986832886861e-43,1.401298464324817e-45,0.684651255607605,0.11597137898206711,0.159917414188385,-636,499105,58,4,False,Right,Back,Left,Centre,61
<_io.BytesIO object at 0x000001E1C8DA8040>,1064288298,0.0073846494778990746,-0.009616570547223091,2.802596928649634e-45,1.064986832886861e-43,1.401298464324817e-45,0.684651255607605,0.11597137898206711,0.159917414188385,-636,499106,58,4,False,Right,Back,Left,Centre,61
<_io.BytesIO object at 0x000001E1C60534A0>,1064288375,0.007365199737250805,-0.009588567540049553,0.7679429650306702,0.0556812509894371,0.33252131938934326,2.802596928649634e-45,1.064986832886861e-43,1.401298464324817e-45,17742,499107,58,4,False,Right,Back,Left,Centre,61
<_io.BytesIO object at 0x000001E1C6027F90>,2187804463,-14.265118598937988,-2.1972590966646773e+37,-1.5247006907206992e+20,-1849.957275390625,2.2630064228475834e+28,2.2653390974274993e-41,0.0,2.802596928649634e-45,-22262,499107,58,4,False,Right,Back,Left,Centre,61
<_io.BytesIO object at 0x000001E1C8D9D900>,1064289420,0.007371491752564907,-0.009512562304735184,0.7682269215583801,0.05615171045064926,0.33477821946144104,2.802596928649634e-45,1.064986832886861e-43,1.401298464324817e-45,17742,499108,58,4,False,Right,Back,Left,Centre,61
<_io.BytesIO object at 0x000001E1C8D9D1D0>,2187804463,-14.265118598937988,-2.1972590966646773e+37,-1.5247006907206992e+20,-1849.957275390625,2.2630064228475834e+28,2.2653390974274993e-41,0.0,2.802596928649634e-45,-21938,499108,58,4,False,Right,Back,Left,Centre,61
<_io.BytesIO object at 0x000001E1C602E540>,1064290407,0.007397021166980267,-0.009422790259122849,0.7683340907096863,0.056646037846803665,0.3368447422981262,2.802596928649634e-45,1.064986832886861e-43,1.401298464324817e-45,17742,499109,58,4,False,Right,Back,Left,Centre,61
<_io.BytesIO object at 0x000001E1C602EEA0>,2187804463,-14.265118598937988,-2.1972590966646773e+37,-1.5247006907206992e+20,-1849.957275390625,2.2630064228475834e+28,2.2653390974274993e-41,0.0,2.802596928649634e-45,-21470,499109,58,4,False,Right,Back,Left,Centre,61
<_io.BytesIO object at 0x000001E1C604E450>,1064290847,0.007383058778941631,-0.009413824416697025,0.7681149244308472,0.05717623978853226,0.3387157917022705,2.802596928649634e-45,1.064986832886861e-43,1.401298464324817e-45,17742,499110,58,4,False,Right,Back,Left,Centre,61
<_io.BytesIO object at 0x000001E1C604EC20>,2187804463,-14.265118598937988,-2.1972590966646773e+37,-1.5247006907206992e+20,-1849.957275390625,2.2630064228475834e+28,2.2653390974274993e-41,0.0,2.802596928649634e-45,-21097,499110,58,4,False,Right,Back,Left,Centre,61
<_io.BytesIO object at 0x000001E1C8E17400>,1064291177,0.00735520338639617,-0.009411847218871117,0.767782986164093,0.05782713741064072,0.34060347080230713,2.802596928649634e-45,1.064986832886861e-43,1.401298464324817e-45,17742,499111,58,4,False,Right,Back,Left,Centre,61
<_io.BytesIO object at 0x000001E1C8E17630>,2187804463,-14.265118598937988,-2.1972590966646773e+37,-1.5247006907206992e+20,-1849.957275390625,2.2630064228475834e+28,2.2653390974274993e-41,0.0,2.802596928649634e-45,-20516,499111,58,4,False,Right,Back,Left,Centre,61
<_io.BytesIO object at 0x000001E1C8DB7B80>,1064291442,0.007267688401043415,-0.009459017775952816,0.7670915126800537,0.05852576345205307,0.3422994315624237,2.802596928649634e-45,1.064986832886861e-43,1.401298464324817e-45,17742,499112,58,4,False,Right,Back,Left,Centre,61
<_io.BytesIO object at 0x000001E1C8DB7F90>,2187804463,-14.265118598937988,-2.1972590966646773e+37,-1.5247006907206992e+20,-1849.957275390625,2.2630064228475834e+28,2.2653390974274993e-41,0.0,2.802596928649634e-45,-19821,499112,58,4,False,Right,Back,Left,Centre,61
<_io.BytesIO object at 0x000001E1C8DEEB80>,1064291812,0.007243012543767691,-0.00945434719324112,0.7664793133735657,0.05914752557873726,0.34401735663414,2.802596928649634e-45,1.064986832886861e-43,1.401298464324817e-45,17742,499113,58,4,False,Right,Back,Left,Centre,61
<_io.BytesIO object at 0x000001E1C8DEE9A0>,2187804463,-14.265118598937988,-2.1972590966646773e+37,-1.5247006907206992e+20,-1849.957275390625,2.2630064228475834e+28,2.2653390974274993e-41,0.0,2.802596928649634e-45,-19581,499113,58,4,False,Right,Back,Left,Centre,61
<_io.BytesIO object at 0x000001E1C602F360>,1064292187,0.007228292524814606,-0.009465426206588745,0.7657458782196045,0.05972687900066376,0.3456345200538635,2.802596928649634e-45,1.064986832886861e-43,1.401298464324817e-45,17742,499114,58,4,False,Right,Back,Left,Centre,61
<_io.BytesIO object at 0x000001E1C602FCC0>,2187804463,-14.265118598937988,-2.1972590966646773e+37,-1.5247006907206992e+20,-1849.957275390625,2.2630064228475834e+28,2.2653390974274993e-41,0.0,2.802596928649634e-45,-18785,499114,58,4,False,Right,Back,Left,Centre,61
<_io.BytesIO object at 0x000001E1C8F6F810>,1064292367,0.00719552394002676,-0.009469041600823402,0.7648496031761169,0.06034678965806961,0.3470539450645447,2.802596928649634e-45,1.064986832886861e-43,1.401298464324817e-45,17742,499115,58,4,False,Right,Back,Left,Centre,61
<_io.BytesIO object at 0x000001E1C8F6FEA0>,2187804463,-14.265118598937988,-2.1972590966646773e+37,-1.5247006907206992e+20,-1849.957275390625,2.2630064228475834e+28,2.2653390974274993e-41,0.0,2.802596928649634e-45,-18249,499115,58,4,False,Right,Back,Left,Centre,61
<_io.BytesIO object at 0x000001E1C6040130>,1064292787,0.007158875465393066,-0.009481510147452354,0.763920783996582,0.06088600680232048,0.3482941687107086,2.802596928649634e-45,1.064986832886861e-43,1.401298464324817e-45,17742,499116,58,4,False,Right,Back,Left,Centre,61
<_io.BytesIO object at 0x000001E1C6040EF0>,2187804463,-14.265118598937988,-2.1972590966646773e+37,-1.5247006907206992e+20,-1849.957275390625,2.2630064228475834e+28,2.2653390974274993e-41,0.0,2.802596928649634e-45,-17783,499116,58,4,False,Right,Back,Left,Centre,61
<_io.BytesIO object at 0x000001E1C602E450>,1064292979,0.007136272266507149,-0.009479546919465065,0.7632271647453308,0.061319973319768906,0.34960123896598816,2.802596928649634e-45,1.064986832886861e-43,1.401298464324817e-45,17742,499117,58,4,False,Right,Back,Left,Centre,61
<_io.BytesIO object at 0x000001E1C602EAE0>,2187804463,-14.265118598937988,-2.1972590966646773e+37,-1.5247006907206992e+20,-1849.957275390625,2.2630064228475834e+28,2.2653390974274993e-41,0.0,2.802596928649634e-45,-17534,499117,58,4,False,Right,Back,Left,Centre,61
<_io.BytesIO object at 0x000001E1C604EB30>,1064293053,0.007128735538572073,-0.009473581798374653,0.7620772123336792,0.06173059716820717,0.3504583239555359,2.802596928649634e-45,1.064986832886861e-43,1.401298464324817e-45,17742,499118,58,4,False,Right,Back,Left,Centre,61
<_io.BytesIO object at 0x000001E1C604E860>,2187804463,-14.265118598937988,-2.1972590966646773e+37,-1.5247006907206992e+20,-1849.957275390625,2.2630064228475834e+28,2.2653390974274993e-41,0.0,2.802596928649634e-45,-17406,499118,58,4,False,Right,Back,Left,Centre,61
<_io.BytesIO object at 0x000001E1C8D9D720>,1064293237,0.007126806769520044,-0.009472531266510487,0.7610335350036621,0.06206168234348297,0.35151591897010803,2.802596928649634e-45,1.064986832886861e-43,1.401298464324817e-45,17742,499119,58,4,False,Right,Back,Left,Centre,61
<_io.BytesIO object at 0x000001E1C8D9DA40>,2187804463,-14.265118598937988,-2.1972590966646773e+37,-1.5247006907206992e+20,-1849.957275390625,2.2630064228475834e+28,2.2653390974274993e-41,0.0,2.802596928649634e-45,-17227,499119,58,4,False,Right,Back,Left,Centre,61
<_io.BytesIO object at 0x000001E1C6040AE0>,1064293341,0.007119945716112852,-0.009465284645557404,0.7596267461776733,0.0623755119740963,0.35235595703125,2.802596928649634e-45,1.064986832886861e-43,1.401298464324817e-45,17742,499120,58,4,False,Right,Back,Left,Centre,61
<_io.BytesIO object at 0x000001E1C6040C20>,2187804463,-14.265118598937988,-2.1972590966646773e+37,-1.5247006907206992e+20,-1849.957275390625,2.2630064228475834e+28,2.2653390974274993e-41,0.0,2.802596928649634e-45,-16670,499120,58,4,False,Right,Back,Left,Centre,61
<_io.BytesIO object at 0x000001E1C60274F0>,1064293281,0.007115849293768406,-0.009445879608392715,0.7582222819328308,0.06267859041690826,0.3532882630825043,2.802596928649634e-45,1.064986832886861e-43,1.401298464324817e-45,17742,499121,58,4,False,Right,Back,Left,Centre,61
<_io.BytesIO object at 0x000001E1C60274A0>,2187804463,-14.265118598937988,-2.1972590966646773e+37,-1.5247006907206992e+20,-1849.957275390625,2.2630064228475834e+28,2.2653390974274993e-41,0.0,2.802596928649634e-45,-16462,499121,58,4,False,Right,Back,Left,Centre,61
<_io.BytesIO object at 0x000001E1C8DB7720>,1064293238,0.0071214549243450165,-0.00941819604486227,0.7566757798194885,0.06296181678771973,0.35412782430648804,2.802596928649634e-45,1.064986832886861e-43,1.401298464324817e-45,17742,499122,58,4,False,Right,Back,Left,Centre,61
<_io.BytesIO object at 0x000001E1C8DB7D10>,2187804463,-14.265118598937988,-2.1972590966646773e+37,-1.5247006907206992e+20,-1849.957275390625,2.2630064228475834e+28,2.2653390974274993e-41,0.0,2.802596928649634e-45,-16586,499122,58,4,False,Right,Back,Left,Centre,61
<_io.BytesIO object at 0x000001E1C8DEE090>,1064293071,0.007134632207453251,-0.009378628805279732,0.7552580237388611,0.0634259432554245,0.35491427779197693,2.802596928649634e-45,1.064986832886861e-43,1.401298464324817e-45,17742,499123,58,4,False,Right,Back,Left,Centre,61
<_io.BytesIO object at 0x000001E1C8DEE680>,2187804463,-14.265118598937988,-2.1972590966646773e+37,-1.5247006907206992e+20,-1849.957275390625,2.2630064228475834e+28,2.2653390974274993e-41,0.0,2.802596928649634e-45,-16430,499123,58,4,False,Right,Back,Left,Centre,61
<_io.BytesIO object at 0x000001E1C8DB3F40>,1064293071,0.00715149799361825,-0.009338297881186008,0.7538081407546997,0.06382567435503006,0.35589203238487244,2.802596928649634e-45,1.064986832886861e-43,1.401298464324817e-45,17742,499124,58,4,False,Right,Back,Left,Centre,61
<_io.BytesIO object at 0x000001E1C8DB3B30>,2187804463,-14.265118598937988,-2.1972590966646773e+37,-1.5247006907206992e+20,-1849.957275390625,2.2630064228475834e+28,2.2653390974274993e-41,0.0,2.802596928649634e-45,-16210,499124,58,4,False,Right,Back,Left,Centre,61
<_io.BytesIO object at 0x000001E1C602E270>,1064292770,0.007160615175962448,-0.009293426759541035,0.7522298693656921,0.06433948129415512,0.35673725605010986,2.802596928649634e-45,1.064986832886861e-43,1.401298464324817e-45,17742,499125,58,4,False,Right,Back,Left,Centre,61
<_io.BytesIO object at 0x000001E1C602EF90>,2187804463,-14.265118598937988,-2.1972590966646773e+37,-1.5247006907206992e+20,-1849.957275390625,2.2630064228475834e+28,2.2653390974274993e-41,0.0,2.802596928649634e-45,-16481,499125,58,4,False,Right,Back,Left,Centre,61
<_io.BytesIO object at 0x000001E1C60270E0>,1064292513,0.0072390176355838776,-0.009199091233313084,0.7507843375205994,0.06494378298521042,0.3576097786426544,2.802596928649634e-45,1.064986832886861e-43,1.401298464324817e-45,17742,499126,58,4,False,Right,Back,Left,Centre,61
<_io.BytesIO object at 0x000001E1C6027B30>,2187804463,-14.265118598937988,-2.1972590966646773e+37,-1.5247006907206992e+20,-1849.957275390625,2.2630064228475834e+28,2.2653390974274993e-41,0.0,2.802596928649634e-45,-16320,499126,58,4,False,Right,Back,Left,Centre,61
<_io.BytesIO object at 0x000001E1C8DA8F40>,1064292145,0.007268659304827452,-0.00913644302636385,0.7495394349098206,0.0656161680817604,0.3584230840206146,2.802596928649634e-45,1.064986832886861e-43,1.401298464324817e-45,17742,499127,58,4,False,Right,Back,Left,Centre,61
<_io.BytesIO object at 0x000001E1C8DA8E00>,2187804463,-14.265118598937988,-2.1972590966646773e+37,-1.5247006907206992e+20,-1849.957275390625,2.2630064228475834e+28,2.2653390974274993e-41,0.0,2.802596928649634e-45,-16156,499127,58,4,False,Right,Back,Left,Centre,61
<_io.BytesIO object at 0x000001E1C6033450>,1064291997,0.007286948151886463,-0.009080731309950352,0.7480526566505432,0.06610095500946045,0.35917964577674866,2.802596928649634e-45,1.064986832886861e-43,1.401298464324817e-45,17742,499128,58,4,False,Right,Back,Left,Centre,61
<_io.BytesIO object at 0x000001E1C6033590>,2187804463,-14.265118598937988,-2.1972590966646773e+37,-1.5247006907206992e+20,-1849.957275390625,2.2630064228475834e+28,2.2653390974274993e-41,0.0,2.802596928649634e-45,-16119,499128,58,4,False,Right,Back,Left,Centre,61
<_io.BytesIO object at 0x000001E1C8D901D0>,1064291394,0.007301189936697483,-0.009014734998345375,0.7470852136611938,0.06726046651601791,0.3599328398704529,2.802596928649634e-45,1.064986832886861e-43,1.401298464324817e-45,17742,499129,58,4,False,Right,Back,Left,Centre,61
<_io.BytesIO object at 0x000001E1C8D90220>,2187804463,-14.265118598937988,-2.1972590966646773e+37,-1.5247006907206992e+20,-1849.957275390625,2.2630064228475834e+28,2.2653390974274993e-41,0.0,2.802596928649634e-45,-16380,499129,58,4,False,Right,Back,Left,Centre,61
<_io.BytesIO object at 0x000001E1C6040D10>,1064291342,0.0073077804408967495,-0.008956977166235447,0.7459297776222229,0.0681895837187767,0.36052730679512024,2.802596928649634e-45,1.064986832886861e-43,1.401298464324817e-45,17742,499130,58,4,False,Right,Back,Left,Centre,61
<_io.BytesIO object at 0x000001E1C6040A40>,2187804463,-14.265118598937988,-2.1972590966646773e+37,-1.5247006907206992e+20,-1849.957275390625,2.2630064228475834e+28,2.2653390974274993e-41,0.0,2.802596928649634e-45,-16536,499130,58,4,False,Right,Back,Left,Centre,61
<_io.BytesIO object at 0x000001E1C8DB75E0>,1064290914,0.007315045688301325,-0.008908433839678764,0.7447531819343567,0.06920760869979858,0.36099934577941895,2.802596928649634e-45,1.064986832886861e-43,1.401298464324817e-45,17742,499131,58,4,False,Right,Back,Left,Centre,61
<_io.BytesIO object at 0x000001E1C8DB73B0>,2187804463,-14.265118598937988,-2.1972590966646773e+37,-1.5247006907206992e+20,-1849.957275390625,2.2630064228475834e+28,2.2653390974274993e-41,0.0,2.802596928649634e-45,-16716,499131,58,4,False,Right,Back,Left,Centre,61
<_io.BytesIO object at 0x000001E1C8DEED10>,1064290892,0.007333579007536173,-0.008858747780323029,0.7435680031776428,0.07028163969516754,0.3615734875202179,2.802596928649634e-45,1.064986832886861e-43,1.401298464324817e-45,17742,499132,58,4,False,Right,Back,Left,Centre,61
<_io.BytesIO object at 0x000001E1C8DEEEA0>,2187804463,-14.265118598937988,-2.1972590966646773e+37,-1.5247006907206992e+20,-1849.957275390625,2.2630064228475834e+28,2.2653390974274993e-41,0.0,2.802596928649634e-45,-16754,499132,58,4,False,Right,Back,Left,Centre,61
<_io.BytesIO object at 0x000001E1C8DB34A0>,1064289909,0.0072057852521538734,-0.008746534585952759,0.7422670125961304,0.07137217372655869,0.3620932102203369,2.802596928649634e-45,1.064986832886861e-43,1.401298464324817e-45,17742,499133,58,4,False,Right,Back,Left,Centre,61
<_io.BytesIO object at 0x000001E1C8DB35E0>,2187804463,-14.265118598937988,-2.1972590966646773e+37,-1.5247006907206992e+20,-1849.957275390625,2.2630064228475834e+28,2.2653390974274993e-41,0.0,2.802596928649634e-45,-16670,499133,58,4,False,Right,Back,Left,Centre,61
<_io.BytesIO object at 0x000001E1C8F6F7C0>,1064289592,0.0071700941771268845,-0.00870181992650032,0.7407494187355042,0.07238747924566269,0.3625601828098297,2.802596928649634e-45,1.064986832886861e-43,1.401298464324817e-45,17742,499134,58,4,False,Right,Back,Left,Centre,61
<_io.BytesIO object at 0x000001E1C8F6F4F0>,2187804463,-14.265118598937988,-2.1972590966646773e+37,-1.5247006907206992e+20,-1849.957275390625,2.2630064228475834e+28,2.2653390974274993e-41,0.0,2.802596928649634e-45,-16809,499134,58,4,False,Right,Back,Left,Centre,61
<_io.BytesIO object at 0x000001E1C8E17BD0>,1064289652,0.007195129059255123,-0.008669352158904076,0.7391190528869629,0.07345987111330032,0.36319294571876526,2.802596928649634e-45,1.064986832886861e-43,1.401298464324817e-45,17742,499135,58,4,False,Right,Back,Left,Centre,61
<_io.BytesIO object at 0x000001E1C8E17D10>,2187804463,-14.265118598937988,-2.1972590966646773e+37,-1.5247006907206992e+20,-1849.957275390625,2.2630064228475834e+28,2.2653390974274993e-41,0.0,2.802596928649634e-45,-16901,499135,58,4,False,Right,Back,Left,Centre,61
<_io.BytesIO object at 0x000001E1C8F6F360>,1064287670,0.007116897031664848,-0.008625390939414501,0.7373679876327515,0.0744350329041481,0.3638114631175995,2.802596928649634e-45,1.064986832886861e-43,1.401298464324817e-45,17742,499136,58,4,False,Right,Back,Left,Centre,61
<_io.BytesIO object at 0x000001E1C8F6F6D0>,2187804463,-14.265118598937988,-2.1972590966646773e+37,-1.5247006907206992e+20,-1849.957275390625,2.2630064228475834e+28,2.2653390974274993e-41,0.0,2.802596928649634e-45,-16941,499136,58,4,False,Right,Back,Left,Centre,61
<_io.BytesIO object at 0x000001E1C8DB3F40>,1064287469,0.007115593180060387,-0.00858238898217678,0.7357032299041748,0.07547301054000854,0.3644961714744568,2.802596928649634e-45,1.064986832886861e-43,1.401298464324817e-45,17742,499137,58,4,False,Right,Back,Left,Centre,61
<_io.BytesIO object at 0x000001E1C8DB3B80>,2187804463,-14.265118598937988,-2.1972590966646773e+37,-1.5247006907206992e+20,-1849.957275390625,2.2630064228475834e+28,2.2653390974274993e-41,0.0,2.802596928649634e-45,-17261,499137,58,4,False,Right,Back,Left,Centre,61
<_io.BytesIO object at 0x000001E1C8DEEAE0>,1064287298,0.0071083419024944305,-0.008566194213926792,0.7339872717857361,0.07652787864208221,0.36519938707351685,0.6660021543502808,0.13927537202835083,0.3015546202659607,2,499138,58,4,False,Right,Back,Left,Centre,61
<_io.BytesIO object at 0x000001E1C8DEE680>,4980736,9.183549615799121e-41,3296.0,-1.698933249212514e-37,-14.265118598937988,-2.1972590966646773e+37,-1.5247006907206992e+20,-1849.957275390625,2.2630064228475834e+28,16166,499138,58,4,False,Right,Back,Left,Centre,61
<_io.BytesIO object at 0x000001E1C8DEEC70>,0,1.8367099231598242e-40,-0.00124359130859375,-7.388582417688166e+16,5.887724610689253e-27,-115822157824.0,-766.9812622070312,-6.01430080614156e+26,2.774561932292473e+35,-16578,499138,58,4,False,Right,Back,Left,Centre,61
<_io.BytesIO object at 0x000001E1C8DB7590>,1064286902,0.007106568198651075,-0.008529793471097946,0.7323319911956787,0.07780402153730392,0.3658589720726013,0.6613292694091797,0.13723152875900269,0.3022753894329071,2,499139,58,4,False,Right,Back,Left,Centre,61
<_io.BytesIO object at 0x000001E1C8DB75E0>,4980736,9.183549615799121e-41,3296.0,-1.698933249212514e-37,-14.265118598937988,-2.1972590966646773e+37,-1.5247006907206992e+20,-1849.957275390625,2.2630064228475834e+28,16166,499139,58,4,False,Right,Back,Left,Centre,61
<_io.BytesIO object at 0x000001E1C8DB7950>,0,1.8367099231598242e-40,-0.000331878662109375,-8.857827193577145e-17,2.4358285472701013e-22,4.4232728354969705e-33,2.4885989379772006e+24,5.497669919134196e-13,2.5538895138751492e+35,-16578,499139,58,4,False,Right,Back,Left,Centre,61
<_io.BytesIO object at 0x000001E1C8E17AE0>,1064286426,0.007114149630069733,-0.008494683541357517,0.7306773066520691,0.07909085601568222,0.3664884567260742,0.656570315361023,0.13476018607616425,0.3028927147388458,2,499140,58,4,False,Right,Back,Left,Centre,61
<_io.BytesIO object at 0x000001E1C8E17770>,4980736,9.183549615799121e-41,3296.0,-1.698933249212514e-37,-14.265118598937988,-2.1972590966646773e+37,-1.5247006907206992e+20,-1849.957275390625,2.2630064228475834e+28,16166,499140,58,4,False,Right,Back,Left,Centre,61
<_io.BytesIO object at 0x000001E1C8E17D10>,0,1.8367099231598242e-40,-0.00022029876708984375,1.0104109542311357e+37,-5.2179842133852024e+36,2.0835050084404038e-18,1.8029690154047762e-12,7.439386642545985e+31,2.692378150796214e+33,-16578,499140,58,4,False,Right,Back,Left,Centre,61
<_io.BytesIO object at 0x000001E1C8D9D630>,1064286231,0.007114871870726347,-0.008462746627628803,0.7288457155227661,0.08040913939476013,0.3670476973056793,0.6519145965576172,0.13202917575836182,0.30340832471847534,2,499141,58,4,False,Right,Back,Left,Centre,61
<_io.BytesIO object at 0x000001E1C8D9DAE0>,4980736,9.183549615799121e-41,3296.0,-1.698933249212514e-37,-14.265118598937988,-2.1972590966646773e+37,-1.5247006907206992e+20,-1849.957275390625,2.2630064228475834e+28,16166,499141,58,4,False,Right,Back,Left,Centre,61
<_io.BytesIO object at 0x000001E1C8D9DC70>,0,1.8367099231598242e-40,-2.396106719970703e-05,0.00012123469787184149,4.706220972029597e-22,2.0574518448770438e+27,-80930783232.0,-3.1552558539260644e-06,3.856046840429934e+29,-16578,499141,58,4,False,Right,Back,Left,Centre,61
<_io.BytesIO object at 0x000001E1C604E810>,1064285913,0.007120616268366575,-0.008432510308921337,0.7269698977470398,0.08173676580190659,0.36770421266555786,0.6474791169166565,0.12906953692436218,0.30385860800743103,2,499142,58,4,False,Right,Back,Left,Centre,61
<_io.BytesIO object at 0x000001E1C604E090>,4980736,9.183549615799121e-41,3296.0,-1.698933249212514e-37,-14.265118598937988,-2.1972590966646773e+37,-1.5247006907206992e+20,-1849.957275390625,2.2630064228475834e+28,16166,499142,58,4,False,Right,Back,Left,Centre,61
<_io.BytesIO object at 0x000001E1C604EEA0>,0,1.8367099231598242e-40,-1.0848045349121094e-05,3.7016002074907813e-31,-173263344.0,-2.0638696527967416e-38,-9.279340013235652e-26,9.741652938768798e-37,5.212675627686552e+27,-16578,499142,58,4,False,Right,Back,Left,Centre,61
<_io.BytesIO object at 0x000001E1C6033D10>,1064285638,0.007133507169783115,-0.00839721318334341,0.7248439192771912,0.0827440470457077,0.36832523345947266,0.6433933973312378,0.12620607018470764,0.30404022336006165,2,499143,58,4,False,Right,Back,Left,Centre,61
<_io.BytesIO object at 0x000001E1C6033590>,4980736,9.183549615799121e-41,3296.0,-1.698933249212514e-37,-14.265118598937988,-2.1972590966646773e+37,-1.5247006907206992e+20,-1849.957275390625,2.2630064228475834e+28,16166,499143,58,4,False,Right,Back,Left,Centre,61
<_io.BytesIO object at 0x000001E1C60335E0>,0,1.8367099231598242e-40,-2.2411346435546875e-05,-2.5936884640032076e-07,5.51574242961045e-20,-0.000382872560294345,3.452892242118915e+20,-3.8785551163076e+36,4.943852554465956e+28,-16578,499143,58,4,False,Right,Back,Left,Centre,61
<_io.BytesIO object at 0x000001E1C8DA86D0>,1064285283,0.0071379258297383785,-0.008361227810382843,0.7226006388664246,0.083497554063797,0.36905133724212646,0.6395182013511658,0.12321837991476059,0.30429279804229736,2,499144,58,4,False,Right,Back,Left,Centre,61
<_io.BytesIO object at 0x000001E1C8DA89F0>,4980736,9.183549615799121e-41,3296.0,-1.698933249212514e-37,-14.265118598937988,-2.1972590966646773e+37,-1.5247006907206992e+20,-1849.957275390625,2.2630064228475834e+28,16166,499144,58,4,False,Right,Back,Left,Centre,61
<_io.BytesIO object at 0x000001E1C8DA84F0>,0,1.8367099231598242e-40,-2.637505531311035e-06,-5.350416086717218e-33,-4.649603315628293e+28,-3.4640839405204096e+22,-8.102633231832832e+33,2.2112630541767745e+21,1.5996081432157315e+28,-16578,499144,58,4,False,Right,Back,Left,Centre,61
<_io.BytesIO object at 0x000001E1C602E310>,1064285029,0.007142616435885429,-0.008325883187353611,0.7201658487319946,0.08373956382274628,0.36976850032806396,0.6361580491065979,0.1203593984246254,0.3043759763240814,2,499145,58,4,False,Right,Back,Left,Centre,61
<_io.BytesIO object at 0x000001E1C602E630>,4980736,9.183549615799121e-41,3296.0,-1.698933249212514e-37,-14.265118598937988,-2.1972590966646773e+37,-1.5247006907206992e+20,-1849.957275390625,2.2630064228475834e+28,16166,499145,58,4,False,Right,Back,Left,Centre,61
<_io.BytesIO object at 0x000001E1C602EC20>,0,1.8367099231598242e-40,-1.6391277313232422e-06,1.662642593047714e-11,-505167151104.0,7.999634913732734e-24,-0.029509929940104485,-8.245104509174866e-21,1.0905390837203916e+23,-16578,499145,58,4,False,Right,Back,Left,Centre,61
<_io.BytesIO object at 0x000001E1C8DB32C0>,1064284668,0.007158264052122831,-0.008277145214378834,0.7175419926643372,0.08360501378774643,0.3705229163169861,0.6329494714736938,0.1177283227443695,0.30431804060935974,2,499146,58,4,False,Right,Back,Left,Centre,61
<_io.BytesIO object at 0x000001E1C8DB39A0>,4980736,9.183549615799121e-41,3296.0,-1.698933249212514e-37,-14.265118598937988,-2.1972590966646773e+37,-1.5247006907206992e+20,-1849.957275390625,2.2630064228475834e+28,16166,499146,58,4,False,Right,Back,Left,Centre,61
<_io.BytesIO object at 0x000001E1C8DB3E50>,0,1.8367099231598242e-40,-5.997717380523682e-07,-7.69745491228111e+35,-1.7052813842509793e+31,1461.8834228515625,1.1329332261639814e+32,-5561500160.0,6.279109553104146e+22,-16578,499146,58,4,False,Right,Back,Left,Centre,61
<_io.BytesIO object at 0x000001E1C8D90400>,1064284720,0.00716443033888936,-0.00822709035128355,0.715427041053772,0.08341299742460251,0.3711240887641907,0.6301203370094299,0.11503548175096512,0.30431145429611206,2,499147,58,4,False,Right,Back,Left,Centre,61
<_io.BytesIO object at 0x000001E1C8D90090>,4980736,9.183549615799121e-41,3296.0,-1.698933249212514e-37,-14.265118598937988,-2.1972590966646773e+37,-1.5247006907206992e+20,-1849.957275390625,2.2630064228475834e+28,16166,499147,58,4,False,Right,Back,Left,Centre,61
<_io.BytesIO object at 0x000001E1C8D90360>,0,1.8367099231598242e-40,-1.5735626220703125e-05,-1.1024535572723175e-20,1.560147824355916e+36,-3.3855600877128834e-31,1.0602423209131115e-13,-7.599800051749724e+22,4.311825096237992e+21,-16578,499147,58,4,False,Right,Back,Left,Centre,61
<_io.BytesIO object at 0x000001E1C6040040>,1064284980,0.007214585319161415,-0.008117299526929855,0.7127733826637268,0.08283691853284836,0.3717707395553589,0.6273878216743469,0.11250727623701096,0.304233580827713,2,499148,58,4,False,Right,Back,Left,Centre,61
<_io.BytesIO object at 0x000001E1C6040360>,4980736,9.183549615799121e-41,3296.0,-1.698933249212514e-37,-14.265118598937988,-2.1972590966646773e+37,-1.5247006907206992e+20,-1849.957275390625,2.2630064228475834e+28,16166,499148,58,4,False,Right,Back,Left,Centre,61
<_io.BytesIO object at 0x000001E1C6040220>,0,1.8367099231598242e-40,-8.381903171539307e-08,1.1713661481818702e+38,3475.788330078125,-3.7841097216664867e-22,-0.005637980531901121,674798.0,5.1680254312300905e+26,-16578,499148,58,4,False,Right,Back,Left,Centre,61
<_io.BytesIO object at 0x000001E1C60270E0>,1064284969,0.007238679099828005,-0.008063075132668018,0.7104607820510864,0.0823480412364006,0.37236928939819336,0.6248051524162292,0.11002253741025925,0.3041673004627228,2,499149,58,4,False,Right,Back,Left,Centre,61
<_io.BytesIO object at 0x000001E1C6027400>,4980736,9.183549615799121e-41,3296.0,-1.698933249212514e-37,-14.265118598937988,-2.1972590966646773e+37,-1.5247006907206992e+20,-1849.957275390625,2.2630064228475834e+28,16166,499149,58,4,False,Right,Back,Left,Centre,61
<_io.BytesIO object at 0x000001E1C60276D0>,0,1.8367099231598242e-40,-5.052424967288971e-08,1.4654121323790336e+16,5.864960020673712e-17,-263650.0625,1.7172335502591813e+31,-1.4853987929597353e-38,3.2451274672639894e+25,-16578,499149,58,4,False,Right,Back,Left,Centre,61
<_io.BytesIO object at 0x000001E1C8DB7180>,1064284796,0.007268635090440512,-0.00799532886594534,0.7082209587097168,0.08172628283500671,0.3727821707725525,0.6225787401199341,0.10734887421131134,0.30385640263557434,2,499150,58,4,False,Right,Back,Left,Centre,61
<_io.BytesIO object at 0x000001E1C8DB7B30>,4980736,9.183549615799121e-41,3296.0,-1.698933249212514e-37,-14.265118598937988,-2.1972590966646773e+37,-1.5247006907206992e+20,-1849.957275390625,2.2630064228475834e+28,16166,499150,58,4,False,Right,Back,Left,Centre,61
<_io.BytesIO object at 0x000001E1C8DB79F0>,0,1.8367099231598242e-40,-1.949956640601158e-09,4.401980760156479e-14,4.596613962348783e-06,1.9416854451509354e-22,-7.38325344994529e+36,-1.7126707374485668e-18,7.172145569652937e+28,-16578,499150,58,4,False,Right,Back,Left,Centre,61
<_io.BytesIO object at 0x000001E1C604EC70>,1064284629,0.007268860470503569,-0.007947791367769241,0.7062671184539795,0.08123156428337097,0.373233437538147,0.6205870509147644,0.10467276722192764,0.30381110310554504,2,499151,58,4,False,Right,Back,Left,Centre,61
<_io.BytesIO object at 0x000001E1C604EB30>,4980736,9.183549615799121e-41,3296.0,-1.698933249212514e-37,-14.265118598937988,-2.1972590966646773e+37,-1.5247006907206992e+20,-1849.957275390625,2.2630064228475834e+28,16166,499151,58,4,False,Right,Back,Left,Centre,61
<_io.BytesIO object at 0x000001E1C604E5E0>,0,1.8367099231598242e-40,-9.872019290924072e-08,-56895.3828125,-9487.15234375,1.5552563419255133e+23,-74.8726806640625,-2.373162603930279e-11,2.716222421182589e+25,-16578,499151,58,4,False,Right,Back,Left,Centre,61
<_io.BytesIO object at 0x000001E1C602FA90>,1064284378,0.0072690448723733425,-0.00789338443428278,0.7044366002082825,0.0806570053100586,0.3734951913356781,0.6185049414634705,0.10224350541830063,0.3036232888698578,2,499152,58,4,False,Right,Back,Left,Centre,61
<_io.BytesIO object at 0x000001E1C602F310>,4980736,9.183549615799121e-41,3296.0,-1.698933249212514e-37,-14.265118598937988,-2.1972590966646773e+37,-1.5247006907206992e+20,-1849.957275390625,2.2630064228475834e+28,16166,499152,58,4,False,Right,Back,Left,Centre,61
<_io.BytesIO object at 0x000001E1C602F630>,0,1.8367099231598242e-40,-5.471520125865936e-08,7.73884662140371e+19,-410677805056.0,-1.0622667444117908e-36,-1.4159151070908838e-30,-1.3705929924428993e+26,2.7115905392219928e+22,-16578,499152,58,4,False,Right,Back,Left,Centre,61
<_io.BytesIO object at 0x000001E1C8F6FA40>,1064284259,0.007283975835889578,-0.00783206894993782,0.7028835415840149,0.08033808320760727,0.3736882507801056,0.6168383359909058,0.10006257891654968,0.30324020981788635,2,499153,58,4,False,Right,Back,Left,Centre,61
<_io.BytesIO object at 0x000001E1C8F6F360>,4980736,9.183549615799121e-41,3296.0,-1.698933249212514e-37,-14.265118598937988,-2.1972590966646773e+37,-1.5247006907206992e+20,-1849.957275390625,2.2630064228475834e+28,16166,499153,58,4,False,Right,Back,Left,Centre,61
<_io.BytesIO object at 0x000001E1C8F6F8B0>,0,1.8367099231598242e-40,-2.3515895009040833e-08,9.971576014070597e-30,-1713.89404296875,-1.0232222535933033e-07,2982072320.0,9.56207823872576e-26,2.1299594997351108e+20,-16578,499153,58,4,False,Right,Back,Left,Centre,61
<_io.BytesIO object at 0x000001E1C8DEE3B0>,1064283442,0.00730724586173892,-0.007779377978295088,0.7018685340881348,0.08140366524457932,0.37359848618507385,0.6152030825614929,0.09866906702518463,0.30276060104370117,2,499154,58,4,False,Right,Back,Left,Centre,61
<_io.BytesIO object at 0x000001E1C8DEE400>,4980736,9.183549615799121e-41,3296.0,-1.698933249212514e-37,-14.265118598937988,-2.1972590966646773e+37,-1.5247006907206992e+20,-1849.957275390625,2.2630064228475834e+28,16166,499154,58,4,False,Right,Back,Left,Centre,61
<_io.BytesIO object at 0x000001E1C8DEE450>,0,1.8367099231598242e-40,-2.4301698431372643e-09,-2.0307518122498476e+33,-2.080440176686557e-13,-3602660352.0,3.7284529848571384e-37,4.214963651687219e+16,6.029527548989654e+20,-16578,499154,58,4,False,Right,Back,Left,Centre,61
<_io.BytesIO object at 0x000001E1C8DB32C0>,1064282088,0.007349420338869095,-0.007727073971182108,0.7009088397026062,0.08276314288377762,0.3733755946159363,0.6140474677085876,0.09784652292728424,0.30240175127983093,2,499155,58,4,False,Right,Back,Left,Centre,61
<_io.BytesIO object at 0x000001E1C8DB3810>,4980736,9.183549615799121e-41,3296.0,-1.698933249212514e-37,-14.265118598937988,-2.1972590966646773e+37,-1.5247006907206992e+20,-1849.957275390625,2.2630064228475834e+28,16166,499155,58,4,False,Right,Back,Left,Centre,61
<_io.BytesIO object at 0x000001E1C8DB3B80>,0,1.8367099231598242e-40,-5.093170329928398e-10,-20895.69140625,3.535678763569318e+36,3.0817828905792933e-37,-1.0465522137792505e-07,1.497624404924728e+35,3.006738669581327e+22,-16578,499155,58,4,False,Right,Back,Left,Centre,61
<_io.BytesIO object at 0x000001E1C8D9D310>,1064282731,0.007374157663434744,-0.007630640175193548,0.6998845934867859,0.08389715105295181,0.3733159899711609,0.6129967570304871,0.09736108034849167,0.3020361661911011,2,499156,58,4,False,Right,Back,Left,Centre,61
<_io.BytesIO object at 0x000001E1C8D9D720>,4980736,9.183549615799121e-41,3296.0,-1.698933249212514e-37,-14.265118598937988,-2.1972590966646773e+37,-1.5247006907206992e+20,-1849.957275390625,2.2630064228475834e+28,16166,499156,58,4,False,Right,Back,Left,Centre,61
<_io.BytesIO object at 0x000001E1C8D9D4A0>,0,1.8367099231598242e-40,-9.968061931431293e-10,1.4042361560879795e+21,-3.2784433516883744e-15,1.5871697012903975e-15,-3.220738900186639e-23,-1.0965440218698563e-25,4.115041151646433e+17,-16578,499156,58,4,False,Right,Back,Left,Centre,61
<_io.BytesIO object at 0x000001E1C8DB7450>,1064282318,0.007355317007750273,-0.007577294018119574,0.6991524696350098,0.0849834457039833,0.3730361759662628,0.6120790839195251,0.09708409011363983,0.3018856644630432,2,499157,58,4,False,Right,Back,Left,Centre,61
<_io.BytesIO object at 0x000001E1C8DB79A0>,4980736,9.183549615799121e-41,3296.0,-1.698933249212514e-37,-14.265118598937988,-2.1972590966646773e+37,-1.5247006907206992e+20,-1849.957275390625,2.2630064228475834e+28,16166,499157,58,4,False,Right,Back,Left,Centre,61
<_io.BytesIO object at 0x000001E1C8DB7220>,0,1.8367099231598242e-40,-9.890754881780595e-12,3.76124010858479e-26,-2.7347562161042232e-17,7.848015656981873e+24,1.0521492630223727e-20,-5.488662402616525e+17,6.276058990638426e+19,-16578,499157,58,4,False,Right,Back,Left,Centre,61
<_io.BytesIO object at 0x000001E1C8DA8950>,1064282528,0.007437048479914665,-0.0074664209969341755,0.6985437273979187,0.08579790592193604,0.3728734254837036,0.6110469698905945,0.0966830849647522,0.3015865981578827,2,499158,58,4,False,Right,Back,Left,Centre,61
<_io.BytesIO object at 0x000001E1C8DA8E00>,4980736,9.183549615799121e-41,3296.0,-1.698933249212514e-37,-14.265118598937988,-2.1972590966646773e+37,-1.5247006907206992e+20,-1849.957275390625,2.2630064228475834e+28,16166,499158,58,4,False,Right,Back,Left,Centre,61
<_io.BytesIO object at 0x000001E1C8DA88B0>,0,1.8367099231598242e-40,-2.2648549702353193e-13,348646464.0,-2.7849490642547607,5.72306759631231e+32,-8.82606772498358e-14,25869871104.0,7.44927588111615e+23,-16578,499158,58,4,False,Right,Back,Left,Centre,61
<_io.BytesIO object at 0x000001E1C8E175E0>,1064281603,0.007448437158018351,-0.007424903567880392,0.6980876922607422,0.08657735586166382,0.3727179169654846,0.61019366979599,0.09629428386688232,0.30127793550491333,2,499159,58,4,False,Right,Back,Left,Centre,61
<_io.BytesIO object at 0x000001E1C8E17BD0>,4980736,9.183549615799121e-41,3296.0,-1.698933249212514e-37,-14.265118598937988,-2.1972590966646773e+37,-1.5247006907206992e+20,-1849.957275390625,2.2630064228475834e+28,16166,499159,58,4,False,Right,Back,Left,Centre,61
<_io.BytesIO object at 0x000001E1C8E17A90>,0,1.8367099231598242e-40,-1.554312234475219e-14,1.7426333380215584e+35,-1.0184112875957844e-22,-1.0285565746262047e-17,9.609086036682129,5.266975668775971e+32,1.2849278124635244e+30,-16578,499159,58,4,False,Right,Back,Left,Centre,61
<_io.BytesIO object at 0x000001E1C604ED60>,1064281582,0.007445817347615957,-0.0073964702896773815,0.6976289749145508,0.08705349266529083,0.3726882338523865,0.6095466613769531,0.09590795636177063,0.30096933245658875,2,499160,58,4,False,Right,Back,Left,Centre,61
<_io.BytesIO object at 0x000001E1C604ED10>,4980736,9.183549615799121e-41,3296.0,-1.698933249212514e-37,-14.265118598937988,-2.1972590966646773e+37,-1.5247006907206992e+20,-1849.957275390625,2.2630064228475834e+28,16166,499160,58,4,False,Right,Back,Left,Centre,61
<_io.BytesIO object at 0x000001E1C604E8B0>,0,1.8367099231598242e-40,-4.85722573273506e-15,1.6118197163370294e-34,-5.3714015874062326e-11,-4.642848580260761e-05,-3.13860911220712e+33,-1.8925420663770177e-20,3.5493332917202373e+34,-16578,499160,58,4,False,Right,Back,Left,Centre,61
<_io.BytesIO object at 0x000001E1C602F810>,1064281456,0.007405358366668224,-0.007361746393144131,0.6971680521965027,0.08763276785612106,0.372658908367157,0.6093441247940063,0.09517643600702286,0.30072423815727234,2,499161,58,4,False,Right,Back,Left,Centre,61
<_io.BytesIO object at 0x000001E1C602FD10>,4980736,9.183549615799121e-41,3296.0,-1.698933249212514e-37,-14.265118598937988,-2.1972590966646773e+37,-1.5247006907206992e+20,-1849.957275390625,2.2630064228475834e+28,16166,499161,58,4,False,Right,Back,Left,Centre,61
<_io.BytesIO object at 0x000001E1C602FA40>,0,1.8367099231598242e-40,-4.3021142204224816e-15,-3.1315249439521595e-31,-481544699904.0,-53079130112.0,-1.7442825490828494e-26,-4.5366433822614435e+20,-1.825180459784899e-38,-16578,499161,58,4,False,Right,Back,Left,Centre,61
<_io.BytesIO object at 0x000001E1C602E9F0>,1064281298,0.0074003576301038265,-0.0073129553347826,0.6966778039932251,0.0878133699297905,0.37293583154678345,0.6094174385070801,0.09444741904735565,0.3007130026817322,2,499162,58,4,False,Right,Back,Left,Centre,61
<_io.BytesIO object at 0x000001E1C602E7C0>,4980736,9.183549615799121e-41,3296.0,-1.698933249212514e-37,-14.265118598937988,-2.1972590966646773e+37,-1.5247006907206992e+20,-1849.957275390625,2.2630064228475834e+28,16166,499162,58,4,False,Right,Back,Left,Centre,61
<_io.BytesIO object at 0x000001E1C602EA40>,0,1.8367099231598242e-40,-1.2378986724570495e-14,36.56189727783203,2.6045645797624326e-32,1.2443110777420246e-28,5.9205581709308204e+23,8.002067296753745e-32,3.260152811943621e+31,-16578,499162,58,4,False,Right,Back,Left,Centre,61
<_io.BytesIO object at 0x000001E1C8D90E50>,1064280027,0.0074280183762311935,-0.007287078537046909,0.6963351368904114,0.08808061480522156,0.37314605712890625,0.6094988584518433,0.09378182142972946,0.3007794916629791,2,499163,58,4,False,Right,Back,Left,Centre,61
<_io.BytesIO object at 0x000001E1C8D904F0>,4980736,9.183549615799121e-41,3296.0,-1.698933249212514e-37,-14.265118598937988,-2.1972590966646773e+37,-1.5247006907206992e+20,-1849.957275390625,2.2630064228475834e+28,16166,499163,58,4,False,Right,Back,Left,Centre,61
<_io.BytesIO object at 0x000001E1C8D90180>,0,1.8367099231598242e-40,-5.440092820663267e-14,1.3986834060978013e-32,-61403752.0,950996096.0,3.0509440875903238e-06,0.00020765833323821425,1.555968451098593e+24,-16578,499163,58,4,False,Right,Back,Left,Centre,61
<_io.BytesIO object at 0x000001E1C8DB3630>,1064279890,0.0074392990209162235,-0.007247644476592541,0.696078896522522,0.0883885994553566,0.3733780086040497,0.6096980571746826,0.09323685616254807,0.30077725648880005,2,499164,58,4,False,Right,Back,Left,Centre,61
<_io.BytesIO object at 0x000001E1C8DB3AE0>,4980736,9.183549615799121e-41,3296.0,-1.698933249212514e-37,-14.265118598937988,-2.1972590966646773e+37,-1.5247006907206992e+20,-1849.957275390625,2.2630064228475834e+28,16166,499164,58,4,False,Right,Back,Left,Centre,61
<_io.BytesIO object at 0x000001E1C8DB3950>,0,1.8367099231598242e-40,-2.930988785010413e-14,7.107560681808513e-28,-2.6521221958153234e+29,2.156344210600867e+30,-1.2366792807712497e+30,6605708556500992.0,1.8103007444640048e+26,-16578,499164,58,4,False,Right,Back,Left,Centre,61
<_io.BytesIO object at 0x000001E1C6040F40>,1064279817,0.007443869486451149,-0.0072065116837620735,0.6958454847335815,0.08862846344709396,0.3735923171043396,0.6098631620407104,0.09301317483186722,0.3006431758403778,2,499165,58,4,False,Right,Back,Left,Centre,61
<_io.BytesIO object at 0x000001E1C6040B80>,4980736,9.183549615799121e-41,3296.0,-1.698933249212514e-37,-14.265118598937988,-2.1972590966646773e+37,-1.5247006907206992e+20,-1849.957275390625,2.2630064228475834e+28,16166,499165,58,4,False,Right,Back,Left,Centre,61
<_io.BytesIO object at 0x000001E1C60404A0>,0,1.8367099231598242e-40,-1.9012569296705806e-15,-1.2514051130926874e+34,6.530504594066151e+34,-6.190149204014439e-17,-1.843792913486242e-12,1.721199980901062e+36,5.039545334496229e+25,-16578,499165,58,4,False,Right,Back,Left,Centre,61
<_io.BytesIO object at 0x000001E1C8E17950>,1064279550,0.007444761693477631,-0.007187011651694775,0.6956480741500854,0.08895738422870636,0.37370938062667847,0.6099788546562195,0.09287238866090775,0.3004986345767975,2,499166,58,4,False,Right,Back,Left,Centre,61
<_io.BytesIO object at 0x000001E1C8E177C0>,4980736,9.183549615799121e-41,3296.0,-1.698933249212514e-37,-14.265118598937988,-2.1972590966646773e+37,-1.5247006907206992e+20,-1849.957275390625,2.2630064228475834e+28,16166,499166,58,4,False,Right,Back,Left,Centre,61
<_io.BytesIO object at 0x000001E1C8E17720>,0,1.8367099231598242e-40,-1.3808398868775384e-15,-4.1629156725179536e+33,4.4995424102066115e-35,-1298012288.0,7.001338252023811e+34,-2.909482435093685e-19,7.776826645182478e+22,-16578,499166,58,4,False,Right,Back,Left,Centre,61
<_io.BytesIO object at 0x000001E1C8F6F450>,1064279453,0.007465319707989693,-0.007160794921219349,0.695338785648346,0.08913909643888474,0.37395137548446655,0.6100706458091736,0.09280258417129517,0.30038776993751526,2,499167,58,4,False,Right,Back,Left,Centre,61
<_io.BytesIO object at 0x000001E1C8F6F360>,4980736,9.183549615799121e-41,3296.0,-1.698933249212514e-37,-14.265118598937988,-2.1972590966646773e+37,-1.5247006907206992e+20,-1849.957275390625,2.2630064228475834e+28,16166,499167,58,4,False,Right,Back,Left,Centre,61
<_io.BytesIO object at 0x000001E1C8F6FDB0>,0,1.8367099231598242e-40,-4.891920202254596e-16,6.930624004895751e-35,-1.9776131966615115e-36,-4.821840825898599e+33,5.952876563242171e-06,-5.945618303249134e-11,8.265701939570515e+25,-16578,499167,58,4,False,Right,Back,Left,Centre,61
<_io.BytesIO object at 0x000001E1C6027B30>,1064279264,0.0074643706902861595,-0.0071325222961604595,0.6952393651008606,0.08938422799110413,0.37406814098358154,0.6101776957511902,0.09269443154335022,0.30024316906929016,2,499168,58,4,False,Right,Back,Left,Centre,61
<_io.BytesIO object at 0x000001E1C6027180>,4980736,9.183549615799121e-41,3296.0,-1.698933249212514e-37,-14.265118598937988,-2.1972590966646773e+37,-1.5247006907206992e+20,-1849.957275390625,2.2630064228475834e+28,16166,499168,58,4,False,Right,Back,Left,Centre,61
<_io.BytesIO object at 0x000001E1C6027040>,0,1.8367099231598242e-40,-2.2724877535296173e-16,-1.5291063887391522e+36,0.0027959703002125025,7.808147756940118e-34,8.517137922749485e-24,-4.2732977867126465,9.655966632127339e+25,-16578,499168,58,4,False,Right,Back,Left,Centre,61
<_io.BytesIO object at 0x000001E1C604E270>,1064279370,0.007449226453900337,-0.0071084341034293175,0.6952781677246094,0.08966203778982162,0.3741508722305298,0.6103096008300781,0.09252790361642838,0.3001527488231659,2,499169,58,4,False,Right,Back,Left,Centre,61
<_io.BytesIO object at 0x000001E1C604E6D0>,4980736,9.183549615799121e-41,3296.0,-1.698933249212514e-37,-14.265118598937988,-2.1972590966646773e+37,-1.5247006907206992e+20,-1849.957275390625,2.2630064228475834e+28,16166,499169,58,4,False,Right,Back,Left,Centre,61
<_io.BytesIO object at 0x000001E1C604E8B0>,0,1.8367099231598242e-40,-5.689893001203927e-16,-1743804235251712.0,-2.2250159215388572e+21,2.339926458563156e-26,1.2985201724069748e-37,-4611949.5,4.4910280790505426e+26,-16578,499169,58,4,False,Right,Back,Left,Centre,61
<_io.BytesIO object at 0x000001E1C602F860>,1064279421,0.007437809836119413,-0.007083927746862173,0.6953428387641907,0.08988948166370392,0.37417903542518616,0.6108138561248779,0.09187972545623779,0.300302654504776,2,499170,58,4,False,Right,Back,Left,Centre,61
<_io.BytesIO object at 0x000001E1C602FEF0>,4980736,9.183549615799121e-41,3296.0,-1.698933249212514e-37,-14.265118598937988,-2.1972590966646773e+37,-1.5247006907206992e+20,-1849.957275390625,2.2630064228475834e+28,16166,499170,58,4,False,Right,Back,Left,Centre,61
<_io.BytesIO object at 0x000001E1C602F0E0>,0,1.8367099231598242e-40,-1.6514567491299204e-15,-2.7233562919682898e-33,-1.53273165306764e-23,107384.3671875,-9.661557471321198e+27,-4.226433262437744e+24,8.95065961806168e+17,-16578,499170,58,4,False,Right,Back,Left,Centre,61
<_io.BytesIO object at 0x000001E1C8DEE040>,1064279373,0.007446408737450838,-0.0070669036358594894,0.6954050064086914,0.09004005789756775,0.3741537630558014,0.61098712682724,0.0916619822382927,0.30019426345825195,2,499171,58,4,False,Right,Back,Left,Centre,61
<_io.BytesIO object at 0x000001E1C8DEEAE0>,4980736,9.183549615799121e-41,3296.0,-1.698933249212514e-37,-14.265118598937988,-2.1972590966646773e+37,-1.5247006907206992e+20,-1849.957275390625,2.2630064228475834e+28,16166,499171,58,4,False,Right,Back,Left,Centre,61
<_io.BytesIO object at 0x000001E1C8DEE770>,0,1.8367099231598242e-40,-3.552713678800501e-15,2.908458418258408e+34,7.87789347644896e-11,0.0081625422462821,-2.930766185715684e+29,5.318537543911265e-30,516208797417472.0,-16578,499171,58,4,False,Right,Back,Left,Centre,61
<_io.BytesIO object at 0x000001E1C602FE50>,1064279063,0.007451338227838278,-0.007059270050376654,0.6956968307495117,0.09025636315345764,0.374094158411026,0.6112690567970276,0.09136052429676056,0.3000514805316925,2,499172,58,4,False,Right,Back,Left,Centre,61
<_io.BytesIO object at 0x000001E1C602F1D0>,4980736,9.183549615799121e-41,3296.0,-1.698933249212514e-37,-14.265118598937988,-2.1972590966646773e+37,-1.5247006907206992e+20,-1849.957275390625,2.2630064228475834e+28,16166,499172,58,4,False,Right,Back,Left,Centre,61
<_io.BytesIO object at 0x000001E1C602FF40>,0,1.8367099231598242e-40,-8.743006318923108e-16,-4.2393590589650284e-19,1.2955991940141643e-28,4.6747529498654566e+20,-5815.85302734375,1.379988180934318e-35,8.992820563227443e+16,-16578,499172,58,4,False,Right,Back,Left,Centre,61
<_io.BytesIO object at 0x000001E1C604E450>,1064279423,0.0074533880688250065,-0.007051980122923851,0.695927083492279,0.09040534496307373,0.373993456363678,0.6114564538002014,0.09123028814792633,0.2999100983142853,2,499173,58,4,False,Right,Back,Left,Centre,61
<_io.BytesIO object at 0x000001E1C604E770>,4980736,9.183549615799121e-41,3296.0,-1.698933249212514e-37,-14.265118598937988,-2.1972590966646773e+37,-1.5247006907206992e+20,-1849.957275390625,2.2630064228475834e+28,16166,499173,58,4,False,Right,Back,Left,Centre,61
<_io.BytesIO object at 0x000001E1C604EE50>,0,1.8367099231598242e-40,-1.1518563880486e-15,-3.5622639416033053e-07,-4.2571162686846205e+22,3775019876352.0,-2475.926513671875,1.1016042805623676e-30,1.9612688468913684e+18,-16578,499173,58,4,False,Right,Back,Left,Centre,61
<_io.BytesIO object at 0x000001E1C8DA89F0>,1064279696,0.007447525858879089,-0.0070524257607758045,0.6960856914520264,0.09041373431682587,0.3739502429962158,0.611712634563446,0.09118220210075378,0.2997443377971649,2,499174,58,4,False,Right,Back,Left,Centre,61
<_io.BytesIO object at 0x000001E1C8DB7770>,4980736,9.183549615799121e-41,3296.0,-1.698933249212514e-37,-14.265118598937988,-2.1972590966646773e+37,-1.5247006907206992e+20,-1849.957275390625,2.2630064228475834e+28,16166,499174,58,4,False,Right,Back,Left,Centre,61
<_io.BytesIO object at 0x000001E1C8DA8DB0>,0,1.8367099231598242e-40,-8.382183835919932e-15,-1.3088060149546443e-11,1.2695036812879858e-38,220.73509216308594,-9.71630935042687e+17,1.8290142722155184e-20,680573873946624.0,-16578,499174,58,4,False,Right,Back,Left,Centre,61
<_io.BytesIO object at 0x000001E1C8E17400>,1064280037,0.007426856551319361,-0.007061624899506569,0.6962526440620422,0.0903378427028656,0.3739131987094879,0.6120574474334717,0.09108931571245193,0.2997620105743408,2,499175,58,4,False,Right,Back,Left,Centre,61
<_io.BytesIO object at 0x000001E1C8E17B30>,4980736,9.183549615799121e-41,3296.0,-1.698933249212514e-37,-14.265118598937988,-2.1972590966646773e+37,-1.5247006907206992e+20,-1849.957275390625,2.2630064228475834e+28,16166,499175,58,4,False,Right,Back,Left,Centre,61
<_io.BytesIO object at 0x000001E1C8E17360>,0,1.8367099231598242e-40,-2.475797344914099e-14,-3.2655751212745687e-16,9.968084668798838e-06,662.9403686523438,-8.934929850783089e+20,2.0187455345919948e-16,10152930443264.0,-16578,499175,58,4,False,Right,Back,Left,Centre,61
<_io.BytesIO object at 0x000001E1C602ECC0>,1064280205,0.007415354251861572,-0.0070647080428898335,0.6963845491409302,0.09014365077018738,0.3738981783390045,0.6122693419456482,0.09105297178030014,0.2996886372566223,2,499176,58,4,False,Right,Back,Left,Centre,61
<_io.BytesIO object at 0x000001E1C602EF90>,4980736,9.183549615799121e-41,3296.0,-1.698933249212514e-37,-14.265118598937988,-2.1972590966646773e+37,-1.5247006907206992e+20,-1849.957275390625,2.2630064228475834e+28,16166,499176,58,4,False,Right,Back,Left,Centre,61
<_io.BytesIO object at 0x000001E1C602E0E0>,0,1.8367099231598242e-40,-3.5083047578154947e-14,-6.14951107783424e-16,8396550656.0,158448.734375,-3795433340010496.0,1.1629862548359716e-21,948854711123968.0,-16578,499176,58,4,False,Right,Back,Left,Centre,61
<_io.BytesIO object at 0x000001E1C8D9D1D0>,1064280370,0.007405778858810663,-0.0070817661471664906,0.6965609192848206,0.0899125188589096,0.3738553524017334,0.6124579310417175,0.09102063626050949,0.29962974786758423,2,499177,58,4,False,Right,Back,Left,Centre,61
<_io.BytesIO object at 0x000001E1C8D9D2C0>,4980736,9.183549615799121e-41,3296.0,-1.698933249212514e-37,-14.265118598937988,-2.1972590966646773e+37,-1.5247006907206992e+20,-1849.957275390625,2.2630064228475834e+28,16166,499177,58,4,False,Right,Back,Left,Centre,61
<_io.BytesIO object at 0x000001E1C8D9D630>,0,1.8367099231598242e-40,-1.4832579608992091e-13,-9.211222007365905e-09,-4.750813520359998e-09,23.341886520385742,-4.7272413817899115e+28,3.916625984404623e-22,2263354703872.0,-16578,499177,58,4,False,Right,Back,Left,Centre,61
<_io.BytesIO object at 0x000001E1C8DB7CC0>,1064280537,0.007392120081931353,-0.007092420943081379,0.6967054009437561,0.0895911306142807,0.37376993894577026,0.6126382946968079,0.09099386632442474,0.29957714676856995,2,499178,58,4,False,Right,Back,Left,Centre,61
<_io.BytesIO object at 0x000001E1C8DB7590>,4980736,9.183549615799121e-41,3296.0,-1.698933249212514e-37,-14.265118598937988,-2.1972590966646773e+37,-1.5247006907206992e+20,-1849.957275390625,2.2630064228475834e+28,16166,499178,58,4,False,Right,Back,Left,Centre,61
<_io.BytesIO object at 0x000001E1C8DB7720>,0,1.8367099231598242e-40,-2.788880237858393e-13,-3747.96142578125,-1.158001561433784e+38,1.64511516565506e-17,7.137428932665783e-35,1.926208473868861e-38,4.777885258324378e+16,-16578,499178,58,4,False,Right,Back,Left,Centre,61
<_io.BytesIO object at 0x000001E1C8DB3C70>,1064280805,0.007383385673165321,-0.007103882264345884,0.6968455910682678,0.0892883911728859,0.3737899363040924,0.6127791404724121,0.09096129238605499,0.2995372712612152,2,499179,58,4,False,Right,Back,Left,Centre,61
<_io.BytesIO object at 0x000001E1C8DB38B0>,4980736,9.183549615799121e-41,3296.0,-1.698933249212514e-37,-14.265118598937988,-2.1972590966646773e+37,-1.5247006907206992e+20,-1849.957275390625,2.2630064228475834e+28,16166,499179,58,4,False,Right,Back,Left,Centre,61
<_io.BytesIO object at 0x000001E1C8DB3450>,0,1.8367099231598242e-40,-3.481659405224491e-13,-3.1204367040506466e-18,2.666445064747336e-09,182.735107421875,2.2161608161589316e-29,8.498613939254715e-36,1843351168.0,-16578,499179,58,4,False,Right,Back,Left,Centre,61
<_io.BytesIO object at 0x000001E1C8D90BD0>,1064280678,0.0073865498416125774,-0.007119796238839626,0.6969857811927795,0.0891328901052475,0.3737694025039673,0.6128827929496765,0.09094459563493729,0.2995031177997589,2,499180,58,4,False,Right,Back,Left,Centre,61
<_io.BytesIO object at 0x000001E1C8D90810>,4980736,9.183549615799121e-41,3296.0,-1.698933249212514e-37,-14.265118598937988,-2.1972590966646773e+37,-1.5247006907206992e+20,-1849.957275390625,2.2630064228475834e+28,16166,499180,58,4,False,Right,Back,Left,Centre,61
<_io.BytesIO object at 0x000001E1C8D90310>,0,1.8367099231598242e-40,-9.805489753489383e-13,-7390282752.0,1.2292125723664957e+23,3.174337284998427e-15,4.829249777849043e-10,-196532787740672.0,114208783990784.0,-16578,499180,58,4,False,Right,Back,Left,Centre,61
<_io.BytesIO object at 0x000001E1C1425360>,1064280750,0.007372776512056589,-0.0071368892677128315,0.6971400380134583,0.0890178307890892,0.3737184703350067,0.6130546927452087,0.09080085158348083,0.2994590699672699,2,499181,58,4,False,Right,Back,Left,Centre,61
<_io.BytesIO object at 0x000001E1C1425090>,4980736,9.183549615799121e-41,3296.0,-1.698933249212514e-37,-14.265118598937988,-2.1972590966646773e+37,-1.5247006907206992e+20,-1849.957275390625,2.2630064228475834e+28,16166,499181,58,4,False,Right,Back,Left,Centre,61
<_io.BytesIO object at 0x000001E1C1425680>,0,1.8367099231598242e-40,-3.6060043839825084e-13,-1.7544088712632488e+34,-2017171.125,2.5282633941969834e-07,1.4372604031994107e-20,-287.4910583496094,2.1475929119680102e+17,-16578,499181,58,4,False,Right,Back,Left,Centre,61
<_io.BytesIO object at 0x000001E1C604E720>,1064281175,0.007370350882411003,-0.007150439079850912,0.6972944140434265,0.08893630653619766,0.37367576360702515,0.6131231188774109,0.09075430780649185,0.2994522452354431,2,499182,58,4,False,Right,Back,Left,Centre,61
<_io.BytesIO object at 0x000001E1C604E860>,4980736,9.183549615799121e-41,3296.0,-1.698933249212514e-37,-14.265118598937988,-2.1972590966646773e+37,-1.5247006907206992e+20,-1849.957275390625,2.2630064228475834e+28,16166,499182,58,4,False,Right,Back,Left,Centre,61
<_io.BytesIO object at 0x000001E1C60404F0>,0,1.8367099231598242e-40,-2.7853275241795927e-12,-7.376245365443522e+24,5.301787983841901e-22,1.2261861671690563e-33,120806315130880.0,-13487.7138671875,327092763885568.0,-16578,499182,58,4,False,Right,Back,Left,Centre,61
<_io.BytesIO object at 0x000001E1C8DA83B0>,1064282260,0.007346360944211483,-0.007161758840084076,0.6973934173583984,0.08875483274459839,0.37356582283973694,0.6131764054298401,0.09069785475730896,0.2994246184825897,2,499183,58,4,False,Right,Back,Left,Centre,61
<_io.BytesIO object at 0x000001E1C8DA8590>,4980736,9.183549615799121e-41,3296.0,-1.698933249212514e-37,-14.265118598937988,-2.1972590966646773e+37,-1.5247006907206992e+20,-1849.957275390625,2.2630064228475834e+28,16166,499183,58,4,False,Right,Back,Left,Centre,61
<_io.BytesIO object at 0x000001E1C8F6FAE0>,0,1.8367099231598242e-40,-5.5138116294983774e-12,-4.7449755502761466e+26,6.662232431912465e+33,1.5250290381435703e-36,3.034196826128384e+17,-0.0030631336849182844,4987193617547264.0,-16578,499183,58,4,False,Right,Back,Left,Centre,61
<_io.BytesIO object at 0x000001E1C8D9DD10>,1064282506,0.0073331193998456,-0.007170418743044138,0.6974781155586243,0.08856754004955292,0.3734906017780304,0.6132072806358337,0.09067049622535706,0.29941636323928833,2,499184,58,4,False,Right,Back,Left,Centre,61
<_io.BytesIO object at 0x000001E1C8D9D040>,4980736,9.183549615799121e-41,3296.0,-1.698933249212514e-37,-14.265118598937988,-2.1972590966646773e+37,-1.5247006907206992e+20,-1849.957275390625,2.2630064228475834e+28,16166,499184,58,4,False,Right,Back,Left,Centre,61
<_io.BytesIO object at 0x000001E1C8D9DE00>,0,1.8367099231598242e-40,-5.6274984672199935e-12,-1.1648896388250741e+30,-760.9468383789062,3.8695667382769756e-20,1851746688.0,-5.433103141749186e-29,6.836268521278669e+18,-16578,499184,58,4,False,Right,Back,Left,Centre,61
<_io.BytesIO object at 0x000001E1C8DEED60>,1064282910,0.007324959617108107,-0.007178936153650284,0.697594940662384,0.08833526074886322,0.37340348958969116,0.6132433414459229,0.09069176018238068,0.29941439628601074,2,499185,58,4,False,Right,Back,Left,Centre,61
<_io.BytesIO object at 0x000001E1C8DEE040>,4980736,9.183549615799121e-41,3296.0,-1.698933249212514e-37,-14.265118598937988,-2.1972590966646773e+37,-1.5247006907206992e+20,-1849.957275390625,2.2630064228475834e+28,16166,499185,58,4,False,Right,Back,Left,Centre,61
<_io.BytesIO object at 0x000001E1C8DEEBD0>,0,1.8367099231598242e-40,-3.979039320256561e-11,-9.547463326207637e+28,1.2367656176593311e-15,2.970605327770165e-38,4.392120287716603e+30,-2.235830479211308e-33,3.958566215923794e+18,-16578,499185,58,4,False,Right,Back,Left,Centre,61
<_io.BytesIO object at 0x000001E1C8E179A0>,1064283063,0.007312852889299393,-0.007184624206274748,0.6975740194320679,0.08815023303031921,0.3733721673488617,0.6132546663284302,0.0907708927989006,0.299390584230423,2,499186,58,4,False,Right,Back,Left,Centre,61
<_io.BytesIO object at 0x000001E1C8E17680>,4980736,9.183549615799121e-41,3296.0,-1.698933249212514e-37,-14.265118598937988,-2.1972590966646773e+37,-1.5247006907206992e+20,-1849.957275390625,2.2630064228475834e+28,16166,499186,58,4,False,Right,Back,Left,Centre,61
<_io.BytesIO object at 0x000001E1C8E176D0>,0,1.8367099231598242e-40,-1.5734258340671659e-10,-1.5967191068330433e+38,3354141130752.0,-8.365334821797465e+37,3.3008686985213433e+33,5.1435301709603966e+29,1.722414625336775e+21,-16578,499186,58,4,False,Right,Back,Left,Centre,61
<_io.BytesIO object at 0x000001E1C8DB7AE0>,1064283446,0.007299069315195084,-0.007187824230641127,0.6975669264793396,0.0880037248134613,0.37338417768478394,0.6131300926208496,0.09117309004068375,0.2991291284561157,2,499187,58,4,False,Right,Back,Left,Centre,61
<_io.BytesIO object at 0x000001E1C8DB7040>,4980736,9.183549615799121e-41,3296.0,-1.698933249212514e-37,-14.265118598937988,-2.1972590966646773e+37,-1.5247006907206992e+20,-1849.957275390625,2.2630064228475834e+28,16166,499187,58,4,False,Right,Back,Left,Centre,61
<_io.BytesIO object at 0x000001E1C8DB7720>,0,1.8367099231598242e-40,-2.168235369026661e-09,4.709253393331433e-37,2.6652342241443296e+28,-6.205339328646977e+37,-1.1339511993275042e-28,116093.7109375,6.926551989494519e+21,-16578,499187,58,4,False,Right,Back,Left,Centre,61
<_io.BytesIO object at 0x000001E1C8DB3C70>,1064283868,0.0073067061603069305,-0.007192082703113556,0.6975077390670776,0.08778879046440125,0.3733801245689392,0.6130418181419373,0.09141354262828827,0.29899194836616516,2,499188,58,4,False,Right,Back,Left,Centre,61
<_io.BytesIO object at 0x000001E1C8DB3900>,4980736,9.183549615799121e-41,3296.0,-1.698933249212514e-37,-14.265118598937988,-2.1972590966646773e+37,-1.5247006907206992e+20,-1849.957275390625,2.2630064228475834e+28,16166,499188,58,4,False,Right,Back,Left,Centre,61
<_io.BytesIO object at 0x000001E1C8DB3D60>,0,1.8367099231598242e-40,-3.2741809263825417e-10,5.090586328912855e-19,-2.546683752108558e+36,-4.1333139265045576e+34,8.57835934665068e+27,427.4910583496094,2.0641977690096555e+29,-16578,499188,58,4,False,Right,Back,Left,Centre,61
<_io.BytesIO object at 0x000001E1C602F090>,1064283915,0.007296450436115265,-0.007204562891274691,0.697460412979126,0.08769579231739044,0.37336820363998413,0.6132935881614685,0.09107400476932526,0.2992190420627594,2,499189,58,4,False,Right,Back,Left,Centre,61
<_io.BytesIO object at 0x000001E1C602F950>,4980736,9.183549615799121e-41,3296.0,-1.698933249212514e-37,-14.265118598937988,-2.1972590966646773e+37,-1.5247006907206992e+20,-1849.957275390625,2.2630064228475834e+28,16166,499189,58,4,False,Right,Back,Left,Centre,61
<_io.BytesIO object at 0x000001E1C602F180>,0,1.8367099231598242e-40,-5.093170329928398e-10,7.100331458786968e-06,6.2663759192653944e-27,-1.1962511511795927e+32,1.9786868492339995e+31,2.2081880768354267e-09,2.277723596766743e+31,-16578,499189,58,4,False,Right,Back,Left,Centre,61
<_io.BytesIO object at 0x000001E1C60333B0>,1064283989,0.007293818984180689,-0.0072116064839065075,0.6974107027053833,0.08761417120695114,0.3733585774898529,0.6130512952804565,0.09157868474721909,0.2989846467971802,2,499190,58,4,False,Right,Back,Left,Centre,61
<_io.BytesIO object at 0x000001E1C60338B0>,4980736,9.183549615799121e-41,3296.0,-1.698933249212514e-37,-14.265118598937988,-2.1972590966646773e+37,-1.5247006907206992e+20,-1849.957275390625,2.2630064228475834e+28,16166,499190,58,4,False,Right,Back,Left,Centre,61
<_io.BytesIO object at 0x000001E1C6033AE0>,0,1.8367099231598242e-40,-1.178705133497715e-09,296.49517822265625,1.2291634723937683e-11,-3.225095859643972e+24,9.003251337458757e+36,8.768242706057039e-18,3.6456529495928914e+33,-16578,499190,58,4,False,Right,Back,Left,Centre,61
<_io.BytesIO object at 0x000001E1C604E590>,1064284269,0.007291669957339764,-0.007208875380456448,0.6972775459289551,0.08752672374248505,0.37338629364967346,0.6128177642822266,0.09184309840202332,0.29877859354019165,2,499191,58,4,False,Right,Back,Left,Centre,61
<_io.BytesIO object at 0x000001E1C604ECC0>,4980736,9.183549615799121e-41,3296.0,-1.698933249212514e-37,-14.265118598937988,-2.1972590966646773e+37,-1.5247006907206992e+20,-1849.957275390625,2.2630064228475834e+28,16166,499191,58,4,False,Right,Back,Left,Centre,61
<_io.BytesIO object at 0x000001E1C6040810>,0,1.8367099231598242e-40,-2.5756889954209328e-09,829992075264.0,5.2282831964863886e+26,1.0622657578976719e-36,6.933815895778524e+32,7.889749908966854e-35,4.3555372857207e+33,-16578,499191,58,4,False,Right,Back,Left,Centre,61
<_io.BytesIO object at 0x000001E1C8DA8DB0>,1064284367,0.007262378465384245,-0.007217503152787685,0.6971992254257202,0.08747579902410507,0.3733680248260498,0.6126556396484375,0.09197668731212616,0.29866787791252136,2,499192,58,4,False,Right,Back,Left,Centre,61
<_io.BytesIO object at 0x000001E1C8DA8130>,4980736,9.183549615799121e-41,3296.0,-1.698933249212514e-37,-14.265118598937988,-2.1972590966646773e+37,-1.5247006907206992e+20,-1849.957275390625,2.2630064228475834e+28,16166,499192,58,4,False,Right,Back,Left,Centre,61
<_io.BytesIO object at 0x000001E1C8F6F220>,0,1.8367099231598242e-40,-5.034962669014931e-09,255063584.0,-1.7843346703329833e-33,1.0676159281694645e-32,-6.839772780779102e-37,-2.5409565239853145e+21,4.0036592668420348e+34,-16578,499192,58,4,False,Right,Back,Left,Centre,61
<_io.BytesIO object at 0x000001E1C6027C20>,1064284478,0.007268444634974003,-0.007212776690721512,0.6971152424812317,0.08745685964822769,0.3733595609664917,0.6125565767288208,0.0919976457953453,0.29866063594818115,2,499193,58,4,False,Right,Back,Left,Centre,61
<_io.BytesIO object at 0x000001E1C60276D0>,4980736,9.183549615799121e-41,3296.0,-1.698933249212514e-37,-14.265118598937988,-2.1972590966646773e+37,-1.5247006907206992e+20,-1849.957275390625,2.2630064228475834e+28,16166,499193,58,4,False,Right,Back,Left,Centre,61
<_io.BytesIO object at 0x000001E1C60274F0>,0,1.8367099231598242e-40,-4.802132025361061e-09,2537630424104960.0,-4.289595523232492e-08,5.4415416489395016e-30,-1.7834115921211684e-37,-34874519977984.0,4.458743504996695e+35,-16578,499193,58,4,False,Right,Back,Left,Centre,61
<_io.BytesIO object at 0x000001E1C8D90180>,1064284513,0.00726522458717227,-0.007225962355732918,0.6970475316047668,0.08748829364776611,0.3733564019203186,0.6124594807624817,0.09193043410778046,0.2986512780189514,2,499194,58,4,False,Right,Back,Left,Centre,61
<_io.BytesIO object at 0x000001E1C8D904F0>,4980736,9.183549615799121e-41,3296.0,-1.698933249212514e-37,-14.265118598937988,-2.1972590966646773e+37,-1.5247006907206992e+20,-1849.957275390625,2.2630064228475834e+28,16166,499194,58,4,False,Right,Back,Left,Centre,61
<_io.BytesIO object at 0x000001E1C8D904A0>,0,1.8367099231598242e-40,-1.6589183360338211e-09,3645938144903168.0,-16399514.0,5.988794670807673e-36,5.315494670540446e+35,-1569772142592.0,-1.62957979325258e-39,-16578,499194,58,4,False,Right,Back,Left,Centre,61
<_io.BytesIO object at 0x000001E1C8E17590>,1064284695,0.007258942350745201,-0.007239779457449913,0.6968987584114075,0.08760059624910355,0.3733600080013275,0.6126050353050232,0.09140446782112122,0.29906827211380005,2,499195,58,4,False,Right,Back,Left,Centre,61
<_io.BytesIO object at 0x000001E1C8E179A0>,4980736,9.183549615799121e-41,3296.0,-1.698933249212514e-37,-14.265118598937988,-2.1972590966646773e+37,-1.5247006907206992e+20,-1849.957275390625,2.2630064228475834e+28,16166,499195,58,4,False,Right,Back,Left,Centre,61
<_io.BytesIO object at 0x000001E1C8E17EF0>,0,1.8367099231598242e-40,-1.8917489796876907e-09,2.4967608888467653e+19,-7713706502782976.0,-8.365335328857705e+37,-6.084185420357162e-35,-8119.85693359375,-3.6319938203381996e-38,-16578,499195,58,4,False,Right,Back,Left,Centre,61
<_io.BytesIO object at 0x000001E1C8DB70E0>,1064284831,0.007234001532196999,-0.007266026455909014,0.6968123912811279,0.08769024908542633,0.37338465452194214,0.6124742031097412,0.09143978357315063,0.2991003096103668,2,499196,58,4,False,Right,Back,Left,Centre,61
<_io.BytesIO object at 0x000001E1C8DB7450>,4980736,9.183549615799121e-41,3296.0,-1.698933249212514e-37,-14.265118598937988,-2.1972590966646773e+37,-1.5247006907206992e+20,-1849.957275390625,2.2630064228475834e+28,16166,499196,58,4,False,Right,Back,Left,Centre,61
<_io.BytesIO object at 0x000001E1C8DB76D0>,0,1.8367099231598242e-40,-2.922024577856064e-08,3.1934434085413076e+23,4775.5751953125,-1.6468353975990608e+35,-6.270865488187363e-16,-1.939358800978684e-15,nan,-16578,499196,58,4,False,Right,Back,Left,Centre,61
<_io.BytesIO object at 0x000001E1C8DB3D60>,1064285334,0.00716489739716053,-0.007322392892092466,0.6966681480407715,0.08784627914428711,0.3734338581562042,0.6121598482131958,0.09174224734306335,0.2989945113658905,2,499197,58,4,False,Right,Back,Left,Centre,61
<_io.BytesIO object at 0x000001E1C8DB3900>,4980736,9.183549615799121e-41,3296.0,-1.698933249212514e-37,-14.265118598937988,-2.1972590966646773e+37,-1.5247006907206992e+20,-1849.957275390625,2.2630064228475834e+28,16166,499197,58,4,False,Right,Back,Left,Centre,61
<_io.BytesIO object at 0x000001E1C6027450>,0,1.8367099231598242e-40,-1.210719347000122e-08,2.61943337055799e+30,-572.9468994140625,7.276650409207249e-16,6.52802174688008e+27,6.146265337032519e+35,-2.985107483503567e-31,-16578,499197,58,4,False,Right,Back,Left,Centre,61
<_io.BytesIO object at 0x000001E1C1425400>,1064285810,0.007139419671148062,-0.0073670982383191586,0.6965354084968567,0.08816561102867126,0.3735678791999817,0.611929178237915,0.09185809642076492,0.29901593923568726,2,499198,58,4,False,Right,Back,Left,Centre,61
<_io.BytesIO object at 0x000001E1C60331D0>,4980736,9.183549615799121e-41,3296.0,-1.698933249212514e-37,-14.265118598937988,-2.1972590966646773e+37,-1.5247006907206992e+20,-1849.957275390625,2.2630064228475834e+28,16166,499198,58,4,False,Right,Back,Left,Centre,61
<_io.BytesIO object at 0x000001E1C1425130>,0,1.8367099231598242e-40,-4.330649971961975e-08,1.3392449183820586e+25,6.987242634687283e+16,4.4922611560494145e-18,1.5819981394886843e+35,1.3532158434797316e+20,-1.3582661557875745e-29,-16578,499198,58,4,False,Right,Back,Left,Centre,61
<_io.BytesIO object at 0x000001E1C602ECC0>,1064286280,0.007105001248419285,-0.007403428666293621,0.6963671445846558,0.088529072701931,0.37373003363609314,0.6117749214172363,0.0918513685464859,0.2991306781768799,2,499199,58,4,False,Right,Back,Left,Centre,61
<_io.BytesIO object at 0x000001E1C602E450>,4980736,9.183549615799121e-41,3296.0,-1.698933249212514e-37,-14.265118598937988,-2.1972590966646773e+37,-1.5247006907206992e+20,-1849.957275390625,2.2630064228475834e+28,16166,499199,58,4,False,Right,Back,Left,Centre,61
<_io.BytesIO object at 0x000001E1C6027540>,0,1.8367099231598242e-40,-6.854534149169922e-07,6.031148366258623e+30,1.251136722186234e-38,3.654798253687465e-23,-1.3877596671222121e-24,0.1813921183347702,-4.254811076756122e-29,-16578,499199,58,4,False,Right,Back,Left,Centre,61
<_io.BytesIO object at 0x000001E1C6040450>,1064286870,0.007085613440722227,-0.007420660462230444,0.6961324214935303,0.08895208686590195,0.37389659881591797,0.6116138696670532,0.0918150544166565,0.2992830276489258,2,499200,58,4,False,Right,Back,Left,Centre,61
<_io.BytesIO object at 0x000001E1C604E810>,4980736,9.183549615799121e-41,3296.0,-1.698933249212514e-37,-14.265118598937988,-2.1972590966646773e+37,-1.5247006907206992e+20,-1849.957275390625,2.2630064228475834e+28,16166,499200,58,4,False,Right,Back,Left,Centre,61
<_io.BytesIO object at 0x000001E1C6040090>,0,1.8367099231598242e-40,-6.8247318267822266e-06,4.4020670271289375e+30,-1.235223606510468e-33,2.2559553737274882e-27,-4.428353292951215e-07,1.3486116023549448e-20,-4.313975644647698e-29,-16578,499200,58,4,False,Right,Back,Left,Centre,61
<_io.BytesIO object at 0x000001E1C8F6F6D0>,1064287277,0.007054771762341261,-0.007451381999999285,0.6959626078605652,0.08977685868740082,0.3740707337856293,0.6114007234573364,0.0918755829334259,0.2994304597377777,2,499201,58,4,False,Right,Back,Left,Centre,61
<_io.BytesIO object at 0x000001E1C8DA8E00>,4980736,9.183549615799121e-41,3296.0,-1.698933249212514e-37,-14.265118598937988,-2.1972590966646773e+37,-1.5247006907206992e+20,-1849.957275390625,2.2630064228475834e+28,16166,499201,58,4,False,Right,Back,Left,Centre,61
<_io.BytesIO object at 0x000001E1C8F6F900>,0,1.8367099231598242e-40,-0.0001125335693359375,3.0707176950876215e+34,-4.570849538734213e+25,4.4003220128476124e-37,-939504369664.0,nan,-6.523707315447745e-28,-16578,499201,58,4,False,Right,Back,Left,Centre,61
<_io.BytesIO object at 0x000001E1C8D9DA40>,1064287749,0.007036823313683271,-0.007467212621122599,0.695621907711029,0.09028176963329315,0.37431979179382324,0.611332356929779,0.09170033782720566,0.29984939098358154,2,499202,58,4,False,Right,Back,Left,Centre,61
<_io.BytesIO object at 0x000001E1C8D9DC20>,4980736,9.183549615799121e-41,3296.0,-1.698933249212514e-37,-14.265118598937988,-2.1972590966646773e+37,-1.5247006907206992e+20,-1849.957275390625,2.2630064228475834e+28,16166,499202,58,4,False,Right,Back,Left,Centre,61
<_io.BytesIO object at 0x000001E1C8D9DC70>,0,1.8367099231598242e-40,-0.00151824951171875,5.931219437845183e+25,-1.1470681056203214e-32,-7.159659462667036e+30,-1.3353992942855474e+29,-22111770624.0,-2.2714449072020236e-24,-16578,499202,58,4,False,Right,Back,Left,Centre,61
<_io.BytesIO object at 0x000001E1C602FA90>,1064287753,0.007017524912953377,-0.0074891261756420135,0.6954701542854309,0.0912279561161995,0.37446674704551697,0.6111940145492554,0.09172247350215912,0.30000418424606323,2,499203,58,4,False,Right,Back,Left,Centre,61
<_io.BytesIO object at 0x000001E1C602F360>,4980736,9.183549615799121e-41,3296.0,-1.698933249212514e-37,-14.265118598937988,-2.1972590966646773e+37,-1.5247006907206992e+20,-1849.957275390625,2.2630064228475834e+28,16166,499203,58,4,False,Right,Back,Left,Centre,61
<_io.BytesIO object at 0x000001E1C602F770>,0,1.8367099231598242e-40,-0.01055908203125,8.925428301822905e+29,-1.731514484834435e+18,-7.866876858679322e+37,-2.548733429040573e+38,-1.082266165575163e-09,-4.192272104823837e-25,-16578,499203,58,4,False,Right,Back,Left,Centre,61
<_io.BytesIO object at 0x000001E1C8DEEC20>,1064287998,0.006990406196564436,-0.007517295889556408,0.6954420208930969,0.09194327145814896,0.3745496869087219,0.6111626625061035,0.09172721207141876,0.3001396059989929,2,499204,58,4,False,Right,Back,Left,Centre,61
<_io.BytesIO object at 0x000001E1C8DEEA90>,4980736,9.183549615799121e-41,3296.0,-1.698933249212514e-37,-14.265118598937988,-2.1972590966646773e+37,-1.5247006907206992e+20,-1849.957275390625,2.2630064228475834e+28,16166,499204,58,4,False,Right,Back,Left,Centre,61
<_io.BytesIO object at 0x000001E1C8DEEDB0>,0,1.8367099231598242e-40,-0.0198974609375,52231560.0,-4.4150605337837494e-37,6.617338689189784e-36,2.855366688067139e-21,1.7178839455801494e+34,-1.4846892745218203e-24,-16578,499204,58,4,False,Right,Back,Left,Centre,61
<_io.BytesIO object at 0x000001E1C8DA8540>,1064288179,0.006979350466281176,-0.007525520399212837,0.6954848170280457,0.09278406947851181,0.3746601343154907,0.6111000180244446,0.09184218943119049,0.30023977160453796,2,499205,58,4,False,Right,Back,Left,Centre,61
<_io.BytesIO object at 0x000001E1C8DA8400>,4980736,9.183549615799121e-41,3296.0,-1.698933249212514e-37,-14.265118598937988,-2.1972590966646773e+37,-1.5247006907206992e+20,-1849.957275390625,2.2630064228475834e+28,16166,499205,58,4,False,Right,Back,Left,Centre,61
<_io.BytesIO object at 0x000001E1C8DA8EF0>,0,1.8367099231598242e-40,-0.053955078125,5.974238520200397e+16,-5376652288.0,-2.2386729882440135e+37,1.2547922770278497e-11,5.806903529294648e+22,-9.499369935084608e-24,-16578,499205,58,4,False,Right,Back,Left,Centre,61
<_io.BytesIO object at 0x000001E1C604E1D0>,1064288333,0.006979485973715782,-0.007527541369199753,0.6956754922866821,0.09355156868696213,0.37465155124664307,0.6110352873802185,0.09201804548501968,0.30033060908317566,2,499206,58,4,False,Right,Back,Left,Centre,61
<_io.BytesIO object at 0x000001E1C604ED10>,4980736,9.183549615799121e-41,3296.0,-1.698933249212514e-37,-14.265118598937988,-2.1972590966646773e+37,-1.5247006907206992e+20,-1849.957275390625,2.2630064228475834e+28,16166,499206,58,4,False,Right,Back,Left,Centre,61
<_io.BytesIO object at 0x000001E1C604E0E0>,0,1.8367099231598242e-40,-0.034423828125,32513921024.0,4.029752738608987e-32,2.731834999577238e-38,4.86562956591996e-10,239171207168.0,-1.660519893747552e-22,-16578,499206,58,4,False,Right,Back,Left,Centre,61
<_io.BytesIO object at 0x000001E1C602E950>,1064288404,0.006971049588173628,-0.007536248303949833,0.6959834694862366,0.0944424569606781,0.3745819926261902,0.611005425453186,0.09225369989871979,0.3003692626953125,2,499207,58,4,False,Right,Back,Left,Centre,61
<_io.BytesIO object at 0x000001E1C602E130>,4980736,9.183549615799121e-41,3296.0,-1.698933249212514e-37,-14.265118598937988,-2.1972590966646773e+37,-1.5247006907206992e+20,-1849.957275390625,2.2630064228475834e+28,16166,499207,58,4,False,Right,Back,Left,Centre,61
<_io.BytesIO object at 0x000001E1C6033CC0>,0,1.8367099231598242e-40,-0.1162109375,2.9408071259636367e+18,3.5592841133723525e-15,-2.0075556747965294e+28,347638.5625,364022.875,-1.6191608631199006e-22,-16578,499207,58,4,False,Right,Back,Left,Centre,61
<_io.BytesIO object at 0x000001E1C6027D60>,1064288820,0.0069694966077804565,-0.007541381288319826,0.6963301301002502,0.09539512544870377,0.3743879497051239,0.6110848188400269,0.09264756739139557,0.30038970708847046,2,499208,58,4,False,Right,Back,Left,Centre,61
<_io.BytesIO object at 0x000001E1C6027040>,4980736,9.183549615799121e-41,3296.0,-1.698933249212514e-37,-14.265118598937988,-2.1972590966646773e+37,-1.5247006907206992e+20,-1849.957275390625,2.2630064228475834e+28,16166,499208,58,4,False,Right,Back,Left,Centre,61
<_io.BytesIO object at 0x000001E1C6027270>,0,1.8367099231598242e-40,-0.05029296875,3.618456391999576e+23,9.815824641900066e+34,-50229881602048.0,2511203490332672.0,279.4910888671875,-1.0680266879187727e-20,-16578,499208,58,4,False,Right,Back,Left,Centre,61
<_io.BytesIO object at 0x000001E1C6040090>,1064288766,0.006944876164197922,-0.007547492161393166,0.6967872977256775,0.09637757390737534,0.3740912675857544,0.6108177304267883,0.09342759102582932,0.30017906427383423,2,499209,58,4,False,Right,Back,Left,Centre,61
<_io.BytesIO object at 0x000001E1C6040720>,4980736,9.183549615799121e-41,3296.0,-1.698933249212514e-37,-14.265118598937988,-2.1972590966646773e+37,-1.5247006907206992e+20,-1849.957275390625,2.2630064228475834e+28,16166,499209,58,4,False,Right,Back,Left,Centre,61
<_io.BytesIO object at 0x000001E1C6040A40>,0,1.8367099231598242e-40,-0.72265625,7.311710864853324e+33,-2.2993558175813165e-31,-3.850311874465759e+18,3.2253249520644665e+27,1.7030425463956944e-13,-1.8011405978815667e-22,-16578,499209,58,4,False,Right,Back,Left,Centre,61
<_io.BytesIO object at 0x000001E1C8F6F5E0>,1064289262,0.006938186474144459,-0.0075590345077216625,0.6964719891548157,0.09799397736787796,0.3737718164920807,0.6109752058982849,0.09392610937356949,0.3000415861606598,2,499210,58,4,False,Right,Back,Left,Centre,61
<_io.BytesIO object at 0x000001E1C8F6F220>,4980736,9.183549615799121e-41,3296.0,-1.698933249212514e-37,-14.265118598937988,-2.1972590966646773e+37,-1.5247006907206992e+20,-1849.957275390625,2.2630064228475834e+28,16166,499210,58,4,False,Right,Back,Left,Centre,61
<_io.BytesIO object at 0x000001E1C8F6F950>,0,1.8367099231598242e-40,-1.3828125,8.559101536133538e+27,2.8852670438853555e-24,-0.053646303713321686,-5.1180132269052836e-27,3.354901314252477e-31,-3.996821043817443e-20,-16578,499210,58,4,False,Right,Back,Left,Centre,61
<_io.BytesIO object at 0x000001E1C8D90450>,1064289483,0.006910205353051424,-0.007572389207780361,0.6964067220687866,0.09914857149124146,0.3733851909637451,0.6109238266944885,0.09498970210552216,0.2994987964630127,2,499211,58,4,False,Right,Back,Left,Centre,61
<_io.BytesIO object at 0x000001E1C8D900E0>,4980736,9.183549615799121e-41,3296.0,-1.698933249212514e-37,-14.265118598937988,-2.1972590966646773e+37,-1.5247006907206992e+20,-1849.957275390625,2.2630064228475834e+28,16166,499211,58,4,False,Right,Back,Left,Centre,61
<_io.BytesIO object at 0x000001E1C8D90E50>,0,1.8367099231598242e-40,-7.90625,-2.5575742869685826e-38,-1.248553450019679e-29,-3.094204146375512e-12,-722.9815673828125,-1.102351124823059e+23,-5.578361052112352e-21,-16578,499211,58,4,False,Right,Back,Left,Centre,61
<_io.BytesIO object at 0x000001E1C1425720>,1064289797,0.006916290149092674,-0.007587505038827658,0.6983111500740051,0.1025221198797226,0.37160933017730713,0.6112178564071655,0.09603013098239899,0.29896751046180725,2,499212,58,4,False,Right,Back,Left,Centre,61
<_io.BytesIO object at 0x000001E1C602F6D0>,4980736,9.183549615799121e-41,3296.0,-1.698933249212514e-37,-14.265118598937988,-2.1972590966646773e+37,-1.5247006907206992e+20,-1849.957275390625,2.2630064228475834e+28,16166,499212,58,4,False,Right,Back,Left,Centre,61
<_io.BytesIO object at 0x000001E1C14251D0>,0,1.8367099231598242e-40,-10.75,-1.6196062728341388e-29,-1.1111535003667471e+23,-1.2638539431224593e-20,-452572282880.0,-102405734400.0,-8.393910908640175e-19,-16578,499212,58,4,False,Right,Back,Left,Centre,61
<_io.BytesIO object at 0x000001E1C8D9DD10>,1064290319,0.006904794368892908,-0.007592849433422089,0.6985283493995667,0.10459491610527039,0.3706989884376526,0.6111775636672974,0.09783428907394409,0.2982723116874695,2,499213,58,4,False,Right,Back,Left,Centre,61
<_io.BytesIO object at 0x000001E1C8D9DB80>,4980736,9.183549615799121e-41,3296.0,-1.698933249212514e-37,-14.265118598937988,-2.1972590966646773e+37,-1.5247006907206992e+20,-1849.957275390625,2.2630064228475834e+28,16166,499213,58,4,False,Right,Back,Left,Centre,61
<_io.BytesIO object at 0x000001E1C8D9D5E0>,0,1.8367099231598242e-40,-23.625,-1.802640711449264e-30,4967.5751953125,-8.518985908306056e-22,-1.5582285013569159e+29,-1.3919173837617302e-14,-1.5161518558552093e-18,-16578,499213,58,4,False,Right,Back,Left,Centre,61
<_io.BytesIO object at 0x000001E1C8DB79A0>,1064290528,0.006884811911731958,-0.007599184289574623,0.6988890767097473,0.10710182040929794,0.3694014251232147,0.6115233302116394,0.09953621029853821,0.2974916696548462,2,499214,58,4,False,Right,Back,Left,Centre,61
<_io.BytesIO object at 0x000001E1C8DB7E50>,4980736,9.183549615799121e-41,3296.0,-1.698933249212514e-37,-14.265118598937988,-2.1972590966646773e+37,-1.5247006907206992e+20,-1849.957275390625,2.2630064228475834e+28,16166,499214,58,4,False,Right,Back,Left,Centre,61
<_io.BytesIO object at 0x000001E1C8DB7360>,0,1.8367099231598242e-40,-128.0,-2.5151211220394448e-23,1.0189193299860725e+36,-2.0287064435530762e-29,4.518502204171043e-26,-5.866977843326958e-29,-4.653271254822099e-20,-16578,499214,58,4,False,Right,Back,Left,Centre,61
<_io.BytesIO object at 0x000001E1C6040DB0>,1064290748,0.006881854496896267,-0.0076105790212750435,0.6992691159248352,0.11009614914655685,0.3678067922592163,0.6115755438804626,0.10191315412521362,0.2962085008621216,2,499215,58,4,False,Right,Back,Left,Centre,61
<_io.BytesIO object at 0x000001E1C6040400>,4980736,9.183549615799121e-41,3296.0,-1.698933249212514e-37,-14.265118598937988,-2.1972590966646773e+37,-1.5247006907206992e+20,-1849.957275390625,2.2630064228475834e+28,16166,499215,58,4,False,Right,Back,Left,Centre,61
<_io.BytesIO object at 0x000001E1C6040AE0>,0,1.8367099231598242e-40,-832.0,-2.1866919995795234e-27,-1.0910489515563978e-15,5.842757373562716e+17,6.5354909582354285e+19,-1.4494968854927456e-28,-8.166615961161647e-25,-16578,499215,58,4,False,Right,Back,Left,Centre,61
<_io.BytesIO object at 0x000001E1C602E3B0>,1064290943,0.006883184425532818,-0.007615235634148121,0.6995936632156372,0.11344340443611145,0.36611804366111755,0.6116389632225037,0.10452519357204437,0.29480743408203125,2,499216,58,4,False,Right,Back,Left,Centre,61
<_io.BytesIO object at 0x000001E1C602EEF0>,4980736,9.183549615799121e-41,3296.0,-1.698933249212514e-37,-14.265118598937988,-2.1972590966646773e+37,-1.5247006907206992e+20,-1849.957275390625,2.2630064228475834e+28,16166,499216,58,4,False,Right,Back,Left,Centre,61
<_io.BytesIO object at 0x000001E1C602EE50>,0,1.8367099231598242e-40,-252.0,-1.5582280987864728e+19,-1.3079293474842757e+27,-3.943437370236148e-36,918029467648.0,8.305105660651484e+26,-1.3102057654538029e-24,-16578,499216,58,4,False,Right,Back,Left,Centre,61
<_io.BytesIO object at 0x000001E1C60405E0>,1064290906,0.006872379686683416,-0.007626015692949295,0.6996543407440186,0.11642951518297195,0.3642329275608063,0.6120960712432861,0.10739884525537491,0.2934894561767578,2,499217,58,4,False,Right,Back,Left,Centre,61
<_io.BytesIO object at 0x000001E1C6040810>,4980736,9.183549615799121e-41,3296.0,-1.698933249212514e-37,-14.265118598937988,-2.1972590966646773e+37,-1.5247006907206992e+20,-1849.957275390625,2.2630064228475834e+28,16166,499217,58,4,False,Right,Back,Left,Centre,61
<_io.BytesIO object at 0x000001E1C6040E00>,0,1.8367099231598242e-40,-124.0,-1.8642102178811707e+38,1.181056826824577e-33,5.654327397210563e+30,7.224362428682296e+27,1.3777950142889984e+17,-2.9306042606149912e-24,-16578,499217,58,4,False,Right,Back,Left,Centre,61
<_io.BytesIO object at 0x000001E1C8DB7F90>,1064290823,0.00687672384083271,-0.007626121863722801,0.69930499792099,0.11955669522285461,0.36251452565193176,0.612328290939331,0.11086789518594742,0.2918325662612915,2,499218,58,4,False,Right,Back,Left,Centre,61
<_io.BytesIO object at 0x000001E1C8DB7AE0>,4980736,9.183549615799121e-41,3296.0,-1.698933249212514e-37,-14.265118598937988,-2.1972590966646773e+37,-1.5247006907206992e+20,-1849.957275390625,2.2630064228475834e+28,16166,499218,58,4,False,Right,Back,Left,Centre,61
<_io.BytesIO object at 0x000001E1C8DB7270>,0,1.8367099231598242e-40,-50.5,-3.0796497790942765e+35,0.04961834102869034,2.277576591387078e+31,1.4244931543586709e+32,5047.85791015625,-5.531543785596393e-23,-16578,499218,58,4,False,Right,Back,Left,Centre,61
<_io.BytesIO object at 0x000001E1C8D9DD60>,1064290734,0.006870846729725599,-0.00762650091201067,0.7009302377700806,0.12459953874349594,0.35921981930732727,0.612667441368103,0.11450054496526718,0.28991714119911194,2,499219,58,4,False,Right,Back,Left,Centre,61
<_io.BytesIO object at 0x000001E1C8D9DC70>,4980736,9.183549615799121e-41,3296.0,-1.698933249212514e-37,-14.265118598937988,-2.1972590966646773e+37,-1.5247006907206992e+20,-1849.957275390625,2.2630064228475834e+28,16166,499219,58,4,False,Right,Back,Left,Centre,61
<_io.BytesIO object at 0x000001E1C8D9DF90>,0,1.8367099231598242e-40,-38.75,3.2772329063163096e-35,8.885280844417309e-10,7.456085410221847e+27,-1.5464862454135556e-31,37.6863899230957,-1.1207693239716113e-25,-16578,499219,58,4,False,Right,Back,Left,Centre,61
<_io.BytesIO object at 0x000001E1C602E4A0>,1064290380,0.0068687256425619125,-0.007637424394488335,0.7014907002449036,0.12858028709888458,0.35648536682128906,0.6129421591758728,0.11866885423660278,0.2877700924873352,2,499220,58,4,False,Right,Back,Left,Centre,61
<_io.BytesIO object at 0x000001E1C602E220>,4980736,9.183549615799121e-41,3296.0,-1.698933249212514e-37,-14.265118598937988,-2.1972590966646773e+37,-1.5247006907206992e+20,-1849.957275390625,2.2630064228475834e+28,16166,499220,58,4,False,Right,Back,Left,Centre,61
<_io.BytesIO object at 0x000001E1C602E9F0>,0,1.8367099231598242e-40,-3.953125,-4.058259166871854e+37,8.861343658850274e-09,3.7162245679358005e+24,-5.282242317524062e-37,109437.7265625,-7.069526096849184e-24,-16578,499220,58,4,False,Right,Back,Left,Centre,61
<_io.BytesIO object at 0x000001E1C6033770>,1064290214,0.006879257038235664,-0.0076307314448058605,0.7027044296264648,0.13296440243721008,0.35292959213256836,0.613291323184967,0.12316048890352249,0.28540322184562683,2,499221,58,4,False,Right,Back,Left,Centre,61
<_io.BytesIO object at 0x000001E1C6033900>,4980736,9.183549615799121e-41,3296.0,-1.698933249212514e-37,-14.265118598937988,-2.1972590966646773e+37,-1.5247006907206992e+20,-1849.957275390625,2.2630064228475834e+28,16166,499221,58,4,False,Right,Back,Left,Centre,61
<_io.BytesIO object at 0x000001E1C6033A90>,0,1.8367099231598242e-40,-3.703125,-8.320718662017451e+24,2.5020992354558878e-27,1.970377968070304e-17,-45808456.0,8.889945685487518e+18,-4.6304406614348305e-28,-16578,499221,58,4,False,Right,Back,Left,Centre,61
