_io,asset_ID,pos_x,pos_y,pos_z,rot_w,rot_x,rot_y,rot_z,error,tracking_valid,frame,trial_num,block_num,practicing,left_right_hand,palm_back_hand,target_loc,distractor_loc,participant_id
<_io.BytesIO object at 0x0000018E00162220>,1059584570,0.073663629591465,-0.16570165753364563,0.6812815070152283,0.08500266075134277,-0.13860082626342773,0.6101518869400024,0.06644241511821747,-0.09700654447078705,30751,640974,42,6,False,Left,Back,Right,Centre,69
<_io.BytesIO object at 0x0000018E00162680>,4109319984,9.6837153540658e+21,-1.796777121519783e+32,-2.442735718692908e-23,7624914432.0,65350112641024.0,2.2265469520395954e-39,1.7995833255646986e+19,2.519758846610313e-40,0,640974,42,6,False,Left,Back,Right,Centre,69
<_io.BytesIO object at 0x0000018E001628B0>,76,1.401298464324817e-45,0.7840084433555603,0.08981911092996597,0.27878955006599426,-0.19389311969280243,-0.1708962321281433,0.584324836730957,0.7692622542381287,0,640974,42,6,False,Left,Back,Right,Centre,69
<_io.BytesIO object at 0x0000018E00162680>,0,2.802596928649634e-45,0.6730668544769287,0.05515991896390915,-0.11609803140163422,0.8783915638923645,0.007726265583187342,-0.4718358814716339,-0.07576002925634384,0,640974,42,6,False,Left,Back,Right,Centre,69
<_io.BytesIO object at 0x0000018E00162540>,0,0.0,0.0,0.0,0.0,8.407790785948902e-45,2.1860256043467146e-43,9.26818804304434e-42,0.656161904335022,-8971,640974,42,6,False,Left,Back,Right,Centre,69
<_io.BytesIO object at 0x0000018E001628B0>,2914139542,2.5839920552616827e+26,1.674614723299051e-39,0.00012841663556173444,9.269589341508665e-42,0.6812815070152283,0.08500266075134277,-0.13860082626342773,0.010459918528795242,18,640974,42,6,False,Left,Back,Right,Centre,69
<_io.BytesIO object at 0x0000018E00162EF0>,1059583035,0.07391607016324997,-0.16567762196063995,0.6811850666999817,0.0852830782532692,-0.13852344453334808,0.6098493933677673,0.06520259380340576,-0.0970345214009285,30224,640975,42,6,False,Left,Back,Right,Centre,69
<_io.BytesIO object at 0x0000018E00162540>,3089317680,537383731200.0,-1.2672836912419764e+29,13554703925248.0,4.6238338313742133e-07,52007309312.0,-5.421910183525844e+26,1.5860554632625232e-22,2.519758846610313e-40,0,640975,42,6,False,Left,Back,Right,Centre,69
<_io.BytesIO object at 0x0000018E00162A40>,76,1.401298464324817e-45,0.7840084433555603,0.08981911092996597,0.27878955006599426,-0.19389311969280243,-0.1708962321281433,0.584324836730957,0.7692622542381287,0,640975,42,6,False,Left,Back,Right,Centre,69
<_io.BytesIO object at 0x0000018E002AC270>,0,2.802596928649634e-45,0.6730153560638428,0.05493304878473282,-0.1162162721157074,0.8780292868614197,0.012690886855125427,-0.4715370237827301,-0.08097230643033981,0,640975,42,6,False,Left,Back,Right,Centre,69
<_io.BytesIO object at 0x0000018E002AC630>,0,0.0,0.0,0.0,0.0,8.407790785948902e-45,2.1860256043467146e-43,9.26818804304434e-42,0.6560704112052917,24911,640975,42,6,False,Left,Back,Right,Centre,69
<_io.BytesIO object at 0x0000018E002ACC20>,2808429975,1.5322271107009892e+32,1.674614723299051e-39,0.00011111861385870725,9.269589341508665e-42,0.6811850666999817,0.0852830782532692,-0.13852344453334808,0.010458284057676792,18,640975,42,6,False,Left,Back,Right,Centre,69
<_io.BytesIO object at 0x0000018E00159B30>,1059581938,0.07406673580408096,-0.1656324416399002,0.6809459328651428,0.0855649933218956,-0.13827551901340485,0.6094570755958557,0.06428545713424683,-0.09719507396221161,29812,640976,42,6,False,Left,Back,Right,Centre,69
<_io.BytesIO object at 0x0000018E00162C70>,1494761264,49187786752.0,-3.633124319396864e+29,-9.44007062975042e-23,5.856186829922572e-25,278000.28125,-2.693658661753979e+17,-2.5615370770809094e+19,2.51974483362567e-40,0,640976,42,6,False,Left,Back,Right,Centre,69
<_io.BytesIO object at 0x0000018E00162D60>,76,1.401298464324817e-45,0.7840084433555603,0.08981911092996597,0.27878955006599426,-0.19389311969280243,-0.1708962321281433,0.584324836730957,0.7692622542381287,0,640976,42,6,False,Left,Back,Right,Centre,69
<_io.BytesIO object at 0x0000018E00162AE0>,0,2.802596928649634e-45,0.6729341745376587,0.054664354771375656,-0.11634001135826111,0.8779543042182922,0.016887696459889412,-0.47064247727394104,-0.08606238663196564,0,640976,42,6,False,Left,Back,Right,Centre,69
<_io.BytesIO object at 0x0000018E001627C0>,0,0.0,0.0,0.0,0.0,8.407790785948902e-45,2.1860256043467146e-43,9.26818804304434e-42,0.6560050249099731,-20403,640976,42,6,False,Left,Back,Right,Centre,69
<_io.BytesIO object at 0x0000018E00162270>,2609724823,1.8920132689068204e+37,1.674614723299051e-39,0.00011384268873371184,9.269589341508665e-42,0.6809459328651428,0.0855649933218956,-0.13827551901340485,0.010456044226884842,18,640976,42,6,False,Left,Back,Right,Centre,69
<_io.BytesIO object at 0x0000018E00162C70>,1059580087,0.07417256385087967,-0.16558340191841125,0.6807518005371094,0.08577389270067215,-0.138139545917511,0.6092773079872131,0.06402791291475296,-0.09714864194393158,25767,640977,42,6,False,Left,Back,Right,Centre,69
<_io.BytesIO object at 0x0000018E001622C0>,460603184,1.4217058008290907e+34,-7.003933576882337e+25,-2.8370635270003112e+22,-3.7664117021999384e+25,85848128.0,-7.574098466467394e-12,-1.0901733582985646e-21,2.51974483362567e-40,0,640977,42,6,False,Left,Back,Right,Centre,69
<_io.BytesIO object at 0x0000018E002AC270>,76,1.401298464324817e-45,0.7840084433555603,0.08981911092996597,0.27878955006599426,-0.19389311969280243,-0.1708962321281433,0.584324836730957,0.7692622542381287,0,640977,42,6,False,Left,Back,Right,Centre,69
<_io.BytesIO object at 0x0000018E002ACC20>,0,2.802596928649634e-45,0.6728105545043945,0.054636746644973755,-0.11632899940013885,0.877869188785553,0.01838509552180767,-0.4702845513820648,-0.08854495733976364,0,640977,42,6,False,Left,Back,Right,Centre,69
<_io.BytesIO object at 0x0000018E002AC450>,0,0.0,0.0,0.0,0.0,8.407790785948902e-45,2.1860256043467146e-43,9.26818804304434e-42,0.6558946967124939,-6199,640977,42,6,False,Left,Back,Right,Centre,69
<_io.BytesIO object at 0x0000018E002AC810>,2394045847,-1.793736794169357e-35,1.674614723299051e-39,0.00014925787399988621,9.269589341508665e-42,0.6807518005371094,0.08577389270067215,-0.138139545917511,0.010453039780259132,18,640977,42,6,False,Left,Back,Right,Centre,69
<_io.BytesIO object at 0x0000018E00159810>,1059577396,0.07439405471086502,-0.16558754444122314,0.6805955767631531,0.08597196638584137,-0.13802562654018402,0.6091460585594177,0.06399029493331909,-0.09714499115943909,21604,640978,42,6,False,Left,Back,Right,Centre,69
<_io.BytesIO object at 0x0000018E00159090>,321666864,-8.805216288789228e-29,-2.6948470565273548e+20,-8.817540352197662e-22,-336978839076864.0,23391.015625,-5.759036124532753e-23,5.059297099015782e+16,2.51974483362567e-40,0,640978,42,6,False,Left,Back,Right,Centre,69
<_io.BytesIO object at 0x0000018E00159D10>,76,1.401298464324817e-45,0.7840084433555603,0.08981911092996597,0.27878955006599426,-0.19389311969280243,-0.1708962321281433,0.584324836730957,0.7692622542381287,0,640978,42,6,False,Left,Back,Right,Centre,69
<_io.BytesIO object at 0x0000018E00159AE0>,0,2.802596928649634e-45,0.6725969314575195,0.05448734760284424,-0.11648127436637878,0.877534031867981,0.020184367895126343,-0.4697408974170685,-0.09418222308158875,0,640978,42,6,False,Left,Back,Right,Centre,69
<_io.BytesIO object at 0x0000018E00159770>,0,0.0,0.0,0.0,0.0,8.407790785948902e-45,2.1860256043467146e-43,9.26818804304434e-42,0.6557343006134033,23529,640978,42,6,False,Left,Back,Right,Centre,69
<_io.BytesIO object at 0x0000018E001594A0>,2412264856,-3.709230341321969e-31,1.674614723299051e-39,0.00020544686412904412,9.269589341508665e-42,0.6805955767631531,0.08597196638584137,-0.13802562654018402,0.010449984110891819,18,640978,42,6,False,Left,Back,Right,Centre,69
<_io.BytesIO object at 0x0000018E002AC950>,1059571977,0.07486656308174133,-0.16528800129890442,0.680521547794342,0.0863696038722992,-0.1379084289073944,0.6088776588439941,0.06408292055130005,-0.09711608290672302,17261,640979,42,6,False,Left,Back,Right,Centre,69
<_io.BytesIO object at 0x0000018E002AC270>,3166191408,-4.507761743631247e-22,-5972220744564736.0,2.5174452744636255e-08,-308785184.0,3.339723587036133,-3.2362086718409397e-37,1.3197350994692027e-14,2.51974483362567e-40,0,640979,42,6,False,Left,Back,Right,Centre,69
<_io.BytesIO object at 0x0000018E002AC1D0>,76,1.401298464324817e-45,0.7840084433555603,0.08981911092996597,0.27878955006599426,-0.19389311969280243,-0.1708962321281433,0.584324836730957,0.7692622542381287,0,640979,42,6,False,Left,Back,Right,Centre,69
<_io.BytesIO object at 0x0000018E002ACD10>,0,2.802596928649634e-45,0.6722326278686523,0.054227765649557114,-0.11664194613695145,0.8772297501564026,0.025798644870519638,-0.46839985251426697,-0.10200069844722748,0,640979,42,6,False,Left,Back,Right,Centre,69
<_io.BytesIO object at 0x0000018E002AC860>,0,0.0,0.0,0.0,0.0,8.407790785948902e-45,2.1860256043467146e-43,9.26818804304434e-42,0.6554113030433655,21412,640979,42,6,False,Left,Back,Right,Centre,69
<_io.BytesIO object at 0x0000018E002ACF40>,1094860185,5.2908012329888125e+36,1.674614723299051e-39,0.00018990626267623156,9.269589341508665e-42,0.680521547794342,0.0863696038722992,-0.1379084289073944,0.010445688851177692,18,640979,42,6,False,Left,Back,Right,Centre,69
<_io.BytesIO object at 0x0000018E001597C0>,1059573453,0.0755309984087944,-0.16539868712425232,0.6804393529891968,0.08668256551027298,-0.13785329461097717,0.6087490916252136,0.0642448216676712,-0.09707015752792358,12843,640980,42,6,False,Left,Back,Right,Centre,69
<_io.BytesIO object at 0x0000018E00162E50>,1241988912,-4.558541163225986e-15,-2093716865024.0,-117170413568.0,-121.12012481689453,0.10729604959487915,5.2476104987707605e+23,-1.127725445741391e+30,2.5197308206410266e-40,0,640980,42,6,False,Left,Back,Right,Centre,69
<_io.BytesIO object at 0x0000018E001628B0>,76,1.401298464324817e-45,0.7840084433555603,0.08981911092996597,0.27878955006599426,-0.19389311969280243,-0.1708962321281433,0.584324836730957,0.7692622542381287,0,640980,42,6,False,Left,Back,Right,Centre,69
<_io.BytesIO object at 0x0000018E001624A0>,0,2.802596928649634e-45,0.6722007989883423,0.05469311401247978,-0.1166583001613617,0.876500129699707,0.020658589899539948,-0.46914663910865784,-0.10593517869710922,0,640980,42,6,False,Left,Back,Right,Centre,69
<_io.BytesIO object at 0x0000018E00162CC0>,0,0.0,0.0,0.0,0.0,8.407790785948902e-45,2.1860256043467146e-43,9.26818804304434e-42,0.655499279499054,-20481,640980,42,6,False,Left,Back,Right,Centre,69
<_io.BytesIO object at 0x0000018E001627C0>,1581661594,-5.933625142209092e-35,1.674614723299051e-39,4.262600850779563e-05,9.269589341508665e-42,0.6804393529891968,0.08668256551027298,-0.13785329461097717,0.010442201048135757,18,640980,42,6,False,Left,Back,Right,Centre,69
<_io.BytesIO object at 0x0000018E00159220>,1059573186,0.07594417780637741,-0.1653635948896408,0.6803815960884094,0.08714465796947479,-0.137872576713562,0.6086312532424927,0.06445789337158203,-0.09706138074398041,9495,640981,42,6,False,Left,Back,Right,Centre,69
<_io.BytesIO object at 0x0000018E002AC2C0>,1564426032,-2.6236682690018857e-21,-25063915520.0,-8.53140380764208e-38,-1249.922119140625,0.004722360521554947,1.3713005942407168e+18,-4.483306954849997e-12,2.5197308206410266e-40,0,640981,42,6,False,Left,Back,Right,Centre,69
<_io.BytesIO object at 0x0000018E002AC590>,76,1.401298464324817e-45,0.7840084433555603,0.08981911092996597,0.27878955006599426,-0.19389311969280243,-0.1708962321281433,0.584324836730957,0.7692622542381287,0,640981,42,6,False,Left,Back,Right,Centre,69
<_io.BytesIO object at 0x0000018E002AC4A0>,0,2.802596928649634e-45,0.6720904111862183,0.054899897426366806,-0.11671914160251617,0.8762962818145752,0.020624032244086266,-0.46882525086402893,-0.10900575667619705,0,640981,42,6,False,Left,Back,Right,Centre,69
<_io.BytesIO object at 0x0000018E002AC270>,0,0.0,0.0,0.0,0.0,8.407790785948902e-45,2.1860256043467146e-43,9.26818804304434e-42,0.6554833650588989,-30561,640981,42,6,False,Left,Back,Right,Centre,69
<_io.BytesIO object at 0x0000018E002AC040>,1427324315,-6.616287369727547e-29,1.674614723299051e-39,5.4787939006928355e-05,9.269589341508665e-42,0.6803815960884094,0.08714465796947479,-0.137872576713562,0.010438493452966213,18,640981,42,6,False,Left,Back,Right,Centre,69
<_io.BytesIO object at 0x0000018E00162E00>,1059573560,0.07646188884973526,-0.1652214229106903,0.6805920600891113,0.08758161216974258,-0.13785390555858612,0.6084919571876526,0.06480962038040161,-0.0970839112997055,6975,640982,42,6,False,Left,Back,Right,Centre,69
<_io.BytesIO object at 0x0000018E00162C20>,821837616,3.2863673466917137e+38,-25735004160.0,2.0409770061710924e-17,-25.0300350189209,0.0005979244597256184,0.14574702084064484,1.3187797660077148e+37,2.5197308206410266e-40,0,640982,42,6,False,Left,Back,Right,Centre,69
<_io.BytesIO object at 0x0000018E00162220>,76,1.401298464324817e-45,0.7840084433555603,0.08981911092996597,0.27878955006599426,-0.19389311969280243,-0.1708962321281433,0.584324836730957,0.7692622542381287,0,640982,42,6,False,Left,Back,Right,Centre,69
<_io.BytesIO object at 0x0000018E00162770>,0,2.802596928649634e-45,0.6720032691955566,0.0552322193980217,-0.11670251190662384,0.8765052556991577,0.021425027400255203,-0.4680514931678772,-0.11048666387796402,0,640982,42,6,False,Left,Back,Right,Centre,69
<_io.BytesIO object at 0x0000018E00162C20>,0,0.0,0.0,0.0,0.0,8.407790785948902e-45,2.1860256043467146e-43,9.26818804304434e-42,0.6555056571960449,-26611,640982,42,6,False,Left,Back,Right,Centre,69
<_io.BytesIO object at 0x0000018E00162CC0>,802045340,-3.965148440031533e-23,1.674614723299051e-39,0.00010338304855395108,9.269589341508665e-42,0.6805920600891113,0.08758161216974258,-0.13785390555858612,0.010434531606733799,18,640982,42,6,False,Left,Back,Right,Centre,69
<_io.BytesIO object at 0x0000018E002ACA90>,1059575225,0.0769834890961647,-0.1652057021856308,0.6807498931884766,0.0878884419798851,-0.13784033060073853,0.6083662509918213,0.06528651714324951,-0.0971570685505867,4253,640983,42,6,False,Left,Back,Right,Centre,69
<_io.BytesIO object at 0x0000018E002ACCC0>,3942793008,22.90485191345215,-14756870094848.0,-4.896617227266243e-32,-96.1201400756836,0.0012492546811699867,1.4766395514400162e-16,11055671296.0,2.5197308206410266e-40,0,640983,42,6,False,Left,Back,Right,Centre,69
<_io.BytesIO object at 0x0000018E002AC1D0>,76,1.401298464324817e-45,0.7840084433555603,0.08981911092996597,0.27878955006599426,-0.19389311969280243,-0.1708962321281433,0.584324836730957,0.7692622542381287,0,640983,42,6,False,Left,Back,Right,Centre,69
<_io.BytesIO object at 0x0000018E002AC950>,0,2.802596928649634e-45,0.6719232797622681,0.055499330163002014,-0.1167697086930275,0.8764479756355286,0.019340097904205322,-0.4673337936401367,-0.11429840326309204,0,640983,42,6,False,Left,Back,Right,Centre,69
<_io.BytesIO object at 0x0000018E002ACCC0>,0,0.0,0.0,0.0,0.0,8.407790785948902e-45,2.1860256043467146e-43,9.26818804304434e-42,0.655604898929596,-22139,640983,42,6,False,Left,Back,Right,Centre,69
<_io.BytesIO object at 0x0000018E002ACB80>,732904861,-4.8516488810452274e-17,1.674614723299051e-39,3.896973066730425e-05,9.269589341508665e-42,0.6807498931884766,0.0878884419798851,-0.13784033060073853,0.01042986661195755,18,640983,42,6,False,Left,Back,Right,Centre,69
<_io.BytesIO object at 0x0000018E00162130>,1059578509,0.07740117609500885,-0.1651870459318161,0.6809911131858826,0.08815759420394897,-0.1378193348646164,0.6082898378372192,0.06611613184213638,-0.09728775918483734,565,640984,42,6,False,Left,Back,Right,Centre,69
<_io.BytesIO object at 0x0000018E001629A0>,3331276592,-4.481122011019542e+30,-2739819499225088.0,-1.4240703578758903e+23,-4.110633167186961e-09,1.2380921771338498e-16,4.781816026803727e-35,6.898198127746582,2.5197308206410266e-40,0,640984,42,6,False,Left,Back,Right,Centre,69
<_io.BytesIO object at 0x0000018E00162B80>,76,1.401298464324817e-45,0.7840084433555603,0.08981911092996597,0.27878955006599426,-0.19389311969280243,-0.1708962321281433,0.584324836730957,0.7692622542381287,0,640984,42,6,False,Left,Back,Right,Centre,69
<_io.BytesIO object at 0x0000018E00162720>,0,2.802596928649634e-45,0.671838104724884,0.055834461003541946,-0.1167726218700409,0.8771501183509827,0.017298616468906403,-0.465690940618515,-0.11593373119831085,0,640984,42,6,False,Left,Back,Right,Centre,69
<_io.BytesIO object at 0x0000018E00162450>,0,0.0,0.0,0.0,0.0,8.407790785948902e-45,2.1860256043467146e-43,9.26818804304434e-42,0.6558006405830383,-31614,640984,42,6,False,Left,Back,Right,Centre,69
<_io.BytesIO object at 0x0000018E00162270>,650853790,-1.1638281484371849e-11,1.674614723299051e-39,9.179052722174674e-05,9.269589341508665e-42,0.6809911131858826,0.08815759420394897,-0.1378193348646164,0.010424117557704449,18,640984,42,6,False,Left,Back,Right,Centre,69
<_io.BytesIO object at 0x0000018E00159A90>,1059581362,0.0776514858007431,-0.16517283022403717,0.6810876131057739,0.08827050030231476,-0.1377585381269455,0.6082872748374939,0.06706959754228592,-0.09741760790348053,-2602,640985,42,6,False,Left,Back,Right,Centre,69
<_io.BytesIO object at 0x0000018E002AC950>,1293434671,-1.4361851756881749e-24,-2.2494643135488983e+18,-7.342131755790715e+34,-97.1201400756836,3.1700737446584224e-16,-0.4164940416812897,3.6191907218548203e-13,2.5197308206410266e-40,0,640985,42,6,False,Left,Back,Right,Centre,69
<_io.BytesIO object at 0x0000018E002AC180>,76,1.401298464324817e-45,0.7840084433555603,0.08981911092996597,0.27878955006599426,-0.19389311969280243,-0.1708962321281433,0.584324836730957,0.7692622542381287,0,640985,42,6,False,Left,Back,Right,Centre,69
<_io.BytesIO object at 0x0000018E002AC450>,0,2.802596928649634e-45,0.671739935874939,0.0560731515288353,-0.11682986468076706,0.877985417842865,0.015735244378447533,-0.46401137113571167,-0.11656509339809418,0,640985,42,6,False,Left,Back,Right,Centre,69
<_io.BytesIO object at 0x0000018E002ACF40>,0,0.0,0.0,0.0,0.0,8.407790785948902e-45,2.1860256043467146e-43,9.26818804304434e-42,0.6559706926345825,1982,640985,42,6,False,Left,Back,Right,Centre,69
<_io.BytesIO object at 0x0000018E002AC0E0>,588332447,-3.4979404972546035e-06,1.674614723299051e-39,6.581112393178046e-05,9.269589341508665e-42,0.6810876131057739,0.08827050030231476,-0.1377585381269455,0.010417280718684196,18,640985,42,6,False,Left,Back,Right,Centre,69
<_io.BytesIO object at 0x0000018E00159AE0>,1059584024,0.07786774635314941,-0.1652257889509201,0.6817448735237122,0.08885541558265686,-0.13803443312644958,0.60842365026474,0.06818215548992157,-0.09750630706548691,-3925,640986,42,6,False,Left,Back,Right,Centre,69
<_io.BytesIO object at 0x0000018E00159F40>,3806609199,2.6570507571932467e-08,-4.402451154684871e+19,6.733977583039396e+24,-3843.8447265625,0.00010764232138171792,-8.450473233801466e-29,-7.881899425094772e+27,2.5197168076563833e-40,0,640986,42,6,False,Left,Back,Right,Centre,69
<_io.BytesIO object at 0x0000018E00159310>,76,1.401298464324817e-45,0.7840084433555603,0.08981911092996597,0.27878955006599426,-0.19389311969280243,-0.1708962321281433,0.584324836730957,0.7692622542381287,0,640986,42,6,False,Left,Back,Right,Centre,69
<_io.BytesIO object at 0x0000018E001592C0>,0,2.802596928649634e-45,0.6716896295547485,0.05639665573835373,-0.11686956882476807,0.878794252872467,0.014378945343196392,-0.4626099765300751,-0.11621548235416412,0,640986,42,6,False,Left,Back,Right,Centre,69
<_io.BytesIO object at 0x0000018E00159A90>,0,0.0,0.0,0.0,0.0,8.407790785948902e-45,2.1860256043467146e-43,9.26818804304434e-42,0.6561293601989746,31008,640986,42,6,False,Left,Back,Right,Centre,69
<_io.BytesIO object at 0x0000018E001597C0>,821247391,-0.9677453637123108,1.674614723299051e-39,8.18162807263434e-05,9.269589341508665e-42,0.6817448735237122,0.08885541558265686,-0.13803443312644958,0.01042029820382595,18,640986,42,6,False,Left,Back,Right,Centre,69
<_io.BytesIO object at 0x0000018E002AC720>,1059585654,0.07806789875030518,-0.16529840230941772,0.6820123195648193,0.08926570415496826,-0.13827262818813324,0.6085310578346252,0.06936711072921753,-0.09752450883388519,-3488,640987,42,6,False,Left,Back,Right,Centre,69
<_io.BytesIO object at 0x0000018E002ACA90>,1139031855,-140319114919936.0,-1.0502685657628892e+21,-1.4019901511239249e+33,-9.456859928082776e+18,1.0578794729099172e-08,40696532.0,-8.67365635514119e+18,2.5197168076563833e-40,0,640987,42,6,False,Left,Back,Right,Centre,69
<_io.BytesIO object at 0x0000018E002AC590>,76,1.401298464324817e-45,0.7840084433555603,0.08981911092996597,0.27878955006599426,-0.19389311969280243,-0.1708962321281433,0.584324836730957,0.7692622542381287,0,640987,42,6,False,Left,Back,Right,Centre,69
<_io.BytesIO object at 0x0000018E002ACC70>,0,2.802596928649634e-45,0.6716785430908203,0.05686858296394348,-0.11688384413719177,0.8791734576225281,0.011371372267603874,-0.4623580276966095,-0.11467374861240387,0,640987,42,6,False,Left,Back,Right,Centre,69
<_io.BytesIO object at 0x0000018E002AC630>,0,0.0,0.0,0.0,0.0,8.407790785948902e-45,2.1860256043467146e-43,9.26818804304434e-42,0.6562265157699585,-7664,640987,42,6,False,Left,Back,Right,Centre,69
<_io.BytesIO object at 0x0000018E002AC3B0>,1140604319,-842722.5625,1.674614723299051e-39,7.808703230693936e-05,9.269589341508665e-42,0.6820123195648193,0.08926570415496826,-0.13827262818813324,0.01042346190661192,18,640987,42,6,False,Left,Back,Right,Centre,69
<_io.BytesIO object at 0x0000018E001594A0>,1059586943,0.07831339538097382,-0.1653687059879303,0.682127833366394,0.08954185247421265,-0.1384403258562088,0.6087198257446289,0.0703025832772255,-0.0975286141037941,-1260,640988,42,6,False,Left,Back,Right,Centre,69
<_io.BytesIO object at 0x0000018E00159E00>,962084655,-1.3590241760543723e-25,-1.2008143593041744e+22,-1.3242450975111726e-37,-5.380266070240732e+35,2.3579770948300993e-13,2.011728783557487e-09,-1645.9385986328125,2.5197168076563833e-40,0,640988,42,6,False,Left,Back,Right,Centre,69
<_io.BytesIO object at 0x0000018E00159680>,76,1.401298464324817e-45,0.7840084433555603,0.08981911092996597,0.27878955006599426,-0.19389311969280243,-0.1708962321281433,0.584324836730957,0.7692622542381287,0,640988,42,6,False,Left,Back,Right,Centre,69
<_io.BytesIO object at 0x0000018E00159A40>,0,2.802596928649634e-45,0.6717807650566101,0.05749814212322235,-0.11680879443883896,0.8795350790023804,0.009028039872646332,-0.46284720301628113,-0.11004146188497543,0,640988,42,6,False,Left,Back,Right,Centre,69
<_io.BytesIO object at 0x0000018E00159EA0>,0,0.0,0.0,0.0,0.0,8.407790785948902e-45,2.1860256043467146e-43,9.26818804304434e-42,0.656303346157074,25286,640988,42,6,False,Left,Back,Right,Centre,69
<_io.BytesIO object at 0x0000018E00159BD0>,1449803168,-630255583232.0,1.674614723299051e-39,0.00010117198689840734,9.269589341508665e-42,0.682127833366394,0.08954185247421265,-0.1384403258562088,0.010426560416817665,18,640988,42,6,False,Left,Back,Right,Centre,69
<_io.BytesIO object at 0x0000018E002AC770>,1059588246,0.07854510843753815,-0.1654210090637207,0.6821544170379639,0.08984281122684479,-0.13845479488372803,0.6088778972625732,0.07123493403196335,-0.09759580343961716,1456,640989,42,6,False,Left,Back,Right,Centre,69
<_io.BytesIO object at 0x0000018E001620E0>,125452080,1.259595188662342e+27,-8.14389410907118e+21,-6.0909826022754e+32,1.757585160264732e-29,8.84058133083542e-20,9.764762695658624e-34,-1.0311047154987207e-10,2.5197168076563833e-40,0,640989,42,6,False,Left,Back,Right,Centre,69
<_io.BytesIO object at 0x0000018E00162EA0>,76,1.401298464324817e-45,0.7840084433555603,0.08981911092996597,0.27878955006599426,-0.19389311969280243,-0.1708962321281433,0.584324836730957,0.7692622542381287,0,640989,42,6,False,Left,Back,Right,Centre,69
<_io.BytesIO object at 0x0000018E00162D10>,0,2.802596928649634e-45,0.6718481779098511,0.05797498673200607,-0.11678555607795715,0.8798490166664124,0.007444740738719702,-0.4629686772823334,-0.10709988325834274,0,640989,42,6,False,Left,Back,Right,Centre,69
<_io.BytesIO object at 0x0000018E00162090>,0,0.0,0.0,0.0,0.0,8.407790785948902e-45,2.1860256043467146e-43,9.26818804304434e-42,0.6563810110092163,-9150,640989,42,6,False,Left,Back,Right,Centre,69
<_io.BytesIO object at 0x0000018E00162C70>,1679834528,-1.338373055667241e+17,1.674614723299051e-39,0.00011675962014123797,9.269589341508665e-42,0.6821544170379639,0.08984281122684479,-0.13845479488372803,0.01042970735579729,18,640989,42,6,False,Left,Back,Right,Centre,69
<_io.BytesIO object at 0x0000018E00159310>,1059588990,0.07878956198692322,-0.16544295847415924,0.6821982860565186,0.09000421315431595,-0.1385304033756256,0.6090919971466064,0.07201966643333435,-0.09775403141975403,5173,640990,42,6,False,Left,Back,Right,Centre,69
<_io.BytesIO object at 0x0000018E00159400>,2065841968,3.7534516193329325e+26,-5.081734592835394e+21,99454.4140625,7.42696241963145e-14,1.0353747338685954e-38,-4.251393477261445e-07,-1.5777834047015033e-22,2.5197168076563833e-40,0,640990,42,6,False,Left,Back,Right,Centre,69
<_io.BytesIO object at 0x0000018E00159310>,76,1.401298464324817e-45,0.7840084433555603,0.08981911092996597,0.27878955006599426,-0.19389311969280243,-0.1708962321281433,0.584324836730957,0.7692622542381287,0,640990,42,6,False,Left,Back,Right,Centre,69
<_io.BytesIO object at 0x0000018E00159090>,0,2.802596928649634e-45,0.6719359159469604,0.05834466964006424,-0.11679214239120483,0.8803966045379639,0.009001723490655422,-0.46273547410964966,-0.10342506319284439,0,640990,42,6,False,Left,Back,Right,Centre,69
<_io.BytesIO object at 0x0000018E001593B0>,0,0.0,0.0,0.0,0.0,8.407790785948902e-45,2.1860256043467146e-43,9.26818804304434e-42,0.6564253568649292,23660,640990,42,6,False,Left,Back,Right,Centre,69
<_io.BytesIO object at 0x0000018E001597C0>,1776369057,-3.647711065862033e+21,1.674614723299051e-39,0.00014675248530693352,9.269589341508665e-42,0.6821982860565186,0.09000421315431595,-0.1385304033756256,0.01043300237506628,18,640990,42,6,False,Left,Back,Right,Centre,69
<_io.BytesIO object at 0x0000018E002AC860>,1059589137,0.0789099633693695,-0.16546688973903656,0.682263970375061,0.090155228972435,-0.13863754272460938,0.6094319224357605,0.07299916446208954,-0.09779776632785797,8175,640991,42,6,False,Left,Back,Right,Centre,69
<_io.BytesIO object at 0x0000018E00159E00>,2031959856,1.2342607992863908e+27,-2.165100735783762e+21,-1.8242164080874204e-28,0.0028112842701375484,-5.814826617121276e+19,-2.314246724982279e-25,-8.341018631622054e-35,2.5197168076563833e-40,0,640991,42,6,False,Left,Back,Right,Centre,69
<_io.BytesIO object at 0x0000018E001590E0>,76,1.401298464324817e-45,0.7840084433555603,0.08981911092996597,0.27878955006599426,-0.19389311969280243,-0.1708962321281433,0.584324836730957,0.7692622542381287,0,640991,42,6,False,Left,Back,Right,Centre,69
<_io.BytesIO object at 0x0000018E001594A0>,0,2.802596928649634e-45,0.6720077991485596,0.058641910552978516,-0.11677511036396027,0.8807865977287292,0.010094298049807549,-0.46274533867836,-0.09989956021308899,0,640991,42,6,False,Left,Back,Right,Centre,69
<_io.BytesIO object at 0x0000018E00159720>,0,0.0,0.0,0.0,0.0,8.407790785948902e-45,2.1860256043467146e-43,9.26818804304434e-42,0.6564341187477112,-25716,640991,42,6,False,Left,Back,Right,Centre,69
<_io.BytesIO object at 0x0000018E00159F40>,1881619873,-8.809612489618674e+25,1.674614723299051e-39,0.0001465853420086205,9.269589341508665e-42,0.682263970375061,0.090155228972435,-0.13863754272460938,0.010436277836561203,18,640991,42,6,False,Left,Back,Right,Centre,69
<_io.BytesIO object at 0x0000018E002AC1D0>,1059588212,0.07906375080347061,-0.16535644233226776,0.6822834610939026,0.09027343988418579,-0.1387208104133606,0.6097242832183838,0.0738738402724266,-0.09771603345870972,10213,640992,42,6,False,Left,Back,Right,Centre,69
<_io.BytesIO object at 0x0000018E001625E0>,972373808,5.2795464149252385e+29,-3.475843711719902e+20,-5223.90087890625,18554302464.0,-28933138.0,2.8560260056492367e+26,6.262385886247868e+21,2.5197168076563833e-40,0,640992,42,6,False,Left,Back,Right,Centre,69
<_io.BytesIO object at 0x0000018E00162BD0>,76,1.401298464324817e-45,0.7840084433555603,0.08981911092996597,0.27878955006599426,-0.19389311969280243,-0.1708962321281433,0.584324836730957,0.7692622542381287,0,640992,42,6,False,Left,Back,Right,Centre,69
<_io.BytesIO object at 0x0000018E00162900>,0,2.802596928649634e-45,0.6720349788665771,0.05885271355509758,-0.11673445999622345,0.8807721138000488,0.01128431037068367,-0.4631437063217163,-0.09803734719753265,0,640992,42,6,False,Left,Back,Right,Centre,69
<_io.BytesIO object at 0x0000018E00162E50>,0,0.0,0.0,0.0,0.0,8.407790785948902e-45,2.1860256043467146e-43,9.26818804304434e-42,0.656378984451294,-5075,640992,42,6,False,Left,Back,Right,Centre,69
<_io.BytesIO object at 0x0000018E00162450>,1395867041,-9.048985809637981e+29,1.674614723299051e-39,0.00017064320854842663,9.269589341508665e-42,0.6822834610939026,0.09027343988418579,-0.1387208104133606,0.0104392534121871,18,640992,42,6,False,Left,Back,Right,Centre,69
<_io.BytesIO object at 0x0000018E00162F90>,1059588099,0.07918240129947662,-0.1653093546628952,0.6823210120201111,0.09037531167268753,-0.13876770436763763,0.610116720199585,0.07477632164955139,-0.09763894975185394,12740,640993,42,6,False,Left,Back,Right,Centre,69
<_io.BytesIO object at 0x0000018E00162D60>,2825797424,5.3492355458986504e+26,-4.267618933231626e+23,1.1247003643471344e-39,1.4861182779462255e+19,-238310706380800.0,6048016384.0,3.2979716871883356e-20,2.5197168076563833e-40,0,640993,42,6,False,Left,Back,Right,Centre,69
<_io.BytesIO object at 0x0000018E00162E50>,76,1.401298464324817e-45,0.7840084433555603,0.08981911092996597,0.27878955006599426,-0.19389311969280243,-0.1708962321281433,0.584324836730957,0.7692622542381287,0,640993,42,6,False,Left,Back,Right,Centre,69
<_io.BytesIO object at 0x0000018E00162720>,0,2.802596928649634e-45,0.6721224188804626,0.05899916961789131,-0.11671867966651917,0.8808967471122742,0.013352513313293457,-0.4632381796836853,-0.09619314968585968,0,640993,42,6,False,Left,Back,Right,Centre,69
<_io.BytesIO object at 0x0000018E00162D60>,0,0.0,0.0,0.0,0.0,8.407790785948902e-45,2.1860256043467146e-43,9.26818804304434e-42,0.6563722491264343,10850,640993,42,6,False,Left,Back,Right,Centre,69
<_io.BytesIO object at 0x0000018E00162680>,1188773282,-8.427049655438017e+33,1.674614723299051e-39,0.0001665135205257684,9.269589341508665e-42,0.6823210120201111,0.09037531167268753,-0.13876770436763763,0.010442044585943222,18,640993,42,6,False,Left,Back,Right,Centre,69
<_io.BytesIO object at 0x0000018E002AC040>,1059587077,0.07930750399827957,-0.16522502899169922,0.6824669241905212,0.09064625203609467,-0.1388997733592987,0.6104548573493958,0.0755733996629715,-0.09751148521900177,15710,640994,42,6,False,Left,Back,Right,Centre,69
<_io.BytesIO object at 0x0000018E002AC4A0>,542785328,7.514195765319076e+33,-6.828190293170602e+24,1.0302611741508372e-07,2.2320111704372685e+28,-419.4846496582031,7.34267983490418e-25,-7.930834141472877e+35,2.51970279467174e-40,0,640994,42,6,False,Left,Back,Right,Centre,69
<_io.BytesIO object at 0x0000018E002AC770>,76,1.401298464324817e-45,0.7840084433555603,0.08981911092996597,0.27878955006599426,-0.19389311969280243,-0.1708962321281433,0.584324836730957,0.7692622542381287,0,640994,42,6,False,Left,Back,Right,Centre,69
<_io.BytesIO object at 0x0000018E002AC810>,0,2.802596928649634e-45,0.6722123026847839,0.059235263615846634,-0.11663097143173218,0.880740761756897,0.014336440712213516,-0.4640628695487976,-0.09346621483564377,0,640994,42,6,False,Left,Back,Right,Centre,69
<_io.BytesIO object at 0x0000018E002ACDB0>,0,0.0,0.0,0.0,0.0,8.407790785948902e-45,2.1860256043467146e-43,9.26818804304434e-42,0.6563113331794739,27641,640994,42,6,False,Left,Back,Right,Centre,69
<_io.BytesIO object at 0x0000018E002ACC20>,817905058,-7.368668876259544e+37,1.674614723299051e-39,0.0001724735484458506,9.269589341508665e-42,0.6824669241905212,0.09064625203609467,-0.1388997733592987,0.01044514961540699,18,640994,42,6,False,Left,Back,Right,Centre,69
<_io.BytesIO object at 0x0000018E00159A90>,1059585452,0.07949487119913101,-0.16508932411670685,0.6824840307235718,0.09077217429876328,-0.13888990879058838,0.6107650399208069,0.07644812017679214,-0.09734699875116348,18133,640995,42,6,False,Left,Back,Right,Centre,69
<_io.BytesIO object at 0x0000018E00162E00>,1632583472,2.2188743496842272e+29,-5.553221671007579e+25,1.0599669858301864e+29,7.298511846604694e+30,-9.93851134722945e-09,-1.1881091300960498e+25,-8100043554816.0,2.51970279467174e-40,0,640995,42,6,False,Left,Back,Right,Centre,69
<_io.BytesIO object at 0x0000018E00162360>,76,1.401298464324817e-45,0.7840084433555603,0.08981911092996597,0.27878955006599426,-0.19389311969280243,-0.1708962321281433,0.584324836730957,0.7692622542381287,0,640995,42,6,False,Left,Back,Right,Centre,69
<_io.BytesIO object at 0x0000018E00162950>,0,2.802596928649634e-45,0.6722123026847839,0.059235263615846634,-0.11663097143173218,0.8807407021522522,0.014336439780890942,-0.4640628397464752,-0.09346621483564377,0,640995,42,6,False,Left,Back,Right,Centre,69
<_io.BytesIO object at 0x0000018E00162D10>,0,0.0,0.0,0.0,0.0,8.407790785948902e-45,2.1860256043467146e-43,9.26818804304434e-42,0.6562144756317139,-12747,640995,42,6,False,Left,Back,Right,Centre,69
<_io.BytesIO object at 0x0000018E001622C0>,221068706,3.7085157138806827e-36,1.6746161245975153e-39,0.0001446418318664655,9.269589341508665e-42,0.6824840307235718,0.09077217429876328,-0.13888990879058838,0.010448120534420013,18,640995,42,6,False,Left,Back,Right,Centre,69
<_io.BytesIO object at 0x0000018E00159040>,1059584399,0.07967636734247208,-0.16490411758422852,0.6824339628219604,0.09096426516771317,-0.1388179063796997,0.6110701560974121,0.07723934948444366,-0.09711746126413345,20226,640996,42,6,False,Left,Back,Right,Centre,69
<_io.BytesIO object at 0x0000018E001590E0>,3055370032,1.4655895382365779e+20,-2.0671731314299362e+27,-1.2390960598426742e-21,1.2206405109077513e+24,-4.429722269234919e-19,-8.594748214818537e-05,-2.328240620170753e-17,2.51970279467174e-40,0,640996,42,6,False,Left,Back,Right,Centre,69
<_io.BytesIO object at 0x0000018E00159220>,76,1.401298464324817e-45,0.7840084433555603,0.08981911092996597,0.27878955006599426,-0.19389311969280243,-0.1708962321281433,0.584324836730957,0.7692622542381287,0,640996,42,6,False,Left,Back,Right,Centre,69
<_io.BytesIO object at 0x0000018E001593B0>,0,2.802596928649634e-45,0.6722123026847839,0.059235263615846634,-0.11663097143173218,0.8807407021522522,0.014336439780890942,-0.4640628397464752,-0.09346621483564377,0,640996,42,6,False,Left,Back,Right,Centre,69
<_io.BytesIO object at 0x0000018E001594F0>,0,0.0,0.0,0.0,0.0,8.407790785948902e-45,2.1860256043467146e-43,9.26818804304434e-42,0.6561517119407654,11613,640996,42,6,False,Left,Back,Right,Centre,69
<_io.BytesIO object at 0x0000018E00159540>,3701489059,2.8261634850548716e-32,1.6746161245975153e-39,0.00016734827659092844,9.269589341508665e-42,0.6824339628219604,0.09096426516771317,-0.1388179063796997,0.010450957342982292,18,640996,42,6,False,Left,Back,Right,Centre,69
<_io.BytesIO object at 0x0000018E00162B30>,1059583914,0.07989168912172318,-0.16471317410469055,0.6825121641159058,0.09113270789384842,-0.1387525498867035,0.6113914847373962,0.07810257375240326,-0.09684066474437714,22955,640997,42,6,False,Left,Back,Right,Centre,69
<_io.BytesIO object at 0x0000018E00162360>,956383024,3.2673519219367657e-25,-2.3241171980161194e+29,-5.538965702056885,37174581919744.0,-6.058016025493781e-30,-1.1299141699381539e-36,1.403429096172876e+25,2.51970279467174e-40,0,640997,42,6,False,Left,Back,Right,Centre,69
<_io.BytesIO object at 0x0000018E00162D10>,76,1.401298464324817e-45,0.7840084433555603,0.08981911092996597,0.27878955006599426,-0.19389311969280243,-0.1708962321281433,0.584324836730957,0.7692622542381287,0,640997,42,6,False,Left,Back,Right,Centre,69
<_io.BytesIO object at 0x0000018E00162450>,0,2.802596928649634e-45,0.6722123026847839,0.059235263615846634,-0.11663097143173218,0.8807407021522522,0.014336439780890942,-0.4640628397464752,-0.09346621483564377,0,640997,42,6,False,Left,Back,Right,Centre,69
<_io.BytesIO object at 0x0000018E00162130>,0,0.0,0.0,0.0,0.0,8.407790785948902e-45,2.1860256043467146e-43,9.26818804304434e-42,0.6561228036880493,-25023,640997,42,6,False,Left,Back,Right,Centre,69
<_io.BytesIO object at 0x0000018E00162A40>,2861710755,1.9859005139605378e-28,1.6746161245975153e-39,0.00015504611656069756,9.269589341508665e-42,0.6825121641159058,0.09113270789384842,-0.1387525498867035,0.01045389287173748,18,640997,42,6,False,Left,Back,Right,Centre,69
<_io.BytesIO object at 0x0000018E002AC9A0>,1059583072,0.08021195977926254,-0.16444717347621918,0.6825934052467346,0.09130081534385681,-0.1386561393737793,0.611661434173584,0.07885146886110306,-0.09653622657060623,24657,640998,42,6,False,Left,Back,Right,Centre,69
<_io.BytesIO object at 0x0000018E002AC130>,2645966640,-130423686430720.0,-7.079181063071165e+28,-3.2522669888222747e+31,2.463168300437246e-07,4.640416058486779e+35,449304192.0,7.874351495753516e-21,2.51970279467174e-40,0,640998,42,6,False,Left,Back,Right,Centre,69
<_io.BytesIO object at 0x0000018E002ACEF0>,76,1.401298464324817e-45,0.7840084433555603,0.08981911092996597,0.27878955006599426,-0.19389311969280243,-0.1708962321281433,0.584324836730957,0.7692622542381287,0,640998,42,6,False,Left,Back,Right,Centre,69
<_io.BytesIO object at 0x0000018E002AC220>,0,2.802596928649634e-45,0.6722123026847839,0.059235263615846634,-0.11663097143173218,0.8807407021522522,0.014336439780890942,-0.4640628397464752,-0.09346621483564377,0,640998,42,6,False,Left,Back,Right,Centre,69
<_io.BytesIO object at 0x0000018E002ACCC0>,0,0.0,0.0,0.0,0.0,8.407790785948902e-45,2.1860256043467146e-43,9.26818804304434e-42,0.6560726165771484,17963,640998,42,6,False,Left,Back,Right,Centre,69
<_io.BytesIO object at 0x0000018E002AC9A0>,1691827620,1.3812804566847925e-24,1.6746161245975153e-39,0.00017023031250573695,9.269589341508665e-42,0.6825934052467346,0.09130081534385681,-0.1386561393737793,0.010456695221364498,18,640998,42,6,False,Left,Back,Right,Centre,69
<_io.BytesIO object at 0x0000018E001624A0>,1059581642,0.08053302764892578,-0.16418059170246124,0.6826470494270325,0.09147544205188751,-0.13850854337215424,0.6119009852409363,0.07968898117542267,-0.09626253694295883,25789,640999,42,6,False,Left,Back,Right,Centre,69
<_io.BytesIO object at 0x0000018E00162450>,675036976,-2.2069513821575273e-31,-2.781352257473287e+28,1.7438726729324117e-07,1.4066397983860595e-30,1.004647224260716e+24,6.56575259723566e-16,-3.2965238765607977e+19,2.519688781687097e-40,0,640999,42,6,False,Left,Back,Right,Centre,69
<_io.BytesIO object at 0x0000018E00162270>,76,1.401298464324817e-45,0.7840084433555603,0.08981911092996597,0.27878955006599426,-0.19389311969280243,-0.1708962321281433,0.584324836730957,0.7692622542381287,0,640999,42,6,False,Left,Back,Right,Centre,69
<_io.BytesIO object at 0x0000018E00162680>,0,2.802596928649634e-45,0.6722123026847839,0.059235263615846634,-0.11663097143173218,0.8807407021522522,0.014336439780890942,-0.4640628397464752,-0.09346621483564377,0,640999,42,6,False,Left,Back,Right,Centre,69
<_io.BytesIO object at 0x0000018E00162D60>,0,0.0,0.0,0.0,0.0,8.407790785948902e-45,2.1860256043467146e-43,9.26818804304434e-42,0.6559873819351196,-4480,640999,42,6,False,Left,Back,Right,Centre,69
<_io.BytesIO object at 0x0000018E001628B0>,519388580,2.601903079134084e-20,1.6746161245975153e-39,0.00014240003656595945,9.269589341508665e-42,0.6826470494270325,0.09147544205188751,-0.13850854337215424,0.010459480807185173,18,640999,42,6,False,Left,Back,Right,Centre,69
<_io.BytesIO object at 0x0000018E002AC2C0>,1059581696,0.0808587446808815,-0.16386377811431885,0.6826973557472229,0.09168312698602676,-0.13835245370864868,0.612086296081543,0.08057267218828201,-0.09592366963624954,27689,641000,42,6,False,Left,Back,Right,Centre,69
<_io.BytesIO object at 0x0000018E002AC270>,512376624,1.4021358765603509e-05,-9.030225034096118e+26,-7.37964336727782e-20,-438134177267712.0,3.1066718222680064e+16,-8.988567633496073e+37,-5.494799250476374e-20,2.519688781687097e-40,0,641000,42,6,False,Left,Back,Right,Centre,69
<_io.BytesIO object at 0x0000018E002AC2C0>,76,1.401298464324817e-45,0.7840084433555603,0.08981911092996597,0.27878955006599426,-0.19389311969280243,-0.1708962321281433,0.584324836730957,0.7692622542381287,0,641000,42,6,False,Left,Back,Right,Centre,69
<_io.BytesIO object at 0x0000018E002ACE50>,0,2.802596928649634e-45,0.6722123026847839,0.059235263615846634,-0.11663097143173218,0.8807407021522522,0.014336439780890942,-0.4640628397464752,-0.09346621483564377,0,641000,42,6,False,Left,Back,Right,Centre,69
<_io.BytesIO object at 0x0000018E002AC3B0>,0,0.0,0.0,0.0,0.0,8.407790785948902e-45,2.1860256043467146e-43,9.26818804304434e-42,0.6559906005859375,-26299,641000,42,6,False,Left,Back,Right,Centre,69
<_io.BytesIO object at 0x0000018E002AC5E0>,3420994981,1.0876215386144516e-15,1.6746161245975153e-39,0.00021286112314555794,9.269589341508665e-42,0.6826973557472229,0.09168312698602676,-0.13835245370864868,0.010462525300681591,18,641000,42,6,False,Left,Back,Right,Centre,69
<_io.BytesIO object at 0x0000018E00162D60>,1059581177,0.08127109706401825,-0.16354016959667206,0.6826136112213135,0.09200581163167953,-0.13799752295017242,0.612377405166626,0.08141006529331207,-0.09556539356708527,28326,641001,42,6,False,Left,Back,Right,Centre,69
<_io.BytesIO object at 0x0000018E00162EA0>,2747940656,-0.00013946474064141512,-1.8567639422682626e+25,-4.3657258417290283e+33,-6.834180963145711e-23,2617218.0,-4215190528.0,519137591296.0,2.519688781687097e-40,0,641001,42,6,False,Left,Back,Right,Centre,69
<_io.BytesIO object at 0x0000018E00162BD0>,76,1.401298464324817e-45,0.7840084433555603,0.08981911092996597,0.27878955006599426,-0.19389311969280243,-0.1708962321281433,0.584324836730957,0.7692622542381287,0,641001,42,6,False,Left,Back,Right,Centre,69
<_io.BytesIO object at 0x0000018E00162130>,0,2.802596928649634e-45,0.6722123026847839,0.059235263615846634,-0.11663097143173218,0.8807407021522522,0.014336439780890942,-0.4640628397464752,-0.09346621483564377,0,641001,42,6,False,Left,Back,Right,Centre,69
<_io.BytesIO object at 0x0000018E00162EA0>,0,0.0,0.0,0.0,0.0,8.407790785948902e-45,2.1860256043467146e-43,9.26818804304434e-42,0.6559596657752991,29046,641001,42,6,False,Left,Back,Right,Centre,69
<_io.BytesIO object at 0x0000018E00162BD0>,1997749670,1.7933278126380792e-11,1.6746161245975153e-39,0.00024495809338986874,9.269589341508665e-42,0.6826136112213135,0.09200581163167953,-0.13799752295017242,0.01046561636030674,18,641001,42,6,False,Left,Back,Right,Centre,69
<_io.BytesIO object at 0x0000018E0021CF40>,1059579574,0.08170243352651596,-0.16312845051288605,0.6825204491615295,0.09232413023710251,-0.1377078741788864,0.6125539541244507,0.0822087824344635,-0.09511904418468475,28611,641002,42,6,False,Left,Back,Right,Centre,69
<_io.BytesIO object at 0x0000018E00159E00>,313278256,1.4159328937530518,-1.0432927207495732e+23,32057210175488.0,328183048044544.0,4.115102569812734e-08,-6.446091829260571e-15,-6.039423133366225e+37,2.5196747687024536e-40,0,641002,42,6,False,Left,Back,Right,Centre,69
<_io.BytesIO object at 0x0000018E00159680>,76,1.401298464324817e-45,0.7840084433555603,0.08981911092996597,0.27878955006599426,-0.19389311969280243,-0.1708962321281433,0.584324836730957,0.7692622542381287,0,641002,42,6,False,Left,Back,Right,Centre,69
<_io.BytesIO object at 0x0000018E00159A90>,0,2.802596928649634e-45,0.6722123026847839,0.059235263615846634,-0.11663097143173218,0.8807407021522522,0.014336439780890942,-0.4640628397464752,-0.09346621483564377,0,641002,42,6,False,Left,Back,Right,Centre,69
<_io.BytesIO object at 0x0000018E001594A0>,0,0.0,0.0,0.0,0.0,8.407790785948902e-45,2.1860256043467146e-43,9.26818804304434e-42,0.6558641195297241,21403,641002,42,6,False,Left,Back,Right,Centre,69
<_io.BytesIO object at 0x0000018E00159B30>,186989991,6.099893994360173e-07,1.6746161245975153e-39,0.0002218099107267335,9.269589341508665e-42,0.6825204491615295,0.09232413023710251,-0.1377078741788864,0.010468299500644207,18,641002,42,6,False,Left,Back,Right,Centre,69
<_io.BytesIO object at 0x0000018E002ACEA0>,1059580912,0.0820242241024971,-0.16273514926433563,0.6825549006462097,0.09259039163589478,-0.13744233548641205,0.6127520799636841,0.08298739790916443,-0.09461048990488052,27135,641003,42,6,False,Left,Back,Right,Centre,69
<_io.BytesIO object at 0x0000018E002AC0E0>,2831433520,-5.020971471834642e-24,-8.13983507607978e+17,-1946108334964736.0,-6.953203997938344e+37,4.746032329617199e-14,-3.691741154686028e-27,-0.010726457461714745,2.5196747687024536e-40,0,641003,42,6,False,Left,Back,Right,Centre,69
<_io.BytesIO object at 0x0000018E002AC3B0>,76,1.401298464324817e-45,0.7840084433555603,0.08981911092996597,0.27878955006599426,-0.19389311969280243,-0.1708962321281433,0.584324836730957,0.7692622542381287,0,641003,42,6,False,Left,Back,Right,Centre,69
<_io.BytesIO object at 0x0000018E002AC720>,0,2.802596928649634e-45,0.6722123026847839,0.059235263615846634,-0.11663097143173218,0.8807407021522522,0.014336439780890942,-0.4640628397464752,-0.09346621483564377,0,641003,42,6,False,Left,Back,Right,Centre,69
<_io.BytesIO object at 0x0000018E002AC950>,0,0.0,0.0,0.0,0.0,8.407790785948902e-45,2.1860256043467146e-43,9.26818804304434e-42,0.6559438705444336,-943,641003,42,6,False,Left,Back,Right,Centre,69
<_io.BytesIO object at 0x0000018E002AC770>,2752200103,8.7917118879867e-19,1.6746161245975153e-39,0.0002886431757360697,9.269589341508665e-42,0.6825549006462097,0.09259039163589478,-0.13744233548641205,0.010471239686012268,18,641003,42,6,False,Left,Back,Right,Centre,69
<_io.BytesIO object at 0x0000018E00162C20>,1059579453,0.08271969854831696,-0.16243495047092438,0.6825042366981506,0.09329955279827118,-0.13691383600234985,0.612845242023468,0.08390293270349503,-0.094170942902565,28231,641004,42,6,False,Left,Back,Right,Centre,69
<_io.BytesIO object at 0x0000018E00162E00>,1912225584,-2.0021426094217495e+35,-191029844115456.0,1.7271346769003415e+32,-1.1668204757589333e-17,7.93435647115768e-31,2.0955046258278693e+31,-6.468887139818819e-20,2.5196747687024536e-40,0,641004,42,6,False,Left,Back,Right,Centre,69
<_io.BytesIO object at 0x0000018E001628B0>,76,1.401298464324817e-45,0.7840084433555603,0.08981911092996597,0.27878955006599426,-0.19389311969280243,-0.1708962321281433,0.584324836730957,0.7692622542381287,0,641004,42,6,False,Left,Back,Right,Centre,69
<_io.BytesIO object at 0x0000018E00162270>,0,2.802596928649634e-45,0.6722123026847839,0.059235263615846634,-0.11663097143173218,0.8807407021522522,0.014336439780890942,-0.4640628397464752,-0.09346621483564377,0,641004,42,6,False,Left,Back,Right,Centre,69
<_io.BytesIO object at 0x0000018E00162B80>,0,0.0,0.0,0.0,0.0,8.407790785948902e-45,2.1860256043467146e-43,9.26818804304434e-42,0.6558569073677063,26866,641004,42,6,False,Left,Back,Right,Centre,69
<_io.BytesIO object at 0x0000018E00162BD0>,1431911849,8.926406700073693e-32,1.6746161245975153e-39,0.00032659954740665853,9.269589341508665e-42,0.6825042366981506,0.09329955279827118,-0.13691383600234985,0.010468579828739166,18,641004,42,6,False,Left,Back,Right,Centre,69
<_io.BytesIO object at 0x0000018E00162D60>,1059576613,0.08325154334306717,-0.16181640326976776,0.6827229857444763,0.09345393627882004,-0.13641513884067535,0.6128937005996704,0.08472218364477158,-0.09362876415252686,22790,641005,42,6,False,Left,Back,Right,Centre,69
<_io.BytesIO object at 0x0000018E00162E00>,1265254192,-1.8074357487844316e-15,-3250428416.0,3.4244696119406735e-33,4199.69287109375,-2.9327113967440637e+34,7538072942018560.0,5.2672437057640665e+29,2.5196747687024536e-40,0,641005,42,6,False,Left,Back,Right,Centre,69
<_io.BytesIO object at 0x0000018E00162AE0>,76,1.401298464324817e-45,0.7840084433555603,0.08981911092996597,0.27878955006599426,-0.19389311969280243,-0.1708962321281433,0.584324836730957,0.7692622542381287,0,641005,42,6,False,Left,Back,Right,Centre,69
<_io.BytesIO object at 0x0000018E001622C0>,0,2.802596928649634e-45,0.6722123026847839,0.059235263615846634,-0.11663097143173218,0.8807407021522522,0.014336439780890942,-0.4640628397464752,-0.09346621483564377,0,641005,42,6,False,Left,Back,Right,Centre,69
<_io.BytesIO object at 0x0000018E00162E00>,0,0.0,0.0,0.0,0.0,8.407790785948902e-45,2.1860256043467146e-43,9.26818804304434e-42,0.6556876301765442,32713,641005,42,6,False,Left,Back,Right,Centre,69
<_io.BytesIO object at 0x0000018E00162D60>,3006479786,-5.408055554235833e+37,1.674614723299051e-39,0.00021232644212432206,9.269589341508665e-42,0.6827229857444763,0.09345393627882004,-0.13641513884067535,0.010471239686012268,18,641005,42,6,False,Left,Back,Right,Centre,69
<_io.BytesIO object at 0x0000018E002AC720>,1059575365,0.08373314887285233,-0.1612893044948578,0.6826627850532532,0.09403201937675476,-0.13608843088150024,0.61305171251297,0.08545266836881638,-0.09296245872974396,20343,641006,42,6,False,Left,Back,Right,Centre,69
<_io.BytesIO object at 0x0000018E00159E00>,3307945776,-1.2541959746348539e+35,-0.006309222895652056,-0.0061720856465399265,-1993.9232177734375,-5.869148173178999e+26,12303.6748046875,4.432865353010129e-06,2.5196747687024536e-40,0,641006,42,6,False,Left,Back,Right,Centre,69
<_io.BytesIO object at 0x0000018E00159F40>,76,1.401298464324817e-45,0.7840084433555603,0.08981911092996597,0.27878955006599426,-0.19389311969280243,-0.1708962321281433,0.584324836730957,0.7692622542381287,0,641006,42,6,False,Left,Back,Right,Centre,69
<_io.BytesIO object at 0x0000018E001594A0>,0,2.802596928649634e-45,0.6722123026847839,0.059235263615846634,-0.11663097143173218,0.8807407021522522,0.014336439780890942,-0.4640628397464752,-0.09346621483564377,0,641006,42,6,False,Left,Back,Right,Centre,69
<_io.BytesIO object at 0x0000018E001593B0>,0,0.0,0.0,0.0,0.0,8.407790785948902e-45,2.1860256043467146e-43,9.26818804304434e-42,0.6556132435798645,31817,641006,42,6,False,Left,Back,Right,Centre,69
<_io.BytesIO object at 0x0000018E00159040>,688274859,-1.5825251222459984e+31,1.674614723299051e-39,0.00019195223285350949,9.269589341508665e-42,0.6826627850532532,0.09403201937675476,-0.13608843088150024,0.010467839427292347,18,641006,42,6,False,Left,Back,Right,Centre,69
<_io.BytesIO object at 0x0000018E001629F0>,1059573847,0.08421532809734344,-0.1607106328010559,0.6825841665267944,0.09448222070932388,-0.1355329006910324,0.6130963563919067,0.08624757081270218,-0.09236981719732285,20609,641007,42,6,False,Left,Back,Right,Centre,69
<_io.BytesIO object at 0x0000018E001628B0>,4276305712,-0.07189429551362991,-1.163815571691984e-11,1.0317926450822932e+38,7.288763046264648,-2.614090183527629e+16,5.153162448537427e+23,-5.298077509909065e+30,2.5196607557178103e-40,0,641007,42,6,False,Left,Back,Right,Centre,69
<_io.BytesIO object at 0x0000018E00162B30>,76,1.401298464324817e-45,0.7840084433555603,0.08981911092996597,0.27878955006599426,-0.19389311969280243,-0.1708962321281433,0.584324836730957,0.7692622542381287,0,641007,42,6,False,Left,Back,Right,Centre,69
<_io.BytesIO object at 0x0000018E00162360>,0,2.802596928649634e-45,0.6722123026847839,0.059235263615846634,-0.11663097143173218,0.8807407021522522,0.014336439780890942,-0.4640628397464752,-0.09346621483564377,0,641007,42,6,False,Left,Back,Right,Centre,69
<_io.BytesIO object at 0x0000018E001624F0>,0,0.0,0.0,0.0,0.0,8.407790785948902e-45,2.1860256043467146e-43,9.26818804304434e-42,0.6555227637290955,30998,641007,42,6,False,Left,Back,Right,Centre,69
<_io.BytesIO object at 0x0000018E001621D0>,2438217132,-3.548021667565355e+26,1.674614723299051e-39,0.0002398734213784337,9.269589341508665e-42,0.6825841665267944,0.09448222070932388,-0.1355329006910324,0.010468035005033016,18,641007,42,6,False,Left,Back,Right,Centre,69
<_io.BytesIO object at 0x0000018E00162630>,1059570432,0.08479520678520203,-0.16006846725940704,0.6825132369995117,0.09484583884477615,-0.1350090503692627,0.6130529046058655,0.08701318502426147,-0.0917213037610054,17784,641008,42,6,False,Left,Back,Right,Centre,69
<_io.BytesIO object at 0x0000018E001627C0>,2654617392,-8.053364131379724e-25,-1.835864167792767e-19,6.853728920037234e+37,-0.012587917037308216,-6333139456.0,5.834225215115631e-18,-122805075968.0,2.5196607557178103e-40,0,641008,42,6,False,Left,Back,Right,Centre,69
<_io.BytesIO object at 0x0000018E00159810>,76,1.401298464324817e-45,0.7840084433555603,0.08981911092996597,0.27878955006599426,-0.19389311969280243,-0.1708962321281433,0.584324836730957,0.7692622542381287,0,641008,42,6,False,Left,Back,Right,Centre,69
<_io.BytesIO object at 0x0000018E001594F0>,0,2.802596928649634e-45,0.6722123026847839,0.059235263615846634,-0.11663097143173218,0.8807407021522522,0.014336439780890942,-0.4640628397464752,-0.09346621483564377,0,641008,42,6,False,Left,Back,Right,Centre,69
<_io.BytesIO object at 0x0000018E00159D10>,0,0.0,0.0,0.0,0.0,8.407790785948902e-45,2.1860256043467146e-43,9.26818804304434e-42,0.6553192138671875,-22244,641008,42,6,False,Left,Back,Right,Centre,69
<_io.BytesIO object at 0x0000018E00159E50>,3908910509,-2.386901272286903e+22,1.674614723299051e-39,0.00019469441031105816,9.269589341508665e-42,0.6825132369995117,0.09484583884477615,-0.1350090503692627,0.010468674823641777,18,641008,42,6,False,Left,Back,Right,Centre,69
<_io.BytesIO object at 0x0000018E002AC720>,1059566793,0.08533714711666107,-0.1594214290380478,0.682148814201355,0.09527010470628738,-0.1339496672153473,0.6129360795021057,0.08769412338733673,-0.09110543131828308,10444,641009,42,6,False,Left,Back,Right,Centre,69
<_io.BytesIO object at 0x0000018E001622C0>,1606565680,4.6762370266801635e+19,-4.5385996683267125e-26,5.397295865313567e+30,3.039024760982565e-18,-477610144.0,4.345106862449573e-19,-3.8215813583491974e-33,2.5196607557178103e-40,0,641009,42,6,False,Left,Back,Right,Centre,69
<_io.BytesIO object at 0x0000018E001629A0>,76,1.401298464324817e-45,0.7840084433555603,0.08981911092996597,0.27878955006599426,-0.19389311969280243,-0.1708962321281433,0.584324836730957,0.7692622542381287,0,641009,42,6,False,Left,Back,Right,Centre,69
<_io.BytesIO object at 0x0000018E00162D10>,0,2.802596928649634e-45,0.6722123026847839,0.059235263615846634,-0.11663097143173218,0.8807407021522522,0.014336439780890942,-0.4640628397464752,-0.09346621483564377,0,641009,42,6,False,Left,Back,Right,Centre,69
<_io.BytesIO object at 0x0000018E00162E00>,0,0.0,0.0,0.0,0.0,8.407790785948902e-45,2.1860256043467146e-43,9.26818804304434e-42,0.6551023125648499,-15042,641009,42,6,False,Left,Back,Right,Centre,69
<_io.BytesIO object at 0x0000018E00162A40>,1063206318,-7.374316597915156e+17,1.674614723299051e-39,0.0001842029596446082,9.269589341508665e-42,0.682148814201355,0.09527010470628738,-0.1339496672153473,0.010461186058819294,18,641009,42,6,False,Left,Back,Right,Centre,69
<_io.BytesIO object at 0x0000018E0021C220>,1059565122,0.08579103648662567,-0.15867041051387787,0.6819766759872437,0.09579631686210632,-0.1333305686712265,0.6128129363059998,0.08847219496965408,-0.09035202860832214,15977,641010,42,6,False,Left,Back,Right,Centre,69
<_io.BytesIO object at 0x0000018E0021C590>,1000685360,-4.326974009251806e-23,-5.921870175741995e-32,3.2017988762054754e-32,5.4934510671260706e+20,-1.7734582691275591e-09,1.0123646451728234e-36,1.0831593020956624e+30,2.5196607557178103e-40,0,641010,42,6,False,Left,Back,Right,Centre,69
<_io.BytesIO object at 0x0000018E0021C130>,76,1.401298464324817e-45,0.7840084433555603,0.08981911092996597,0.27878955006599426,-0.19389311969280243,-0.1708962321281433,0.584324836730957,0.7692622542381287,0,641010,42,6,False,Left,Back,Right,Centre,69
<_io.BytesIO object at 0x0000018E0021C450>,0,2.802596928649634e-45,0.6722123026847839,0.059235263615846634,-0.11663097143173218,0.8807407021522522,0.014336439780890942,-0.4640628397464752,-0.09346621483564377,0,641010,42,6,False,Left,Back,Right,Centre,69
<_io.BytesIO object at 0x0000018E0021C400>,0,0.0,0.0,0.0,0.0,8.407790785948902e-45,2.1860256043467146e-43,9.26818804304434e-42,0.6550027132034302,-19658,641010,42,6,False,Left,Back,Right,Centre,69
<_io.BytesIO object at 0x0000018E00165B30>,2055159215,-13313897398272.0,1.674614723299051e-39,0.00019186412100680172,9.269589341508665e-42,0.6819766759872437,0.09579631686210632,-0.1333305686712265,0.010456115938723087,18,641010,42,6,False,Left,Back,Right,Centre,69
<_io.BytesIO object at 0x0000018E0022E400>,1059562819,0.08630353212356567,-0.15792499482631683,0.681972861289978,0.09616509079933167,-0.1325012594461441,0.6128465533256531,0.08913219720125198,-0.08965891599655151,2299,641011,42,6,False,Left,Back,Right,Centre,69
<_io.BytesIO object at 0x0000018E00209130>,3062447920,0.00023578607942909002,-8.145460426675282e-38,-676.9876098632812,-8.410765329839639e-26,-1.8719988523042192e-25,3.991883249079299e-35,2.402983950994637e+16,2.5196607557178103e-40,0,641011,42,6,False,Left,Back,Right,Centre,69
<_io.BytesIO object at 0x0000018E0022EAE0>,76,1.401298464324817e-45,0.7840084433555603,0.08981911092996597,0.27878955006599426,-0.19389311969280243,-0.1708962321281433,0.584324836730957,0.7692622542381287,0,641011,42,6,False,Left,Back,Right,Centre,69
<_io.BytesIO object at 0x0000018E0022E810>,0,2.802596928649634e-45,0.6722123026847839,0.059235263615846634,-0.11663097143173218,0.8807407021522522,0.014336439780890942,-0.4640628397464752,-0.09346621483564377,0,641011,42,6,False,Left,Back,Right,Centre,69
<_io.BytesIO object at 0x0000018E0022E4A0>,0,0.0,0.0,0.0,0.0,8.407790785948902e-45,2.1860256043467146e-43,9.26818804304434e-42,0.6548654437065125,-16408,641011,42,6,False,Left,Back,Right,Centre,69
<_io.BytesIO object at 0x0000018E0022E270>,3071753648,-263971344.0,1.674614723299051e-39,0.0002146902261301875,9.269589341508665e-42,0.681972861289978,0.09616509079933167,-0.1325012594461441,0.010451709851622581,18,641011,42,6,False,Left,Back,Right,Centre,69
<_io.BytesIO object at 0x0000018E00158C20>,1059558655,0.086819589138031,-0.15709862112998962,0.6819286942481995,0.09655687212944031,-0.13193388283252716,0.6125704646110535,0.08991604298353195,-0.0888814628124237,7807,641012,42,6,False,Left,Back,Right,Centre,69
<_io.BytesIO object at 0x0000018E001583B0>,2111258416,1.2982880826181067e-20,4.003593408431945e+34,-1.405435923890197e-11,-4303036416.0,4.658418659144982e+32,5.247599577096196e-10,115856793141248.0,2.5196607557178103e-40,0,641012,42,6,False,Left,Back,Right,Centre,69
<_io.BytesIO object at 0x0000018E00158950>,76,1.401298464324817e-45,0.7840084433555603,0.08981911092996597,0.27878955006599426,-0.19389311969280243,-0.1708962321281433,0.584324836730957,0.7692622542381287,0,641012,42,6,False,Left,Back,Right,Centre,69
<_io.BytesIO object at 0x0000018E001580E0>,0,2.802596928649634e-45,0.6722123026847839,0.059235263615846634,-0.11663097143173218,0.8807407021522522,0.014336439780890942,-0.4640628397464752,-0.09346621483564377,0,641012,42,6,False,Left,Back,Right,Centre,69
<_io.BytesIO object at 0x0000018E00158360>,0,0.0,0.0,0.0,0.0,8.407790785948902e-45,2.1860256043467146e-43,9.26818804304434e-42,0.6546172499656677,-12680,641012,42,6,False,Left,Back,Right,Centre,69
<_io.BytesIO object at 0x0000018E00158090>,3732290993,-284145.0,1.674614723299051e-39,0.00020963605493307114,9.269589341508665e-42,0.6819286942481995,0.09655687212944031,-0.13193388283252716,0.01044826116412878,18,641012,42,6,False,Left,Back,Right,Centre,69
<_io.BytesIO object at 0x0000018E001461D0>,1059554161,0.0873115286231041,-0.15622039139270782,0.6816099286079407,0.09704266488552094,-0.13121622800827026,0.612346887588501,0.09060537070035934,-0.088101826608181,1431,641013,42,6,False,Left,Back,Right,Centre,69
<_io.BytesIO object at 0x0000018E00146130>,1867005744,28757687533568.0,2.6885034488703456e+28,-2.1792194998695682e-16,-6.029307931247337e+35,341295136.0,45630.69921875,2.8175977309209184e+21,2.5196607557178103e-40,0,641013,42,6,False,Left,Back,Right,Centre,69
<_io.BytesIO object at 0x0000018E00146310>,76,1.401298464324817e-45,0.7840084433555603,0.08981911092996597,0.27878955006599426,-0.19389311969280243,-0.1708962321281433,0.584324836730957,0.7692622542381287,0,641013,42,6,False,Left,Back,Right,Centre,69
<_io.BytesIO object at 0x0000018E00200E00>,0,2.802596928649634e-45,0.6722123026847839,0.059235263615846634,-0.11663097143173218,0.8807407021522522,0.014336439780890942,-0.4640628397464752,-0.09346621483564377,0,641013,42,6,False,Left,Back,Right,Centre,69
<_io.BytesIO object at 0x0000018E00200180>,0,0.0,0.0,0.0,0.0,8.407790785948902e-45,2.1860256043467146e-43,9.26818804304434e-42,0.6543493866920471,-12189,641013,42,6,False,Left,Back,Right,Centre,69
<_io.BytesIO object at 0x0000018E00200680>,4164763058,-14.608916282653809,1.674614723299051e-39,0.0002222534385509789,9.269589341508665e-42,0.6816099286079407,0.09704266488552094,-0.13121622800827026,0.010444879531860352,18,641013,42,6,False,Left,Back,Right,Centre,69
<_io.BytesIO object at 0x0000018E00158EF0>,1059550911,0.08775579184293747,-0.1553983837366104,0.6813894510269165,0.09752315282821655,-0.13029195368289948,0.6121839284896851,0.09133179485797882,-0.08731932193040848,-1955,641014,42,6,False,Left,Back,Right,Centre,69
<_io.BytesIO object at 0x0000018E00158040>,3899735855,-1.8587271246312958e-39,869671620313088.0,1.6137401303254398e+37,4.2196682579860315e-24,4.656479255108036e-17,2.573838677055258e+20,1.622303777502822e+27,2.5196607557178103e-40,0,641014,42,6,False,Left,Back,Right,Centre,69
<_io.BytesIO object at 0x0000018E001586D0>,76,1.401298464324817e-45,0.7840084433555603,0.08981911092996597,0.27878955006599426,-0.19389311969280243,-0.1708962321281433,0.584324836730957,0.7692622542381287,0,641014,42,6,False,Left,Back,Right,Centre,69
<_io.BytesIO object at 0x0000018E00158540>,0,2.802596928649634e-45,0.6722123026847839,0.059235263615846634,-0.11663097143173218,0.8807407021522522,0.014336439780890942,-0.4640628397464752,-0.09346621483564377,0,641014,42,6,False,Left,Back,Right,Centre,69
<_io.BytesIO object at 0x0000018E00158D60>,0,0.0,0.0,0.0,0.0,8.407790785948902e-45,2.1860256043467146e-43,9.26818804304434e-42,0.6541556715965271,-18097,641014,42,6,False,Left,Back,Right,Centre,69
<_io.BytesIO object at 0x0000018E001589A0>,549535155,-0.03048616461455822,1.674614723299051e-39,0.000233767757890746,9.269589341508665e-42,0.6813894510269165,0.09752315282821655,-0.13029195368289948,0.010442066937685013,18,641014,42,6,False,Left,Back,Right,Centre,69
<_io.BytesIO object at 0x0000018E002096D0>,1059545619,0.08829673379659653,-0.15439048409461975,0.6812605857849121,0.09803943336009979,-0.12955473363399506,0.6120187044143677,0.09210529178380966,-0.08646076172590256,-6970,641015,42,6,False,Left,Back,Right,Centre,69
<_io.BytesIO object at 0x0000018E00209310>,2129084207,-1.6291391734476128e-35,247542.171875,13057845.0,1.194252245733514e-18,-2.2092411836681545e+36,2.9947599380433918e+32,1.8882296943339827e+34,2.5196607557178103e-40,0,641015,42,6,False,Left,Back,Right,Centre,69
<_io.BytesIO object at 0x0000018E002098B0>,76,1.401298464324817e-45,0.7840084433555603,0.08981911092996597,0.27878955006599426,-0.19389311969280243,-0.1708962321281433,0.584324836730957,0.7692622542381287,0,641015,42,6,False,Left,Back,Right,Centre,69
<_io.BytesIO object at 0x0000018E002090E0>,0,2.802596928649634e-45,0.6722123026847839,0.059235263615846634,-0.11663097143173218,0.8807407021522522,0.014336439780890942,-0.4640628397464752,-0.09346621483564377,0,641015,42,6,False,Left,Back,Right,Centre,69
<_io.BytesIO object at 0x0000018E00209D60>,0,0.0,0.0,0.0,0.0,8.407790785948902e-45,2.1860256043467146e-43,9.26818804304434e-42,0.6538402438163757,-11029,641015,42,6,False,Left,Back,Right,Centre,69
<_io.BytesIO object at 0x0000018E00209D10>,411712948,-0.00031612900784239173,1.674614723299051e-39,0.00023000521468929946,9.269589341508665e-42,0.6812605857849121,0.09803943336009979,-0.12955473363399506,0.010439431294798851,18,641015,42,6,False,Left,Back,Right,Centre,69
<_io.BytesIO object at 0x0000018E0021C1D0>,1059539752,0.08879943937063217,-0.15336576104164124,0.6810594797134399,0.09846246987581253,-0.12854140996932983,0.6118257641792297,0.09282807260751724,-0.08535908907651901,-12948,641016,42,6,False,Left,Back,Right,Centre,69
<_io.BytesIO object at 0x0000018E0021CD10>,3148169007,-2.134107384139603e-37,1.2203477126604412e-05,4.689948240458767e-30,35.81013488769531,-75560370176.0,-1.2190114902321016e-29,-5.260155701331862e-36,2.5196607557178103e-40,0,641016,42,6,False,Left,Back,Right,Centre,69
<_io.BytesIO object at 0x0000018E0021C3B0>,76,1.401298464324817e-45,0.7840084433555603,0.08981911092996597,0.27878955006599426,-0.19389311969280243,-0.1708962321281433,0.584324836730957,0.7692622542381287,0,641016,42,6,False,Left,Back,Right,Centre,69
<_io.BytesIO object at 0x0000018E0021CEA0>,0,2.802596928649634e-45,0.6722123026847839,0.059235263615846634,-0.11663097143173218,0.8807407021522522,0.014336439780890942,-0.4640628397464752,-0.09346621483564377,0,641016,42,6,False,Left,Back,Right,Centre,69
<_io.BytesIO object at 0x0000018E0021C310>,0,0.0,0.0,0.0,0.0,8.407790785948902e-45,2.1860256043467146e-43,9.26818804304434e-42,0.6534905433654785,-9093,641016,42,6,False,Left,Back,Right,Centre,69
<_io.BytesIO object at 0x0000018E0021C860>,199900597,-9.303637966695533e-07,1.674614723299051e-39,0.00021303060930222273,9.269589341508665e-42,0.6810594797134399,0.09846246987581253,-0.12854140996932983,0.010437886230647564,18,641016,42,6,False,Left,Back,Right,Centre,69
<_io.BytesIO object at 0x0000018E00146EA0>,1059536740,0.08926363289356232,-0.15242312848567963,0.6807411313056946,0.09893199056386948,-0.12762241065502167,0.6115006804466248,0.09371816366910934,-0.08439188450574875,-18968,641017,42,6,False,Left,Back,Right,Centre,69
<_io.BytesIO object at 0x0000018E001467C0>,3369811759,8769974566912.0,7.739354488873868e-20,-5.951893002913417e+30,5.37184424541371e-28,-2.8755434730545755e-19,-0.0025214371271431446,-2.6599415203500658e-27,2.5196607557178103e-40,0,641017,42,6,False,Left,Back,Right,Centre,69
<_io.BytesIO object at 0x0000018E00146C70>,76,1.401298464324817e-45,0.7840084433555603,0.08981911092996597,0.27878955006599426,-0.19389311969280243,-0.1708962321281433,0.584324836730957,0.7692622542381287,0,641017,42,6,False,Left,Back,Right,Centre,69
<_io.BytesIO object at 0x0000018E001625E0>,0,2.802596928649634e-45,0.6722123026847839,0.059235263615846634,-0.11663097143173218,0.8807407021522522,0.014336439780890942,-0.4640628397464752,-0.09346621483564377,0,641017,42,6,False,Left,Back,Right,Centre,69
<_io.BytesIO object at 0x0000018E001629A0>,0,0.0,0.0,0.0,0.0,8.407790785948902e-45,2.1860256043467146e-43,9.26818804304434e-42,0.653311014175415,-12326,641017,42,6,False,Left,Back,Right,Centre,69
<_io.BytesIO object at 0x0000018E00162C70>,349126070,-2.892085682049128e-09,1.674614723299051e-39,0.00023433432215824723,9.269589341508665e-42,0.6807411313056946,0.09893199056386948,-0.12762241065502167,0.010437581688165665,18,641017,42,6,False,Left,Back,Right,Centre,69
<_io.BytesIO object at 0x0000018E0021C810>,1059529535,0.08976645767688751,-0.1512802392244339,0.6803959012031555,0.09943917393684387,-0.12661594152450562,0.6112031936645508,0.09449008852243423,-0.0832512229681015,-24944,641018,42,6,False,Left,Back,Right,Centre,69
<_io.BytesIO object at 0x0000018E0021C0E0>,3866378031,8.180134500435088e-06,1.009550272494186e-33,-5.257715702056885,1.8205717541865377e-27,2.507427299068935e+24,-6939938079637504.0,-3.4698949373021777e-22,2.5196607557178103e-40,0,641018,42,6,False,Left,Back,Right,Centre,69
<_io.BytesIO object at 0x0000018E0021CD60>,76,1.401298464324817e-45,0.7840084433555603,0.08981911092996597,0.27878955006599426,-0.19389311969280243,-0.1708962321281433,0.584324836730957,0.7692622542381287,0,641018,42,6,False,Left,Back,Right,Centre,69
<_io.BytesIO object at 0x0000018E0021C360>,0,2.802596928649634e-45,0.6722123026847839,0.059235263615846634,-0.11663097143173218,0.8807407021522522,0.014336439780890942,-0.4640628397464752,-0.09346621483564377,0,641018,42,6,False,Left,Back,Right,Centre,69
<_io.BytesIO object at 0x0000018E00165270>,0,0.0,0.0,0.0,0.0,8.407790785948902e-45,2.1860256043467146e-43,9.26818804304434e-42,0.6528815627098083,-10374,641018,42,6,False,Left,Back,Right,Centre,69
<_io.BytesIO object at 0x0000018E00165680>,3912580535,-2.0049969171910542e-13,1.674614723299051e-39,0.00019869781681336462,9.269589341508665e-42,0.6803959012031555,0.09943917393684387,-0.12661594152450562,0.010437577962875366,18,641018,42,6,False,Left,Back,Right,Centre,69
<_io.BytesIO object at 0x0000018E0022E770>,1059524607,0.0902906134724617,-0.15017886459827423,0.6800402402877808,0.09988628327846527,-0.1254984736442566,0.6110594272613525,0.09528088569641113,-0.0820804014801979,31109,641019,42,6,False,Left,Back,Right,Centre,69
<_io.BytesIO object at 0x0000018E0022E7C0>,1976385327,-5.141440438406189e-15,-7.003919741824282e+25,-3.909640400207837e-24,-1945.924560546875,0.006644960027188063,-1.0305740959872304e+33,-5.631241238488575e-21,2.5196607557178103e-40,0,641019,42,6,False,Left,Back,Right,Centre,69
<_io.BytesIO object at 0x0000018E0022EB30>,76,1.401298464324817e-45,0.7840084433555603,0.08981911092996597,0.27878955006599426,-0.19389311969280243,-0.1708962321281433,0.584324836730957,0.7692622542381287,0,641019,42,6,False,Left,Back,Right,Centre,69
<_io.BytesIO object at 0x0000018E0022E4F0>,0,2.802596928649634e-45,0.6722123026847839,0.059235263615846634,-0.11663097143173218,0.8807407021522522,0.014336439780890942,-0.4640628397464752,-0.09346621483564377,0,641019,42,6,False,Left,Back,Right,Centre,69
<_io.BytesIO object at 0x0000018E0022EC20>,0,0.0,0.0,0.0,0.0,8.407790785948902e-45,2.1860256043467146e-43,9.26818804304434e-42,0.6525878310203552,-5559,641019,42,6,False,Left,Back,Right,Centre,69
<_io.BytesIO object at 0x0000018E0022E450>,3363651000,-4.211702347149031e-15,1.674614723299051e-39,0.0002001945540541783,9.269589341508665e-42,0.6800402402877808,0.09988628327846527,-0.1254984736442566,0.010437837801873684,18,641019,42,6,False,Left,Back,Right,Centre,69
<_io.BytesIO object at 0x0000018E0013E040>,1059517227,0.09081309288740158,-0.14897607266902924,0.6796380877494812,0.10029193013906479,-0.12431289255619049,0.6107885241508484,0.0961381196975708,-0.080904521048069,26095,641020,42,6,False,Left,Back,Right,Centre,69
<_io.BytesIO object at 0x0000018E0013EB80>,3916513071,2487053568.0,-7991.6875,6.187620844017164e+31,1.9341647633786095e+29,3.6914257866669e-30,1.3391845965493587e-10,-2.368199688970689e-18,2.5196607557178103e-40,0,641020,42,6,False,Left,Back,Right,Centre,69
<_io.BytesIO object at 0x0000018E0013EBD0>,76,1.401298464324817e-45,0.7840084433555603,0.08981911092996597,0.27878955006599426,-0.19389311969280243,-0.1708962321281433,0.584324836730957,0.7692622542381287,0,641020,42,6,False,Left,Back,Right,Centre,69
<_io.BytesIO object at 0x0000018E0013EA90>,0,2.802596928649634e-45,0.6722123026847839,0.059235263615846634,-0.11663097143173218,0.8807407021522522,0.014336439780890942,-0.4640628397464752,-0.09346621483564377,0,641020,42,6,False,Left,Back,Right,Centre,69
<_io.BytesIO object at 0x0000018E0013E8B0>,0,0.0,0.0,0.0,0.0,8.407790785948902e-45,2.1860256043467146e-43,9.26818804304434e-42,0.6521479487419128,-969,641020,42,6,False,Left,Back,Right,Centre,69
<_io.BytesIO object at 0x0000018E0014DBD0>,2368683449,-1.916246607040344e-17,1.674614723299051e-39,0.0002437857328914106,9.269589341508665e-42,0.6796380877494812,0.10029193013906479,-0.12431289255619049,0.010437429882586002,18,641020,42,6,False,Left,Back,Right,Centre,69
<_io.BytesIO object at 0x0000018E00146810>,1059511162,0.09129172563552856,-0.1477501392364502,0.6793250441551208,0.10066445916891098,-0.1231314092874527,0.6103712320327759,0.09706087410449982,-0.07968126237392426,18403,641021,42,6,False,Left,Back,Right,Centre,69
<_io.BytesIO object at 0x0000018E001460E0>,4274470703,2123775213568.0,-5.7104365147901594e-15,13385524.0,-927950336.0,-9.86841585608361e+21,6.18096027831894e+17,-9.046969249993031e-23,2.5196607557178103e-40,0,641021,42,6,False,Left,Back,Right,Centre,69
<_io.BytesIO object at 0x0000018E00146400>,76,1.401298464324817e-45,0.7840084433555603,0.08981911092996597,0.27878955006599426,-0.19389311969280243,-0.1708962321281433,0.584324836730957,0.7692622542381287,0,641021,42,6,False,Left,Back,Right,Centre,69
<_io.BytesIO object at 0x0000018E00200F90>,0,2.802596928649634e-45,0.6722123026847839,0.059235263615846634,-0.11663097143173218,0.8807407021522522,0.014336439780890942,-0.4640628397464752,-0.09346621483564377,0,641021,42,6,False,Left,Back,Right,Centre,69
<_io.BytesIO object at 0x0000018E00200DB0>,0,0.0,0.0,0.0,0.0,8.407790785948902e-45,2.1860256043467146e-43,9.26818804304434e-42,0.6517864465713501,-2264,641021,42,6,False,Left,Back,Right,Centre,69
<_io.BytesIO object at 0x0000018E00200130>,1271938490,-7.951205783506355e-20,1.674614723299051e-39,0.0002601073356345296,9.269589341508665e-42,0.6793250441551208,0.10066445916891098,-0.1231314092874527,0.010437379591166973,18,641021,42,6,False,Left,Back,Right,Centre,69
<_io.BytesIO object at 0x0000018E0013E130>,1059502747,0.09179355949163437,-0.14629732072353363,0.6790473461151123,0.10111981630325317,-0.12178641557693481,0.6102220416069031,0.09795299172401428,-0.07837826013565063,8938,641022,42,6,False,Left,Back,Right,Centre,69
<_io.BytesIO object at 0x0000018E0013EEF0>,202522415,-2374945472512.0,-1.9523158252697622e-32,8.316594630741747e-07,9.384825423789031e+18,-3.7147178649902344,-2.155309529439714e-34,-2.0387713692832177e-24,2.5196607557178103e-40,0,641022,42,6,False,Left,Back,Right,Centre,69
<_io.BytesIO object at 0x0000018E0013EB30>,76,1.401298464324817e-45,0.7840084433555603,0.08981911092996597,0.27878955006599426,-0.19389311969280243,-0.1708962321281433,0.584324836730957,0.7692622542381287,0,641022,42,6,False,Left,Back,Right,Centre,69
<_io.BytesIO object at 0x0000018E0013EEA0>,0,2.802596928649634e-45,0.6722123026847839,0.059235263615846634,-0.11663097143173218,0.8807407021522522,0.014336439780890942,-0.4640628397464752,-0.09346621483564377,0,641022,42,6,False,Left,Back,Right,Centre,69
<_io.BytesIO object at 0x0000018E0013EE00>,0,0.0,0.0,0.0,0.0,8.407790785948902e-45,2.1860256043467146e-43,9.26818804304434e-42,0.6512848734855652,-445,641022,42,6,False,Left,Back,Right,Centre,69
<_io.BytesIO object at 0x0000018E0013E450>,3472309691,-1.2622280364257489e-21,1.674614723299051e-39,0.00023139496624935418,9.269589341508665e-42,0.6790473461151123,0.10111981630325317,-0.12178641557693481,0.01043811533600092,18,641022,42,6,False,Left,Back,Right,Centre,69
<_io.BytesIO object at 0x0000018E00209540>,1059497691,0.09228873997926712,-0.14501847326755524,0.678564727306366,0.1016148254275322,-0.12043039500713348,0.6098233461380005,0.09887343645095825,-0.07703983783721924,403,641023,42,6,False,Left,Back,Right,Centre,69
<_io.BytesIO object at 0x0000018E002095E0>,2368749359,4.89570007764555e-36,1.8691903274037158e+30,-22.655860900878906,2.7926440307520053e+31,-2.265675873622358e-19,-0.06603754311800003,-4.398586543121581e-31,2.5196607557178103e-40,0,641023,42,6,False,Left,Back,Right,Centre,69
<_io.BytesIO object at 0x0000018E002091D0>,76,1.401298464324817e-45,0.7840084433555603,0.08981911092996597,0.27878955006599426,-0.19389311969280243,-0.1708962321281433,0.584324836730957,0.7692622542381287,0,641023,42,6,False,Left,Back,Right,Centre,69
<_io.BytesIO object at 0x0000018E00209130>,0,2.802596928649634e-45,0.6722123026847839,0.059235263615846634,-0.11663097143173218,0.8807407021522522,0.014336439780890942,-0.4640628397464752,-0.09346621483564377,0,641023,42,6,False,Left,Back,Right,Centre,69
<_io.BytesIO object at 0x0000018E00209270>,0,0.0,0.0,0.0,0.0,8.407790785948902e-45,2.1860256043467146e-43,9.26818804304434e-42,0.6509835124015808,481,641023,42,6,False,Left,Back,Right,Centre,69
<_io.BytesIO object at 0x0000018E00209C70>,2142846397,-2.129246812579147e-24,1.674614723299051e-39,0.00027661945205181837,9.269589341508665e-42,0.678564727306366,0.1016148254275322,-0.12043039500713348,0.01043845433741808,18,641023,42,6,False,Left,Back,Right,Centre,69
<_io.BytesIO object at 0x0000018E002AC5E0>,1059488010,0.09285547584295273,-0.14350102841854095,0.678270161151886,0.10204955190420151,-0.11917784065008163,0.609533965587616,0.09985033422708511,-0.0756472498178482,-7296,641024,42,6,False,Left,Back,Right,Centre,69
<_io.BytesIO object at 0x0000018E002AC680>,694894382,-216.24009704589844,7272583680.0,2.9197378223573094e+20,-8.830350656307894e-37,-1.5037314202491111e-38,8.811313373193786e-35,-3.6319526221633485e-38,2.5196607557178103e-40,0,641024,42,6,False,Left,Back,Right,Centre,69
<_io.BytesIO object at 0x0000018E002ACB80>,76,1.401298464324817e-45,0.7840084433555603,0.08981911092996597,0.27878955006599426,-0.19389311969280243,-0.1708962321281433,0.584324836730957,0.7692622542381287,0,641024,42,6,False,Left,Back,Right,Centre,69
<_io.BytesIO object at 0x0000018E002AC2C0>,0,2.802596928649634e-45,0.6722123026847839,0.059235263615846634,-0.11663097143173218,0.8807407021522522,0.014336439780890942,-0.4640628397464752,-0.09346621483564377,0,641024,42,6,False,Left,Back,Right,Centre,69
<_io.BytesIO object at 0x0000018E002AC590>,0,0.0,0.0,0.0,0.0,8.407790785948902e-45,2.1860256043467146e-43,9.26818804304434e-42,0.6504064798355103,11011,641024,42,6,False,Left,Back,Right,Centre,69
<_io.BytesIO object at 0x0000018E002ACE50>,4058987966,-7.358113960144587e-27,1.674614723299051e-39,0.0002970279601868242,9.269589341508665e-42,0.678270161151886,0.10204955190420151,-0.11917784065008163,0.010438288561999798,18,641024,42,6,False,Left,Back,Right,Centre,69
<_io.BytesIO object at 0x0000018E00146090>,1059480453,0.0934494361281395,-0.14188893139362335,0.6777510046958923,0.10266564041376114,-0.11754917353391647,0.6091954112052917,0.10076966881752014,-0.07412885874509811,-16912,641025,42,6,False,Left,Back,Right,Centre,69
<_io.BytesIO object at 0x0000018E001468B0>,277364526,1.4808247590201775e+29,2.7842580129465444e-13,4.102417960893945e-07,2.1235951394054503e+21,1.835390574509103e+22,64830.69140625,3.679005472102879e+30,2.5196607557178103e-40,0,641025,42,6,False,Left,Back,Right,Centre,69
<_io.BytesIO object at 0x0000018E001467C0>,76,1.401298464324817e-45,0.7840084433555603,0.08981911092996597,0.27878955006599426,-0.19389311969280243,-0.1708962321281433,0.584324836730957,0.7692622542381287,0,641025,42,6,False,Left,Back,Right,Centre,69
<_io.BytesIO object at 0x0000018E00162950>,0,2.802596928649634e-45,0.6722123026847839,0.059235263615846634,-0.11663097143173218,0.8807407021522522,0.014336439780890942,-0.4640628397464752,-0.09346621483564377,0,641025,42,6,False,Left,Back,Right,Centre,69
<_io.BytesIO object at 0x0000018E00162F90>,0,0.0,0.0,0.0,0.0,8.407790785948902e-45,2.1860256043467146e-43,9.26818804304434e-42,0.6499560475349426,25195,641025,42,6,False,Left,Back,Right,Centre,69
<_io.BytesIO object at 0x0000018E00162180>,1263877567,-7.35811318977261e-27,1.674614723299051e-39,0.0002412566391285509,9.269589341508665e-42,0.6777510046958923,0.10266564041376114,-0.11754917353391647,0.010438738390803337,18,641025,42,6,False,Left,Back,Right,Centre,69
<_io.BytesIO object at 0x0000018E002ACEA0>,1059472113,0.09411035478115082,-0.14028260111808777,0.6774499416351318,0.1031179204583168,-0.11595696210861206,0.6088294982910156,0.1017901599407196,-0.07259640842676163,-27907,641026,42,6,False,Left,Back,Right,Centre,69
<_io.BytesIO object at 0x0000018E002ACCC0>,323567406,-223596183552.0,1.5553365240137973e-34,2.2223732686415118e-37,8.976647766852132e-28,5725938.0,-5.648130180344791e-36,1.760998933669295e+20,2.5196607557178103e-40,0,641026,42,6,False,Left,Back,Right,Centre,69
<_io.BytesIO object at 0x0000018E002ACDB0>,76,1.401298464324817e-45,0.7840084433555603,0.08981911092996597,0.27878955006599426,-0.19389311969280243,-0.1708962321281433,0.584324836730957,0.7692622542381287,0,641026,42,6,False,Left,Back,Right,Centre,69
<_io.BytesIO object at 0x0000018E002ACA90>,0,2.802596928649634e-45,0.6722123026847839,0.059235263615846634,-0.11663097143173218,0.8807407021522522,0.014336439780890942,-0.4640628397464752,-0.09346621483564377,0,641026,42,6,False,Left,Back,Right,Centre,69
<_io.BytesIO object at 0x0000018E00165A90>,0,0.0,0.0,0.0,0.0,8.407790785948902e-45,2.1860256043467146e-43,9.26818804304434e-42,0.6494589447975159,-17170,641026,42,6,False,Left,Back,Right,Centre,69
<_io.BytesIO object at 0x0000018E001659A0>,2789096896,-1.1848212202828417e-27,1.674614723299051e-39,0.00030257966136559844,9.269589341508665e-42,0.6774499416351318,0.1031179204583168,-0.11595696210861206,0.010439340025186539,18,641026,42,6,False,Left,Back,Right,Centre,69
<_io.BytesIO object at 0x0000018E0022EF90>,1059461532,0.09499798715114594,-0.1384948343038559,0.6770451068878174,0.10367268323898315,-0.11421457678079605,0.6086075305938721,0.10292233526706696,-0.07086072117090225,27293,641027,42,6,False,Left,Back,Right,Centre,69
<_io.BytesIO object at 0x0000018E0022E5E0>,100613934,-15316940800.0,-9.794452113503398e+21,-1145.9749755859375,-163830208.0,6.18859130607774e-12,-0.002887647831812501,394736.25,2.5196607557178103e-40,0,641027,42,6,False,Left,Back,Right,Centre,69
<_io.BytesIO object at 0x0000018E0022E6D0>,76,1.401298464324817e-45,0.7840084433555603,0.08981911092996597,0.27878955006599426,-0.19389311969280243,-0.1708962321281433,0.584324836730957,0.7692622542381287,0,641027,42,6,False,Left,Back,Right,Centre,69
<_io.BytesIO object at 0x0000018E0022E630>,0,2.802596928649634e-45,0.6722123026847839,0.059235263615846634,-0.11663097143173218,0.8807407021522522,0.014336439780890942,-0.4640628397464752,-0.09346621483564377,0,641027,42,6,False,Left,Back,Right,Centre,69
<_io.BytesIO object at 0x0000018E0022E400>,0,0.0,0.0,0.0,0.0,8.407790785948902e-45,2.1860256043467146e-43,9.26818804304434e-42,0.6488282680511475,-29106,641027,42,6,False,Left,Back,Right,Centre,69
<_io.BytesIO object at 0x0000018E0022EE50>,3516349890,-3.029008765063275e-30,1.674614723299051e-39,0.00017021312669385225,9.269589341508665e-42,0.6770451068878174,0.10367268323898315,-0.11421457678079605,0.010440089739859104,18,641027,42,6,False,Left,Back,Right,Centre,69
<_io.BytesIO object at 0x0000018E0014DEA0>,1059453263,0.09590297937393188,-0.13657481968402863,0.6765333414077759,0.10422264784574509,-0.112556092441082,0.6082269549369812,0.10415522009134293,-0.0689682886004448,15737,641028,42,6,False,Left,Back,Right,Centre,69
<_io.BytesIO object at 0x0000018E0014D450>,2971942702,-1.0345143638108928e+36,-3.5223834856878966e-05,1.422993555575557e+35,6.498723547700881e+29,-8.43201273630923e+37,-2218700800.0,2.4287975975312293e-05,2.5196607557178103e-40,0,641028,42,6,False,Left,Back,Right,Centre,69
<_io.BytesIO object at 0x0000018E0014DAE0>,76,1.401298464324817e-45,0.7840084433555603,0.08981911092996597,0.27878955006599426,-0.19389311969280243,-0.1708962321281433,0.584324836730957,0.7692622542381287,0,641028,42,6,False,Left,Back,Right,Centre,69
<_io.BytesIO object at 0x0000018E0014D130>,0,2.802596928649634e-45,0.6722123026847839,0.059235263615846634,-0.11663097143173218,0.8807407021522522,0.014336439780890942,-0.4640628397464752,-0.09346621483564377,0,641028,42,6,False,Left,Back,Right,Centre,69
<_io.BytesIO object at 0x0000018E00158DB0>,0,0.0,0.0,0.0,0.0,8.407790785948902e-45,2.1860256043467146e-43,9.26818804304434e-42,0.6483353972434998,26824,641028,42,6,False,Left,Back,Right,Centre,69
<_io.BytesIO object at 0x0000018E001588B0>,3661970884,3.311300332639759e+29,1.674614723299051e-39,0.00034598016645759344,9.269589341508665e-42,0.6765333414077759,0.10422264784574509,-0.112556092441082,0.010440954007208347,18,641028,42,6,False,Left,Back,Right,Centre,69
<_io.BytesIO object at 0x0000018E00146EF0>,1059444019,0.09672018885612488,-0.1350255012512207,0.6762068271636963,0.10473765432834625,-0.11087381094694138,0.6081205010414124,0.1053653433918953,-0.06711637228727341,3195,641029,42,6,False,Left,Back,Right,Centre,69
<_io.BytesIO object at 0x0000018E00146D10>,2635284270,6.005132723787968e-19,-4.1585493036398836e-33,0.692370593547821,1.5542302932676774e-38,-58.435401916503906,-5.485273346650388e-11,3.6543039571865764e-32,2.5196607557178103e-40,0,641029,42,6,False,Left,Back,Right,Centre,69
<_io.BytesIO object at 0x0000018E001460E0>,76,1.401298464324817e-45,0.7840084433555603,0.08981911092996597,0.27878955006599426,-0.19389311969280243,-0.1708962321281433,0.584324836730957,0.7692622542381287,0,641029,42,6,False,Left,Back,Right,Centre,69
<_io.BytesIO object at 0x0000018E00200EA0>,0,2.802596928649634e-45,0.6722123026847839,0.059235263615846634,-0.11663097143173218,0.8807407021522522,0.014336439780890942,-0.4640628397464752,-0.09346621483564377,0,641029,42,6,False,Left,Back,Right,Centre,69
<_io.BytesIO object at 0x0000018E00200860>,0,0.0,0.0,0.0,0.0,8.407790785948902e-45,2.1860256043467146e-43,9.26818804304434e-42,0.647784411907196,5436,641029,42,6,False,Left,Back,Right,Centre,69
<_io.BytesIO object at 0x0000018E002004F0>,1142963654,150349792935936.0,1.674614723299051e-39,0.00020863951067440212,9.269589341508665e-42,0.6762068271636963,0.10473765432834625,-0.11087381094694138,0.010441567748785019,18,641029,42,6,False,Left,Back,Right,Centre,69
<_io.BytesIO object at 0x0000018E0014D8B0>,1059432751,0.09776509553194046,-0.1329835057258606,0.6757263541221619,0.10539229214191437,-0.10908094793558121,0.6078869700431824,0.1066213920712471,-0.06495796889066696,-8036,641030,42,6,False,Left,Back,Right,Centre,69
<_io.BytesIO object at 0x0000018E0014D9A0>,1697267501,-1.929874438271682e+32,12733186048.0,-5.7196357444883365e+25,-4.044166062591595e-31,-13.046346664428711,6.192343198410776e+32,-215220962197504.0,2.519646742733167e-40,0,641030,42,6,False,Left,Back,Right,Centre,69
<_io.BytesIO object at 0x0000018E0014DF90>,76,1.401298464324817e-45,0.7840084433555603,0.08981911092996597,0.27878955006599426,-0.19389311969280243,-0.1708962321281433,0.584324836730957,0.7692622542381287,0,641030,42,6,False,Left,Back,Right,Centre,69
<_io.BytesIO object at 0x0000018E0014DF40>,0,2.802596928649634e-45,0.6722123026847839,0.059235263615846634,-0.11663097143173218,0.8807407021522522,0.014336439780890942,-0.4640628397464752,-0.09346621483564377,0,641030,42,6,False,Left,Back,Right,Centre,69
<_io.BytesIO object at 0x0000018E0014D1D0>,0,0.0,0.0,0.0,0.0,8.407790785948902e-45,2.1860256043467146e-43,9.26818804304434e-42,0.6471127867698669,14609,641030,42,6,False,Left,Back,Right,Centre,69
<_io.BytesIO object at 0x0000018E0014DB80>,752106952,187628126208.0,1.674614723299051e-39,0.00014063288108445704,9.269589341508665e-42,0.6757263541221619,0.10539229214191437,-0.10908094793558121,0.010441656224429607,18,641030,42,6,False,Left,Back,Right,Centre,69
<_io.BytesIO object at 0x0000018E00209AE0>,1059420349,0.09883098304271698,-0.130910724401474,0.6752212643623352,0.10599485039710999,-0.10724443942308426,0.6076552271842957,0.1082209050655365,-0.06286419183015823,-20666,641031,42,6,False,Left,Back,Right,Centre,69
<_io.BytesIO object at 0x0000018E00209E50>,715276077,-1.062440202004647e-13,3.82730039391493e-20,-9.91326465360487e-10,-400751553675264.0,-5.458773311751793e-17,-0.31688451766967773,-1165.9385986328125,2.519646742733167e-40,0,641031,42,6,False,Left,Back,Right,Centre,69
<_io.BytesIO object at 0x0000018E002096D0>,76,1.401298464324817e-45,0.7840084433555603,0.08981911092996597,0.27878955006599426,-0.19389311969280243,-0.1708962321281433,0.584324836730957,0.7692622542381287,0,641031,42,6,False,Left,Back,Right,Centre,69
<_io.BytesIO object at 0x0000018E002099F0>,0,2.802596928649634e-45,0.6722123026847839,0.059235263615846634,-0.11663097143173218,0.8807407021522522,0.014336439780890942,-0.4640628397464752,-0.09346621483564377,0,641031,42,6,False,Left,Back,Right,Centre,69
<_io.BytesIO object at 0x0000018E00209310>,0,0.0,0.0,0.0,0.0,8.407790785948902e-45,2.1860256043467146e-43,9.26818804304434e-42,0.6463735699653625,26598,641031,42,6,False,Left,Back,Right,Centre,69
<_io.BytesIO object at 0x0000018E002093B0>,225852874,1.7137413016454772e-11,1.674614723299051e-39,0.0004809402453247458,9.269589341508665e-42,0.6752212643623352,0.10599485039710999,-0.10724443942308426,0.010441052727401257,18,641031,42,6,False,Left,Back,Right,Centre,69
<_io.BytesIO object at 0x0000018E00159E50>,1059406119,0.09990983456373215,-0.12864066660404205,0.6747153401374817,0.106524258852005,-0.10512598603963852,0.6073676347732544,0.10971244424581528,-0.06056993827223778,30864,641032,42,6,False,Left,Back,Right,Centre,69
<_io.BytesIO object at 0x0000018E00159680>,4059840301,7397171708035072.0,-8.381234090908582e+20,-2.6777742503822096e-30,4.6418625236979705e-15,-1.9701603878750611e-31,2.3128754628618752e-27,-70524.078125,2.519646742733167e-40,0,641032,42,6,False,Left,Back,Right,Centre,69
<_io.BytesIO object at 0x0000018E00159900>,76,1.401298464324817e-45,0.7840084433555603,0.08981911092996597,0.27878955006599426,-0.19389311969280243,-0.1708962321281433,0.584324836730957,0.7692622542381287,0,641032,42,6,False,Left,Back,Right,Centre,69
<_io.BytesIO object at 0x0000018E00159220>,0,2.802596928649634e-45,0.6722123026847839,0.059235263615846634,-0.11663097143173218,0.8807407021522522,0.014336439780890942,-0.4640628397464752,-0.09346621483564377,0,641032,42,6,False,Left,Back,Right,Centre,69
<_io.BytesIO object at 0x0000018E00159540>,0,0.0,0.0,0.0,0.0,8.407790785948902e-45,2.1860256043467146e-43,9.26818804304434e-42,0.6455253958702087,-25209,641032,42,6,False,Left,Back,Right,Centre,69
<_io.BytesIO object at 0x0000018E0021C040>,3126934988,2.532307354188964e-25,1.674614723299051e-39,0.00028119428316131234,9.269589341508665e-42,0.6747153401374817,0.106524258852005,-0.10512598603963852,0.010439557954668999,18,641032,42,6,False,Left,Back,Right,Centre,69
<_io.BytesIO object at 0x0000018E00146860>,1059393533,0.10105496644973755,-0.12664954364299774,0.6740046143531799,0.10717041790485382,-0.10301805287599564,0.6071912050247192,0.11128417402505875,-0.058153871446847916,16348,641033,42,6,False,Left,Back,Right,Centre,69
<_io.BytesIO object at 0x0000018E00146310>,3999350573,-1.893676094695932e+18,-1.1476315571142849e-14,1.1568244734534716e-13,1.0852462067674444e-16,6.0625545371593324e+26,61639961346048.0,-10.796396255493164,2.519646742733167e-40,0,641033,42,6,False,Left,Back,Right,Centre,69
<_io.BytesIO object at 0x0000018E001468B0>,76,1.401298464324817e-45,0.7840084433555603,0.08981911092996597,0.27878955006599426,-0.19389311969280243,-0.1708962321281433,0.584324836730957,0.7692622542381287,0,641033,42,6,False,Left,Back,Right,Centre,69
<_io.BytesIO object at 0x0000018E00162B80>,0,2.802596928649634e-45,0.6722123026847839,0.059235263615846634,-0.11663097143173218,0.8807407021522522,0.014336439780890942,-0.4640628397464752,-0.09346621483564377,0,641033,42,6,False,Left,Back,Right,Centre,69
<_io.BytesIO object at 0x0000018E00162C20>,0,0.0,0.0,0.0,0.0,8.407790785948902e-45,2.1860256043467146e-43,9.26818804304434e-42,0.6447752118110657,-2584,641033,42,6,False,Left,Back,Right,Centre,69
<_io.BytesIO object at 0x0000018E00162E00>,2959818190,4.047879530319366e-37,1.674614723299051e-39,0.00017851055599749088,9.269589341508665e-42,0.6740046143531799,0.10717041790485382,-0.10301805287599564,0.010437737219035625,18,641033,42,6,False,Left,Back,Right,Centre,69
<_io.BytesIO object at 0x0000018E00159040>,1059381251,0.10231232643127441,-0.12437386810779572,0.6734768152236938,0.10793954879045486,-0.10084733366966248,0.6069139242172241,0.11312893778085709,-0.05557309836149216,550,641034,42,6,False,Left,Back,Right,Centre,69
<_io.BytesIO object at 0x0000018E00159CC0>,3146137389,-1.1737523078918457,3.278702156468967e+21,-3.0134230022202628e+23,-2.7992788863744664e+25,5561355264.0,-6.327762049381603e-22,-3.136599063873291,2.519646742733167e-40,0,641034,42,6,False,Left,Back,Right,Centre,69
<_io.BytesIO object at 0x0000018E00159BD0>,76,1.401298464324817e-45,0.7840084433555603,0.08981911092996597,0.27878955006599426,-0.19389311969280243,-0.1708962321281433,0.584324836730957,0.7692622542381287,0,641034,42,6,False,Left,Back,Right,Centre,69
<_io.BytesIO object at 0x0000018E001597C0>,0,2.802596928649634e-45,0.6722123026847839,0.059235263615846634,-0.11663097143173218,0.8807407021522522,0.014336439780890942,-0.4640628397464752,-0.09346621483564377,0,641034,42,6,False,Left,Back,Right,Centre,69
<_io.BytesIO object at 0x0000018E001658B0>,0,0.0,0.0,0.0,0.0,8.407790785948902e-45,2.1860256043467146e-43,9.26818804304434e-42,0.6440431475639343,-30432,641034,42,6,False,Left,Back,Right,Centre,69
<_io.BytesIO object at 0x0000018E00165540>,3082436049,-3.276551176664881e+28,1.6746133220005867e-39,0.000226493866648525,9.269589341508665e-42,0.6734768152236938,0.10793954879045486,-0.10084733366966248,0.010437527671456337,18,641034,42,6,False,Left,Back,Right,Centre,69
<_io.BytesIO object at 0x0000018E0022E0E0>,1059366904,0.10372627526521683,-0.12197143584489822,0.6727593541145325,0.10874105244874954,-0.09853993356227875,0.606595516204834,0.11478130519390106,-0.052827540785074234,-17938,641035,42,6,False,Left,Back,Right,Centre,69
<_io.BytesIO object at 0x0000018E0022E770>,1827684140,5.485129008775402e-07,2.790743856677124e-25,-4.013541143368492e-31,1.551529315512972e+34,28382.87890625,8.909534628449703e+26,1.1023725686237373e-28,2.5196607557178103e-40,0,641035,42,6,False,Left,Back,Right,Centre,69
<_io.BytesIO object at 0x0000018E0022E090>,76,1.401298464324817e-45,0.7840084433555603,0.08981911092996597,0.27878955006599426,-0.19389311969280243,-0.1708962321281433,0.584324836730957,0.7692622542381287,0,641035,42,6,False,Left,Back,Right,Centre,69
<_io.BytesIO object at 0x0000018E0022E220>,0,2.802596928649634e-45,0.6722123026847839,0.059235263615846634,-0.11663097143173218,0.8807407021522522,0.014336439780890942,-0.4640628397464752,-0.09346621483564377,0,641035,42,6,False,Left,Back,Right,Centre,69
<_io.BytesIO object at 0x0000018E0022EC70>,0,0.0,0.0,0.0,0.0,8.407790785948902e-45,2.1860256043467146e-43,9.26818804304434e-42,0.6431879997253418,28273,641035,42,6,False,Left,Back,Right,Centre,69
<_io.BytesIO object at 0x0000018E0022EB30>,3425254868,-2.234096173239501e+16,1.6746133220005867e-39,0.00020339162438176572,9.269589341508665e-42,0.6727593541145325,0.10874105244874954,-0.09853993356227875,0.010436748154461384,18,641035,42,6,False,Left,Back,Right,Centre,69
<_io.BytesIO object at 0x0000018E001580E0>,1059353543,0.10513333231210709,-0.11930771172046661,0.6721799969673157,0.10944665968418121,-0.09598098695278168,0.6062231659889221,0.11656267195940018,-0.05004100874066353,26556,641036,42,6,False,Left,Back,Right,Centre,69
<_io.BytesIO object at 0x0000018E00158C70>,336215852,9.184718408050685e-08,-190845304832.0,6.026418841258461e+26,-1.1847752078604477e-30,-2.665855022814087e-35,-7.960070048853435e-14,118878272.0,2.5196607557178103e-40,0,641036,42,6,False,Left,Back,Right,Centre,69
<_io.BytesIO object at 0x0000018E00158180>,76,1.401298464324817e-45,0.7840084433555603,0.08981911092996597,0.27878955006599426,-0.19389311969280243,-0.1708962321281433,0.584324836730957,0.7692622542381287,0,641036,42,6,False,Left,Back,Right,Centre,69
<_io.BytesIO object at 0x0000018E00158860>,0,2.802596928649634e-45,0.6722123026847839,0.059235263615846634,-0.11663097143173218,0.8807407021522522,0.014336439780890942,-0.4640628397464752,-0.09346621483564377,0,641036,42,6,False,Left,Back,Right,Centre,69
<_io.BytesIO object at 0x0000018E00158F40>,0,0.0,0.0,0.0,0.0,8.407790785948902e-45,2.1860256043467146e-43,9.26818804304434e-42,0.6423916220664978,20517,641036,42,6,False,Left,Back,Right,Centre,69
<_io.BytesIO object at 0x0000018E0013EF40>,1469726167,-1477.93603515625,1.6746133220005867e-39,0.00013874609430786222,9.269589341508665e-42,0.6721799969673157,0.10944665968418121,-0.09598098695278168,0.010437238030135632,18,641036,42,6,False,Left,Back,Right,Centre,69
<_io.BytesIO object at 0x0000018E00146040>,1059338125,0.10652785003185272,-0.11659964919090271,0.6713641881942749,0.11015494167804718,-0.09339708834886551,0.6058905124664307,0.11830854415893555,-0.04707314446568489,5053,641037,42,6,False,Left,Back,Right,Centre,69
<_io.BytesIO object at 0x0000018E001461D0>,349519660,-2.669190085335895e-31,1.37655079280162e+33,7.111359708787784e+32,-1.8679481748154257e-25,1.890518433356192e-06,8.318630170456132e+31,-2.129244248781205e-24,2.5196607557178103e-40,0,641037,42,6,False,Left,Back,Right,Centre,69
<_io.BytesIO object at 0x0000018E00146D10>,76,1.401298464324817e-45,0.7840084433555603,0.08981911092996597,0.27878955006599426,-0.19389311969280243,-0.1708962321281433,0.584324836730957,0.7692622542381287,0,641037,42,6,False,Left,Back,Right,Centre,69
<_io.BytesIO object at 0x0000018E00200C70>,0,2.802596928649634e-45,0.6722123026847839,0.059235263615846634,-0.11663097143173218,0.8807407021522522,0.014336439780890942,-0.4640628397464752,-0.09346621483564377,0,641037,42,6,False,Left,Back,Right,Centre,69
<_io.BytesIO object at 0x0000018E002004A0>,0,0.0,0.0,0.0,0.0,8.407790785948902e-45,2.1860256043467146e-43,9.26818804304434e-42,0.6414726376533508,11078,641037,42,6,False,Left,Back,Right,Centre,69
<_io.BytesIO object at 0x0000018E00200E00>,3419160026,-8.312345969418815e-15,1.6746133220005867e-39,0.0005054184584878385,9.269589341508665e-42,0.6713641881942749,0.11015494167804718,-0.09339708834886551,0.0104370741173625,18,641037,42,6,False,Left,Back,Right,Centre,69
<_io.BytesIO object at 0x0000018E00158770>,1059323920,0.10774172842502594,-0.11384505778551102,0.6704443693161011,0.1109902635216713,-0.09074839949607849,0.6053324937820435,0.12002254277467728,-0.04401661083102226,-19476,641038,42,6,False,Left,Back,Right,Centre,69
<_io.BytesIO object at 0x0000018E00158540>,540688171,-0.03448250889778137,1.5676537710180828e-16,-1.3075068663589421e-33,1.2853662505904148e-15,-1.2604517256320502e-11,-76903981056.0,-6.945177724990259e+16,2.5196607557178103e-40,0,641038,42,6,False,Left,Back,Right,Centre,69
<_io.BytesIO object at 0x0000018E00158D60>,76,1.401298464324817e-45,0.7840084433555603,0.08981911092996597,0.27878955006599426,-0.19389311969280243,-0.1708962321281433,0.584324836730957,0.7692622542381287,0,641038,42,6,False,Left,Back,Right,Centre,69
<_io.BytesIO object at 0x0000018E00158F90>,0,2.802596928649634e-45,0.6722123026847839,0.059235263615846634,-0.11663097143173218,0.8807407021522522,0.014336439780890942,-0.4640628397464752,-0.09346621483564377,0,641038,42,6,False,Left,Back,Right,Centre,69
<_io.BytesIO object at 0x0000018E00158270>,0,0.0,0.0,0.0,0.0,8.407790785948902e-45,2.1860256043467146e-43,9.26818804304434e-42,0.6406259536743164,-22606,641038,42,6,False,Left,Back,Right,Centre,69
<_io.BytesIO object at 0x0000018E00158630>,664354268,-4.450678778509018e-25,1.6746133220005867e-39,0.00016923368093557656,9.269589341508665e-42,0.6704443693161011,0.1109902635216713,-0.09074839949607849,0.010436991229653358,18,641038,42,6,False,Left,Back,Right,Centre,69
<_io.BytesIO object at 0x0000018E00209EA0>,1059305966,0.10904587805271149,-0.11085961759090424,0.669524073600769,0.11185552179813385,-0.08778861165046692,0.6046871542930603,0.12169485539197922,-0.04087233543395996,22310,641039,42,6,False,Left,Back,Right,Centre,69
<_io.BytesIO object at 0x0000018E00209B80>,1640644395,2.874996548710268e+29,-66253704.0,-4.665214644268114e-21,0.037900589406490326,1.1385538295906347e-30,-1.351262772649118e+33,3.6784058231580963e-31,2.519688781687097e-40,0,641039,42,6,False,Left,Back,Right,Centre,69
<_io.BytesIO object at 0x0000018E00209540>,76,1.401298464324817e-45,0.7840084433555603,0.08981911092996597,0.27878955006599426,-0.19389311969280243,-0.1708962321281433,0.584324836730957,0.7692622542381287,0,641039,42,6,False,Left,Back,Right,Centre,69
<_io.BytesIO object at 0x0000018E00209D60>,0,2.802596928649634e-45,0.6722123026847839,0.059235263615846634,-0.11663097143173218,0.8807407021522522,0.014336439780890942,-0.4640628397464752,-0.09346621483564377,0,641039,42,6,False,Left,Back,Right,Centre,69
<_io.BytesIO object at 0x0000018E002095E0>,0,0.0,0.0,0.0,0.0,8.407790785948902e-45,2.1860256043467146e-43,9.26818804304434e-42,0.639555811882019,21362,641039,42,6,False,Left,Back,Right,Centre,69
<_io.BytesIO object at 0x0000018E002097C0>,173948383,-7.964839202400436e-35,1.6746133220005867e-39,0.0001961689122254029,9.269589341508665e-42,0.669524073600769,0.11185552179813385,-0.08778861165046692,0.010437620803713799,18,641039,42,6,False,Left,Back,Right,Centre,69
<_io.BytesIO object at 0x0000018E0021C9A0>,1059288313,0.1102311760187149,-0.10785157233476639,0.6683194041252136,0.1127668023109436,-0.08453559130430222,0.6039041876792908,0.12330576032400131,-0.03760110214352608,-228,641040,42,6,False,Left,Back,Right,Centre,69
<_io.BytesIO object at 0x0000018E0021C680>,1289436970,-9.876459826170626e+26,4.143234921116208e+31,8.985118137402634e-23,-1875686306349056.0,3.1838794600509604e+18,-8.46943140619949e-11,-6.448926847585275e+19,2.519688781687097e-40,0,641040,42,6,False,Left,Back,Right,Centre,69
<_io.BytesIO object at 0x0000018E0021C180>,76,1.401298464324817e-45,0.7840084433555603,0.08981911092996597,0.27878955006599426,-0.19389311969280243,-0.1708962321281433,0.584324836730957,0.7692622542381287,0,641040,42,6,False,Left,Back,Right,Centre,69
<_io.BytesIO object at 0x0000018E0021C630>,0,2.802596928649634e-45,0.6722123026847839,0.059235263615846634,-0.11663097143173218,0.8807407021522522,0.014336439780890942,-0.4640628397464752,-0.09346621483564377,0,641040,42,6,False,Left,Back,Right,Centre,69
<_io.BytesIO object at 0x0000018E0021CBD0>,0,0.0,0.0,0.0,0.0,8.407790785948902e-45,2.1860256043467146e-43,9.26818804304434e-42,0.6385036110877991,-16158,641040,42,6,False,Left,Back,Right,Centre,69
<_io.BytesIO object at 0x0000018E0021CEA0>,3779673569,6.398761034381338e+33,1.6746133220005867e-39,0.00022836179414298385,9.269589341508665e-42,0.6683194041252136,0.1127668023109436,-0.08453559130430222,0.010435052216053009,18,641040,42,6,False,Left,Back,Right,Centre,69
<_io.BytesIO object at 0x0000018E00146590>,1059268951,0.11145498603582382,-0.10457048565149307,0.667117178440094,0.11365770548582077,-0.08133237808942795,0.6028580069541931,0.12483518570661545,-0.03411363065242767,-27952,641041,42,6,False,Left,Back,Right,Centre,69
<_io.BytesIO object at 0x0000018E00146E00>,3313123114,-9.907609175973878e-27,2.1661263222941472e-30,4.975448139793247e+32,9.77371150044764e-25,503277.0,-2.156550118874185e-14,1.0446742381297204e-36,2.51970279467174e-40,0,641041,42,6,False,Left,Back,Right,Centre,69
<_io.BytesIO object at 0x0000018E00146310>,76,1.401298464324817e-45,0.7840084433555603,0.08981911092996597,0.27878955006599426,-0.19389311969280243,-0.1708962321281433,0.584324836730957,0.7692622542381287,0,641041,42,6,False,Left,Back,Right,Centre,69
<_io.BytesIO object at 0x0000018E00162A40>,0,2.802596928649634e-45,0.6722123026847839,0.059235263615846634,-0.11663097143173218,0.8807407021522522,0.014336439780890942,-0.4640628397464752,-0.09346621483564377,0,641041,42,6,False,Left,Back,Right,Centre,69
<_io.BytesIO object at 0x0000018E00162BD0>,0,0.0,0.0,0.0,0.0,8.407790785948902e-45,2.1860256043467146e-43,9.26818804304434e-42,0.637349545955658,17027,641041,42,6,False,Left,Back,Right,Centre,69
<_io.BytesIO object at 0x0000018E001625E0>,688733668,3.3810866580319555e+25,1.6746133220005867e-39,0.0002253198326798156,9.269589341508665e-42,0.667117178440094,0.11365770548582077,-0.08133237808942795,0.010433124378323555,18,641041,42,6,False,Left,Back,Right,Centre,69
<_io.BytesIO object at 0x0000018E0021C860>,1059246654,0.11265730857849121,-0.1012052446603775,0.6658458113670349,0.11454004049301147,-0.07792620360851288,0.6017781496047974,0.1263265460729599,-0.03068353980779648,7896,641042,42,6,False,Left,Back,Right,Centre,69
<_io.BytesIO object at 0x0000018E0021C360>,1291403050,-9167.388671875,-4.2108090979665923e-16,-12664623.0,-4.726916487587576e+24,-5.334520964379756e+22,8.848924026673441e-35,6333134336.0,2.51970279467174e-40,0,641042,42,6,False,Left,Back,Right,Centre,69
<_io.BytesIO object at 0x0000018E0021CF90>,76,1.401298464324817e-45,0.7840084433555603,0.08981911092996597,0.27878955006599426,-0.19389311969280243,-0.1708962321281433,0.584324836730957,0.7692622542381287,0,641042,42,6,False,Left,Back,Right,Centre,69
<_io.BytesIO object at 0x0000018E0021CC20>,0,2.802596928649634e-45,0.6722123026847839,0.059235263615846634,-0.11663097143173218,0.8807407021522522,0.014336439780890942,-0.4640628397464752,-0.09346621483564377,0,641042,42,6,False,Left,Back,Right,Centre,69
<_io.BytesIO object at 0x0000018E00165310>,0,0.0,0.0,0.0,0.0,8.407790785948902e-45,2.1860256043467146e-43,9.26818804304434e-42,0.6360205411911011,-18208,641042,42,6,False,Left,Back,Right,Centre,69
<_io.BytesIO object at 0x0000018E00165220>,1152531942,7.592760558735065e+18,1.6746133220005867e-39,0.00017596883117221296,9.269589341508665e-42,0.6658458113670349,0.11454004049301147,-0.07792620360851288,0.010432776063680649,18,641042,42,6,False,Left,Back,Right,Centre,69
<_io.BytesIO object at 0x0000018E0022E3B0>,1059225046,0.11385902762413025,-0.09758605062961578,0.664553165435791,0.11534061282873154,-0.07437947392463684,0.6005033254623413,0.12784229218959808,-0.02698030322790146,-24405,641043,42,6,False,Left,Back,Right,Centre,69
<_io.BytesIO object at 0x0000018E0022EF90>,3303489321,-2.8411226704605497e-09,1.5346528016380034e-05,21642180608.0,416237.375,2.0138024686875004e-17,1.9397300903028877e+20,7172325376000.0,2.51970279467174e-40,0,641043,42,6,False,Left,Back,Right,Centre,69
<_io.BytesIO object at 0x0000018E0022ED60>,76,1.401298464324817e-45,0.7840084433555603,0.08981911092996597,0.27878955006599426,-0.19389311969280243,-0.1708962321281433,0.584324836730957,0.7692622542381287,0,641043,42,6,False,Left,Back,Right,Centre,69
<_io.BytesIO object at 0x0000018E0022EC20>,0,2.802596928649634e-45,0.6722123026847839,0.059235263615846634,-0.11663097143173218,0.8807407021522522,0.014336439780890942,-0.4640628397464752,-0.09346621483564377,0,641043,42,6,False,Left,Back,Right,Centre,69
<_io.BytesIO object at 0x0000018E0022E4A0>,0,0.0,0.0,0.0,0.0,8.407790785948902e-45,2.1860256043467146e-43,9.26818804304434e-42,0.6347326040267944,12012,641043,42,6,False,Left,Back,Right,Centre,69
<_io.BytesIO object at 0x0000018E0022E6D0>,3677502953,36169347072.0,1.6746133220005867e-39,0.00017502969421911985,9.269589341508665e-42,0.664553165435791,0.11534061282873154,-0.07437947392463684,0.010433289222419262,18,641043,42,6,False,Left,Back,Right,Centre,69
<_io.BytesIO object at 0x0000018E0013EAE0>,1059199869,0.1152343675494194,-0.09378313273191452,0.6629655361175537,0.11631708592176437,-0.07047004252672195,0.599101185798645,0.12932397425174713,-0.023025259375572205,5699,641044,42,6,False,Left,Back,Right,Centre,69
<_io.BytesIO object at 0x0000018E0013E9A0>,636829481,-2.447241370821811e-38,-0.6122463941574097,-7.159494769245747e+20,0.4047674238681793,-5.802380474116887e+23,-1.1334687963239311e-23,-2.9000704121925384e-17,2.51970279467174e-40,0,641044,42,6,False,Left,Back,Right,Centre,69
<_io.BytesIO object at 0x0000018E0013E4F0>,76,1.401298464324817e-45,0.7840084433555603,0.08981911092996597,0.27878955006599426,-0.19389311969280243,-0.1708962321281433,0.584324836730957,0.7692622542381287,0,641044,42,6,False,Left,Back,Right,Centre,69
<_io.BytesIO object at 0x0000018E0013E680>,0,2.802596928649634e-45,0.6722123026847839,0.059235263615846634,-0.11663097143173218,0.8807407021522522,0.014336439780890942,-0.4640628397464752,-0.09346621483564377,0,641044,42,6,False,Left,Back,Right,Centre,69
<_io.BytesIO object at 0x0000018E0013E400>,0,0.0,0.0,0.0,0.0,8.407790785948902e-45,2.1860256043467146e-43,9.26818804304434e-42,0.6332319378852844,-1,641044,42,6,False,Left,Back,Right,Centre,69
<_io.BytesIO object at 0x0000018E0014D9A0>,291454443,1501.9296875,1.6746133220005867e-39,0.000191164857824333,9.269589341508665e-42,0.6629655361175537,0.11631708592176437,-0.07047004252672195,0.010433871299028397,18,641044,42,6,False,Left,Back,Right,Centre,69
<_io.BytesIO object at 0x0000018E001465E0>,1059173353,0.11657225340604782,-0.08970710635185242,0.6613916158676147,0.11713007092475891,-0.06633506715297699,0.5976510047912598,0.13085432350635529,-0.01885899342596531,-29369,641045,42,6,False,Left,Back,Right,Centre,69
<_io.BytesIO object at 0x0000018E001469A0>,2450472744,-7.36456873813574e+32,0.03167329356074333,1105.974365234375,-520.9638061523438,5.721585694118403e-08,1.9661945191401891e-28,-0.0008229911327362061,2.51970279467174e-40,0,641045,42,6,False,Left,Back,Right,Centre,69
<_io.BytesIO object at 0x0000018E001461D0>,76,1.401298464324817e-45,0.7840084433555603,0.08981911092996597,0.27878955006599426,-0.19389311969280243,-0.1708962321281433,0.584324836730957,0.7692622542381287,0,641045,42,6,False,Left,Back,Right,Centre,69
<_io.BytesIO object at 0x0000018E00200180>,0,2.802596928649634e-45,0.6722123026847839,0.059235263615846634,-0.11663097143173218,0.8807407021522522,0.014336439780890942,-0.4640628397464752,-0.09346621483564377,0,641045,42,6,False,Left,Back,Right,Centre,69
<_io.BytesIO object at 0x0000018E00200A90>,0,0.0,0.0,0.0,0.0,8.407790785948902e-45,2.1860256043467146e-43,9.26818804304434e-42,0.6316514611244202,-17041,641045,42,6,False,Left,Back,Right,Centre,69
<_io.BytesIO object at 0x0000018E00200F90>,3093052910,8.952192001743242e-05,1.6746133220005867e-39,0.00017888461297843605,9.269589341508665e-42,0.6613916158676147,0.11713007092475891,-0.06633506715297699,0.010434415191411972,18,641045,42,6,False,Left,Back,Right,Centre,69
<_io.BytesIO object at 0x0000018E0013E8B0>,1059143679,0.11797644197940826,-0.08543387800455093,0.6595997214317322,0.11813943088054657,-0.06214413046836853,0.5961113572120667,0.13228125870227814,-0.014563349075615406,-5775,641046,42,6,False,Left,Back,Right,Centre,69
<_io.BytesIO object at 0x0000018E0013E900>,3696705319,1.898844504046338e+33,-6.360229463098221e-07,-2.674081636779567e+27,1.1690452949400887e-33,-318286604533760.0,52410613760.0,5.405808689573632e-09,2.5197168076563833e-40,0,641046,42,6,False,Left,Back,Right,Centre,69
<_io.BytesIO object at 0x0000018E0013E040>,76,1.401298464324817e-45,0.7840084433555603,0.08981911092996597,0.27878955006599426,-0.19389311969280243,-0.1708962321281433,0.584324836730957,0.7692622542381287,0,641046,42,6,False,Left,Back,Right,Centre,69
<_io.BytesIO object at 0x0000018E0013EE50>,0,2.802596928649634e-45,0.6722123026847839,0.059235263615846634,-0.11663097143173218,0.8807407021522522,0.014336439780890942,-0.4640628397464752,-0.09346621483564377,0,641046,42,6,False,Left,Back,Right,Centre,69
<_io.BytesIO object at 0x0000018E0013E9F0>,0,0.0,0.0,0.0,0.0,8.407790785948902e-45,2.1860256043467146e-43,9.26818804304434e-42,0.6298827528953552,-25182,641046,42,6,False,Left,Back,Right,Centre,69
<_io.BytesIO object at 0x0000018E0013E450>,4160044529,1.4689827045749615e-12,1.6746133220005867e-39,0.00018374848878011107,9.269589341508665e-42,0.6595997214317322,0.11813943088054657,-0.06214413046836853,0.01043435838073492,18,641046,42,6,False,Left,Back,Right,Centre,69
<_io.BytesIO object at 0x0000018E002094F0>,1059112976,0.11940771341323853,-0.08099270612001419,0.6576385498046875,0.11900133639574051,-0.057555265724658966,0.5943649411201477,0.1338222473859787,-0.009926284663379192,15626,641047,42,6,False,Left,Back,Right,Centre,69
<_io.BytesIO object at 0x0000018E002098B0>,4157095719,-4.007245923975944e-11,5.996394021058679e-22,4173689499156480.0,-105508240.0,-2748247.25,2.0771592971868813e-05,9.488516860780324e+35,2.5197168076563833e-40,0,641047,42,6,False,Left,Back,Right,Centre,69
<_io.BytesIO object at 0x0000018E00209AE0>,76,1.401298464324817e-45,0.7840084433555603,0.08981911092996597,0.27878955006599426,-0.19389311969280243,-0.1708962321281433,0.584324836730957,0.7692622542381287,0,641047,42,6,False,Left,Back,Right,Centre,69
<_io.BytesIO object at 0x0000018E00209270>,0,2.802596928649634e-45,0.6722123026847839,0.059235263615846634,-0.11663097143173218,0.8807407021522522,0.014336439780890942,-0.4640628397464752,-0.09346621483564377,0,641047,42,6,False,Left,Back,Right,Centre,69
<_io.BytesIO object at 0x0000018E00209E50>,0,0.0,0.0,0.0,0.0,8.407790785948902e-45,2.1860256043467146e-43,9.26818804304434e-42,0.6280527114868164,-29688,641047,42,6,False,Left,Back,Right,Centre,69
<_io.BytesIO object at 0x0000018E00209720>,3749789172,5.242822199810763e-19,1.6746133220005867e-39,0.00019473940483294427,9.269589341508665e-42,0.6576385498046875,0.11900133639574051,-0.057555265724658966,0.010434080846607685,18,641047,42,6,False,Left,Back,Right,Centre,69
<_io.BytesIO object at 0x0000018E002AC4F0>,1059081621,0.12074736505746841,-0.07644624263048172,0.6556205153465271,0.1198909729719162,-0.05295863002538681,0.5923714637756348,0.13529396057128906,-0.005076677538454533,-28040,641048,42,6,False,Left,Back,Right,Centre,69
<_io.BytesIO object at 0x0000018E002AC0E0>,1697857318,-0.00012897545821033418,5.723438910608775e+37,5.492316459742479e-29,-1.7454876765496331e-16,-0.006614361889660358,-2.866093984687794e-22,-746.96875,2.5197168076563833e-40,0,641048,42,6,False,Left,Back,Right,Centre,69
<_io.BytesIO object at 0x0000018E002ACC20>,76,1.401298464324817e-45,0.7840084433555603,0.08981911092996597,0.27878955006599426,-0.19389311969280243,-0.1708962321281433,0.584324836730957,0.7692622542381287,0,641048,42,6,False,Left,Back,Right,Centre,69
<_io.BytesIO object at 0x0000018E002AC720>,0,2.802596928649634e-45,0.6722123026847839,0.059235263615846634,-0.11663097143173218,0.8807407021522522,0.014336439780890942,-0.4640628397464752,-0.09346621483564377,0,641048,42,6,False,Left,Back,Right,Centre,69
<_io.BytesIO object at 0x0000018E002AC860>,0,0.0,0.0,0.0,0.0,8.407790785948902e-45,2.1860256043467146e-43,9.26818804304434e-42,0.626183807849884,19045,641048,42,6,False,Left,Back,Right,Centre,69
<_io.BytesIO object at 0x0000018E002AC3B0>,2413379063,4.114509894572643e-26,1.6746133220005867e-39,0.00022231205366551876,9.269589341508665e-42,0.6556205153465271,0.1198909729719162,-0.05295863002538681,0.010434260591864586,18,641048,42,6,False,Left,Back,Right,Centre,69
<_io.BytesIO object at 0x0000018E00146360>,1059045192,0.12214755266904831,-0.07165757566690445,0.6533134579658508,0.12083315849304199,-0.0480102002620697,0.5902447700500488,0.13687391579151154,-4.065227403771132e-05,-12670,641049,42,6,False,Left,Back,Right,Centre,69
<_io.BytesIO object at 0x0000018E00146B30>,2480881445,-7.665656745833964e-25,-25870834073600.0,-5.533730760461155e-22,-3.647345959184312e-20,-4.0516007215884997e-10,9.206026443166891e-39,2.494137505488598e-37,2.5197308206410266e-40,0,641049,42,6,False,Left,Back,Right,Centre,69
<_io.BytesIO object at 0x0000018E00146E00>,76,1.401298464324817e-45,0.7840084433555603,0.08981911092996597,0.27878955006599426,-0.19389311969280243,-0.1708962321281433,0.584324836730957,0.7692622542381287,0,641049,42,6,False,Left,Back,Right,Centre,69
<_io.BytesIO object at 0x0000018E001629A0>,0,2.802596928649634e-45,0.6722123026847839,0.059235263615846634,-0.11663097143173218,0.8807407021522522,0.014336439780890942,-0.4640628397464752,-0.09346621483564377,0,641049,42,6,False,Left,Back,Right,Centre,69
<_io.BytesIO object at 0x0000018E00162900>,0,0.0,0.0,0.0,0.0,8.407790785948902e-45,2.1860256043467146e-43,9.26818804304434e-42,0.6240124702453613,10367,641049,42,6,False,Left,Back,Right,Centre,69
<_io.BytesIO object at 0x0000018E00162950>,3241491962,6.920853764212747e-33,1.6746133220005867e-39,0.00019575997430365533,9.269589341508665e-42,0.6533134579658508,0.12083315849304199,-0.0480102002620697,0.010433834977447987,18,641049,42,6,False,Left,Back,Right,Centre,69
<_io.BytesIO object at 0x0000018E002ACA90>,1059005719,0.1235709860920906,-0.06671059131622314,0.6510370373725891,0.12198373675346375,-0.04301471263170242,0.5881304144859314,0.13845767080783844,0.005142811685800552,915,641050,42,6,False,Left,Back,Right,Centre,69
<_io.BytesIO object at 0x0000018E002ACEA0>,8404773,4.780318155206409e-11,1.4942384894515992e-13,1.5798393296838984e+19,-1.5114201227014963e+17,1220359256801280.0,-59121500160.0,6.843023052159761e+30,2.5197308206410266e-40,0,641050,42,6,False,Left,Back,Right,Centre,69
<_io.BytesIO object at 0x0000018E002AC5E0>,76,1.401298464324817e-45,0.7840084433555603,0.08981911092996597,0.27878955006599426,-0.19389311969280243,-0.1708962321281433,0.584324836730957,0.7692622542381287,0,641050,42,6,False,Left,Back,Right,Centre,69
<_io.BytesIO object at 0x0000018E002AC630>,0,2.802596928649634e-45,0.6722123026847839,0.059235263615846634,-0.11663097143173218,0.8807407021522522,0.014336439780890942,-0.4640628397464752,-0.09346621483564377,0,641050,42,6,False,Left,Back,Right,Centre,69
<_io.BytesIO object at 0x0000018E00165630>,0,0.0,0.0,0.0,0.0,8.407790785948902e-45,2.1860256043467146e-43,9.26818804304434e-42,0.6216596961021423,4809,641050,42,6,False,Left,Back,Right,Centre,69
<_io.BytesIO object at 0x0000018E001650E0>,2677030397,-5.873205744302859e+37,1.6746119207021224e-39,0.0002353017043787986,9.269589341508665e-42,0.6510370373725891,0.12198373675346375,-0.04301471263170242,0.010433991439640522,18,641050,42,6,False,Left,Back,Right,Centre,69
<_io.BytesIO object at 0x0000018E0022E180>,1058965730,0.12486785650253296,-0.06156256049871445,0.6484587788581848,0.12308327853679657,-0.03772389143705368,0.5856267213821411,0.1399356573820114,0.010544692166149616,15712,641051,42,6,False,Left,Back,Right,Centre,69
<_io.BytesIO object at 0x0000018E0022E0E0>,4137697060,-5.744785667824297e-24,1.33855425970712e+35,4.8525002678815604e+33,4.010619412211082e-35,172591611904.0,6.759211856888214e-09,-34011140.0,2.5197308206410266e-40,0,641051,42,6,False,Left,Back,Right,Centre,69
<_io.BytesIO object at 0x0000018E0022EEA0>,76,1.401298464324817e-45,0.7840084433555603,0.08981911092996597,0.27878955006599426,-0.19389311969280243,-0.1708962321281433,0.584324836730957,0.7692622542381287,0,641051,42,6,False,Left,Back,Right,Centre,69
<_io.BytesIO object at 0x0000018E0022E400>,0,2.802596928649634e-45,0.6722123026847839,0.059235263615846634,-0.11663097143173218,0.8807407021522522,0.014336439780890942,-0.4640628397464752,-0.09346621483564377,0,641051,42,6,False,Left,Back,Right,Centre,69
<_io.BytesIO object at 0x0000018E0022EA40>,0,0.0,0.0,0.0,0.0,8.407790785948902e-45,2.1860256043467146e-43,9.26818804304434e-42,0.6192761659622192,-17736,641051,42,6,False,Left,Back,Right,Centre,69
<_io.BytesIO object at 0x0000018E0022E090>,688274943,-4.872220575336124e+31,1.6746119207021224e-39,0.00017659705190453678,9.269589341508665e-42,0.6484587788581848,0.12308327853679657,-0.03772389143705368,0.010433047078549862,18,641051,42,6,False,Left,Back,Right,Centre,69
<_io.BytesIO object at 0x0000018E0014DAE0>,1058924839,0.1262519508600235,-0.05614326894283295,0.6458577513694763,0.12418314814567566,-0.032230909913778305,0.5830926895141602,0.14133810997009277,0.016066940501332283,27141,641052,42,6,False,Left,Back,Right,Centre,69
<_io.BytesIO object at 0x0000018E0014D450>,2107719459,8558269945610240.0,-0.013686377555131912,4282026033152.0,2.0951245799410587e-17,2.9796247392153974e-13,1.4645327756208898e+19,5.578331752076338e-07,2.51974483362567e-40,0,641052,42,6,False,Left,Back,Right,Centre,69
<_io.BytesIO object at 0x0000018E0014DD10>,76,1.401298464324817e-45,0.7840084433555603,0.08981911092996597,0.27878955006599426,-0.19389311969280243,-0.1708962321281433,0.584324836730957,0.7692622542381287,0,641052,42,6,False,Left,Back,Right,Centre,69
<_io.BytesIO object at 0x0000018E0014DA40>,0,2.802596928649634e-45,0.6722123026847839,0.059235263615846634,-0.11663097143173218,0.8807407021522522,0.014336439780890942,-0.4640628397464752,-0.09346621483564377,0,641052,42,6,False,Left,Back,Right,Centre,69
<_io.BytesIO object at 0x0000018E00158A90>,0,0.0,0.0,0.0,0.0,8.407790785948902e-45,2.1860256043467146e-43,9.26818804304434e-42,0.6168388724327087,18481,641052,42,6,False,Left,Back,Right,Centre,69
<_io.BytesIO object at 0x0000018E00158AE0>,4135337473,-1.31036057416588e+24,1.6746119207021224e-39,0.00022451681434176862,9.269589341508665e-42,0.6458577513694763,0.12418314814567566,-0.032230909913778305,0.010430393740534782,18,641052,42,6,False,Left,Back,Right,Centre,69
<_io.BytesIO object at 0x0000018E00146130>,1058880954,0.12786108255386353,-0.05059005692601204,0.643105685710907,0.12500077486038208,-0.026515765115618706,0.5803729891777039,0.14276231825351715,0.021710503846406937,-29433,641053,42,6,False,Left,Back,Right,Centre,69
<_io.BytesIO object at 0x0000018E00146EA0>,542981922,-4.1884202428682473e-19,-3.838208333003536e+33,0.0004968517459928989,4.67628320616853e+19,1089793228800.0,4.358050666111511e+26,4.68524331114123e+22,2.51974483362567e-40,0,641053,42,6,False,Left,Back,Right,Centre,69
<_io.BytesIO object at 0x0000018E001469A0>,76,1.401298464324817e-45,0.7840084433555603,0.08981911092996597,0.27878955006599426,-0.19389311969280243,-0.1708962321281433,0.584324836730957,0.7692622542381287,0,641053,42,6,False,Left,Back,Right,Centre,69
<_io.BytesIO object at 0x0000018E00200DB0>,0,2.802596928649634e-45,0.6722123026847839,0.059235263615846634,-0.11663097143173218,0.8807407021522522,0.014336439780890942,-0.4640628397464752,-0.09346621483564377,0,641053,42,6,False,Left,Back,Right,Centre,69
<_io.BytesIO object at 0x0000018E00200E50>,0,0.0,0.0,0.0,0.0,8.407790785948902e-45,2.1860256043467146e-43,9.26818804304434e-42,0.6142231225967407,-4604,641053,42,6,False,Left,Back,Right,Centre,69
<_io.BytesIO object at 0x0000018E00200EA0>,931479042,-8611005164683264.0,1.6746119207021224e-39,0.00019977889314759523,9.269589341508665e-42,0.643105685710907,0.12500077486038208,-0.026515765115618706,0.010432098060846329,18,641053,42,6,False,Left,Back,Right,Centre,69
<_io.BytesIO object at 0x0000018E0014D1D0>,1058837203,0.12935969233512878,-0.04476267471909523,0.640235185623169,0.12605386972427368,-0.020601222291588783,0.5776877999305725,0.14422500133514404,0.02759207785129547,-25154,641054,42,6,False,Left,Back,Right,Centre,69
<_io.BytesIO object at 0x0000018E0014DC70>,1936932641,3.1401776201673775e+38,3.05725292655109e-16,-8.007281390208942e+18,-9.647794120089594e-35,-3.2796911887465757e+38,1.1126339417821158e-17,-20098060288.0,2.51974483362567e-40,0,641054,42,6,False,Left,Back,Right,Centre,69
<_io.BytesIO object at 0x0000018E0014D040>,76,1.401298464324817e-45,0.7840084433555603,0.08981911092996597,0.27878955006599426,-0.19389311969280243,-0.1708962321281433,0.584324836730957,0.7692622542381287,0,641054,42,6,False,Left,Back,Right,Centre,69
<_io.BytesIO object at 0x0000018E0014D4A0>,0,2.802596928649634e-45,0.6722123026847839,0.059235263615846634,-0.11663097143173218,0.8807407021522522,0.014336439780890942,-0.4640628397464752,-0.09346621483564377,0,641054,42,6,False,Left,Back,Right,Centre,69
<_io.BytesIO object at 0x0000018E0014DF90>,0,0.0,0.0,0.0,0.0,8.407790785948902e-45,2.1860256043467146e-43,9.26818804304434e-42,0.6116153597831726,30430,641054,42,6,False,Left,Back,Right,Centre,69
<_io.BytesIO object at 0x0000018E0014D130>,1494302212,-4072486656.0,1.6746119207021224e-39,0.0003075874410569668,9.269589341508665e-42,0.640235185623169,0.12605386972427368,-0.020601222291588783,0.010433451272547245,18,641054,42,6,False,Left,Back,Right,Centre,69
<_io.BytesIO object at 0x0000018E00209B30>,1058790312,0.13090087473392487,-0.03870345652103424,0.6374483704566956,0.12692999839782715,-0.014690283685922623,0.5748106837272644,0.14563965797424316,0.03372080624103546,-22182,641055,42,6,False,Left,Back,Right,Centre,69
<_io.BytesIO object at 0x0000018E002091D0>,2933210912,-0.00020813057199120522,1057966976.0,-4.1210407175640285e-07,6.78903317874069e-21,-3.217445510017569e-07,1.827257443946444e-30,0.013350965455174446,2.519758846610313e-40,0,641055,42,6,False,Left,Back,Right,Centre,69
<_io.BytesIO object at 0x0000018E00209EA0>,76,1.401298464324817e-45,0.7840084433555603,0.08981911092996597,0.27878955006599426,-0.19389311969280243,-0.1708962321281433,0.584324836730957,0.7692622542381287,0,641055,42,6,False,Left,Back,Right,Centre,69
<_io.BytesIO object at 0x0000018E00209310>,0,2.802596928649634e-45,0.6722123026847839,0.059235263615846634,-0.11663097143173218,0.8807407021522522,0.014336439780890942,-0.4640628397464752,-0.09346621483564377,0,641055,42,6,False,Left,Back,Right,Centre,69
<_io.BytesIO object at 0x0000018E00209B80>,0,0.0,0.0,0.0,0.0,8.407790785948902e-45,2.1860256043467146e-43,9.26818804304434e-42,0.6088204383850098,2785,641055,42,6,False,Left,Back,Right,Centre,69
<_io.BytesIO object at 0x0000018E00209360>,2273590790,-34.93468475341797,1.6746119207021224e-39,0.00022121798247098923,9.269589341508665e-42,0.6374483704566956,0.12692999839782715,-0.014690283685922623,0.010435176081955433,18,641055,42,6,False,Left,Back,Right,Centre,69
<_io.BytesIO object at 0x0000018E00159B30>,1058739853,0.13240855932235718,-0.032623291015625,0.6344101428985596,0.12776874005794525,-0.00843797903507948,0.5718655586242676,0.14698849618434906,0.039812080562114716,-23499,641056,42,6,False,Left,Back,Right,Centre,69
<_io.BytesIO object at 0x0000018E00159130>,3028762399,1.185190445127305e-28,119850713088.0,0.19555339217185974,-8.074987854032531e-23,1.0674663871469724e+31,5.179367279960243e-37,-966.9688720703125,2.519758846610313e-40,0,641056,42,6,False,Left,Back,Right,Centre,69
<_io.BytesIO object at 0x0000018E00159090>,76,1.401298464324817e-45,0.7840084433555603,0.08981911092996597,0.27878955006599426,-0.19389311969280243,-0.1708962321281433,0.584324836730957,0.7692622542381287,0,641056,42,6,False,Left,Back,Right,Centre,69
<_io.BytesIO object at 0x0000018E00159A90>,0,2.802596928649634e-45,0.6722123026847839,0.059235263615846634,-0.11663097143173218,0.8807407021522522,0.014336439780890942,-0.4640628397464752,-0.09346621483564377,0,641056,42,6,False,Left,Back,Right,Centre,69
<_io.BytesIO object at 0x0000018E00159E50>,0,0.0,0.0,0.0,0.0,8.407790785948902e-45,2.1860256043467146e-43,9.26818804304434e-42,0.6058128476142883,-27108,641056,42,6,False,Left,Back,Right,Centre,69
<_io.BytesIO object at 0x0000018E0021C1D0>,2684370439,-2.4845951429597335e-06,1.6746119207021224e-39,0.000183254131115973,9.269589341508665e-42,0.6344101428985596,0.12776874005794525,-0.00843797903507948,0.010436663404107094,18,641056,42,6,False,Left,Back,Right,Centre,69
<_io.BytesIO object at 0x0000018E00146770>,1058691034,0.1338312029838562,-0.02653229795396328,0.6311362981796265,0.12843745946884155,-0.0022661909461021423,0.5688932538032532,0.14825743436813354,0.04617743194103241,-26287,641057,42,6,False,Left,Back,Right,Centre,69
<_io.BytesIO object at 0x0000018E00146810>,2682732318,-2.1789770025862824e+26,2.5316256285073563e+21,3.5691757703167093e+31,-7.263193828318661e+32,-87668.03125,2.3432522650715632e+20,-1.3019281101428883e+36,2.519758846610313e-40,0,641057,42,6,False,Left,Back,Right,Centre,69
<_io.BytesIO object at 0x0000018E00146B30>,76,1.401298464324817e-45,0.7840084433555603,0.08981911092996597,0.27878955006599426,-0.19389311969280243,-0.1708962321281433,0.584324836730957,0.7692622542381287,0,641057,42,6,False,Left,Back,Right,Centre,69
<_io.BytesIO object at 0x0000018E00162F90>,0,2.802596928649634e-45,0.6722123026847839,0.059235263615846634,-0.11663097143173218,0.8807407021522522,0.014336439780890942,-0.4640628397464752,-0.09346621483564377,0,641057,42,6,False,Left,Back,Right,Centre,69
<_io.BytesIO object at 0x0000018E00162630>,0,0.0,0.0,0.0,0.0,8.407790785948902e-45,2.1860256043467146e-43,9.26818804304434e-42,0.6029030084609985,2828,641057,42,6,False,Left,Back,Right,Centre,69
<_io.BytesIO object at 0x0000018E00162B80>,1514356233,-8.161922201467553e-13,1.6746119207021224e-39,0.0002544199232943356,9.269589341508665e-42,0.6311362981796265,0.12843745946884155,-0.0022661909461021423,0.01043777260929346,18,641057,42,6,False,Left,Back,Right,Centre,69
<_io.BytesIO object at 0x0000018E001597C0>,1058633910,0.13515907526016235,-0.020204154774546623,0.6277568936347961,0.12932941317558289,0.0041233254596591,0.5655151605606079,0.14945818483829498,0.052540846168994904,-32591,641058,42,6,False,Left,Back,Right,Centre,69
<_io.BytesIO object at 0x0000018E001594A0>,1437220637,0.29148587584495544,8.906981746643855e+27,-3.1403103004255607e+24,-9.421337699306239e-17,1.6464003903514273e+27,7.71110257449182e-18,1.146766118069758e+31,2.5197728595949563e-40,0,641058,42,6,False,Left,Back,Right,Centre,69
<_io.BytesIO object at 0x0000018E00159D60>,76,1.401298464324817e-45,0.7840084433555603,0.08981911092996597,0.27878955006599426,-0.19389311969280243,-0.1708962321281433,0.584324836730957,0.7692622542381287,0,641058,42,6,False,Left,Back,Right,Centre,69
<_io.BytesIO object at 0x0000018E00159EA0>,0,2.802596928649634e-45,0.6722123026847839,0.059235263615846634,-0.11663097143173218,0.8807407021522522,0.014336439780890942,-0.4640628397464752,-0.09346621483564377,0,641058,42,6,False,Left,Back,Right,Centre,69
<_io.BytesIO object at 0x0000018E00165770>,0,0.0,0.0,0.0,0.0,8.407790785948902e-45,2.1860256043467146e-43,9.26818804304434e-42,0.5994981527328491,26404,641058,42,6,False,Left,Back,Right,Centre,69
<_io.BytesIO object at 0x0000018E00165900>,2200911370,-1.620349191354612e-24,1.6746119207021224e-39,0.0002715706650633365,9.269589341508665e-42,0.6277568936347961,0.12932941317558289,0.0041233254596591,0.010439363308250904,18,641058,42,6,False,Left,Back,Right,Centre,69
<_io.BytesIO object at 0x0000018E0022EAE0>,1058578233,0.1364888995885849,-0.013952811248600483,0.6240851283073425,0.13012562692165375,0.01043896097689867,0.5618786215782166,0.15048819780349731,0.05900343880057335,27662,641059,42,6,False,Left,Back,Right,Centre,69
<_io.BytesIO object at 0x0000018E0022E3B0>,2556706588,1.0850605079521998e+28,2.2099215541205107e+25,1.7553002384929073e-09,3.0414888326965496e+27,1.5603679408286597e+18,-9.979699513120483e-36,-4.787115635432276e+23,2.5197728595949563e-40,0,641059,42,6,False,Left,Back,Right,Centre,69
<_io.BytesIO object at 0x0000018E0022ED10>,76,1.401298464324817e-45,0.7840084433555603,0.08981911092996597,0.27878955006599426,-0.19389311969280243,-0.1708962321281433,0.584324836730957,0.7692622542381287,0,641059,42,6,False,Left,Back,Right,Centre,69
<_io.BytesIO object at 0x0000018E0022EC70>,0,2.802596928649634e-45,0.6722123026847839,0.059235263615846634,-0.11663097143173218,0.8807407021522522,0.014336439780890942,-0.4640628397464752,-0.09346621483564377,0,641059,42,6,False,Left,Back,Right,Centre,69
<_io.BytesIO object at 0x0000018E0022E900>,0,0.0,0.0,0.0,0.0,8.407790785948902e-45,2.1860256043467146e-43,9.26818804304434e-42,0.5961795449256897,-15425,641059,42,6,False,Left,Back,Right,Centre,69
<_io.BytesIO object at 0x0000018E0022ED60>,2589277707,3.027129350935408e+38,1.6746119207021224e-39,0.0004195529327262193,9.269589341508665e-42,0.6240851283073425,0.13012562692165375,0.01043896097689867,0.010440686717629433,18,641059,42,6,False,Left,Back,Right,Centre,69
<_io.BytesIO object at 0x0000018E00158860>,1058518338,0.13748078048229218,-0.007512800395488739,0.6203697323799133,0.13082779943943024,0.016848599538207054,0.5582547783851624,0.15147626399993896,0.06539619714021683,20564,641060,42,6,False,Left,Back,Right,Centre,69
<_io.BytesIO object at 0x0000018E00158BD0>,3148955419,-6.920059565628474e+34,1.0044282371510475e+20,3.727631369989746e+31,8.833071774017043e-11,1344163456.0,-1.3765397220670927e+21,1.0610108724755668e+23,2.5197868725795996e-40,0,641060,42,6,False,Left,Back,Right,Centre,69
<_io.BytesIO object at 0x0000018E00158180>,76,1.401298464324817e-45,0.7840084433555603,0.08981911092996597,0.27878955006599426,-0.19389311969280243,-0.1708962321281433,0.584324836730957,0.7692622542381287,0,641060,42,6,False,Left,Back,Right,Centre,69
<_io.BytesIO object at 0x0000018E001588B0>,0,2.802596928649634e-45,0.6722123026847839,0.059235263615846634,-0.11663097143173218,0.8807407021522522,0.014336439780890942,-0.4640628397464752,-0.09346621483564377,0,641060,42,6,False,Left,Back,Right,Centre,69
<_io.BytesIO object at 0x0000018E001589F0>,0,0.0,0.0,0.0,0.0,8.407790785948902e-45,2.1860256043467146e-43,9.26818804304434e-42,0.5926095247268677,-14397,641060,42,6,False,Left,Back,Right,Centre,69
<_io.BytesIO object at 0x0000018E0013E2C0>,770719244,7.33515270144975e+37,1.6746119207021224e-39,0.0001912869920488447,9.269589341508665e-42,0.6203697323799133,0.13082779943943024,0.016848599538207054,0.010442029684782028,18,641060,42,6,False,Left,Back,Right,Centre,69
<_io.BytesIO object at 0x0000018E00146A90>,1058457820,0.13861416280269623,-0.0011103927390649915,0.6165863871574402,0.13163547217845917,0.02340768091380596,0.5542013049125671,0.1522756665945053,0.07179250568151474,9655,641061,42,6,False,Left,Back,Right,Centre,69
<_io.BytesIO object at 0x0000018E00146090>,1685077786,2.7511439544406543e-15,4.1780644096434116e-05,8.598279210812628e+25,2.794853526170486e-24,8.651522307445703e-07,119933.3046875,-217419901566976.0,2.5197868725795996e-40,0,641061,42,6,False,Left,Back,Right,Centre,69
<_io.BytesIO object at 0x0000018E00146EA0>,76,1.401298464324817e-45,0.7840084433555603,0.08981911092996597,0.27878955006599426,-0.19389311969280243,-0.1708962321281433,0.584324836730957,0.7692622542381287,0,641061,42,6,False,Left,Back,Right,Centre,69
<_io.BytesIO object at 0x0000018E00200860>,0,2.802596928649634e-45,0.6722123026847839,0.059235263615846634,-0.11663097143173218,0.8807407021522522,0.014336439780890942,-0.4640628397464752,-0.09346621483564377,0,641061,42,6,False,Left,Back,Right,Centre,69
<_io.BytesIO object at 0x0000018E002001D0>,0,0.0,0.0,0.0,0.0,8.407790785948902e-45,2.1860256043467146e-43,9.26818804304434e-42,0.5890023708343506,-3873,641061,42,6,False,Left,Back,Right,Centre,69
<_io.BytesIO object at 0x0000018E00200C70>,2325298701,1.1980122937328541e+36,1.6746119207021224e-39,0.0002001715765800327,9.269589341508665e-42,0.6165863871574402,0.13163547217845917,0.02340768091380596,0.010443129576742649,18,641061,42,6,False,Left,Back,Right,Centre,69
<_io.BytesIO object at 0x0000018E00158040>,1058393666,0.13975650072097778,0.005400522146373987,0.6125562787055969,0.1322879046201706,0.030034134164452553,0.5499798655509949,0.1528332382440567,0.07817959785461426,-7515,641062,42,6,False,Left,Back,Right,Centre,69
<_io.BytesIO object at 0x0000018E00158F90>,1121926936,-239958329655296.0,6.586104886948004e+17,-2220439371776.0,1.0664124926833847e+21,-0.04351521655917168,-3.0001741913273995e-33,-2.2476024423750008e-38,2.519800885564243e-40,0,641062,42,6,False,Left,Back,Right,Centre,69
<_io.BytesIO object at 0x0000018E00158270>,76,1.401298464324817e-45,0.7840084433555603,0.08981911092996597,0.27878955006599426,-0.19389311969280243,-0.1708962321281433,0.584324836730957,0.7692622542381287,0,641062,42,6,False,Left,Back,Right,Centre,69
<_io.BytesIO object at 0x0000018E00158310>,0,2.802596928649634e-45,0.6722123026847839,0.059235263615846634,-0.11663097143173218,0.8807407021522522,0.014336439780890942,-0.4640628397464752,-0.09346621483564377,0,641062,42,6,False,Left,Back,Right,Centre,69
<_io.BytesIO object at 0x0000018E00158360>,0,0.0,0.0,0.0,0.0,8.407790785948902e-45,2.1860256043467146e-43,9.26818804304434e-42,0.5851784944534302,7252,641062,42,6,False,Left,Back,Right,Centre,69
<_io.BytesIO object at 0x0000018E001580E0>,4141694479,1.0484639079284543e+34,1.6746119207021224e-39,0.0001951573067344725,9.269589341508665e-42,0.6125562787055969,0.1322879046201706,0.030034134164452553,0.010443947277963161,18,641062,42,6,False,Left,Back,Right,Centre,69
<_io.BytesIO object at 0x0000018E00209E00>,1058327686,0.14084991812705994,0.011961633339524269,0.6084688305854797,0.13283918797969818,0.03668868914246559,0.5456311106681824,0.15334497392177582,0.08460598438978195,14592,641063,42,6,False,Left,Back,Right,Centre,69
<_io.BytesIO object at 0x0000018E002096D0>,3904913176,-9.196022234869662e+18,0.01577649638056755,-4.3073029587503697e-07,9.68155085291419e-17,-1.8770657916888922e-08,-1.0353955939037381e+34,1.968975042881579e-30,2.519814898548886e-40,0,641063,42,6,False,Left,Back,Right,Centre,69
<_io.BytesIO object at 0x0000018E002094F0>,76,1.401298464324817e-45,0.7840084433555603,0.08981911092996597,0.27878955006599426,-0.19389311969280243,-0.1708962321281433,0.584324836730957,0.7692622542381287,0,641063,42,6,False,Left,Back,Right,Centre,69
<_io.BytesIO object at 0x0000018E002095E0>,0,2.802596928649634e-45,0.6722123026847839,0.059235263615846634,-0.11663097143173218,0.8807407021522522,0.014336439780890942,-0.4640628397464752,-0.09346621483564377,0,641063,42,6,False,Left,Back,Right,Centre,69
<_io.BytesIO object at 0x0000018E002098B0>,0,0.0,0.0,0.0,0.0,8.407790785948902e-45,2.1860256043467146e-43,9.26818804304434e-42,0.5812457799911499,15094,641063,42,6,False,Left,Back,Right,Centre,69
<_io.BytesIO object at 0x0000018E00209BD0>,4206509584,1.4592901981519994e+32,1.6746119207021224e-39,0.0002328071859665215,9.269589341508665e-42,0.6084688305854797,0.13283918797969818,0.03668868914246559,0.010443695820868015,18,641063,42,6,False,Left,Back,Right,Centre,69
<_io.BytesIO object at 0x0000018E0021CAE0>,1058262682,0.14207996428012848,0.018653448671102524,0.6043517589569092,0.13327442109584808,0.04349209740757942,0.541216254234314,0.15360337495803833,0.09124014526605606,-21764,641064,42,6,False,Left,Back,Right,Centre,69
<_io.BytesIO object at 0x0000018E0021C040>,726941463,6.061519642998866e+18,8.371439689267998e-29,1.2013804280286422e-06,1.1167564640434328e+33,-9.570735079252656e-19,4.2573527076650575e+22,-9.313210316114666e-34,2.519814898548886e-40,0,641064,42,6,False,Left,Back,Right,Centre,69
<_io.BytesIO object at 0x0000018E0021CE00>,76,1.401298464324817e-45,0.7840084433555603,0.08981911092996597,0.27878955006599426,-0.19389311969280243,-0.1708962321281433,0.584324836730957,0.7692622542381287,0,641064,42,6,False,Left,Back,Right,Centre,69
<_io.BytesIO object at 0x0000018E0021C270>,0,2.802596928649634e-45,0.6722123026847839,0.059235263615846634,-0.11663097143173218,0.8807407021522522,0.014336439780890942,-0.4640628397464752,-0.09346621483564377,0,641064,42,6,False,Left,Back,Right,Centre,69
<_io.BytesIO object at 0x0000018E0021CF40>,0,0.0,0.0,0.0,0.0,8.407790785948902e-45,2.1860256043467146e-43,9.26818804304434e-42,0.5773712396621704,32105,641064,42,6,False,Left,Back,Right,Centre,69
<_io.BytesIO object at 0x0000018E0021C630>,3474865681,1.3008420938190441e+32,1.6746119207021224e-39,0.0002443954872433096,9.269589341508665e-42,0.6043517589569092,0.13327442109584808,0.04349209740757942,0.01044338010251522,18,641064,42,6,False,Left,Back,Right,Centre,69
<_io.BytesIO object at 0x0000018E00146220>,1058195063,0.14311900734901428,0.025386299937963486,0.6001134514808655,0.1336178332567215,0.05033734068274498,0.5368080139160156,0.1539166271686554,0.09793872386217117,6627,641065,42,6,False,Left,Back,Right,Centre,69
<_io.BytesIO object at 0x0000018E00146EF0>,4106501911,0.015517640858888626,-2.9729576791834624e+16,2.5179355855206045e+30,2.480549023282793e+27,-2.0947481896998407e-22,-0.0065382299944758415,3.629865801879128e-26,2.5198289115335293e-40,0,641065,42,6,False,Left,Back,Right,Centre,69
<_io.BytesIO object at 0x0000018E00146810>,76,1.401298464324817e-45,0.7840084433555603,0.08981911092996597,0.27878955006599426,-0.19389311969280243,-0.1708962321281433,0.584324836730957,0.7692622542381287,0,641065,42,6,False,Left,Back,Right,Centre,69
<_io.BytesIO object at 0x0000018E00162C20>,0,2.802596928649634e-45,0.6722123026847839,0.059235263615846634,-0.11663097143173218,0.8807407021522522,0.014336439780890942,-0.4640628397464752,-0.09346621483564377,0,641065,42,6,False,Left,Back,Right,Centre,69
<_io.BytesIO object at 0x0000018E00162E50>,0,0.0,0.0,0.0,0.0,8.407790785948902e-45,2.1860256043467146e-43,9.26818804304434e-42,0.5733408331871033,-29238,641065,42,6,False,Left,Back,Right,Centre,69
<_io.BytesIO object at 0x0000018E00162A40>,4142808594,6.908867026919878e+28,1.6746119207021224e-39,0.0001840161276049912,9.269589341508665e-42,0.6001134514808655,0.1336178332567215,0.05033734068274498,0.010442227125167847,18,641065,42,6,False,Left,Back,Right,Centre,69
<_io.BytesIO object at 0x0000018E0021CEA0>,1058129467,0.1441507637500763,0.03237045183777809,0.5957932472229004,0.13357405364513397,0.057379502803087234,0.5324637293815613,0.15395912528038025,0.10485807806253433,-24674,641066,42,6,False,Left,Back,Right,Centre,69
<_io.BytesIO object at 0x0000018E0021CC20>,1503346459,2.4571794804231373e+17,2.0570360807056152e-40,6.979497708007332e-39,9.183549615799121e-41,-3.7066638469696045e-07,-1.1824580812903143e+31,-0.0631059929728508,-9.061282921887043e-32,-16826,641066,42,6,False,Left,Back,Right,Centre,69
<_io.BytesIO object at 0x0000018E0021C4A0>,3190751084,0.584324836730957,0.7692622542381287,0.0,1.8367099231598242e-40,1.25208002876679e-25,-2.934914361520569e-19,-2.0743582220130714e+17,1.506917422729237e+34,16225,641066,42,6,False,Left,Back,Right,Centre,69
<_io.BytesIO object at 0x0000018E0021C770>,1013637987,-0.4640628397464752,-0.09346621483564377,0.0,0.0,0.0,0.0,0.0,3.6734198463196485e-40,0,641066,42,6,False,Left,Back,Right,Centre,69
<_io.BytesIO object at 0x0000018E00209270>,1058058518,0.14512723684310913,0.03936769813299179,0.5913826823234558,0.13364441692829132,0.06428571790456772,0.5280091166496277,0.15393750369548798,0.1118839904665947,24392,641067,42,6,False,Left,Back,Right,Centre,69
<_io.BytesIO object at 0x0000018E00209D60>,181681946,-5.610030257230392e-06,2.05735837935241e-40,6.979497708007332e-39,9.183549615799121e-41,-3.7066638469696045e-07,-1.1824580812903143e+31,-0.0631059929728508,-9.061282921887043e-32,-16826,641067,42,6,False,Left,Back,Right,Centre,69
<_io.BytesIO object at 0x0000018E0022E450>,3190751084,0.584324836730957,0.7692622542381287,0.0,1.8367099231598242e-40,1.25208002876679e-25,-2.934914361520569e-19,-2.0743582220130714e+17,1.506917422729237e+34,16225,641067,42,6,False,Left,Back,Right,Centre,69
<_io.BytesIO object at 0x0000018E0022EF90>,1013637987,-0.4640628397464752,-0.09346621483564377,0.0,0.0,0.0,0.0,0.0,3.6734198463196485e-40,0,641067,42,6,False,Left,Back,Right,Centre,69
<_io.BytesIO object at 0x0000018E0013E360>,1057987605,0.1459544450044632,0.04637215659022331,0.5869817137718201,0.13350681960582733,0.07125440984964371,0.5235135555267334,0.15362298488616943,0.1190241351723671,5928,641068,42,6,False,Left,Back,Right,Centre,69
<_io.BytesIO object at 0x0000018E0013EAE0>,1716338457,1.7698777024223823e+25,2.057540548152772e-40,6.979497708007332e-39,9.183549615799121e-41,-3.7066638469696045e-07,-1.1824580812903143e+31,-0.0631059929728508,-9.061282921887043e-32,-16826,641068,42,6,False,Left,Back,Right,Centre,69
<_io.BytesIO object at 0x0000018E0013E400>,3190751084,0.584324836730957,0.7692622542381287,0.0,1.8367099231598242e-40,1.25208002876679e-25,-2.934914361520569e-19,-2.0743582220130714e+17,1.506917422729237e+34,16225,641068,42,6,False,Left,Back,Right,Centre,69
<_io.BytesIO object at 0x0000018E0013EF90>,1013637987,-0.4640628397464752,-0.09346621483564377,0.0,0.0,0.0,0.0,0.0,3.6734198463196485e-40,0,641068,42,6,False,Left,Back,Right,Centre,69
<_io.BytesIO object at 0x0000018E00200C20>,1057916103,0.1466439962387085,0.05330657213926315,0.5823961496353149,0.1334436535835266,0.07815656810998917,0.5188934803009033,0.1532965898513794,0.12616261839866638,-10609,641069,42,6,False,Left,Back,Right,Centre,69
<_io.BytesIO object at 0x0000018E00200BD0>,378093335,5.136505846979995e-22,2.0577227169531344e-40,6.979497708007332e-39,9.183549615799121e-41,-3.7066638469696045e-07,-1.1824580812903143e+31,-0.0631059929728508,-9.061282921887043e-32,-16826,641069,42,6,False,Left,Back,Right,Centre,69
<_io.BytesIO object at 0x0000018E002004F0>,3190751084,0.584324836730957,0.7692622542381287,0.0,1.8367099231598242e-40,1.25208002876679e-25,-2.934914361520569e-19,-2.0743582220130714e+17,1.506917422729237e+34,16225,641069,42,6,False,Left,Back,Right,Centre,69
<_io.BytesIO object at 0x0000018E00200A40>,1013637987,-0.4640628397464752,-0.09346621483564377,0.0,0.0,0.0,0.0,0.0,3.6734198463196485e-40,0,641069,42,6,False,Left,Back,Right,Centre,69
<_io.BytesIO object at 0x0000018E0014DD60>,1057844369,0.14722758531570435,0.06048120930790901,0.5778618454933167,0.13316713273525238,0.08496850728988647,0.5141679644584656,0.15273530781269073,0.13324466347694397,-28261,641070,42,6,False,Left,Back,Right,Centre,69
<_io.BytesIO object at 0x0000018E0014DA40>,1339178774,-2306248802304.0,2.0578908727688534e-40,6.979497708007332e-39,9.183549615799121e-41,-3.7066638469696045e-07,-1.1824580812903143e+31,-0.0631059929728508,-9.061282921887043e-32,-16826,641070,42,6,False,Left,Back,Right,Centre,69
<_io.BytesIO object at 0x0000018E0014DF90>,3190751084,0.584324836730957,0.7692622542381287,0.0,1.8367099231598242e-40,1.25208002876679e-25,-2.934914361520569e-19,-2.0743582220130714e+17,1.506917422729237e+34,16225,641070,42,6,False,Left,Back,Right,Centre,69
<_io.BytesIO object at 0x0000018E0014D2C0>,1013637987,-0.4640628397464752,-0.09346621483564377,0.0,0.0,0.0,0.0,0.0,3.6734198463196485e-40,0,641070,42,6,False,Left,Back,Right,Centre,69
<_io.BytesIO object at 0x0000018E0022E7C0>,1057771095,0.14769737422466278,0.06732102483510971,0.5733250975608826,0.13277475535869598,0.09181167930364609,0.5094243288040161,0.15212653577327728,0.1400837004184723,21318,641071,42,6,False,Left,Back,Right,Centre,69
<_io.BytesIO object at 0x0000018E00203090>,2992586517,5.101291656494141,2.0580730415692156e-40,6.979497708007332e-39,9.183549615799121e-41,-3.7066638469696045e-07,-1.1824580812903143e+31,-0.0631059929728508,-9.061282921887043e-32,-16826,641071,42,6,False,Left,Back,Right,Centre,69
<_io.BytesIO object at 0x0000018E0022E5E0>,3190751084,0.584324836730957,0.7692622542381287,0.0,1.8367099231598242e-40,1.25208002876679e-25,-2.934914361520569e-19,-2.0743582220130714e+17,1.506917422729237e+34,16225,641071,42,6,False,Left,Back,Right,Centre,69
<_io.BytesIO object at 0x0000018E0022E720>,1013637987,-0.4640628397464752,-0.09346621483564377,0.0,0.0,0.0,0.0,0.0,3.6734198463196485e-40,0,641071,42,6,False,Left,Back,Right,Centre,69
<_io.BytesIO object at 0x0000018E00165B30>,1057696238,0.14799551665782928,0.0742395892739296,0.5686545968055725,0.13233324885368347,0.09849907457828522,0.5047495365142822,0.15121784806251526,0.14695708453655243,3704,641072,42,6,False,Left,Back,Right,Centre,69
<_io.BytesIO object at 0x0000018E00165040>,3725803284,-7.631472688655907e-19,2.0582411973849346e-40,6.979497708007332e-39,9.183549615799121e-41,-3.7066638469696045e-07,-1.1824580812903143e+31,-0.0631059929728508,-9.061282921887043e-32,-16826,641072,42,6,False,Left,Back,Right,Centre,69
<_io.BytesIO object at 0x0000018E00165E50>,3190751084,0.584324836730957,0.7692622542381287,0.0,1.8367099231598242e-40,1.25208002876679e-25,-2.934914361520569e-19,-2.0743582220130714e+17,1.506917422729237e+34,16225,641072,42,6,False,Left,Back,Right,Centre,69
<_io.BytesIO object at 0x0000018E00165E00>,1013637987,-0.4640628397464752,-0.09346621483564377,0.0,0.0,0.0,0.0,0.0,3.6734198463196485e-40,0,641072,42,6,False,Left,Back,Right,Centre,69
<_io.BytesIO object at 0x0000018E0021C4F0>,1057619850,0.14818882942199707,0.08100035786628723,0.5641534328460693,0.13196472823619843,0.10511332005262375,0.49990004301071167,0.15029798448085785,0.15358272194862366,-13488,641073,42,6,False,Left,Back,Right,Centre,69
<_io.BytesIO object at 0x0000018E0021C3B0>,3875290898,-73.62065124511719,2.0584093532006535e-40,6.979497708007332e-39,9.183549615799121e-41,-3.7066638469696045e-07,-1.1824580812903143e+31,-0.0631059929728508,-9.061282921887043e-32,-16826,641073,42,6,False,Left,Back,Right,Centre,69
<_io.BytesIO object at 0x0000018E0021CF90>,3190751084,0.584324836730957,0.7692622542381287,0.0,1.8367099231598242e-40,1.25208002876679e-25,-2.934914361520569e-19,-2.0743582220130714e+17,1.506917422729237e+34,16225,641073,42,6,False,Left,Back,Right,Centre,69
<_io.BytesIO object at 0x0000018E0021CEF0>,1013637987,-0.4640628397464752,-0.09346621483564377,0.0,0.0,0.0,0.0,0.0,3.6734198463196485e-40,0,641073,42,6,False,Left,Back,Right,Centre,69
<_io.BytesIO object at 0x0000018E00162180>,1057544802,0.1482468992471695,0.08761527389287949,0.5594500303268433,0.131434366106987,0.1116100326180458,0.4951002895832062,0.1494748741388321,0.16039220988750458,-22641,641074,42,6,False,Left,Back,Right,Centre,69
<_io.BytesIO object at 0x0000018E00146400>,3747036945,3.987022267892826e-08,2.0585775090163725e-40,6.979497708007332e-39,9.183549615799121e-41,-3.7066638469696045e-07,-1.1824580812903143e+31,-0.0631059929728508,-9.061282921887043e-32,-16826,641074,42,6,False,Left,Back,Right,Centre,69
<_io.BytesIO object at 0x0000018E00162900>,3190751084,0.584324836730957,0.7692622542381287,0.0,1.8367099231598242e-40,1.25208002876679e-25,-2.934914361520569e-19,-2.0743582220130714e+17,1.506917422729237e+34,16225,641074,42,6,False,Left,Back,Right,Centre,69
<_io.BytesIO object at 0x0000018E00162130>,1013637987,-0.4640628397464752,-0.09346621483564377,0.0,0.0,0.0,0.0,0.0,3.6734198463196485e-40,0,641074,42,6,False,Left,Back,Right,Centre,69
<_io.BytesIO object at 0x0000018E00165F40>,1057470147,0.14829117059707642,0.09419863671064377,0.5548825263977051,0.13079923391342163,0.11808719485998154,0.4905291497707367,0.1485595703125,0.16674143075942993,-22808,641075,42,6,False,Left,Back,Right,Centre,69
<_io.BytesIO object at 0x0000018E00165540>,1506885392,-5.526604423053903e+33,2.058717638862805e-40,6.979497708007332e-39,9.183549615799121e-41,-3.7066638469696045e-07,-1.1824580812903143e+31,-0.0631059929728508,-9.061282921887043e-32,-16826,641075,42,6,False,Left,Back,Right,Centre,69
<_io.BytesIO object at 0x0000018E001655E0>,3190751084,0.584324836730957,0.7692622542381287,0.0,1.8367099231598242e-40,1.25208002876679e-25,-2.934914361520569e-19,-2.0743582220130714e+17,1.506917422729237e+34,16225,641075,42,6,False,Left,Back,Right,Centre,69
<_io.BytesIO object at 0x0000018E00165C20>,1013637987,-0.4640628397464752,-0.09346621483564377,0.0,0.0,0.0,0.0,0.0,3.6734198463196485e-40,0,641075,42,6,False,Left,Back,Right,Centre,69
<_io.BytesIO object at 0x0000018E0022ED60>,1057395303,0.14819982647895813,0.10070879012346268,0.5503208041191101,0.13008417189121246,0.12438517808914185,0.48996469378471375,0.14391621947288513,0.17537841200828552,-29473,641076,42,6,False,Left,Back,Right,Centre,69
<_io.BytesIO object at 0x0000018E0022E6D0>,485768975,-6.09451189195615e+33,2.0588717816938807e-40,6.979497708007332e-39,9.183549615799121e-41,-3.7066638469696045e-07,-1.1824580812903143e+31,-0.0631059929728508,-9.061282921887043e-32,-16826,641076,42,6,False,Left,Back,Right,Centre,69
<_io.BytesIO object at 0x0000018E00203D60>,3190751084,0.584324836730957,0.7692622542381287,0.0,1.8367099231598242e-40,1.25208002876679e-25,-2.934914361520569e-19,-2.0743582220130714e+17,1.506917422729237e+34,16225,641076,42,6,False,Left,Back,Right,Centre,69
<_io.BytesIO object at 0x0000018E0022E7C0>,1013637987,-0.4640628397464752,-0.09346621483564377,0.0,0.0,0.0,0.0,0.0,3.6734198463196485e-40,0,641076,42,6,False,Left,Back,Right,Centre,69
<_io.BytesIO object at 0x0000018E0013E450>,1057321644,0.14796437323093414,0.10713385790586472,0.5458194613456726,0.1296270489692688,0.13050836324691772,0.4839569330215454,0.14507417380809784,0.18057891726493835,22343,641077,42,6,False,Left,Back,Right,Centre,69
<_io.BytesIO object at 0x0000018E0013E400>,1170423566,213570570682368.0,2.0590259245249565e-40,6.979497708007332e-39,9.183549615799121e-41,-3.7066638469696045e-07,-1.1824580812903143e+31,-0.0631059929728508,-9.061282921887043e-32,-16826,641077,42,6,False,Left,Back,Right,Centre,69
<_io.BytesIO object at 0x0000018E0013E5E0>,3190751084,0.584324836730957,0.7692622542381287,0.0,1.8367099231598242e-40,1.25208002876679e-25,-2.934914361520569e-19,-2.0743582220130714e+17,1.506917422729237e+34,16225,641077,42,6,False,Left,Back,Right,Centre,69
<_io.BytesIO object at 0x0000018E0013EC20>,1013637987,-0.4640628397464752,-0.09346621483564377,0.0,0.0,0.0,0.0,0.0,3.6734198463196485e-40,0,641077,42,6,False,Left,Back,Right,Centre,69
<_io.BytesIO object at 0x0000018E00200DB0>,1057247832,0.14773352444171906,0.1134878545999527,0.5415045022964478,0.12845507264137268,0.13668005168437958,0.4739873707294464,0.1488189399242401,0.18360698223114014,24891,641078,42,6,False,Left,Back,Right,Centre,69
<_io.BytesIO object at 0x0000018E00200680>,4229840653,6215666176.0,2.0591520413867457e-40,6.979497708007332e-39,9.183549615799121e-41,-3.7066638469696045e-07,-1.1824580812903143e+31,-0.0631059929728508,-9.061282921887043e-32,-16826,641078,42,6,False,Left,Back,Right,Centre,69
<_io.BytesIO object at 0x0000018E00200C70>,3190751084,0.584324836730957,0.7692622542381287,0.0,1.8367099231598242e-40,1.25208002876679e-25,-2.934914361520569e-19,-2.0743582220130714e+17,1.506917422729237e+34,16225,641078,42,6,False,Left,Back,Right,Centre,69
<_io.BytesIO object at 0x0000018E002009A0>,1013637987,-0.4640628397464752,-0.09346621483564377,0.0,0.0,0.0,0.0,0.0,3.6734198463196485e-40,0,641078,42,6,False,Left,Back,Right,Centre,69
<_io.BytesIO object at 0x0000018E0013E0E0>,1057175088,0.14739979803562164,0.1197996661067009,0.5370200276374817,0.12761056423187256,0.14258973300457,0.46463918685913086,0.15178906917572021,0.18690234422683716,30293,641079,42,6,False,Left,Back,Right,Centre,69
<_io.BytesIO object at 0x0000018E0014D6D0>,1265450764,1.6436812247987447e-20,2.059222106309962e-40,6.979497708007332e-39,9.183549615799121e-41,-3.7066638469696045e-07,-1.1824580812903143e+31,-0.0631059929728508,-9.061282921887043e-32,-16826,641079,42,6,False,Left,Back,Right,Centre,69
<_io.BytesIO object at 0x0000018E0013E6D0>,3190751084,0.584324836730957,0.7692622542381287,0.0,1.8367099231598242e-40,1.25208002876679e-25,-2.934914361520569e-19,-2.0743582220130714e+17,1.506917422729237e+34,16225,641079,42,6,False,Left,Back,Right,Centre,69
<_io.BytesIO object at 0x0000018E0013ED10>,1013637987,-0.4640628397464752,-0.09346621483564377,0.0,0.0,0.0,0.0,0.0,3.6734198463196485e-40,0,641079,42,6,False,Left,Back,Right,Centre,69
<_io.BytesIO object at 0x0000018E002033B0>,1057104398,0.14690440893173218,0.12596136331558228,0.5329253077507019,0.12667465209960938,0.1483238786458969,0.4564635455608368,0.15434375405311584,0.18971411883831024,2,641080,42,6,False,Left,Back,Right,Centre,69
<_io.BytesIO object at 0x0000018E00203E50>,4980736,9.183549615799121e-41,-3.7066638469696045e-07,-1.1824580812903143e+31,-0.0631059929728508,-9.061282921887043e-32,-3.14685763177034e+38,-1.6862116320657734e-25,-1.7272854671622953e+28,16196,641080,42,6,False,Left,Back,Right,Centre,69
<_io.BytesIO object at 0x0000018E00203F40>,0,1.8367099231598242e-40,1.25208002876679e-25,-2.934914361520569e-19,-2.0743582220130714e+17,1.506917422729237e+34,-4.1919778362291986e+21,-1.7085001179426492e-23,2.2213504649956784e+26,-16961,641080,42,6,False,Left,Back,Right,Centre,69
<_io.BytesIO object at 0x0000018E00165B30>,1057030153,0.14618046581745148,0.13176622986793518,0.5296570658683777,0.125978022813797,0.15384699404239655,2.802596928649634e-45,1.064986832886861e-43,1.401298464324817e-45,-19257,641081,42,6,False,Left,Back,Right,Centre,69
<_io.BytesIO object at 0x0000018E001654A0>,4078255944,-0.0631059929728508,-9.061282921887043e-32,-3.14685763177034e+38,-1.6862116320657734e-25,-1.7272854671622953e+28,2.2695429928204737e-41,0.0,2.802596928649634e-45,5659,641081,42,6,False,Left,Back,Right,Centre,69
<_io.BytesIO object at 0x0000018E001939A0>,1056965836,0.14599910378456116,0.13746409118175507,0.5250385999679565,0.12493861466646194,0.15899412333965302,2.802596928649634e-45,1.064986832886861e-43,1.401298464324817e-45,-19257,641082,42,6,False,Left,Back,Right,Centre,69
<_io.BytesIO object at 0x0000018E00193A40>,4078255944,-0.0631059929728508,-9.061282921887043e-32,-3.14685763177034e+38,-1.6862116320657734e-25,-1.7272854671622953e+28,2.2695429928204737e-41,0.0,2.802596928649634e-45,5659,641082,42,6,False,Left,Back,Right,Centre,69
<_io.BytesIO object at 0x0000018E00146680>,1056830715,0.14500942826271057,0.14322207868099213,0.5212386846542358,0.12422312051057816,0.16423320770263672,2.802596928649634e-45,1.064986832886861e-43,1.401298464324817e-45,-19257,641083,42,6,False,Left,Back,Right,Centre,69
<_io.BytesIO object at 0x0000018E00146810>,4078255944,-0.0631059929728508,-9.061282921887043e-32,-3.14685763177034e+38,-1.6862116320657734e-25,-1.7272854671622953e+28,2.2695429928204737e-41,0.0,2.802596928649634e-45,5659,641083,42,6,False,Left,Back,Right,Centre,69
<_io.BytesIO object at 0x0000018E002ACE00>,1056714602,0.14397065341472626,0.14818443357944489,0.5178756713867188,0.1237599179148674,0.16898760199546814,2.802596928649634e-45,1.064986832886861e-43,1.401298464324817e-45,-19257,641084,42,6,False,Left,Back,Right,Centre,69
<_io.BytesIO object at 0x0000018E002AC7C0>,4078255944,-0.0631059929728508,-9.061282921887043e-32,-3.14685763177034e+38,-1.6862116320657734e-25,-1.7272854671622953e+28,2.2695429928204737e-41,0.0,2.802596928649634e-45,5659,641084,42,6,False,Left,Back,Right,Centre,69
<_io.BytesIO object at 0x0000018E00203C20>,1056613002,0.14306171238422394,0.15252648293972015,2.802596928649634e-45,1.064986832886861e-43,1.401298464324817e-45,0.7840084433555603,0.08981911092996597,0.27878955006599426,-29717,641085,42,6,False,Left,Back,Right,Centre,69
<_io.BytesIO object at 0x0000018E0022E360>,1054870374,0.050378136336803436,0.2652047574520111,2.802596928649634e-45,1.064986832886861e-43,1.401298464324817e-45,0.7840084433555603,0.08981911092996597,0.27878955006599426,-29717,641100,42,6,False,Left,Back,Right,Centre,69
<_io.BytesIO object at 0x0000018E782C55E0>,1054834591,0.050764989107847214,0.26732563972473145,2.802596928649634e-45,1.064986832886861e-43,1.401298464324817e-45,0.7840084433555603,0.08981911092996597,0.27878955006599426,-29717,641101,42,6,False,Left,Back,Right,Centre,69
<_io.BytesIO object at 0x0000018E001934A0>,1054800189,0.051206037402153015,0.2695661783218384,2.802596928649634e-45,1.064986832886861e-43,1.401298464324817e-45,0.7840084433555603,0.08981911092996597,0.27878955006599426,-29717,641102,42,6,False,Left,Back,Right,Centre,69
<_io.BytesIO object at 0x0000018E00203540>,1054750927,0.051058411598205566,0.27272483706474304,2.802596928649634e-45,1.064986832886861e-43,1.401298464324817e-45,0.7840084433555603,0.08981911092996597,0.27878955006599426,-29717,641103,42,6,False,Left,Back,Right,Centre,69
<_io.BytesIO object at 0x0000018E0006AB30>,1054715427,0.051455575972795486,0.27523332834243774,2.802596928649634e-45,1.064986832886861e-43,1.401298464324817e-45,0.7840084433555603,0.08981911092996597,0.27878955006599426,-29717,641104,42,6,False,Left,Back,Right,Centre,69
<_io.BytesIO object at 0x0000018E00159A90>,1054655705,0.05249776691198349,0.280100017786026,2.802596928649634e-45,1.064986832886861e-43,1.401298464324817e-45,0.7840084433555603,0.08981911092996597,0.27878955006599426,-29717,641106,42,6,False,Left,Back,Right,Centre,69
<_io.BytesIO object at 0x0000018E00209360>,1054636812,0.05319898575544357,0.2823961079120636,2.802596928649634e-45,1.064986832886861e-43,1.401298464324817e-45,0.7840084433555603,0.08981911092996597,0.27878955006599426,-29717,641107,42,6,False,Left,Back,Right,Centre,69
<_io.BytesIO object at 0x0000018E0013E360>,1054621877,0.053883302956819534,0.284628689289093,2.802596928649634e-45,1.064986832886861e-43,1.401298464324817e-45,0.7840084433555603,0.08981911092996597,0.27878955006599426,-29717,641108,42,6,False,Left,Back,Right,Centre,69
<_io.BytesIO object at 0x0000018E0020B0E0>,1054613253,0.054650697857141495,0.2867582142353058,2.802596928649634e-45,1.064986832886861e-43,1.401298464324817e-45,0.7840084433555603,0.08981911092996597,0.27878955006599426,-29717,641109,42,6,False,Left,Back,Right,Centre,69
<_io.BytesIO object at 0x0000018E00200040>,1054606852,0.05543661117553711,0.28873109817504883,2.802596928649634e-45,1.064986832886861e-43,1.401298464324817e-45,0.7840084433555603,0.08981911092996597,0.27878955006599426,-29717,641110,42,6,False,Left,Back,Right,Centre,69
<_io.BytesIO object at 0x0000018E0021C630>,1054600124,0.05632814019918442,0.29059305787086487,2.802596928649634e-45,1.064986832886861e-43,1.401298464324817e-45,0.7840084433555603,0.08981911092996597,0.27878955006599426,-29717,641111,42,6,False,Left,Back,Right,Centre,69
<_io.BytesIO object at 0x0000018E00165900>,1054592454,0.05728117376565933,0.29235878586769104,2.802596928649634e-45,1.064986832886861e-43,1.401298464324817e-45,0.7840084433555603,0.08981911092996597,0.27878955006599426,-29717,641112,42,6,False,Left,Back,Right,Centre,69
<_io.BytesIO object at 0x0000018E00162180>,1054585048,0.05826954543590546,0.2941349446773529,2.802596928649634e-45,1.064986832886861e-43,1.401298464324817e-45,0.7840084433555603,0.08981911092996597,0.27878955006599426,-29717,641113,42,6,False,Left,Back,Right,Centre,69
<_io.BytesIO object at 0x0000018E00158F40>,1054583617,0.05941358953714371,0.29585546255111694,2.802596928649634e-45,1.064986832886861e-43,1.401298464324817e-45,0.7840084433555603,0.08981911092996597,0.27878955006599426,-29717,641114,42,6,False,Left,Back,Right,Centre,69
<_io.BytesIO object at 0x0000018E0006A040>,1054584626,0.060575831681489944,0.2974712550640106,2.802596928649634e-45,1.064986832886861e-43,1.401298464324817e-45,0.7840084433555603,0.08981911092996597,0.27878955006599426,-29717,641115,42,6,False,Left,Back,Right,Centre,69
<_io.BytesIO object at 0x0000018E00193EF0>,1054588757,0.061742305755615234,0.2990877628326416,2.802596928649634e-45,1.064986832886861e-43,1.401298464324817e-45,0.7840084433555603,0.08981911092996597,0.27878955006599426,-29717,641116,42,6,False,Left,Back,Right,Centre,69
<_io.BytesIO object at 0x0000018E0021C5E0>,1054586737,0.06279465556144714,0.3005334734916687,2.802596928649634e-45,1.064986832886861e-43,1.401298464324817e-45,0.7840084433555603,0.08981911092996597,0.27878955006599426,-29717,641117,42,6,False,Left,Back,Right,Centre,69
<_io.BytesIO object at 0x0000018E00165180>,1054602011,0.0637616217136383,0.3024408519268036,2.802596928649634e-45,1.064986832886861e-43,1.401298464324817e-45,0.7840084433555603,0.08981911092996597,0.27878955006599426,-29717,641118,42,6,False,Left,Back,Right,Centre,69
<_io.BytesIO object at 0x0000018E0020B8B0>,1054622366,0.06491273641586304,0.3040955364704132,2.802596928649634e-45,1.064986832886861e-43,1.401298464324817e-45,0.7840084433555603,0.08981911092996597,0.27878955006599426,-29717,641119,42,6,False,Left,Back,Right,Centre,69
<_io.BytesIO object at 0x0000018E0014D860>,1054647577,0.06611137092113495,0.3057248294353485,2.802596928649634e-45,1.064986832886861e-43,1.401298464324817e-45,0.7840084433555603,0.08981911092996597,0.27878955006599426,-29717,641120,42,6,False,Left,Back,Right,Centre,69
<_io.BytesIO object at 0x0000018E0022E900>,1054675708,0.0672498270869255,0.3072128891944885,2.802596928649634e-45,1.064986832886861e-43,1.401298464324817e-45,0.7840084433555603,0.08981911092996597,0.27878955006599426,-29717,641121,42,6,False,Left,Back,Right,Centre,69
<_io.BytesIO object at 0x0000018E00162860>,1054703351,0.06827046722173691,0.30862629413604736,2.802596928649634e-45,1.064986832886861e-43,1.401298464324817e-45,0.7840084433555603,0.08981911092996597,0.27878955006599426,-29717,641122,42,6,False,Left,Back,Right,Centre,69
<_io.BytesIO object at 0x0000018E00209E50>,1054722566,0.06948733329772949,0.3098793029785156,2.802596928649634e-45,1.064986832886861e-43,1.401298464324817e-45,0.7840084433555603,0.08981911092996597,0.27878955006599426,-29717,641123,42,6,False,Left,Back,Right,Centre,69
<_io.BytesIO object at 0x0000018E001466D0>,1054745168,0.07071259617805481,0.31097158789634705,2.802596928649634e-45,1.064986832886861e-43,1.401298464324817e-45,0.7840084433555603,0.08981911092996597,0.27878955006599426,-29717,641124,42,6,False,Left,Back,Right,Centre,69
<_io.BytesIO object at 0x0000018E00193810>,1054776404,0.07167035341262817,0.3121397793292999,2.802596928649634e-45,1.064986832886861e-43,1.401298464324817e-45,0.7840084433555603,0.08981911092996597,0.27878955006599426,-29717,641125,42,6,False,Left,Back,Right,Centre,69
<_io.BytesIO object at 0x0000018E00159770>,1054801445,0.07289097458124161,0.31333425641059875,2.802596928649634e-45,1.064986832886861e-43,1.401298464324817e-45,0.7840084433555603,0.08981911092996597,0.27878955006599426,-29717,641126,42,6,False,Left,Back,Right,Centre,69
<_io.BytesIO object at 0x0000018E0013E220>,1054827864,0.0740702673792839,0.3143402636051178,2.802596928649634e-45,1.064986832886861e-43,1.401298464324817e-45,0.7840084433555603,0.08981911092996597,0.27878955006599426,-29717,641127,42,6,False,Left,Back,Right,Centre,69
<_io.BytesIO object at 0x0000018E0014D5E0>,1054856284,0.07511401921510696,0.3153120279312134,2.802596928649634e-45,1.064986832886861e-43,1.401298464324817e-45,0.7840084433555603,0.08981911092996597,0.27878955006599426,-29717,641128,42,6,False,Left,Back,Right,Centre,69
<_io.BytesIO object at 0x0000018E001468B0>,1054891758,0.07633283734321594,0.3162904381752014,2.802596928649634e-45,1.064986832886861e-43,1.401298464324817e-45,0.7840084433555603,0.08981911092996597,0.27878955006599426,-29717,641129,42,6,False,Left,Back,Right,Centre,69
<_io.BytesIO object at 0x0000018E002097C0>,1054929423,0.07734999060630798,0.3173258602619171,2.802596928649634e-45,1.064986832886861e-43,1.401298464324817e-45,0.7840084433555603,0.08981911092996597,0.27878955006599426,-29717,641130,42,6,False,Left,Back,Right,Centre,69
<_io.BytesIO object at 0x0000018E0021CF40>,1054967562,0.07850570976734161,0.31819280982017517,2.802596928649634e-45,1.064986832886861e-43,1.401298464324817e-45,0.7840084433555603,0.08981911092996597,0.27878955006599426,-29717,641131,42,6,False,Left,Back,Right,Centre,69
<_io.BytesIO object at 0x0000018E002AC0E0>,1055003089,0.07950738072395325,0.3188208341598511,2.802596928649634e-45,1.064986832886861e-43,1.401298464324817e-45,0.7840084433555603,0.08981911092996597,0.27878955006599426,-29717,641132,42,6,False,Left,Back,Right,Centre,69
<_io.BytesIO object at 0x0000018E0006ACC0>,1055033338,0.08043190836906433,0.3194853663444519,2.802596928649634e-45,1.064986832886861e-43,1.401298464324817e-45,0.7840084433555603,0.08981911092996597,0.27878955006599426,-29717,641133,42,6,False,Left,Back,Right,Centre,69
<_io.BytesIO object at 0x0000018E0006A6D0>,1055058220,0.0815131738781929,0.3200600743293762,2.802596928649634e-45,1.064986832886861e-43,1.401298464324817e-45,0.7840084433555603,0.08981911092996597,0.27878955006599426,-29717,641134,42,6,False,Left,Back,Right,Centre,69
<_io.BytesIO object at 0x0000018E002ACA40>,1055085559,0.08245749026536942,0.3204847276210785,2.802596928649634e-45,1.064986832886861e-43,1.401298464324817e-45,0.7840084433555603,0.08981911092996597,0.27878955006599426,-29717,641135,42,6,False,Left,Back,Right,Centre,69
<_io.BytesIO object at 0x0000018E0021CEA0>,1055114131,0.08331377804279327,0.32086002826690674,2.802596928649634e-45,1.064986832886861e-43,1.401298464324817e-45,0.7840084433555603,0.08981911092996597,0.27878955006599426,-29717,641136,42,6,False,Left,Back,Right,Centre,69
<_io.BytesIO object at 0x0000018E00209D10>,1055143011,0.08411773294210434,0.3212006986141205,2.802596928649634e-45,1.064986832886861e-43,1.401298464324817e-45,0.7840084433555603,0.08981911092996597,0.27878955006599426,-29717,641137,42,6,False,Left,Back,Right,Centre,69
<_io.BytesIO object at 0x0000018E0020B630>,1055175591,0.0848689079284668,0.32157102227211,2.802596928649634e-45,1.064986832886861e-43,1.401298464324817e-45,0.7840084433555603,0.08981911092996597,0.27878955006599426,-29717,641138,42,6,False,Left,Back,Right,Centre,69
<_io.BytesIO object at 0x0000018E0020B950>,1055212367,0.08564649522304535,0.3220464289188385,2.802596928649634e-45,1.064986832886861e-43,1.401298464324817e-45,0.7840084433555603,0.08981911092996597,0.27878955006599426,-29717,641139,42,6,False,Left,Back,Right,Centre,69
<_io.BytesIO object at 0x0000018E0013E3B0>,1055247588,0.08664964139461517,0.32310041785240173,2.802596928649634e-45,1.064986832886861e-43,1.401298464324817e-45,0.7840084433555603,0.08981911092996597,0.27878955006599426,-29717,641140,42,6,False,Left,Back,Right,Centre,69
<_io.BytesIO object at 0x0000018E00162D60>,1055288737,0.08733469247817993,0.32360732555389404,2.802596928649634e-45,1.064986832886861e-43,1.401298464324817e-45,0.7840084433555603,0.08981911092996597,0.27878955006599426,-29717,641141,42,6,False,Left,Back,Right,Centre,69
<_io.BytesIO object at 0x0000018E002008B0>,1055332514,0.0878681167960167,0.3241206407546997,2.802596928649634e-45,1.064986832886861e-43,1.401298464324817e-45,0.7840084433555603,0.08981911092996597,0.27878955006599426,-29717,641142,42,6,False,Left,Back,Right,Centre,69
<_io.BytesIO object at 0x0000018E002030E0>,1055376434,0.08834654837846756,0.3245944380760193,2.802596928649634e-45,1.064986832886861e-43,1.401298464324817e-45,0.7840084433555603,0.08981911092996597,0.27878955006599426,-29717,641143,42,6,False,Left,Back,Right,Centre,69
<_io.BytesIO object at 0x0000018E0022EA90>,1055419638,0.08885323256254196,0.3250361382961273,2.802596928649634e-45,1.064986832886861e-43,1.401298464324817e-45,0.7840084433555603,0.08981911092996597,0.27878955006599426,-29717,641144,42,6,False,Left,Back,Right,Centre,69
<_io.BytesIO object at 0x0000018E002AC040>,1055462365,0.08915156126022339,0.3254401981830597,2.802596928649634e-45,1.064986832886861e-43,1.401298464324817e-45,0.7840084433555603,0.08981911092996597,0.27878955006599426,-29717,641145,42,6,False,Left,Back,Right,Centre,69
<_io.BytesIO object at 0x0000018E0013E360>,1055510630,0.08926964551210403,0.32570886611938477,2.802596928649634e-45,1.064986832886861e-43,1.401298464324817e-45,0.7840084433555603,0.08981911092996597,0.27878955006599426,-29717,641146,42,6,False,Left,Back,Right,Centre,69
<_io.BytesIO object at 0x0000018E00159D60>,1055558104,0.08932629972696304,0.3260180950164795,2.802596928649634e-45,1.064986832886861e-43,1.401298464324817e-45,0.7840084433555603,0.08981911092996597,0.27878955006599426,-29717,641147,42,6,False,Left,Back,Right,Centre,69
<_io.BytesIO object at 0x0000018E00158900>,1055603293,0.08933678269386292,0.32644960284233093,2.802596928649634e-45,1.064986832886861e-43,1.401298464324817e-45,0.7840084433555603,0.08981911092996597,0.27878955006599426,-29717,641148,42,6,False,Left,Back,Right,Centre,69
<_io.BytesIO object at 0x0000018E0013ECC0>,1055654187,0.08914142847061157,0.32675042748451233,2.802596928649634e-45,1.064986832886861e-43,1.401298464324817e-45,0.7840084433555603,0.08981911092996597,0.27878955006599426,-29717,641149,42,6,False,Left,Back,Right,Centre,69
<_io.BytesIO object at 0x0000018E001934F0>,1055709815,0.08873037248849869,0.3270557224750519,2.802596928649634e-45,1.064986832886861e-43,1.401298464324817e-45,0.7840084433555603,0.08981911092996597,0.27878955006599426,-29717,641150,42,6,False,Left,Back,Right,Centre,69
<_io.BytesIO object at 0x0000018E002039F0>,1055760251,0.0882408618927002,0.327470064163208,2.802596928649634e-45,1.064986832886861e-43,1.401298464324817e-45,0.7840084433555603,0.08981911092996597,0.27878955006599426,-29717,641151,42,6,False,Left,Back,Right,Centre,69
<_io.BytesIO object at 0x0000018E0021C090>,1055817108,0.08752365410327911,0.32771891355514526,2.802596928649634e-45,1.064986832886861e-43,1.401298464324817e-45,0.7840084433555603,0.08981911092996597,0.27878955006599426,-29717,641152,42,6,False,Left,Back,Right,Centre,69
<_io.BytesIO object at 0x0000018E0020B8B0>,1055864317,0.08676652610301971,0.3281283378601074,2.802596928649634e-45,1.064986832886861e-43,1.401298464324817e-45,0.7840084433555603,0.08981911092996597,0.27878955006599426,-29717,641153,42,6,False,Left,Back,Right,Centre,69
<_io.BytesIO object at 0x0000018E0021C4A0>,1055918142,0.08570464700460434,0.32827290892601013,2.802596928649634e-45,1.064986832886861e-43,1.401298464324817e-45,0.7840084433555603,0.08981911092996597,0.27878955006599426,-29717,641154,42,6,False,Left,Back,Right,Centre,69
<_io.BytesIO object at 0x0000018E00203E50>,1055965760,0.08456815779209137,0.32862451672554016,2.802596928649634e-45,1.064986832886861e-43,1.401298464324817e-45,0.7840084433555603,0.08981911092996597,0.27878955006599426,-29717,641155,42,6,False,Left,Back,Right,Centre,69
<_io.BytesIO object at 0x0000018E00162B80>,1056020896,0.08308333158493042,0.32877495884895325,2.802596928649634e-45,1.064986832886861e-43,1.401298464324817e-45,0.7840084433555603,0.08981911092996597,0.27878955006599426,-29717,641156,42,6,False,Left,Back,Right,Centre,69
<_io.BytesIO object at 0x0000018E0013E270>,1056064941,0.081635981798172,0.3290742337703705,2.802596928649634e-45,1.064986832886861e-43,1.401298464324817e-45,0.7840084433555603,0.08981911092996597,0.27878955006599426,-29717,641157,42,6,False,Left,Back,Right,Centre,69
<_io.BytesIO object at 0x0000018E001468B0>,1056114222,0.07996688783168793,0.32915183901786804,2.802596928649634e-45,1.064986832886861e-43,1.401298464324817e-45,0.7840084433555603,0.08981911092996597,0.27878955006599426,-29717,641158,42,6,False,Left,Back,Right,Centre,69
<_io.BytesIO object at 0x0000018E001938B0>,1056158721,0.07819470018148422,0.32925909757614136,2.802596928649634e-45,1.064986832886861e-43,1.401298464324817e-45,0.7840084433555603,0.08981911092996597,0.27878955006599426,-29717,641159,42,6,False,Left,Back,Right,Centre,69
<_io.BytesIO object at 0x0000018E0022E950>,1056201101,0.07631410658359528,0.32926642894744873,2.802596928649634e-45,1.064986832886861e-43,1.401298464324817e-45,0.7840084433555603,0.08981911092996597,0.27878955006599426,-29717,641160,42,6,False,Left,Back,Right,Centre,69
<_io.BytesIO object at 0x0000018E0006A040>,1056240768,0.0742931142449379,0.32918643951416016,2.802596928649634e-45,1.064986832886861e-43,1.401298464324817e-45,0.7840084433555603,0.08981911092996597,0.27878955006599426,-29717,641161,42,6,False,Left,Back,Right,Centre,69
<_io.BytesIO object at 0x0000018E0021CAE0>,1056277302,0.07262178510427475,0.32968607544898987,2.802596928649634e-45,1.064986832886861e-43,1.401298464324817e-45,0.7840084433555603,0.08981911092996597,0.27878955006599426,-29717,641162,42,6,False,Left,Back,Right,Centre,69
<_io.BytesIO object at 0x0000018E0021C630>,1056292592,0.07167288661003113,0.3301256000995636,2.802596928649634e-45,1.064986832886861e-43,1.401298464324817e-45,0.7840084433555603,0.08981911092996597,0.27878955006599426,-29717,641163,42,6,False,Left,Back,Right,Centre,69
<_io.BytesIO object at 0x0000018E0006A0E0>,1056313500,0.07117019593715668,0.33076104521751404,2.802596928649634e-45,1.064986832886861e-43,1.401298464324817e-45,0.7840084433555603,0.08981911092996597,0.27878955006599426,-29717,641164,42,6,False,Left,Back,Right,Centre,69
<_io.BytesIO object at 0x0000018E0022ED10>,1056328699,0.0710851326584816,0.3311392664909363,2.802596928649634e-45,1.064986832886861e-43,1.401298464324817e-45,0.7840084433555603,0.08981911092996597,0.27878955006599426,-29717,641165,42,6,False,Left,Back,Right,Centre,69
<_io.BytesIO object at 0x0000018E00193D10>,1056344818,0.07130855321884155,0.3313091993331909,2.802596928649634e-45,1.064986832886861e-43,1.401298464324817e-45,0.7840084433555603,0.08981911092996597,0.27878955006599426,-29717,641166,42,6,False,Left,Back,Right,Centre,69
<_io.BytesIO object at 0x0000018E0020BF90>,1056362836,0.07167578488588333,0.3313792943954468,2.802596928649634e-45,1.064986832886861e-43,1.401298464324817e-45,0.7840084433555603,0.08981911092996597,0.27878955006599426,-29717,641167,42,6,False,Left,Back,Right,Centre,69
<_io.BytesIO object at 0x0000018E00209950>,1056376639,0.0720193088054657,0.3312811553478241,2.802596928649634e-45,1.064986832886861e-43,1.401298464324817e-45,0.7840084433555603,0.08981911092996597,0.27878955006599426,-29717,641168,42,6,False,Left,Back,Right,Centre,69
<_io.BytesIO object at 0x0000018E00162090>,1056389851,0.0724714994430542,0.33111727237701416,2.802596928649634e-45,1.064986832886861e-43,1.401298464324817e-45,0.7840084433555603,0.08981911092996597,0.27878955006599426,-29717,641169,42,6,False,Left,Back,Right,Centre,69
<_io.BytesIO object at 0x0000018E00203680>,1056400738,0.07277446985244751,0.33097147941589355,2.802596928649634e-45,1.064986832886861e-43,1.401298464324817e-45,0.7840084433555603,0.08981911092996597,0.27878955006599426,-29717,641170,42,6,False,Left,Back,Right,Centre,69
<_io.BytesIO object at 0x0000018E0013E900>,1056409447,0.07303901016712189,0.3308560848236084,2.802596928649634e-45,1.064986832886861e-43,1.401298464324817e-45,0.7840084433555603,0.08981911092996597,0.27878955006599426,-29717,641171,42,6,False,Left,Back,Right,Centre,69
<_io.BytesIO object at 0x0000018E00158A40>,1056412173,0.07335828244686127,0.33084121346473694,2.802596928649634e-45,1.064986832886861e-43,1.401298464324817e-45,0.7840084433555603,0.08981911092996597,0.27878955006599426,-29717,641172,42,6,False,Left,Back,Right,Centre,69
<_io.BytesIO object at 0x0000018E0021CF40>,1056412972,0.07367105782032013,0.33080869913101196,2.802596928649634e-45,1.064986832886861e-43,1.401298464324817e-45,0.7840084433555603,0.08981911092996597,0.27878955006599426,-29717,641173,42,6,False,Left,Back,Right,Centre,69
<_io.BytesIO object at 0x0000018E0006A5E0>,1056406805,0.07388242334127426,0.3308609127998352,2.802596928649634e-45,1.064986832886861e-43,1.401298464324817e-45,0.7840084433555603,0.08981911092996597,0.27878955006599426,-29717,641174,42,6,False,Left,Back,Right,Centre,69
<_io.BytesIO object at 0x0000018E0022E3B0>,1056400086,0.07406885176897049,0.3309141993522644,2.802596928649634e-45,1.064986832886861e-43,1.401298464324817e-45,0.7840084433555603,0.08981911092996597,0.27878955006599426,-29717,641175,42,6,False,Left,Back,Right,Centre,69
<_io.BytesIO object at 0x0000018E00193950>,1056391730,0.07421484589576721,0.3310404121875763,2.802596928649634e-45,1.064986832886861e-43,1.401298464324817e-45,0.7840084433555603,0.08981911092996597,0.27878955006599426,-29717,641176,42,6,False,Left,Back,Right,Centre,69
<_io.BytesIO object at 0x0000018E0020B450>,1056384976,0.07429230213165283,0.33117371797561646,2.802596928649634e-45,1.064986832886861e-43,1.401298464324817e-45,0.7840084433555603,0.08981911092996597,0.27878955006599426,-29717,641177,42,6,False,Left,Back,Right,Centre,69
<_io.BytesIO object at 0x0000018E00193EF0>,1056379111,0.07426916062831879,0.33135271072387695,2.802596928649634e-45,1.064986832886861e-43,1.401298464324817e-45,0.7840084433555603,0.08981911092996597,0.27878955006599426,-29717,641178,42,6,False,Left,Back,Right,Centre,69
<_io.BytesIO object at 0x0000018E0022E400>,1056370592,0.07426071166992188,0.3316251337528229,2.802596928649634e-45,1.064986832886861e-43,1.401298464324817e-45,0.7840084433555603,0.08981911092996597,0.27878955006599426,-29717,641179,42,6,False,Left,Back,Right,Centre,69
<_io.BytesIO object at 0x0000018E002001D0>,1056360222,0.0744067132472992,0.33201831579208374,2.802596928649634e-45,1.064986832886861e-43,1.401298464324817e-45,0.7840084433555603,0.08981911092996597,0.27878955006599426,-29717,641180,42,6,False,Left,Back,Right,Centre,69
<_io.BytesIO object at 0x0000018E782C5900>,1056355080,0.0745173767209053,0.3323003947734833,2.802596928649634e-45,1.064986832886861e-43,1.401298464324817e-45,0.7840084433555603,0.08981911092996597,0.27878955006599426,-29717,641181,42,6,False,Left,Back,Right,Centre,69
<_io.BytesIO object at 0x0000018E00146EF0>,1056350136,0.07462343573570251,0.3325747549533844,2.802596928649634e-45,1.064986832886861e-43,1.401298464324817e-45,0.7840084433555603,0.08981911092996597,0.27878955006599426,-29717,641182,42,6,False,Left,Back,Right,Centre,69
<_io.BytesIO object at 0x0000018E782C54A0>,1056340428,0.07482048869132996,0.3329400420188904,2.802596928649634e-45,1.064986832886861e-43,1.401298464324817e-45,0.7840084433555603,0.08981911092996597,0.27878955006599426,-29717,641183,42,6,False,Left,Back,Right,Centre,69
<_io.BytesIO object at 0x0000018E0006A950>,1056333834,0.07502739876508713,0.33323997259140015,2.802596928649634e-45,1.064986832886861e-43,1.401298464324817e-45,0.7840084433555603,0.08981911092996597,0.27878955006599426,-29717,641184,42,6,False,Left,Back,Right,Centre,69
<_io.BytesIO object at 0x0000018E002AC9F0>,1056327825,0.07525312900543213,0.3334478735923767,2.802596928649634e-45,1.064986832886861e-43,1.401298464324817e-45,0.7840084433555603,0.08981911092996597,0.27878955006599426,-29717,641185,42,6,False,Left,Back,Right,Centre,69
<_io.BytesIO object at 0x0000018E00193F90>,1056318980,0.07549779862165451,0.3337258994579315,2.802596928649634e-45,1.064986832886861e-43,1.401298464324817e-45,0.7840084433555603,0.08981911092996597,0.27878955006599426,-29717,641186,42,6,False,Left,Back,Right,Centre,69
<_io.BytesIO object at 0x0000018E00146720>,1056308624,0.07577049732208252,0.3340112864971161,2.802596928649634e-45,1.064986832886861e-43,1.401298464324817e-45,0.7840084433555603,0.08981911092996597,0.27878955006599426,-29717,641187,42,6,False,Left,Back,Right,Centre,69
<_io.BytesIO object at 0x0000018E00193D10>,1056302041,0.0759316086769104,0.3342123329639435,2.802596928649634e-45,1.064986832886861e-43,1.401298464324817e-45,0.7840084433555603,0.08981911092996597,0.27878955006599426,-29717,641188,42,6,False,Left,Back,Right,Centre,69
<_io.BytesIO object at 0x0000018E0022EC70>,1056295251,0.07613129913806915,0.33439901471138,2.802596928649634e-45,1.064986832886861e-43,1.401298464324817e-45,0.7840084433555603,0.08981911092996597,0.27878955006599426,-29717,641189,42,6,False,Left,Back,Right,Centre,69
<_io.BytesIO object at 0x0000018E002000E0>,1056283724,0.07642311602830887,0.3346807360649109,2.802596928649634e-45,1.064986832886861e-43,1.401298464324817e-45,0.7840084433555603,0.08981911092996597,0.27878955006599426,-29717,641190,42,6,False,Left,Back,Right,Centre,69
<_io.BytesIO object at 0x0000018E0021C400>,1056273998,0.07669376581907272,0.3349081873893738,2.802596928649634e-45,1.064986832886861e-43,1.401298464324817e-45,0.7840084433555603,0.08981911092996597,0.27878955006599426,-29717,641191,42,6,False,Left,Back,Right,Centre,69
<_io.BytesIO object at 0x0000018E0021C720>,1056268491,0.07691740244626999,0.3351103961467743,2.802596928649634e-45,1.064986832886861e-43,1.401298464324817e-45,0.7840084433555603,0.08981911092996597,0.27878955006599426,-29717,641192,42,6,False,Left,Back,Right,Centre,69
<_io.BytesIO object at 0x0000018E002006D0>,1056261971,0.07717150449752808,0.3353373110294342,2.802596928649634e-45,1.064986832886861e-43,1.401298464324817e-45,0.7840084433555603,0.08981911092996597,0.27878955006599426,-29717,641193,42,6,False,Left,Back,Right,Centre,69
<_io.BytesIO object at 0x0000018E0022EA90>,1056252398,0.07749885320663452,0.33571240305900574,2.802596928649634e-45,1.064986832886861e-43,1.401298464324817e-45,0.7840084433555603,0.08981911092996597,0.27878955006599426,-29717,641194,42,6,False,Left,Back,Right,Centre,69
<_io.BytesIO object at 0x0000018E00193EF0>,1056246570,0.07779037952423096,0.33602872490882874,2.802596928649634e-45,1.064986832886861e-43,1.401298464324817e-45,0.7840084433555603,0.08981911092996597,0.27878955006599426,-29717,641195,42,6,False,Left,Back,Right,Centre,69
<_io.BytesIO object at 0x0000018E0020B220>,1056241658,0.07802526652812958,0.3362853527069092,2.802596928649634e-45,1.064986832886861e-43,1.401298464324817e-45,0.7840084433555603,0.08981911092996597,0.27878955006599426,-29717,641196,42,6,False,Left,Back,Right,Centre,69
<_io.BytesIO object at 0x0000018E00159630>,1056233264,0.07843351364135742,0.3366377055644989,2.802596928649634e-45,1.064986832886861e-43,1.401298464324817e-45,0.7840084433555603,0.08981911092996597,0.27878955006599426,-29717,641197,42,6,False,Left,Back,Right,Centre,69
<_io.BytesIO object at 0x0000018E002AC860>,1056224219,0.07899690419435501,0.3368031084537506,2.802596928649634e-45,1.064986832886861e-43,1.401298464324817e-45,0.7840084433555603,0.08981911092996597,0.27878955006599426,-29717,641198,42,6,False,Left,Back,Right,Centre,69
<_io.BytesIO object at 0x0000018E0006ADB0>,1056215979,0.07974287122488022,0.3367898762226105,2.802596928649634e-45,1.064986832886861e-43,1.401298464324817e-45,0.7840084433555603,0.08981911092996597,0.27878955006599426,-29717,641199,42,6,False,Left,Back,Right,Centre,69
<_io.BytesIO object at 0x0000018E00203C70>,1056207272,0.08063448220491409,0.33660003542900085,2.802596928649634e-45,1.064986832886861e-43,1.401298464324817e-45,0.7840084433555603,0.08981911092996597,0.27878955006599426,-29717,641200,42,6,False,Left,Back,Right,Centre,69
<_io.BytesIO object at 0x0000018E001587C0>,1056194230,0.0818902999162674,0.3361703157424927,2.802596928649634e-45,1.064986832886861e-43,1.401298464324817e-45,0.7840084433555603,0.08981911092996597,0.27878955006599426,-29717,641201,42,6,False,Left,Back,Right,Centre,69
<_io.BytesIO object at 0x0000018E001625E0>,1056178943,0.08354377001523972,0.3354245722293854,2.802596928649634e-45,1.064986832886861e-43,1.401298464324817e-45,0.7840084433555603,0.08981911092996597,0.27878955006599426,-29717,641202,42,6,False,Left,Back,Right,Centre,69
<_io.BytesIO object at 0x0000018E002004A0>,1056163065,0.08565755188465118,0.334399938583374,2.802596928649634e-45,1.064986832886861e-43,1.401298464324817e-45,0.7840084433555603,0.08981911092996597,0.27878955006599426,-29717,641203,42,6,False,Left,Back,Right,Centre,69
<_io.BytesIO object at 0x0000018E002AC130>,1056149086,0.08818472921848297,0.3328843414783478,2.802596928649634e-45,1.064986832886861e-43,1.401298464324817e-45,0.7840084433555603,0.08981911092996597,0.27878955006599426,-29717,641204,42,6,False,Left,Back,Right,Centre,69
<_io.BytesIO object at 0x0000018E00165180>,1056132173,0.09122274816036224,0.3311120271682739,2.802596928649634e-45,1.064986832886861e-43,1.401298464324817e-45,0.7840084433555603,0.08981911092996597,0.27878955006599426,-29717,641205,42,6,False,Left,Back,Right,Centre,69
<_io.BytesIO object at 0x0000018E0014DE00>,1056112858,0.09452155232429504,0.32888340950012207,2.802596928649634e-45,1.064986832886861e-43,1.401298464324817e-45,0.7840084433555603,0.08981911092996597,0.27878955006599426,-29717,641206,42,6,False,Left,Back,Right,Centre,69
<_io.BytesIO object at 0x0000018E00193CC0>,1056095889,0.09796851873397827,0.3261655569076538,2.802596928649634e-45,1.064986832886861e-43,1.401298464324817e-45,0.7840084433555603,0.08981911092996597,0.27878955006599426,-29717,641207,42,6,False,Left,Back,Right,Centre,69
<_io.BytesIO object at 0x0000018E00162950>,1056072818,0.10160434246063232,0.3229306936264038,2.802596928649634e-45,1.064986832886861e-43,1.401298464324817e-45,0.7840084433555603,0.08981911092996597,0.27878955006599426,-29717,641208,42,6,False,Left,Back,Right,Centre,69
<_io.BytesIO object at 0x0000018E00203D60>,1056050033,0.10538212209939957,0.3192383944988251,2.802596928649634e-45,1.064986832886861e-43,1.401298464324817e-45,0.7840084433555603,0.08981911092996597,0.27878955006599426,-29717,641209,42,6,False,Left,Back,Right,Centre,69
<_io.BytesIO object at 0x0000018E00159A90>,1056026970,0.10917142033576965,0.3149503469467163,2.802596928649634e-45,1.064986832886861e-43,1.401298464324817e-45,0.7840084433555603,0.08981911092996597,0.27878955006599426,-29717,641210,42,6,False,Left,Back,Right,Centre,69
<_io.BytesIO object at 0x0000018E002AC220>,1056002748,0.11293923854827881,0.3101646900177002,2.802596928649634e-45,1.064986832886861e-43,1.401298464324817e-45,0.7840084433555603,0.08981911092996597,0.27878955006599426,-29717,641211,42,6,False,Left,Back,Right,Centre,69
<_io.BytesIO object at 0x0000018E0020B770>,1055986918,0.11658811569213867,0.3047560155391693,2.802596928649634e-45,1.064986832886861e-43,1.401298464324817e-45,0.7840084433555603,0.08981911092996597,0.27878955006599426,-29717,641212,42,6,False,Left,Back,Right,Centre,69
<_io.BytesIO object at 0x0000018E0021CC20>,1055985098,0.11973819136619568,0.29894110560417175,2.802596928649634e-45,1.064986832886861e-43,1.401298464324817e-45,0.7840084433555603,0.08981911092996597,0.27878955006599426,-29717,641213,42,6,False,Left,Back,Right,Centre,69
