_io,pos_x,pos_y,pos_z,frame,trial_num,block_num,practicing,left_right_hand,palm_back_hand,target_loc,distractor_loc,participant_id
<_io.BytesIO object at 0x0000023B750D34A0>,0.5273255705833435,0.07262653112411499,-0.17377495765686035,365097,6,6,False,Right,Front,Right,Centre,53
_io,pos_x,pos_y,pos_z,frame,trial_num,block_num,practicing,left_right_hand,palm_back_hand,target_loc,distractor_loc,participant_id
<_io.BytesIO object at 0x0000023B750E0DB0>,0.5824873447418213,0.06556595116853714,-0.08794525265693665,365097,6,6,False,Right,Front,Right,Centre,53
_io,pos_x,pos_y,pos_z,frame,trial_num,block_num,practicing,left_right_hand,palm_back_hand,target_loc,distractor_loc,participant_id
<_io.BytesIO object at 0x0000023B750E0360>,0.49717316031455994,0.08031921088695526,-0.14753110706806183,365097,6,6,False,Right,Front,Right,Centre,53
_io,pos_x,pos_y,pos_z,frame,trial_num,block_num,practicing,left_right_hand,palm_back_hand,target_loc,distractor_loc,participant_id
<_io.BytesIO object at 0x0000023B750E0F90>,0.4687920808792114,0.04611775651574135,-0.14013034105300903,365097,6,6,False,Right,Front,Right,Centre,53
_io,pos_x,pos_y,pos_z,frame,trial_num,block_num,practicing,left_right_hand,palm_back_hand,target_loc,distractor_loc,participant_id
<_io.BytesIO object at 0x0000023B750E0A90>,0.49866029620170593,0.02682308293879032,-0.06254860758781433,365097,6,6,False,Right,Front,Right,Centre,53
_io,pos_x,pos_y,pos_z,frame,trial_num,block_num,practicing,left_right_hand,palm_back_hand,target_loc,distractor_loc,participant_id
<_io.BytesIO object at 0x0000023B750E0540>,0.9127452969551086,0.04680780693888664,-0.05327935516834259,365097,6,6,False,Right,Front,Right,Centre,53
_io,pos_x,pos_y,pos_z,frame,trial_num,block_num,practicing,left_right_hand,palm_back_hand,target_loc,distractor_loc,participant_id
<_io.BytesIO object at 0x0000023B750E0C20>,0.8693208694458008,0.044260162860155106,-0.04731213301420212,365097,6,6,False,Right,Front,Right,Centre,53
_io,pos_x,pos_y,pos_z,frame,trial_num,block_num,practicing,left_right_hand,palm_back_hand,target_loc,distractor_loc,participant_id
<_io.BytesIO object at 0x0000023B750E08B0>,0.888367772102356,0.02218012511730194,0.04783422499895096,365097,6,6,False,Right,Front,Right,Centre,53
_io,pos_x,pos_y,pos_z,frame,trial_num,block_num,practicing,left_right_hand,palm_back_hand,target_loc,distractor_loc,participant_id
<_io.BytesIO object at 0x0000023B723F2E50>,0.9677459597587585,0.0007160695386119187,-0.005431929603219032,365097,6,6,False,Right,Front,Right,Centre,53
_io,pos_x,pos_y,pos_z,frame,trial_num,block_num,practicing,left_right_hand,palm_back_hand,target_loc,distractor_loc,participant_id
<_io.BytesIO object at 0x0000023B723F2180>,0.9293120503425598,0.007210579235106707,-0.07046665251255035,365097,6,6,False,Right,Front,Right,Centre,53
<_io.BytesIO object at 0x0000023B750E0F40>,0.5275745987892151,0.07252928614616394,-0.17372950911521912,365098,6,6,False,Right,Front,Right,Centre,53
<_io.BytesIO object at 0x0000023B750E05E0>,0.5827779173851013,0.06461448967456818,-0.08826640248298645,365098,6,6,False,Right,Front,Right,Centre,53
<_io.BytesIO object at 0x0000023B750D3DB0>,0.49721968173980713,0.08020272850990295,-0.14748942852020264,365098,6,6,False,Right,Front,Right,Centre,53
<_io.BytesIO object at 0x0000023B750D3F40>,0.46875113248825073,0.04609045758843422,-0.14009198546409607,365098,6,6,False,Right,Front,Right,Centre,53
<_io.BytesIO object at 0x0000023B750D3CC0>,0.49874991178512573,0.0265165027230978,-0.06260522454977036,365098,6,6,False,Right,Front,Right,Centre,53
<_io.BytesIO object at 0x0000023B750D3860>,0.9126700758934021,0.046817339956760406,-0.05341491848230362,365098,6,6,False,Right,Front,Right,Centre,53
<_io.BytesIO object at 0x0000023B750D3A90>,0.8693414330482483,0.044257987290620804,-0.04732639715075493,365098,6,6,False,Right,Front,Right,Centre,53
<_io.BytesIO object at 0x0000023B750D3040>,0.8883760571479797,0.022187301889061928,0.04781819134950638,365098,6,6,False,Right,Front,Right,Centre,53
<_io.BytesIO object at 0x0000023B723F2770>,0.9677532315254211,0.0006990094552747905,-0.005443905014544725,365098,6,6,False,Right,Front,Right,Centre,53
<_io.BytesIO object at 0x0000023B723F29A0>,0.9293289184570312,0.007212047465145588,-0.07044024765491486,365098,6,6,False,Right,Front,Right,Centre,53
<_io.BytesIO object at 0x0000023B750D3270>,0.5274009108543396,0.07209811359643936,-0.173936665058136,365099,6,6,False,Right,Front,Right,Centre,53
<_io.BytesIO object at 0x0000023B750D3540>,0.5828967690467834,0.06437656283378601,-0.08857952058315277,365099,6,6,False,Right,Front,Right,Centre,53
<_io.BytesIO object at 0x0000023B750D3450>,0.49719083309173584,0.07989045977592468,-0.14746974408626556,365099,6,6,False,Right,Front,Right,Centre,53
<_io.BytesIO object at 0x0000023B750D3360>,0.4687015414237976,0.04597335308790207,-0.14006488025188446,365099,6,6,False,Right,Front,Right,Centre,53
<_io.BytesIO object at 0x0000023B750E03B0>,0.49891403317451477,0.026216968894004822,-0.06263180822134018,365099,6,6,False,Right,Front,Right,Centre,53
<_io.BytesIO object at 0x0000023B750E00E0>,0.9127472043037415,0.04676815867424011,-0.05338246375322342,365099,6,6,False,Right,Front,Right,Centre,53
<_io.BytesIO object at 0x0000023B750E0400>,0.8693550825119019,0.04425719752907753,-0.04733981937170029,365099,6,6,False,Right,Front,Right,Centre,53
<_io.BytesIO object at 0x0000023B750E0630>,0.8883915543556213,0.02219022437930107,0.04780365526676178,365099,6,6,False,Right,Front,Right,Centre,53
<_io.BytesIO object at 0x0000023B750E09A0>,0.9677632451057434,0.0006764701101928949,-0.005442536901682615,365099,6,6,False,Right,Front,Right,Centre,53
<_io.BytesIO object at 0x0000023B750E0950>,0.9293421506881714,0.007188698742538691,-0.07046383619308472,365099,6,6,False,Right,Front,Right,Centre,53
<_io.BytesIO object at 0x0000023B750E0400>,0.5273870825767517,0.07177484035491943,-0.1740351766347885,365100,6,6,False,Right,Front,Right,Centre,53
<_io.BytesIO object at 0x0000023B750E04F0>,0.5829261541366577,0.06402136385440826,-0.08884340524673462,365100,6,6,False,Right,Front,Right,Centre,53
<_io.BytesIO object at 0x0000023B723F2180>,0.4972159266471863,0.07967137545347214,-0.14744891226291656,365100,6,6,False,Right,Front,Right,Centre,53
<_io.BytesIO object at 0x0000023B723F2E00>,0.46867868304252625,0.04582643508911133,-0.14002946019172668,365100,6,6,False,Right,Front,Right,Centre,53
<_io.BytesIO object at 0x0000023B723F2810>,0.49905693531036377,0.026034489274024963,-0.06261807680130005,365100,6,6,False,Right,Front,Right,Centre,53
<_io.BytesIO object at 0x0000023B723F22C0>,0.9127603769302368,0.04678674414753914,-0.053421568125486374,365100,6,6,False,Right,Front,Right,Centre,53
<_io.BytesIO object at 0x0000023B723F2EA0>,0.8693708777427673,0.044249583035707474,-0.047357503324747086,365100,6,6,False,Right,Front,Right,Centre,53
<_io.BytesIO object at 0x0000023B723F2A40>,0.8884071707725525,0.022188836708664894,0.047782666981220245,365100,6,6,False,Right,Front,Right,Centre,53
<_io.BytesIO object at 0x0000023B723F2400>,0.9677713513374329,0.0006672090967185795,-0.005459197331219912,365100,6,6,False,Right,Front,Right,Centre,53
<_io.BytesIO object at 0x0000023B75200B30>,0.9293503165245056,0.007150918710976839,-0.07050050050020218,365100,6,6,False,Right,Front,Right,Centre,53
<_io.BytesIO object at 0x0000023B723F2400>,0.5272531509399414,0.07123719900846481,-0.1741447001695633,365101,6,6,False,Right,Front,Right,Centre,53
<_io.BytesIO object at 0x0000023B723F2D60>,0.5829304456710815,0.06377038359642029,-0.08901398628950119,365101,6,6,False,Right,Front,Right,Centre,53
<_io.BytesIO object at 0x0000023B723F27C0>,0.49720731377601624,0.07933035492897034,-0.14739181101322174,365101,6,6,False,Right,Front,Right,Centre,53
<_io.BytesIO object at 0x0000023B723F26D0>,0.46862471103668213,0.045661307871341705,-0.14001299440860748,365101,6,6,False,Right,Front,Right,Centre,53
<_io.BytesIO object at 0x0000023B723F22C0>,0.499163419008255,0.02601439878344536,-0.06252593547105789,365101,6,6,False,Right,Front,Right,Centre,53
<_io.BytesIO object at 0x0000023B723F2770>,0.9128271341323853,0.046697381883859634,-0.05353458225727081,365101,6,6,False,Right,Front,Right,Centre,53
<_io.BytesIO object at 0x0000023B750E0B80>,0.8693817257881165,0.04423860087990761,-0.04737360030412674,365101,6,6,False,Right,Front,Right,Centre,53
<_io.BytesIO object at 0x0000023B750E0360>,0.8883712887763977,0.02216857485473156,0.047672417014837265,365101,6,6,False,Right,Front,Right,Centre,53
<_io.BytesIO object at 0x0000023B750E0630>,0.9677733778953552,0.0006398706464096904,-0.005467639770358801,365101,6,6,False,Right,Front,Right,Centre,53
<_io.BytesIO object at 0x0000023B750E0450>,0.9293627142906189,0.007131184916943312,-0.07052496820688248,365101,6,6,False,Right,Front,Right,Centre,53
<_io.BytesIO object at 0x0000023B750E0630>,0.5271890163421631,0.07094326615333557,-0.1742159128189087,365102,6,6,False,Right,Front,Right,Centre,53
<_io.BytesIO object at 0x0000023B750E00E0>,0.5829005837440491,0.06364385783672333,-0.08914738893508911,365102,6,6,False,Right,Front,Right,Centre,53
<_io.BytesIO object at 0x0000023B750E0A40>,0.4973820745944977,0.07895930856466293,-0.14726456999778748,365102,6,6,False,Right,Front,Right,Centre,53
<_io.BytesIO object at 0x0000023B750D3810>,0.46848952770233154,0.045562200248241425,-0.13987120985984802,365102,6,6,False,Right,Front,Right,Centre,53
<_io.BytesIO object at 0x0000023B750D3590>,0.4992177188396454,0.026036461815238,-0.062383316457271576,365102,6,6,False,Right,Front,Right,Centre,53
<_io.BytesIO object at 0x0000023B750D3B80>,0.9128389358520508,0.04669082909822464,-0.053554922342300415,365102,6,6,False,Right,Front,Right,Centre,53
<_io.BytesIO object at 0x0000023B750D3180>,0.8694002032279968,0.04423822835087776,-0.047403816133737564,365102,6,6,False,Right,Front,Right,Centre,53
<_io.BytesIO object at 0x0000023B750D30E0>,0.888454258441925,0.022140078246593475,0.04767632484436035,365102,6,6,False,Right,Front,Right,Centre,53
<_io.BytesIO object at 0x0000023B750D31D0>,0.9677804708480835,0.0006330457981675863,-0.005481787957251072,365102,6,6,False,Right,Front,Right,Centre,53
<_io.BytesIO object at 0x0000023B75200F90>,0.9293756484985352,0.007122465874999762,-0.07054562121629715,365102,6,6,False,Right,Front,Right,Centre,53
<_io.BytesIO object at 0x0000023B750D3CC0>,0.5271207690238953,0.07079833745956421,-0.17421002686023712,365103,6,6,False,Right,Front,Right,Centre,53
<_io.BytesIO object at 0x0000023B750D34A0>,0.5827707648277283,0.06354553997516632,-0.08923187106847763,365103,6,6,False,Right,Front,Right,Centre,53
<_io.BytesIO object at 0x0000023B750D3860>,0.4971473813056946,0.07891272008419037,-0.14727723598480225,365103,6,6,False,Right,Front,Right,Centre,53
<_io.BytesIO object at 0x0000023B750D3B80>,0.4684004485607147,0.04548913612961769,-0.13976213335990906,365103,6,6,False,Right,Front,Right,Centre,53
<_io.BytesIO object at 0x0000023B750E0D10>,0.499186247587204,0.026087503880262375,-0.06224479153752327,365103,6,6,False,Right,Front,Right,Centre,53
<_io.BytesIO object at 0x0000023B750E09A0>,0.9128609895706177,0.046677689999341965,-0.053575560450553894,365103,6,6,False,Right,Front,Right,Centre,53
<_io.BytesIO object at 0x0000023B750E08B0>,0.8694168329238892,0.04423240199685097,-0.047413866966962814,365103,6,6,False,Right,Front,Right,Centre,53
<_io.BytesIO object at 0x0000023B750E01D0>,0.8884724974632263,0.022136695683002472,0.04766338691115379,365103,6,6,False,Right,Front,Right,Centre,53
<_io.BytesIO object at 0x0000023B750E0950>,0.9677886366844177,0.0006026517949067056,-0.005478068720549345,365103,6,6,False,Right,Front,Right,Centre,53
<_io.BytesIO object at 0x0000023B750E0090>,0.9293856024742126,0.007100577000528574,-0.07055188715457916,365103,6,6,False,Right,Front,Right,Centre,53
<_io.BytesIO object at 0x0000023B750D39A0>,0.5270326733589172,0.07076209783554077,-0.17411966621875763,365104,6,6,False,Right,Front,Right,Centre,53
<_io.BytesIO object at 0x0000023B750E0130>,0.5826719999313354,0.06354932487010956,-0.08920598775148392,365104,6,6,False,Right,Front,Right,Centre,53
<_io.BytesIO object at 0x0000023B750E0220>,0.4970557987689972,0.07891282439231873,-0.1471528261899948,365104,6,6,False,Right,Front,Right,Centre,53
<_io.BytesIO object at 0x0000023B750E01D0>,0.4682723581790924,0.04551181197166443,-0.13961848616600037,365104,6,6,False,Right,Front,Right,Centre,53
<_io.BytesIO object at 0x0000023B750E05E0>,0.49904513359069824,0.026154544204473495,-0.06205437704920769,365104,6,6,False,Right,Front,Right,Centre,53
<_io.BytesIO object at 0x0000023B750E0590>,0.9128754734992981,0.046660032123327255,-0.05359623581171036,365104,6,6,False,Right,Front,Right,Centre,53
<_io.BytesIO object at 0x0000023B750E0EA0>,0.869488537311554,0.04421652853488922,-0.047435395419597626,365104,6,6,False,Right,Front,Right,Centre,53
<_io.BytesIO object at 0x0000023B750E0540>,0.8884815573692322,0.02213984727859497,0.04763925448060036,365104,6,6,False,Right,Front,Right,Centre,53
<_io.BytesIO object at 0x0000023B723F2DB0>,0.9678212404251099,0.0005248975357972085,-0.00553113454952836,365104,6,6,False,Right,Front,Right,Centre,53
<_io.BytesIO object at 0x0000023B723F2F40>,0.9294025897979736,0.007074837572872639,-0.07058157026767731,365104,6,6,False,Right,Front,Right,Centre,53
<_io.BytesIO object at 0x0000023B750D38B0>,0.5268500447273254,0.07087429612874985,-0.17389068007469177,365105,6,6,False,Right,Front,Right,Centre,53
<_io.BytesIO object at 0x0000023B750E01D0>,0.5825324654579163,0.06365866214036942,-0.08904996514320374,365105,6,6,False,Right,Front,Right,Centre,53
<_io.BytesIO object at 0x0000023B750E0130>,0.49688249826431274,0.07913944870233536,-0.14700867235660553,365105,6,6,False,Right,Front,Right,Centre,53
<_io.BytesIO object at 0x0000023B750E0270>,0.46813255548477173,0.045647457242012024,-0.13943561911582947,365105,6,6,False,Right,Front,Right,Centre,53
<_io.BytesIO object at 0x0000023B750E0CC0>,0.4988756477832794,0.026242686435580254,-0.06187884882092476,365105,6,6,False,Right,Front,Right,Centre,53
<_io.BytesIO object at 0x0000023B750E0770>,0.9128999710083008,0.04664839804172516,-0.05360804870724678,365105,6,6,False,Right,Front,Right,Centre,53
<_io.BytesIO object at 0x0000023B750E0180>,0.8695069551467896,0.04421437159180641,-0.04745424911379814,365105,6,6,False,Right,Front,Right,Centre,53
<_io.BytesIO object at 0x0000023B750E0090>,0.8884894251823425,0.02214113064110279,0.04762394726276398,365105,6,6,False,Right,Front,Right,Centre,53
<_io.BytesIO object at 0x0000023B723F2680>,0.9678307175636292,0.000502595619764179,-0.005538782104849815,365105,6,6,False,Right,Front,Right,Centre,53
<_io.BytesIO object at 0x0000023B723F2BD0>,0.9294185042381287,0.007061360403895378,-0.07059957832098007,365105,6,6,False,Right,Front,Right,Centre,53
<_io.BytesIO object at 0x0000023B750E0540>,0.5267314314842224,0.07109685242176056,-0.17361831665039062,365106,6,6,False,Right,Front,Right,Centre,53
<_io.BytesIO object at 0x0000023B750E0D60>,0.5823735594749451,0.06380697339773178,-0.08883071690797806,365106,6,6,False,Right,Front,Right,Centre,53
<_io.BytesIO object at 0x0000023B750E0B30>,0.49675461649894714,0.07938956469297409,-0.14672239124774933,365106,6,6,False,Right,Front,Right,Centre,53
<_io.BytesIO object at 0x0000023B750E0720>,0.4679630696773529,0.04588335379958153,-0.13922037184238434,365106,6,6,False,Right,Front,Right,Centre,53
<_io.BytesIO object at 0x0000023B750E09F0>,0.49868354201316833,0.026372574269771576,-0.06164000183343887,365106,6,6,False,Right,Front,Right,Centre,53
<_io.BytesIO object at 0x0000023B750E0450>,0.9129194617271423,0.046633314341306686,-0.05362365022301674,365106,6,6,False,Right,Front,Right,Centre,53
<_io.BytesIO object at 0x0000023B750D3E00>,0.8695290088653564,0.044200997799634933,-0.047464169561862946,365106,6,6,False,Right,Front,Right,Centre,53
<_io.BytesIO object at 0x0000023B750D3630>,0.8885023593902588,0.022143276408314705,0.04759884998202324,365106,6,6,False,Right,Front,Right,Centre,53
<_io.BytesIO object at 0x0000023B750D3CC0>,0.9678362011909485,0.00048694817814975977,-0.005539861042052507,365106,6,6,False,Right,Front,Right,Centre,53
<_io.BytesIO object at 0x0000023B750D3680>,0.9294333457946777,0.007030094508081675,-0.07060986757278442,365106,6,6,False,Right,Front,Right,Centre,53
<_io.BytesIO object at 0x0000023B750E0D60>,0.5265583992004395,0.07146346569061279,-0.17331312596797943,365107,6,6,False,Right,Front,Right,Centre,53
<_io.BytesIO object at 0x0000023B750E0270>,0.5821805596351624,0.06405453383922577,-0.08849795907735825,365107,6,6,False,Right,Front,Right,Centre,53
<_io.BytesIO object at 0x0000023B750E0EA0>,0.4965333044528961,0.07966197282075882,-0.1463918387889862,365107,6,6,False,Right,Front,Right,Centre,53
<_io.BytesIO object at 0x0000023B750E0A40>,0.4678177833557129,0.04617121443152428,-0.13899438083171844,365107,6,6,False,Right,Front,Right,Centre,53
<_io.BytesIO object at 0x0000023B750E0860>,0.49848318099975586,0.02659965492784977,-0.06136685237288475,365107,6,6,False,Right,Front,Right,Centre,53
<_io.BytesIO object at 0x0000023B750E0E00>,0.9129425287246704,0.04662267118692398,-0.0536213181912899,365107,6,6,False,Right,Front,Right,Centre,53
<_io.BytesIO object at 0x0000023B750D3D60>,0.8695452809333801,0.044190213084220886,-0.04746802896261215,365107,6,6,False,Right,Front,Right,Centre,53
<_io.BytesIO object at 0x0000023B750D3BD0>,0.8885177373886108,0.022149842232465744,0.047602396458387375,365107,6,6,False,Right,Front,Right,Centre,53
<_io.BytesIO object at 0x0000023B750D3D10>,0.9678376913070679,0.00046359235420823097,-0.005540663376450539,365107,6,6,False,Right,Front,Right,Centre,53
<_io.BytesIO object at 0x0000023B750D3360>,0.9294556975364685,0.007007695268839598,-0.07060606777667999,365107,6,6,False,Right,Front,Right,Centre,53
<_io.BytesIO object at 0x0000023B750E04A0>,0.5266239047050476,0.07202595472335815,-0.17279677093029022,365108,6,6,False,Right,Front,Right,Centre,53
<_io.BytesIO object at 0x0000023B750E09F0>,0.5819652676582336,0.06438250839710236,-0.08820272237062454,365108,6,6,False,Right,Front,Right,Centre,53
<_io.BytesIO object at 0x0000023B750E0180>,0.4963036775588989,0.08017032593488693,-0.1461232304573059,365108,6,6,False,Right,Front,Right,Centre,53
<_io.BytesIO object at 0x0000023B750E0810>,0.4676682651042938,0.04647162929177284,-0.13871616125106812,365108,6,6,False,Right,Front,Right,Centre,53
<_io.BytesIO object at 0x0000023B750E0220>,0.49828779697418213,0.026854291558265686,-0.06109711527824402,365108,6,6,False,Right,Front,Right,Centre,53
<_io.BytesIO object at 0x0000023B750E03B0>,0.9129558205604553,0.046613454818725586,-0.05362158268690109,365108,6,6,False,Right,Front,Right,Centre,53
<_io.BytesIO object at 0x0000023B750D39F0>,0.86957186460495,0.0441492460668087,-0.047538433223962784,365108,6,6,False,Right,Front,Right,Centre,53
<_io.BytesIO object at 0x0000023B750D3B30>,0.8885259628295898,0.02215067856013775,0.047602370381355286,365108,6,6,False,Right,Front,Right,Centre,53
<_io.BytesIO object at 0x0000023B750D3F40>,0.9678328633308411,0.00044519591028802097,-0.005520304664969444,365108,6,6,False,Right,Front,Right,Centre,53
<_io.BytesIO object at 0x0000023B750D3BD0>,0.9294764399528503,0.006996955722570419,-0.07057240605354309,365108,6,6,False,Right,Front,Right,Centre,53
<_io.BytesIO object at 0x0000023B750E02C0>,0.526393711566925,0.07247801870107651,-0.17235705256462097,365109,6,6,False,Right,Front,Right,Centre,53
<_io.BytesIO object at 0x0000023B750E0130>,0.5818396210670471,0.06474203616380692,-0.0878368467092514,365109,6,6,False,Right,Front,Right,Centre,53
<_io.BytesIO object at 0x0000023B750D36D0>,0.4961197078227997,0.08052508533000946,-0.1458006650209427,365109,6,6,False,Right,Front,Right,Centre,53
<_io.BytesIO object at 0x0000023B750D3BD0>,0.4674929678440094,0.0468566007912159,-0.1383352279663086,365109,6,6,False,Right,Front,Right,Centre,53
<_io.BytesIO object at 0x0000023B750D3860>,0.4980793595314026,0.027225269004702568,-0.06072308495640755,365109,6,6,False,Right,Front,Right,Centre,53
<_io.BytesIO object at 0x0000023B750D3EA0>,0.9130250811576843,0.0466032400727272,-0.053673114627599716,365109,6,6,False,Right,Front,Right,Centre,53
<_io.BytesIO object at 0x0000023B750D3450>,0.8695747256278992,0.044180259108543396,-0.047467030584812164,365109,6,6,False,Right,Front,Right,Centre,53
<_io.BytesIO object at 0x0000023B750D3590>,0.8885259628295898,0.022160064429044724,0.04762277379631996,365109,6,6,False,Right,Front,Right,Centre,53
<_io.BytesIO object at 0x0000023B723F2F40>,0.9678542613983154,0.0004300614236854017,-0.005514426156878471,365109,6,6,False,Right,Front,Right,Centre,53
<_io.BytesIO object at 0x0000023B723F2810>,0.9295158982276917,0.006985935848206282,-0.07052823156118393,365109,6,6,False,Right,Front,Right,Centre,53
<_io.BytesIO object at 0x0000023B750E04A0>,0.5263194441795349,0.07317636907100677,-0.17190970480442047,365110,6,6,False,Right,Front,Right,Centre,53
<_io.BytesIO object at 0x0000023B750E0360>,0.5817119479179382,0.065204918384552,-0.08747605979442596,365110,6,6,False,Right,Front,Right,Centre,53
<_io.BytesIO object at 0x0000023B723F2040>,0.4959229528903961,0.08092429488897324,-0.14549295604228973,365110,6,6,False,Right,Front,Right,Centre,53
<_io.BytesIO object at 0x0000023B750E07C0>,0.46734219789505005,0.04726320877671242,-0.1380092054605484,365110,6,6,False,Right,Front,Right,Centre,53
<_io.BytesIO object at 0x0000023B750E0E50>,0.4979379177093506,0.027619607746601105,-0.06036588177084923,365110,6,6,False,Right,Front,Right,Centre,53
<_io.BytesIO object at 0x0000023B750E0AE0>,0.9130385518074036,0.046598684042692184,-0.0536639466881752,365110,6,6,False,Right,Front,Right,Centre,53
<_io.BytesIO object at 0x0000023B750E00E0>,0.869597852230072,0.04413590580224991,-0.04752893000841141,365110,6,6,False,Right,Front,Right,Centre,53
<_io.BytesIO object at 0x0000023B750E05E0>,0.8885400295257568,0.022170396521687508,0.0476357638835907,365110,6,6,False,Right,Front,Right,Centre,53
<_io.BytesIO object at 0x0000023B750E0720>,0.9678570032119751,0.00042207902879454195,-0.0054986560717225075,365110,6,6,False,Right,Front,Right,Centre,53
<_io.BytesIO object at 0x0000023B750E0EA0>,0.9295272827148438,0.006970249582082033,-0.07051721215248108,365110,6,6,False,Right,Front,Right,Centre,53
<_io.BytesIO object at 0x0000023B750D3900>,0.52610182762146,0.07361743599176407,-0.1714380383491516,365111,6,6,False,Right,Front,Right,Centre,53
<_io.BytesIO object at 0x0000023B750D34F0>,0.5815737247467041,0.06568484008312225,-0.08713340014219284,365111,6,6,False,Right,Front,Right,Centre,53
<_io.BytesIO object at 0x0000023B750E03B0>,0.49575695395469666,0.0815424770116806,-0.1451081931591034,365111,6,6,False,Right,Front,Right,Centre,53
<_io.BytesIO object at 0x0000023B750E05E0>,0.46719449758529663,0.04770250245928764,-0.13761866092681885,365111,6,6,False,Right,Front,Right,Centre,53
<_io.BytesIO object at 0x0000023B750E01D0>,0.4977908432483673,0.02810310758650303,-0.05993889644742012,365111,6,6,False,Right,Front,Right,Centre,53
<_io.BytesIO object at 0x0000023B750E0C70>,0.9130575060844421,0.04659281671047211,-0.05365101993083954,365111,6,6,False,Right,Front,Right,Centre,53
<_io.BytesIO object at 0x0000023B750E0D60>,0.8696410059928894,0.04415415972471237,-0.047512639313936234,365111,6,6,False,Right,Front,Right,Centre,53
<_io.BytesIO object at 0x0000023B750E0810>,0.8885401487350464,0.022184167057275772,0.04764027148485184,365111,6,6,False,Right,Front,Right,Centre,53
<_io.BytesIO object at 0x0000023B723F2BD0>,0.9679015278816223,0.00045080934069119394,-0.005429874174296856,365111,6,6,False,Right,Front,Right,Centre,53
<_io.BytesIO object at 0x0000023B723F2540>,0.9295287132263184,0.006961654406040907,-0.07049700617790222,365111,6,6,False,Right,Front,Right,Centre,53
<_io.BytesIO object at 0x0000023B750E0A90>,0.5259449481964111,0.07396386563777924,-0.17099110782146454,365112,6,6,False,Right,Front,Right,Centre,53
<_io.BytesIO object at 0x0000023B750E0720>,0.5814592838287354,0.06622264534235,-0.08681198954582214,365112,6,6,False,Right,Front,Right,Centre,53
<_io.BytesIO object at 0x0000023B750E0860>,0.495472252368927,0.0820452868938446,-0.14470937848091125,365112,6,6,False,Right,Front,Right,Centre,53
<_io.BytesIO object at 0x0000023B750E0E50>,0.46706515550613403,0.048087455332279205,-0.1372309923171997,365112,6,6,False,Right,Front,Right,Centre,53
<_io.BytesIO object at 0x0000023B750E0360>,0.4976210296154022,0.028634335845708847,-0.05944234877824783,365112,6,6,False,Right,Front,Right,Centre,53
<_io.BytesIO object at 0x0000023B750E09A0>,0.9130711555480957,0.04658886417746544,-0.05363437160849571,365112,6,6,False,Right,Front,Right,Centre,53
<_io.BytesIO object at 0x0000023B750D38B0>,0.8696608543395996,0.04415746405720711,-0.04749486967921257,365112,6,6,False,Right,Front,Right,Centre,53
<_io.BytesIO object at 0x0000023B750D3270>,0.8885542154312134,0.022192291915416718,0.04766058549284935,365112,6,6,False,Right,Front,Right,Centre,53
<_io.BytesIO object at 0x0000023B750D3590>,0.9679022431373596,0.00043731648474931717,-0.00541336415335536,365112,6,6,False,Right,Front,Right,Centre,53
<_io.BytesIO object at 0x0000023B750D3D60>,0.9295554757118225,0.006940320134162903,-0.07049022614955902,365112,6,6,False,Right,Front,Right,Centre,53
<_io.BytesIO object at 0x0000023B750D3040>,0.5257921814918518,0.0744098573923111,-0.1706068068742752,365113,6,6,False,Right,Front,Right,Centre,53
<_io.BytesIO object at 0x0000023B750D39A0>,0.5813249945640564,0.06676517426967621,-0.08644725382328033,365113,6,6,False,Right,Front,Right,Centre,53
<_io.BytesIO object at 0x0000023B750E0D60>,0.495317667722702,0.0824044719338417,-0.14443306624889374,365113,6,6,False,Right,Front,Right,Centre,53
<_io.BytesIO object at 0x0000023B750E0360>,0.46695366501808167,0.04846469685435295,-0.13689808547496796,365113,6,6,False,Right,Front,Right,Centre,53
<_io.BytesIO object at 0x0000023B750E0680>,0.49762582778930664,0.029133807867765427,-0.05910826474428177,365113,6,6,False,Right,Front,Right,Centre,53
<_io.BytesIO object at 0x0000023B750E0180>,0.9130845665931702,0.0465882234275341,-0.05360838398337364,365113,6,6,False,Right,Front,Right,Centre,53
<_io.BytesIO object at 0x0000023B750E02C0>,0.8696747422218323,0.04416045919060707,-0.04748935624957085,365113,6,6,False,Right,Front,Right,Centre,53
<_io.BytesIO object at 0x0000023B750E0770>,0.8885000944137573,0.022233927622437477,0.04763222485780716,365113,6,6,False,Right,Front,Right,Centre,53
<_io.BytesIO object at 0x0000023B723F2BD0>,0.9678603410720825,0.0004497201007325202,-0.005434191320091486,365113,6,6,False,Right,Front,Right,Centre,53
<_io.BytesIO object at 0x0000023B723F2270>,0.9295690655708313,0.006929989904165268,-0.07045622169971466,365113,6,6,False,Right,Front,Right,Centre,53
<_io.BytesIO object at 0x0000023B750D3810>,0.5256263017654419,0.07481858134269714,-0.17024414241313934,365114,6,6,False,Right,Front,Right,Centre,53
<_io.BytesIO object at 0x0000023B750D3450>,0.5811882615089417,0.0672789216041565,-0.0860574021935463,365114,6,6,False,Right,Front,Right,Centre,53
<_io.BytesIO object at 0x0000023B723F25E0>,0.49515801668167114,0.0827161893248558,-0.14415420591831207,365114,6,6,False,Right,Front,Right,Centre,53
<_io.BytesIO object at 0x0000023B723F2AE0>,0.4669196605682373,0.04882749170064926,-0.1365998536348343,365114,6,6,False,Right,Front,Right,Centre,53
<_io.BytesIO object at 0x0000023B723F2630>,0.49767595529556274,0.029653070494532585,-0.05872924625873566,365114,6,6,False,Right,Front,Right,Centre,53
<_io.BytesIO object at 0x0000023B723F29A0>,0.913088858127594,0.04659561812877655,-0.05359473451972008,365114,6,6,False,Right,Front,Right,Centre,53
<_io.BytesIO object at 0x0000023B723F2680>,0.8696935772895813,0.0441615916788578,-0.047475360333919525,365114,6,6,False,Right,Front,Right,Centre,53
<_io.BytesIO object at 0x0000023B723F2590>,0.8885769844055176,0.02220982126891613,0.04767826944589615,365114,6,6,False,Right,Front,Right,Centre,53
<_io.BytesIO object at 0x0000023B723F2950>,0.967912495136261,0.000428747822297737,-0.00539031345397234,365114,6,6,False,Right,Front,Right,Centre,53
<_io.BytesIO object at 0x0000023B75200E50>,0.9295840263366699,0.006929921451956034,-0.07043403387069702,365114,6,6,False,Right,Front,Right,Centre,53
<_io.BytesIO object at 0x0000023B723F2F40>,0.5254821181297302,0.07520782202482224,-0.16993004083633423,365115,6,6,False,Right,Front,Right,Centre,53
<_io.BytesIO object at 0x0000023B723F2860>,0.5810667872428894,0.06796234101057053,-0.08575044572353363,365115,6,6,False,Right,Front,Right,Centre,53
<_io.BytesIO object at 0x0000023B750D3B30>,0.49508246779441833,0.08308640867471695,-0.1439058482646942,365115,6,6,False,Right,Front,Right,Centre,53
<_io.BytesIO object at 0x0000023B750D3900>,0.4668871760368347,0.04912140965461731,-0.13628388941287994,365115,6,6,False,Right,Front,Right,Centre,53
<_io.BytesIO object at 0x0000023B750D3130>,0.4977034330368042,0.030144132673740387,-0.05844170227646828,365115,6,6,False,Right,Front,Right,Centre,53
<_io.BytesIO object at 0x0000023B750D36D0>,0.9131121635437012,0.04659547656774521,-0.053585607558488846,365115,6,6,False,Right,Front,Right,Centre,53
<_io.BytesIO object at 0x0000023B750D3720>,0.8697057962417603,0.04417242482304573,-0.04746885970234871,365115,6,6,False,Right,Front,Right,Centre,53
<_io.BytesIO object at 0x0000023B750E0A90>,0.8885180950164795,0.022254817187786102,0.04765790328383446,365115,6,6,False,Right,Front,Right,Centre,53
<_io.BytesIO object at 0x0000023B750E04A0>,0.9678550362586975,0.00043729422031901777,-0.00542445620521903,365115,6,6,False,Right,Front,Right,Centre,53
<_io.BytesIO object at 0x0000023B750E0D10>,0.9295894503593445,0.006914307363331318,-0.070428766310215,365115,6,6,False,Right,Front,Right,Centre,53
<_io.BytesIO object at 0x0000023B723F2BD0>,0.5255318880081177,0.0757884755730629,-0.16958284378051758,365116,6,6,False,Right,Front,Right,Centre,53
<_io.BytesIO object at 0x0000023B723F2130>,0.5810754895210266,0.06864432245492935,-0.0854695662856102,365116,6,6,False,Right,Front,Right,Centre,53
<_io.BytesIO object at 0x0000023B723F22C0>,0.4949602782726288,0.0833703950047493,-0.14364923536777496,365116,6,6,False,Right,Front,Right,Centre,53
<_io.BytesIO object at 0x0000023B723F2950>,0.4668920338153839,0.049345627427101135,-0.13602875173091888,365116,6,6,False,Right,Front,Right,Centre,53
<_io.BytesIO object at 0x0000023B723F2900>,0.497753381729126,0.030513271689414978,-0.0581393800675869,365116,6,6,False,Right,Front,Right,Centre,53
<_io.BytesIO object at 0x0000023B723F2F90>,0.9131312966346741,0.04658271372318268,-0.053576625883579254,365116,6,6,False,Right,Front,Right,Centre,53
<_io.BytesIO object at 0x0000023B723F29A0>,0.8697227835655212,0.04417486488819122,-0.0474669523537159,365116,6,6,False,Right,Front,Right,Centre,53
<_io.BytesIO object at 0x0000023B750D3040>,0.8885378241539001,0.022270459681749344,0.04765962064266205,365116,6,6,False,Right,Front,Right,Centre,53
<_io.BytesIO object at 0x0000023B750D3180>,0.9678769707679749,0.00041981315007433295,-0.005404509603977203,365116,6,6,False,Right,Front,Right,Centre,53
<_io.BytesIO object at 0x0000023B750D3860>,0.929648220539093,0.006947292014956474,-0.07033943384885788,365116,6,6,False,Right,Front,Right,Centre,53
<_io.BytesIO object at 0x0000023B750D3900>,0.525525689125061,0.0760766938328743,-0.16936978697776794,365117,6,6,False,Right,Front,Right,Centre,53
<_io.BytesIO object at 0x0000023B750D31D0>,0.5809890031814575,0.06939514726400375,-0.08525319397449493,365117,6,6,False,Right,Front,Right,Centre,53
<_io.BytesIO object at 0x0000023B723F23B0>,0.49491938948631287,0.08356934785842896,-0.14355508983135223,365117,6,6,False,Right,Front,Right,Centre,53
<_io.BytesIO object at 0x0000023B723F2D10>,0.4669126570224762,0.04948952794075012,-0.13578596711158752,365117,6,6,False,Right,Front,Right,Centre,53
<_io.BytesIO object at 0x0000023B723F2E00>,0.4978770613670349,0.030820544809103012,-0.05788710340857506,365117,6,6,False,Right,Front,Right,Centre,53
<_io.BytesIO object at 0x0000023B723F2130>,0.9131367802619934,0.0465896800160408,-0.05356733128428459,365117,6,6,False,Right,Front,Right,Centre,53
<_io.BytesIO object at 0x0000023B723F2A40>,0.8697336912155151,0.044175926595926285,-0.047453008592128754,365117,6,6,False,Right,Front,Right,Centre,53
<_io.BytesIO object at 0x0000023B750E0400>,0.8885442018508911,0.0222829207777977,0.047661468386650085,365117,6,6,False,Right,Front,Right,Centre,53
<_io.BytesIO object at 0x0000023B750E0D60>,0.9678714275360107,0.00042042546556331217,-0.005410970188677311,365117,6,6,False,Right,Front,Right,Centre,53
<_io.BytesIO object at 0x0000023B750E0770>,0.9296502470970154,0.006936592981219292,-0.07033659517765045,365117,6,6,False,Right,Front,Right,Centre,53
<_io.BytesIO object at 0x0000023B723F2810>,0.5255556106567383,0.07627105712890625,-0.16926461458206177,365118,6,6,False,Right,Front,Right,Centre,53
<_io.BytesIO object at 0x0000023B723F2C70>,0.5809124112129211,0.0705137550830841,-0.08509524911642075,365118,6,6,False,Right,Front,Right,Centre,53
<_io.BytesIO object at 0x0000023B723F2DB0>,0.49478957056999207,0.08378420770168304,-0.1434253305196762,365118,6,6,False,Right,Front,Right,Centre,53
<_io.BytesIO object at 0x0000023B723F27C0>,0.46699434518814087,0.04954817146062851,-0.1356896609067917,365118,6,6,False,Right,Front,Right,Centre,53
<_io.BytesIO object at 0x0000023B723F2BD0>,0.4980284571647644,0.031170420348644257,-0.05781250447034836,365118,6,6,False,Right,Front,Right,Centre,53
<_io.BytesIO object at 0x0000023B723F2CC0>,0.9131523370742798,0.04658176004886627,-0.053569644689559937,365118,6,6,False,Right,Front,Right,Centre,53
<_io.BytesIO object at 0x0000023B723F29F0>,0.8697784543037415,0.04417037218809128,-0.04747197777032852,365118,6,6,False,Right,Front,Right,Centre,53
<_io.BytesIO object at 0x0000023B750D3680>,0.8885601162910461,0.022295963019132614,0.04766259714961052,365118,6,6,False,Right,Front,Right,Centre,53
<_io.BytesIO object at 0x0000023B750D3540>,0.9678766131401062,0.00041800603503361344,-0.005420660600066185,365118,6,6,False,Right,Front,Right,Centre,53
<_io.BytesIO object at 0x0000023B750D3270>,0.9296761751174927,0.006933747325092554,-0.0703049972653389,365118,6,6,False,Right,Front,Right,Centre,53
<_io.BytesIO object at 0x0000023B723F2040>,0.5255703330039978,0.0764472559094429,-0.16924449801445007,365119,6,6,False,Right,Front,Right,Centre,53
<_io.BytesIO object at 0x0000023B723F29A0>,0.5808290839195251,0.07169700413942337,-0.0850704163312912,365119,6,6,False,Right,Front,Right,Centre,53
<_io.BytesIO object at 0x0000023B750E0090>,0.49479663372039795,0.08397215604782104,-0.14352314174175262,365119,6,6,False,Right,Front,Right,Centre,53
<_io.BytesIO object at 0x0000023B750E0540>,0.46714314818382263,0.049553170800209045,-0.13570235669612885,365119,6,6,False,Right,Front,Right,Centre,53
<_io.BytesIO object at 0x0000023B750E0860>,0.4982251226902008,0.03146311268210411,-0.05779833346605301,365119,6,6,False,Right,Front,Right,Centre,53
<_io.BytesIO object at 0x0000023B750E00E0>,0.9131619334220886,0.046576306223869324,-0.05358182266354561,365119,6,6,False,Right,Front,Right,Centre,53
<_io.BytesIO object at 0x0000023B750E0E50>,0.8697885274887085,0.04416520893573761,-0.04747720807790756,365119,6,6,False,Right,Front,Right,Centre,53
<_io.BytesIO object at 0x0000023B750E0590>,0.8885639309883118,0.02229715697467327,0.04765712842345238,365119,6,6,False,Right,Front,Right,Centre,53
<_io.BytesIO object at 0x0000023B750E0810>,0.9678816199302673,0.0004001720226369798,-0.005412939470261335,365119,6,6,False,Right,Front,Right,Centre,53
<_io.BytesIO object at 0x0000023B75200860>,0.9296855926513672,0.006908874958753586,-0.07031016051769257,365119,6,6,False,Right,Front,Right,Centre,53
<_io.BytesIO object at 0x0000023B750E08B0>,0.525636613368988,0.0765981674194336,-0.16931617259979248,365120,6,6,False,Right,Front,Right,Centre,53
<_io.BytesIO object at 0x0000023B750E0EA0>,0.5807047486305237,0.07268518954515457,-0.08492355048656464,365120,6,6,False,Right,Front,Right,Centre,53
<_io.BytesIO object at 0x0000023B723F2EA0>,0.49488571286201477,0.08418717980384827,-0.1435912698507309,365120,6,6,False,Right,Front,Right,Centre,53
<_io.BytesIO object at 0x0000023B723F2D10>,0.46732112765312195,0.049582574516534805,-0.13571709394454956,365120,6,6,False,Right,Front,Right,Centre,53
<_io.BytesIO object at 0x0000023B723F2770>,0.49844202399253845,0.03192342072725296,-0.0578293614089489,365120,6,6,False,Right,Front,Right,Centre,53
<_io.BytesIO object at 0x0000023B723F2B80>,0.9131791591644287,0.04655347764492035,-0.0536026731133461,365120,6,6,False,Right,Front,Right,Centre,53
<_io.BytesIO object at 0x0000023B723F2590>,0.8697746992111206,0.04416573420166969,-0.04747144877910614,365120,6,6,False,Right,Front,Right,Centre,53
<_io.BytesIO object at 0x0000023B723F2BD0>,0.8885766267776489,0.022304922342300415,0.047650739550590515,365120,6,6,False,Right,Front,Right,Centre,53
<_io.BytesIO object at 0x0000023B723F2810>,0.9678817391395569,0.00038521431270055473,-0.005418519023805857,365120,6,6,False,Right,Front,Right,Centre,53
<_io.BytesIO object at 0x0000023B750D3E00>,0.9296833872795105,0.006879720371216536,-0.07032965123653412,365120,6,6,False,Right,Front,Right,Centre,53
<_io.BytesIO object at 0x0000023B750E0950>,0.5257185697555542,0.07673505693674088,-0.16940200328826904,365121,6,6,False,Right,Front,Right,Centre,53
<_io.BytesIO object at 0x0000023B750E0B30>,0.5807660818099976,0.07345756888389587,-0.08491403609514236,365121,6,6,False,Right,Front,Right,Centre,53
<_io.BytesIO object at 0x0000023B750E0EF0>,0.4949418902397156,0.08427214622497559,-0.14373432099819183,365121,6,6,False,Right,Front,Right,Centre,53
<_io.BytesIO object at 0x0000023B750D3E00>,0.46753254532814026,0.04963729530572891,-0.13573721051216125,365121,6,6,False,Right,Front,Right,Centre,53
<_io.BytesIO object at 0x0000023B750D39A0>,0.498653382062912,0.03228694200515747,-0.05786208063364029,365121,6,6,False,Right,Front,Right,Centre,53
<_io.BytesIO object at 0x0000023B750D3A90>,0.9131884574890137,0.04654860869050026,-0.05361540615558624,365121,6,6,False,Right,Front,Right,Centre,53
<_io.BytesIO object at 0x0000023B750D3EA0>,0.8698064088821411,0.044156335294246674,-0.04750294238328934,365121,6,6,False,Right,Front,Right,Centre,53
<_io.BytesIO object at 0x0000023B750D3180>,0.8885884881019592,0.022312065586447716,0.047637712210416794,365121,6,6,False,Right,Front,Right,Centre,53
<_io.BytesIO object at 0x0000023B750D3D60>,0.9678868651390076,0.0003841871803160757,-0.005413519684225321,365121,6,6,False,Right,Front,Right,Centre,53
<_io.BytesIO object at 0x0000023B75200CC0>,0.9296932816505432,0.00685829296708107,-0.07034054398536682,365121,6,6,False,Right,Front,Right,Centre,53
<_io.BytesIO object at 0x0000023B750D3900>,0.5258135199546814,0.07684893906116486,-0.1695350706577301,365122,6,6,False,Right,Front,Right,Centre,53
<_io.BytesIO object at 0x0000023B750E0D10>,0.5807557702064514,0.07422638684511185,-0.08502276986837387,365122,6,6,False,Right,Front,Right,Centre,53
<_io.BytesIO object at 0x0000023B750E0040>,0.4950246512889862,0.08433225005865097,-0.14385363459587097,365122,6,6,False,Right,Front,Right,Centre,53
<_io.BytesIO object at 0x0000023B750E0360>,0.46774569153785706,0.04962768778204918,-0.1358758956193924,365122,6,6,False,Right,Front,Right,Centre,53
<_io.BytesIO object at 0x0000023B750E0310>,0.4989279508590698,0.03262130916118622,-0.057986900210380554,365122,6,6,False,Right,Front,Right,Centre,53
<_io.BytesIO object at 0x0000023B750E0E00>,0.9131982922554016,0.04654306918382645,-0.05362577736377716,365122,6,6,False,Right,Front,Right,Centre,53
<_io.BytesIO object at 0x0000023B750E0090>,0.8698230981826782,0.04415704309940338,-0.047519512474536896,365122,6,6,False,Right,Front,Right,Centre,53
<_io.BytesIO object at 0x0000023B750E0AE0>,0.8885968923568726,0.022325245663523674,0.04762667044997215,365122,6,6,False,Right,Front,Right,Centre,53
<_io.BytesIO object at 0x0000023B723F2D10>,0.9678955078125,0.00031210490851663053,-0.005430789664387703,365122,6,6,False,Right,Front,Right,Centre,53
<_io.BytesIO object at 0x0000023B723F2180>,0.9297046065330505,0.006855635438114405,-0.07033881545066833,365122,6,6,False,Right,Front,Right,Centre,53
<_io.BytesIO object at 0x0000023B750E0F90>,0.5259300470352173,0.07696514576673508,-0.16969144344329834,365123,6,6,False,Right,Front,Right,Centre,53
<_io.BytesIO object at 0x0000023B750E0130>,0.5808460116386414,0.07502409815788269,-0.085171639919281,365123,6,6,False,Right,Front,Right,Centre,53
<_io.BytesIO object at 0x0000023B750E01D0>,0.49514657258987427,0.08442746102809906,-0.14398160576820374,365123,6,6,False,Right,Front,Right,Centre,53
<_io.BytesIO object at 0x0000023B750E0A40>,0.46797677874565125,0.049628064036369324,-0.13600721955299377,365123,6,6,False,Right,Front,Right,Centre,53
<_io.BytesIO object at 0x0000023B750E0DB0>,0.49920475482940674,0.03283374384045601,-0.05813431367278099,365123,6,6,False,Right,Front,Right,Centre,53
<_io.BytesIO object at 0x0000023B750E0590>,0.9132122993469238,0.046528175473213196,-0.05365276709198952,365123,6,6,False,Right,Front,Right,Centre,53
<_io.BytesIO object at 0x0000023B750D39A0>,0.8698391318321228,0.04415498673915863,-0.047529514878988266,365123,6,6,False,Right,Front,Right,Centre,53
<_io.BytesIO object at 0x0000023B750D39F0>,0.8886077404022217,0.022328944876790047,0.04759659245610237,365123,6,6,False,Right,Front,Right,Centre,53
<_io.BytesIO object at 0x0000023B750D3090>,0.9679057598114014,0.0002968514454551041,-0.005432427395135164,365123,6,6,False,Right,Front,Right,Centre,53
<_io.BytesIO object at 0x0000023B750D3810>,0.9297240376472473,0.006864598020911217,-0.0703171044588089,365123,6,6,False,Right,Front,Right,Centre,53
<_io.BytesIO object at 0x0000023B750D34F0>,0.5260239839553833,0.07709036767482758,-0.16985103487968445,365124,6,6,False,Right,Front,Right,Centre,53
<_io.BytesIO object at 0x0000023B750E04A0>,0.5808703303337097,0.07582134753465652,-0.08547426760196686,365124,6,6,False,Right,Front,Right,Centre,53
<_io.BytesIO object at 0x0000023B750E09F0>,0.49522650241851807,0.08444895595312119,-0.144134521484375,365124,6,6,False,Right,Front,Right,Centre,53
<_io.BytesIO object at 0x0000023B750E01D0>,0.4681568145751953,0.04960582032799721,-0.13613544404506683,365124,6,6,False,Right,Front,Right,Centre,53
<_io.BytesIO object at 0x0000023B750E0A90>,0.4994492828845978,0.03296385332942009,-0.05828099697828293,365124,6,6,False,Right,Front,Right,Centre,53
<_io.BytesIO object at 0x0000023B750E0770>,0.9132277965545654,0.046526335179805756,-0.05367271229624748,365124,6,6,False,Right,Front,Right,Centre,53
<_io.BytesIO object at 0x0000023B723F2D10>,0.8698572516441345,0.0441516675055027,-0.04754561930894852,365124,6,6,False,Right,Front,Right,Centre,53
<_io.BytesIO object at 0x0000023B723F24F0>,0.888687789440155,0.022296516224741936,0.04763171076774597,365124,6,6,False,Right,Front,Right,Centre,53
<_io.BytesIO object at 0x0000023B723F2900>,0.9679003357887268,0.0002764328964985907,-0.00544274365529418,365124,6,6,False,Right,Front,Right,Centre,53
<_io.BytesIO object at 0x0000023B723F2EA0>,0.9297353029251099,0.006828114856034517,-0.07035218179225922,365124,6,6,False,Right,Front,Right,Centre,53
<_io.BytesIO object at 0x0000023B750E0CC0>,0.5262628793716431,0.07739302515983582,-0.16997846961021423,365125,6,6,False,Right,Front,Right,Centre,53
<_io.BytesIO object at 0x0000023B750E0F40>,0.5808754563331604,0.07654130458831787,-0.08570461720228195,365125,6,6,False,Right,Front,Right,Centre,53
<_io.BytesIO object at 0x0000023B750D3DB0>,0.4953078627586365,0.08447497338056564,-0.1442682147026062,365125,6,6,False,Right,Front,Right,Centre,53
<_io.BytesIO object at 0x0000023B750D3D10>,0.46831774711608887,0.04956958442926407,-0.13626854121685028,365125,6,6,False,Right,Front,Right,Centre,53
<_io.BytesIO object at 0x0000023B750D3EF0>,0.4997158348560333,0.03304225206375122,-0.05847499147057533,365125,6,6,False,Right,Front,Right,Centre,53
<_io.BytesIO object at 0x0000023B750D38B0>,0.9132412075996399,0.04651821032166481,-0.053700678050518036,365125,6,6,False,Right,Front,Right,Centre,53
<_io.BytesIO object at 0x0000023B750D3B30>,0.8698772192001343,0.04415842890739441,-0.047557223588228226,365125,6,6,False,Right,Front,Right,Centre,53
<_io.BytesIO object at 0x0000023B723F2540>,0.8886933922767639,0.022316666319966316,0.0476103276014328,365125,6,6,False,Right,Front,Right,Centre,53
<_io.BytesIO object at 0x0000023B723F2EF0>,0.9679123163223267,0.00026639329735189676,-0.0054488773457705975,365125,6,6,False,Right,Front,Right,Centre,53
<_io.BytesIO object at 0x0000023B723F28B0>,0.9297510981559753,0.006820979528129101,-0.07037399709224701,365125,6,6,False,Right,Front,Right,Centre,53
<_io.BytesIO object at 0x0000023B750E07C0>,0.5263892412185669,0.07751969248056412,-0.17013749480247498,365126,6,6,False,Right,Front,Right,Centre,53
<_io.BytesIO object at 0x0000023B750E0040>,0.5809473991394043,0.07711973041296005,-0.08594061434268951,365126,6,6,False,Right,Front,Right,Centre,53
<_io.BytesIO object at 0x0000023B750E0950>,0.4954066574573517,0.0844966322183609,-0.14439786970615387,365126,6,6,False,Right,Front,Right,Centre,53
<_io.BytesIO object at 0x0000023B750E05E0>,0.4684944748878479,0.04952893406152725,-0.1364014893770218,365126,6,6,False,Right,Front,Right,Centre,53
<_io.BytesIO object at 0x0000023B750E0450>,0.5000230073928833,0.033063169568777084,-0.058683160692453384,365126,6,6,False,Right,Front,Right,Centre,53
<_io.BytesIO object at 0x0000023B750E0E00>,0.9132574796676636,0.046516261994838715,-0.053711164742708206,365126,6,6,False,Right,Front,Right,Centre,53
<_io.BytesIO object at 0x0000023B750E0A90>,0.8698906898498535,0.04415148124098778,-0.04756883904337883,365126,6,6,False,Right,Front,Right,Centre,53
<_io.BytesIO object at 0x0000023B750E0400>,0.8887038826942444,0.022330496460199356,0.04759230092167854,365126,6,6,False,Right,Front,Right,Centre,53
<_io.BytesIO object at 0x0000023B750D3090>,0.9679164886474609,0.0002582999295555055,-0.005465091206133366,365126,6,6,False,Right,Front,Right,Centre,53
<_io.BytesIO object at 0x0000023B750D3720>,0.929758608341217,0.006822462659329176,-0.07035133987665176,365126,6,6,False,Right,Front,Right,Centre,53
<_io.BytesIO object at 0x0000023B750D3900>,0.5265153646469116,0.07762710750102997,-0.17030863463878632,365127,6,6,False,Right,Front,Right,Centre,53
<_io.BytesIO object at 0x0000023B750D3D60>,0.5810730457305908,0.07766690850257874,-0.08616754412651062,365127,6,6,False,Right,Front,Right,Centre,53
<_io.BytesIO object at 0x0000023B750E0E00>,0.4954838156700134,0.08451135456562042,-0.14451923966407776,365127,6,6,False,Right,Front,Right,Centre,53
<_io.BytesIO object at 0x0000023B750E0130>,0.4686819911003113,0.04946720227599144,-0.13656477630138397,365127,6,6,False,Right,Front,Right,Centre,53
<_io.BytesIO object at 0x0000023B750E02C0>,0.5003438591957092,0.03312641754746437,-0.05894356593489647,365127,6,6,False,Right,Front,Right,Centre,53
<_io.BytesIO object at 0x0000023B750E08B0>,0.9132673144340515,0.04651227220892906,-0.053729940205812454,365127,6,6,False,Right,Front,Right,Centre,53
<_io.BytesIO object at 0x0000023B750E0220>,0.8699010014533997,0.044152744114398956,-0.047586433589458466,365127,6,6,False,Right,Front,Right,Centre,53
<_io.BytesIO object at 0x0000023B723F2EA0>,0.8887099027633667,0.02232390083372593,0.047571927309036255,365127,6,6,False,Right,Front,Right,Centre,53
<_io.BytesIO object at 0x0000023B723F2C20>,0.967915415763855,0.0002282717905472964,-0.005470090080052614,365127,6,6,False,Right,Front,Right,Centre,53
<_io.BytesIO object at 0x0000023B723F26D0>,0.9297689199447632,0.006805962882936001,-0.07036584615707397,365127,6,6,False,Right,Front,Right,Centre,53
<_io.BytesIO object at 0x0000023B750E00E0>,0.5266609191894531,0.07774476706981659,-0.17044499516487122,365128,6,6,False,Right,Front,Right,Centre,53
<_io.BytesIO object at 0x0000023B750E0090>,0.5811306238174438,0.07805737107992172,-0.0862981453537941,365128,6,6,False,Right,Front,Right,Centre,53
<_io.BytesIO object at 0x0000023B750E0270>,0.49570369720458984,0.08449449390172958,-0.14481772482395172,365128,6,6,False,Right,Front,Right,Centre,53
<_io.BytesIO object at 0x0000023B750E0C70>,0.4689342677593231,0.0493704192340374,-0.1368330419063568,365128,6,6,False,Right,Front,Right,Centre,53
<_io.BytesIO object at 0x0000023B750E0A40>,0.5007169246673584,0.033041853457689285,-0.05917109176516533,365128,6,6,False,Right,Front,Right,Centre,53
<_io.BytesIO object at 0x0000023B750E0770>,0.9132764339447021,0.046502478420734406,-0.05375397950410843,365128,6,6,False,Right,Front,Right,Centre,53
<_io.BytesIO object at 0x0000023B750E0220>,0.8699091076850891,0.044146910309791565,-0.047610875219106674,365128,6,6,False,Right,Front,Right,Centre,53
<_io.BytesIO object at 0x0000023B750E0EA0>,0.888719379901886,0.02232944965362549,0.04754967615008354,365128,6,6,False,Right,Front,Right,Centre,53
<_io.BytesIO object at 0x0000023B750D3270>,0.967922568321228,0.00022271109628491104,-0.005476276855915785,365128,6,6,False,Right,Front,Right,Centre,53
<_io.BytesIO object at 0x0000023B750D3770>,0.9297826290130615,0.006806297693401575,-0.07034935802221298,365128,6,6,False,Right,Front,Right,Centre,53
<_io.BytesIO object at 0x0000023B750D3B80>,0.5267467498779297,0.07791224867105484,-0.17055867612361908,365129,6,6,False,Right,Front,Right,Centre,53
<_io.BytesIO object at 0x0000023B750D3720>,0.581174373626709,0.07838793098926544,-0.08643822371959686,365129,6,6,False,Right,Front,Right,Centre,53
<_io.BytesIO object at 0x0000023B723F21D0>,0.4958103597164154,0.08448493480682373,-0.1449572741985321,365129,6,6,False,Right,Front,Right,Centre,53
<_io.BytesIO object at 0x0000023B723F24F0>,0.4692135155200958,0.04927637428045273,-0.13707786798477173,365129,6,6,False,Right,Front,Right,Centre,53
<_io.BytesIO object at 0x0000023B723F25E0>,0.5010225772857666,0.03300517424941063,-0.05939391255378723,365129,6,6,False,Right,Front,Right,Centre,53
<_io.BytesIO object at 0x0000023B723F2770>,0.9132820963859558,0.046498365700244904,-0.053779542446136475,365129,6,6,False,Right,Front,Right,Centre,53
<_io.BytesIO object at 0x0000023B723F2270>,0.8699184656143188,0.0441436730325222,-0.04762723669409752,365129,6,6,False,Right,Front,Right,Centre,53
<_io.BytesIO object at 0x0000023B723F28B0>,0.8887208700180054,0.022340619936585426,0.04753609001636505,365129,6,6,False,Right,Front,Right,Centre,53
<_io.BytesIO object at 0x0000023B723F2F90>,0.967919111251831,0.00021411164198070765,-0.005488921422511339,365129,6,6,False,Right,Front,Right,Centre,53
<_io.BytesIO object at 0x0000023B75200B80>,0.9297937750816345,0.006799531634896994,-0.07036550343036652,365129,6,6,False,Right,Front,Right,Centre,53
<_io.BytesIO object at 0x0000023B723F2D10>,0.5268839001655579,0.07804374396800995,-0.17066369950771332,365130,6,6,False,Right,Front,Right,Centre,53
<_io.BytesIO object at 0x0000023B723F2540>,0.5812460780143738,0.0785905048251152,-0.08651293069124222,365130,6,6,False,Right,Front,Right,Centre,53
<_io.BytesIO object at 0x0000023B723F2130>,0.49592530727386475,0.08444499224424362,-0.1450914740562439,365130,6,6,False,Right,Front,Right,Centre,53
<_io.BytesIO object at 0x0000023B723F22C0>,0.46944692730903625,0.049175508320331573,-0.1372629702091217,365130,6,6,False,Right,Front,Right,Centre,53
<_io.BytesIO object at 0x0000023B723F2D60>,0.5012445449829102,0.03289336338639259,-0.05964750051498413,365130,6,6,False,Right,Front,Right,Centre,53
<_io.BytesIO object at 0x0000023B750D3450>,0.9132940769195557,0.04649341478943825,-0.05379551649093628,365130,6,6,False,Right,Front,Right,Centre,53
<_io.BytesIO object at 0x0000023B750D3EF0>,0.8699265122413635,0.044143129140138626,-0.04764021188020706,365130,6,6,False,Right,Front,Right,Centre,53
<_io.BytesIO object at 0x0000023B750D3090>,0.8887307643890381,0.022346187382936478,0.047521866858005524,365130,6,6,False,Right,Front,Right,Centre,53
<_io.BytesIO object at 0x0000023B750D3720>,0.9679234027862549,0.00020459284132812172,-0.0054968493059277534,365130,6,6,False,Right,Front,Right,Centre,53
<_io.BytesIO object at 0x0000023B750D3770>,0.9298000335693359,0.006791333667933941,-0.07037128508090973,365130,6,6,False,Right,Front,Right,Centre,53
<_io.BytesIO object at 0x0000023B750D3F40>,0.5271192193031311,0.07811865210533142,-0.1708107441663742,365131,6,6,False,Right,Front,Right,Centre,53
<_io.BytesIO object at 0x0000023B750D36D0>,0.5813392996788025,0.078766368329525,-0.08654740452766418,365131,6,6,False,Right,Front,Right,Centre,53
<_io.BytesIO object at 0x0000023B723F20E0>,0.49606096744537354,0.08439590036869049,-0.14522497355937958,365131,6,6,False,Right,Front,Right,Centre,53
<_io.BytesIO object at 0x0000023B723F2900>,0.4696834981441498,0.04905400425195694,-0.13743868470191956,365131,6,6,False,Right,Front,Right,Centre,53
<_io.BytesIO object at 0x0000023B723F2590>,0.5014529824256897,0.03272855654358864,-0.05990634113550186,365131,6,6,False,Right,Front,Right,Centre,53
<_io.BytesIO object at 0x0000023B723F2540>,0.9132922887802124,0.04649205878376961,-0.053811486810445786,365131,6,6,False,Right,Front,Right,Centre,53
<_io.BytesIO object at 0x0000023B723F2E50>,0.8699246644973755,0.04414815083146095,-0.04764702171087265,365131,6,6,False,Right,Front,Right,Centre,53
<_io.BytesIO object at 0x0000023B750E0180>,0.888731837272644,0.022349705919623375,0.04750930890440941,365131,6,6,False,Right,Front,Right,Centre,53
<_io.BytesIO object at 0x0000023B750E04F0>,0.9679223299026489,0.00020270068489480764,-0.00550090754404664,365131,6,6,False,Right,Front,Right,Centre,53
<_io.BytesIO object at 0x0000023B750E0C70>,0.9297932386398315,0.006783533375710249,-0.07040516287088394,365131,6,6,False,Right,Front,Right,Centre,53
<_io.BytesIO object at 0x0000023B723DB130>,0.5273576378822327,0.07833954691886902,-0.1709246039390564,365132,6,6,False,Right,Front,Right,Centre,53
<_io.BytesIO object at 0x0000023B723DB950>,0.5814138054847717,0.07885375618934631,-0.08657868951559067,365132,6,6,False,Right,Front,Right,Centre,53
<_io.BytesIO object at 0x0000023B723DB860>,0.4961543083190918,0.08434057235717773,-0.14535589516162872,365132,6,6,False,Right,Front,Right,Centre,53
<_io.BytesIO object at 0x0000023B723DB220>,0.4699404537677765,0.048929307609796524,-0.13763350248336792,365132,6,6,False,Right,Front,Right,Centre,53
<_io.BytesIO object at 0x0000023B723F9EF0>,0.5016570687294006,0.03245493397116661,-0.0601729080080986,365132,6,6,False,Right,Front,Right,Centre,53
<_io.BytesIO object at 0x0000023B723F9C70>,0.9132913947105408,0.04648735001683235,-0.05383021757006645,365132,6,6,False,Right,Front,Right,Centre,53
<_io.BytesIO object at 0x0000023B723F99F0>,0.8699248433113098,0.04413856193423271,-0.04765339195728302,365132,6,6,False,Right,Front,Right,Centre,53
<_io.BytesIO object at 0x0000023B723F9A40>,0.8887293338775635,0.022354980930685997,0.0475035198032856,365132,6,6,False,Right,Front,Right,Centre,53
<_io.BytesIO object at 0x0000023B723F9270>,0.9679247736930847,0.00020448386203497648,-0.005496563855558634,365132,6,6,False,Right,Front,Right,Centre,53
<_io.BytesIO object at 0x0000023B723F9400>,0.9297863841056824,0.006789514794945717,-0.07039225846529007,365132,6,6,False,Right,Front,Right,Centre,53
<_io.BytesIO object at 0x0000023B750EBA40>,0.527494490146637,0.0784161314368248,-0.17103344202041626,365133,6,6,False,Right,Front,Right,Centre,53
<_io.BytesIO object at 0x0000023B723F01D0>,0.5814715027809143,0.07888736575841904,-0.08658570796251297,365133,6,6,False,Right,Front,Right,Centre,53
<_io.BytesIO object at 0x0000023B723F0EF0>,0.49625688791275024,0.0842876136302948,-0.14545194804668427,365133,6,6,False,Right,Front,Right,Centre,53
<_io.BytesIO object at 0x0000023B723F0E00>,0.4701191782951355,0.04879801720380783,-0.1378214806318283,365133,6,6,False,Right,Front,Right,Centre,53
<_io.BytesIO object at 0x0000023B723F0540>,0.5018352270126343,0.03223612904548645,-0.06037825345993042,365133,6,6,False,Right,Front,Right,Centre,53
<_io.BytesIO object at 0x0000023B723F0EA0>,0.913284957408905,0.046483252197504044,-0.053836170583963394,365133,6,6,False,Right,Front,Right,Centre,53
<_io.BytesIO object at 0x0000023B723F07C0>,0.8699135780334473,0.044139452278614044,-0.04765265807509422,365133,6,6,False,Right,Front,Right,Centre,53
<_io.BytesIO object at 0x0000023B723F0720>,0.8887234330177307,0.02235247567296028,0.04749901220202446,365133,6,6,False,Right,Front,Right,Centre,53
<_io.BytesIO object at 0x0000023B723FC590>,0.9679179191589355,0.00020208963542245328,-0.0054986439645290375,365133,6,6,False,Right,Front,Right,Centre,53
<_io.BytesIO object at 0x0000023B723FCAE0>,0.9297826886177063,0.006784103345125914,-0.07040594518184662,365133,6,6,False,Right,Front,Right,Centre,53
<_io.BytesIO object at 0x0000023B723D6E50>,0.5276216268539429,0.07844826579093933,-0.17111755907535553,365134,6,6,False,Right,Front,Right,Centre,53
<_io.BytesIO object at 0x0000023B723D60E0>,0.5815350413322449,0.07887721061706543,-0.08659457415342331,365134,6,6,False,Right,Front,Right,Centre,53
<_io.BytesIO object at 0x0000023B750F4680>,0.4963792860507965,0.08419781923294067,-0.14559857547283173,365134,6,6,False,Right,Front,Right,Centre,53
<_io.BytesIO object at 0x0000023B750F43B0>,0.4703342914581299,0.048588067293167114,-0.13803838193416595,365134,6,6,False,Right,Front,Right,Centre,53
<_io.BytesIO object at 0x0000023B750F4B30>,0.5020047426223755,0.03199940174818039,-0.060591403394937515,365134,6,6,False,Right,Front,Right,Centre,53
<_io.BytesIO object at 0x0000023B750F4360>,0.9132712483406067,0.046494316309690475,-0.05383086949586868,365134,6,6,False,Right,Front,Right,Centre,53
<_io.BytesIO object at 0x0000023B750F4EF0>,0.8698973059654236,0.04414326325058937,-0.047651611268520355,365134,6,6,False,Right,Front,Right,Centre,53
<_io.BytesIO object at 0x0000023B750F46D0>,0.8887233734130859,0.022358637303113937,0.04750548675656319,365134,6,6,False,Right,Front,Right,Centre,53
<_io.BytesIO object at 0x0000023B750F4310>,0.9679213166236877,0.00022062378411646932,-0.005496586207300425,365134,6,6,False,Right,Front,Right,Centre,53
<_io.BytesIO object at 0x0000023B723D76D0>,0.9297760128974915,0.0067933364771306515,-0.07038028538227081,365134,6,6,False,Right,Front,Right,Centre,53
<_io.BytesIO object at 0x0000023B75109540>,0.5277478098869324,0.07844532281160355,-0.17121028900146484,365135,6,6,False,Right,Front,Right,Centre,53
<_io.BytesIO object at 0x0000023B75109D60>,0.581581175327301,0.07886172831058502,-0.08658163994550705,365135,6,6,False,Right,Front,Right,Centre,53
<_io.BytesIO object at 0x0000023B751093B0>,0.4964596927165985,0.08412055671215057,-0.1456909477710724,365135,6,6,False,Right,Front,Right,Centre,53
<_io.BytesIO object at 0x0000023B723F1950>,0.47049716114997864,0.04843347892165184,-0.13819724321365356,365135,6,6,False,Right,Front,Right,Centre,53
<_io.BytesIO object at 0x0000023B723F1F40>,0.5021656155586243,0.03174713999032974,-0.060823116451501846,365135,6,6,False,Right,Front,Right,Centre,53
<_io.BytesIO object at 0x0000023B723F1360>,0.9132502675056458,0.046497151255607605,-0.053829584270715714,365135,6,6,False,Right,Front,Right,Centre,53
<_io.BytesIO object at 0x0000023B723F1540>,0.8698804974555969,0.04415634274482727,-0.0476374626159668,365135,6,6,False,Right,Front,Right,Centre,53
<_io.BytesIO object at 0x0000023B723F13B0>,0.8887226581573486,0.02236996404826641,0.04751725494861603,365135,6,6,False,Right,Front,Right,Centre,53
<_io.BytesIO object at 0x0000023B723F18B0>,0.9679168462753296,0.00024271325673907995,-0.0054781632497906685,365135,6,6,False,Right,Front,Right,Centre,53
<_io.BytesIO object at 0x0000023B723F1D60>,0.9297359585762024,0.0067723640240728855,-0.07041668146848679,365135,6,6,False,Right,Front,Right,Centre,53
<_io.BytesIO object at 0x0000023B723F1360>,0.5278671979904175,0.07844570279121399,-0.17128029465675354,365136,6,6,False,Right,Front,Right,Centre,53
<_io.BytesIO object at 0x0000023B75109090>,0.5816600918769836,0.07886806130409241,-0.0865444615483284,365136,6,6,False,Right,Front,Right,Centre,53
<_io.BytesIO object at 0x0000023B75109B80>,0.4965316355228424,0.08404096215963364,-0.14578039944171906,365136,6,6,False,Right,Front,Right,Centre,53
<_io.BytesIO object at 0x0000023B75109400>,0.47068214416503906,0.04824553802609444,-0.13840769231319427,365136,6,6,False,Right,Front,Right,Centre,53
<_io.BytesIO object at 0x0000023B751092C0>,0.5022909641265869,0.03151531144976616,-0.06098293140530586,365136,6,6,False,Right,Front,Right,Centre,53
<_io.BytesIO object at 0x0000023B723D7770>,0.9132375121116638,0.046491313725709915,-0.053821586072444916,365136,6,6,False,Right,Front,Right,Centre,53
<_io.BytesIO object at 0x0000023B723D75E0>,0.8698601126670837,0.04415115714073181,-0.04762379825115204,365136,6,6,False,Right,Front,Right,Centre,53
<_io.BytesIO object at 0x0000023B723D7F40>,0.8887163400650024,0.022364512085914612,0.0475226566195488,365136,6,6,False,Right,Front,Right,Centre,53
<_io.BytesIO object at 0x0000023B723D77C0>,0.9679109454154968,0.0002466497535351664,-0.005489255301654339,365136,6,6,False,Right,Front,Right,Centre,53
<_io.BytesIO object at 0x0000023B723D7860>,0.9297192692756653,0.006787982303649187,-0.07040464133024216,365136,6,6,False,Right,Front,Right,Centre,53
<_io.BytesIO object at 0x0000023B750F4900>,0.527956485748291,0.07843834161758423,-0.17133353650569916,365137,6,6,False,Right,Front,Right,Centre,53
<_io.BytesIO object at 0x0000023B723D6E50>,0.58168625831604,0.07885926216840744,-0.0864863470196724,365137,6,6,False,Right,Front,Right,Centre,53
<_io.BytesIO object at 0x0000023B723D6590>,0.49665361642837524,0.08385088294744492,-0.14582595229148865,365137,6,6,False,Right,Front,Right,Centre,53
<_io.BytesIO object at 0x0000023B723D6950>,0.4707908034324646,0.04809778556227684,-0.13855357468128204,365137,6,6,False,Right,Front,Right,Centre,53
<_io.BytesIO object at 0x0000023B723D66D0>,0.5024230480194092,0.03127555549144745,-0.061126530170440674,365137,6,6,False,Right,Front,Right,Centre,53
<_io.BytesIO object at 0x0000023B723D6130>,0.9132102131843567,0.046499986201524734,-0.05380785092711449,365137,6,6,False,Right,Front,Right,Centre,53
<_io.BytesIO object at 0x0000023B72374360>,0.8698383569717407,0.0441444106400013,-0.04760623350739479,365137,6,6,False,Right,Front,Right,Centre,53
<_io.BytesIO object at 0x0000023B723FC7C0>,0.888711154460907,0.022363154217600822,0.047542449086904526,365137,6,6,False,Right,Front,Right,Centre,53
<_io.BytesIO object at 0x0000023B723FC540>,0.9679113030433655,0.0002816741762217134,-0.005474940408021212,365137,6,6,False,Right,Front,Right,Centre,53
<_io.BytesIO object at 0x0000023B723FCB30>,0.9296918511390686,0.006796508561819792,-0.07040399312973022,365137,6,6,False,Right,Front,Right,Centre,53
<_io.BytesIO object at 0x0000023B723F0450>,0.5280317664146423,0.07846740633249283,-0.17140236496925354,365138,6,6,False,Right,Front,Right,Centre,53
<_io.BytesIO object at 0x0000023B723F09F0>,0.5816845297813416,0.07887206971645355,-0.08646095544099808,365138,6,6,False,Right,Front,Right,Centre,53
<_io.BytesIO object at 0x0000023B750EB7C0>,0.49668070673942566,0.08376417309045792,-0.145892933011055,365138,6,6,False,Right,Front,Right,Centre,53
<_io.BytesIO object at 0x0000023B750EB090>,0.47087255120277405,0.047949571162462234,-0.1386665403842926,365138,6,6,False,Right,Front,Right,Centre,53
<_io.BytesIO object at 0x0000023B750EBDB0>,0.5025119781494141,0.03105521947145462,-0.06126349791884422,365138,6,6,False,Right,Front,Right,Centre,53
<_io.BytesIO object at 0x0000023B750EB630>,0.9131883382797241,0.046498313546180725,-0.05379693582653999,365138,6,6,False,Right,Front,Right,Centre,53
<_io.BytesIO object at 0x0000023B750EBCC0>,0.8698127865791321,0.04415444657206535,-0.04759673774242401,365138,6,6,False,Right,Front,Right,Centre,53
<_io.BytesIO object at 0x0000023B750EB0E0>,0.888699471950531,0.022367902100086212,0.047555383294820786,365138,6,6,False,Right,Front,Right,Centre,53
<_io.BytesIO object at 0x0000023B750EB9A0>,0.9679027795791626,0.0003062462492380291,-0.005469226744025946,365138,6,6,False,Right,Front,Right,Centre,53
<_io.BytesIO object at 0x0000023B6D785130>,0.9296601414680481,0.00678987056016922,-0.07041002064943314,365138,6,6,False,Right,Front,Right,Centre,53
<_io.BytesIO object at 0x0000023B723DBA40>,0.5280876159667969,0.07844410091638565,-0.17143875360488892,365139,6,6,False,Right,Front,Right,Centre,53
<_io.BytesIO object at 0x0000023B723DB130>,0.5816712379455566,0.07894957810640335,-0.08639167994260788,365139,6,6,False,Right,Front,Right,Centre,53
<_io.BytesIO object at 0x0000023B723DB900>,0.49671030044555664,0.08367636799812317,-0.14595608413219452,365139,6,6,False,Right,Front,Right,Centre,53
<_io.BytesIO object at 0x0000023B723DB310>,0.4709514081478119,0.04783709719777107,-0.13879074156284332,365139,6,6,False,Right,Front,Right,Centre,53
<_io.BytesIO object at 0x0000023B75200EA0>,0.5025748014450073,0.03088945336639881,-0.06139282137155533,365139,6,6,False,Right,Front,Right,Centre,53
<_io.BytesIO object at 0x0000023B75200C70>,0.9131697416305542,0.046504080295562744,-0.053792212158441544,365139,6,6,False,Right,Front,Right,Centre,53
<_io.BytesIO object at 0x0000023B75200860>,0.8697880506515503,0.04415871202945709,-0.04757603630423546,365139,6,6,False,Right,Front,Right,Centre,53
<_io.BytesIO object at 0x0000023B750E0860>,0.8886181712150574,0.02240319736301899,0.047532178461551666,365139,6,6,False,Right,Front,Right,Centre,53
<_io.BytesIO object at 0x0000023B750E0590>,0.9678791761398315,0.0003687863936647773,-0.005477051716297865,365139,6,6,False,Right,Front,Right,Centre,53
<_io.BytesIO object at 0x0000023B750E0B30>,0.9296267032623291,0.006779194809496403,-0.07041487097740173,365139,6,6,False,Right,Front,Right,Centre,53
<_io.BytesIO object at 0x0000023B723F2130>,0.528148889541626,0.07843900471925735,-0.17147015035152435,365140,6,6,False,Right,Front,Right,Centre,53
<_io.BytesIO object at 0x0000023B723F23B0>,0.5816404223442078,0.07901928573846817,-0.08632867783308029,365140,6,6,False,Right,Front,Right,Centre,53
<_io.BytesIO object at 0x0000023B750D3DB0>,0.49674344062805176,0.08357734978199005,-0.1460179090499878,365140,6,6,False,Right,Front,Right,Centre,53
<_io.BytesIO object at 0x0000023B750D3180>,0.47101178765296936,0.04766857996582985,-0.13889379799365997,365140,6,6,False,Right,Front,Right,Centre,53
<_io.BytesIO object at 0x0000023B750D3860>,0.50263512134552,0.030702849850058556,-0.06150496378540993,365140,6,6,False,Right,Front,Right,Centre,53
<_io.BytesIO object at 0x0000023B750D3B30>,0.9131470322608948,0.04650198295712471,-0.053787462413311005,365140,6,6,False,Right,Front,Right,Centre,53
<_io.BytesIO object at 0x0000023B750D3540>,0.8697565793991089,0.04415255784988403,-0.04756752774119377,365140,6,6,False,Right,Front,Right,Centre,53
<_io.BytesIO object at 0x0000023B723EC900>,0.8886066675186157,0.022395195439457893,0.047538332641124725,365140,6,6,False,Right,Front,Right,Centre,53
<_io.BytesIO object at 0x0000023B723ECA90>,0.9678692817687988,0.00038840342313051224,-0.0054702903144061565,365140,6,6,False,Right,Front,Right,Centre,53
<_io.BytesIO object at 0x0000023B723EC360>,0.9296022057533264,0.0067759412340819836,-0.0704013854265213,365140,6,6,False,Right,Front,Right,Centre,53
<_io.BytesIO object at 0x0000023B723F2E00>,0.528175413608551,0.07846567779779434,-0.17149733006954193,365141,6,6,False,Right,Front,Right,Centre,53
<_io.BytesIO object at 0x0000023B723F2E50>,0.5815926194190979,0.07909955084323883,-0.08625734597444534,365141,6,6,False,Right,Front,Right,Centre,53
<_io.BytesIO object at 0x0000023B723F2EA0>,0.49682626128196716,0.08344109356403351,-0.14616303145885468,365141,6,6,False,Right,Front,Right,Centre,53
<_io.BytesIO object at 0x0000023B750E01D0>,0.4710860550403595,0.04754100367426872,-0.13900773227214813,365141,6,6,False,Right,Front,Right,Centre,53
<_io.BytesIO object at 0x0000023B750E0B80>,0.5027328729629517,0.030494796112179756,-0.0616338849067688,365141,6,6,False,Right,Front,Right,Centre,53
<_io.BytesIO object at 0x0000023B750E0CC0>,0.9131262898445129,0.046503160148859024,-0.05378585308790207,365141,6,6,False,Right,Front,Right,Centre,53
<_io.BytesIO object at 0x0000023B750E0EF0>,0.869730532169342,0.044150058180093765,-0.04756351560354233,365141,6,6,False,Right,Front,Right,Centre,53
<_io.BytesIO object at 0x0000023B750E00E0>,0.8885995149612427,0.022389912977814674,0.04754853993654251,365141,6,6,False,Right,Front,Right,Centre,53
<_io.BytesIO object at 0x0000023B750E09A0>,0.967866063117981,0.00040925494977273047,-0.0054724798537790775,365141,6,6,False,Right,Front,Right,Centre,53
<_io.BytesIO object at 0x0000023B750E0590>,0.9295815229415894,0.006780961528420448,-0.07040505856275558,365141,6,6,False,Right,Front,Right,Centre,53
<_io.BytesIO object at 0x0000023B723DBCC0>,0.5282396674156189,0.07851505279541016,-0.17151425778865814,365142,6,6,False,Right,Front,Right,Centre,53
<_io.BytesIO object at 0x0000023B723F9630>,0.5815492272377014,0.0792786106467247,-0.08624176681041718,365142,6,6,False,Right,Front,Right,Centre,53
<_io.BytesIO object at 0x0000023B723F94F0>,0.49684756994247437,0.08338750898838043,-0.1461915373802185,365142,6,6,False,Right,Front,Right,Centre,53
<_io.BytesIO object at 0x0000023B723F95E0>,0.4711533784866333,0.047433532774448395,-0.13910599052906036,365142,6,6,False,Right,Front,Right,Centre,53
<_io.BytesIO object at 0x0000023B723F9B80>,0.5028020143508911,0.030296124517917633,-0.06179504096508026,365142,6,6,False,Right,Front,Right,Centre,53
<_io.BytesIO object at 0x0000023B723F9CC0>,0.9131019711494446,0.046502962708473206,-0.05378817021846771,365142,6,6,False,Right,Front,Right,Centre,53
<_io.BytesIO object at 0x0000023B723F9180>,0.8696865439414978,0.0441577173769474,-0.04754054546356201,365142,6,6,False,Right,Front,Right,Centre,53
<_io.BytesIO object at 0x0000023B723F9F90>,0.8885913491249084,0.022394413128495216,0.04755603149533272,365142,6,6,False,Right,Front,Right,Centre,53
<_io.BytesIO object at 0x0000023B6D785180>,0.9678774476051331,0.000426586891990155,-0.005472205579280853,365142,6,6,False,Right,Front,Right,Centre,53
<_io.BytesIO object at 0x0000023B750EB720>,0.9295563697814941,0.006779545918107033,-0.07041438668966293,365142,6,6,False,Right,Front,Right,Centre,53
<_io.BytesIO object at 0x0000023B723F0DB0>,0.5282807350158691,0.07857843488454819,-0.17152400314807892,365143,6,6,False,Right,Front,Right,Centre,53
<_io.BytesIO object at 0x0000023B723F0680>,0.5815232396125793,0.07935774326324463,-0.08612451702356339,365143,6,6,False,Right,Front,Right,Centre,53
<_io.BytesIO object at 0x0000023B723F0F40>,0.4968896210193634,0.08337463438510895,-0.14627286791801453,365143,6,6,False,Right,Front,Right,Centre,53
<_io.BytesIO object at 0x0000023B723FCE50>,0.4712095260620117,0.04734628275036812,-0.13920336961746216,365143,6,6,False,Right,Front,Right,Centre,53
<_io.BytesIO object at 0x0000023B723FC5E0>,0.502914547920227,0.03009405918419361,-0.061950985342264175,365143,6,6,False,Right,Front,Right,Centre,53
<_io.BytesIO object at 0x0000023B723FCAE0>,0.9130816459655762,0.04650098457932472,-0.05378294363617897,365143,6,6,False,Right,Front,Right,Centre,53
<_io.BytesIO object at 0x0000023B723FC450>,0.8696622252464294,0.044158533215522766,-0.04753471165895462,365143,6,6,False,Right,Front,Right,Centre,53
<_io.BytesIO object at 0x0000023B723FCEF0>,0.88857501745224,0.02238980121910572,0.047553952783346176,365143,6,6,False,Right,Front,Right,Centre,53
<_io.BytesIO object at 0x0000023B723FC950>,0.9678633809089661,0.00042303078225813806,-0.00547286169603467,365143,6,6,False,Right,Front,Right,Centre,53
<_io.BytesIO object at 0x0000023B723FC4F0>,0.9295461177825928,0.006795974913984537,-0.0703989565372467,365143,6,6,False,Right,Front,Right,Centre,53
<_io.BytesIO object at 0x0000023B723D6680>,0.5283096432685852,0.07863321900367737,-0.17153307795524597,365144,6,6,False,Right,Front,Right,Centre,53
<_io.BytesIO object at 0x0000023B750F4EA0>,0.5814685225486755,0.07946781814098358,-0.08603052794933319,365144,6,6,False,Right,Front,Right,Centre,53
<_io.BytesIO object at 0x0000023B750F47C0>,0.49690529704093933,0.08334546536207199,-0.1463022381067276,365144,6,6,False,Right,Front,Right,Centre,53
<_io.BytesIO object at 0x0000023B750F4040>,0.4712672531604767,0.04729295149445534,-0.13927678763866425,365144,6,6,False,Right,Front,Right,Centre,53
<_io.BytesIO object at 0x0000023B750F4E00>,0.5029778480529785,0.02996104396879673,-0.06205690652132034,365144,6,6,False,Right,Front,Right,Centre,53
<_io.BytesIO object at 0x0000023B723D79F0>,0.9130622148513794,0.04651320353150368,-0.053783174604177475,365144,6,6,False,Right,Front,Right,Centre,53
<_io.BytesIO object at 0x0000023B723D7A90>,0.8696468472480774,0.04416023939847946,-0.04753503575921059,365144,6,6,False,Right,Front,Right,Centre,53
<_io.BytesIO object at 0x0000023B723D79A0>,0.8885751962661743,0.022386055439710617,0.04755615070462227,365144,6,6,False,Right,Front,Right,Centre,53
<_io.BytesIO object at 0x0000023B723D7860>,0.9678716063499451,0.0004493831656873226,-0.005472186952829361,365144,6,6,False,Right,Front,Right,Centre,53
<_io.BytesIO object at 0x0000023B723D7720>,0.9295196533203125,0.006785666104406118,-0.07041715085506439,365144,6,6,False,Right,Front,Right,Centre,53
<_io.BytesIO object at 0x0000023B751093B0>,0.5284748077392578,0.07871530205011368,-0.17148016393184662,365145,6,6,False,Right,Front,Right,Centre,53
<_io.BytesIO object at 0x0000023B723F1270>,0.5814210772514343,0.07953809201717377,-0.08595491200685501,365145,6,6,False,Right,Front,Right,Centre,53
<_io.BytesIO object at 0x0000023B723F1EA0>,0.496914267539978,0.08334168791770935,-0.1463368684053421,365145,6,6,False,Right,Front,Right,Centre,53
<_io.BytesIO object at 0x0000023B723F15E0>,0.4713217318058014,0.04722175374627113,-0.13935241103172302,365145,6,6,False,Right,Front,Right,Centre,53
<_io.BytesIO object at 0x0000023B723F17C0>,0.5030031800270081,0.029883304610848427,-0.06214119493961334,365145,6,6,False,Right,Front,Right,Centre,53
<_io.BytesIO object at 0x0000023B723ECE50>,0.9130520224571228,0.046507012099027634,-0.05379209667444229,365145,6,6,False,Right,Front,Right,Centre,53
<_io.BytesIO object at 0x0000023B723EC5E0>,0.8696065545082092,0.044132500886917114,-0.04754568636417389,365145,6,6,False,Right,Front,Right,Centre,53
<_io.BytesIO object at 0x0000023B723EC7C0>,0.8885630965232849,0.022377023473381996,0.04755398631095886,365145,6,6,False,Right,Front,Right,Centre,53
<_io.BytesIO object at 0x0000023B723EC360>,0.9678734540939331,0.00042160373413935304,-0.0055082812905311584,365145,6,6,False,Right,Front,Right,Centre,53
<_io.BytesIO object at 0x0000023B723ECEA0>,0.9295097589492798,0.0067969574593007565,-0.07040616124868393,365145,6,6,False,Right,Front,Right,Centre,53
<_io.BytesIO object at 0x0000023B751091D0>,0.5284950733184814,0.07877247035503387,-0.17148113250732422,365146,6,6,False,Right,Front,Right,Centre,53
<_io.BytesIO object at 0x0000023B75109590>,0.5813608169555664,0.07958857715129852,-0.08589251339435577,365146,6,6,False,Right,Front,Right,Centre,53
<_io.BytesIO object at 0x0000023B723D74A0>,0.4969176948070526,0.08334489911794662,-0.14636588096618652,365146,6,6,False,Right,Front,Right,Centre,53
<_io.BytesIO object at 0x0000023B723D70E0>,0.47137439250946045,0.04719090089201927,-0.13943517208099365,365146,6,6,False,Right,Front,Right,Centre,53
<_io.BytesIO object at 0x0000023B723D75E0>,0.5030218958854675,0.02982225827872753,-0.0622079111635685,365146,6,6,False,Right,Front,Right,Centre,53
<_io.BytesIO object at 0x0000023B723D77C0>,0.9130379557609558,0.04650609940290451,-0.05379244312644005,365146,6,6,False,Right,Front,Right,Centre,53
<_io.BytesIO object at 0x0000023B723D72C0>,0.8695868849754333,0.044128596782684326,-0.04754941910505295,365146,6,6,False,Right,Front,Right,Centre,53
<_io.BytesIO object at 0x0000023B723D7220>,0.8885570764541626,0.02236134745180607,0.047553978860378265,365146,6,6,False,Right,Front,Right,Centre,53
<_io.BytesIO object at 0x0000023B723D79F0>,0.9678641557693481,0.00042442671838216484,-0.005509215407073498,365146,6,6,False,Right,Front,Right,Centre,53
<_io.BytesIO object at 0x0000023B750F4810>,0.9295068383216858,0.006801337003707886,-0.07039391249418259,365146,6,6,False,Right,Front,Right,Centre,53
<_io.BytesIO object at 0x0000023B723D69A0>,0.5285210013389587,0.07882044464349747,-0.1714976280927658,365147,6,6,False,Right,Front,Right,Centre,53
<_io.BytesIO object at 0x0000023B723D6EF0>,0.5812771320343018,0.07965276390314102,-0.08579753339290619,365147,6,6,False,Right,Front,Right,Centre,53
<_io.BytesIO object at 0x0000023B723D6180>,0.49691256880760193,0.08334474265575409,-0.14639636874198914,365147,6,6,False,Right,Front,Right,Centre,53
<_io.BytesIO object at 0x0000023B723FC270>,0.4714135229587555,0.04714592173695564,-0.13950692117214203,365147,6,6,False,Right,Front,Right,Centre,53
<_io.BytesIO object at 0x0000023B723FC040>,0.50298672914505,0.02979263849556446,-0.06229979544878006,365147,6,6,False,Right,Front,Right,Centre,53
<_io.BytesIO object at 0x0000023B723FCC70>,0.9130240678787231,0.04650077968835831,-0.0537877157330513,365147,6,6,False,Right,Front,Right,Centre,53
<_io.BytesIO object at 0x0000023B723FCB30>,0.86957848072052,0.04412601515650749,-0.04754437878727913,365147,6,6,False,Right,Front,Right,Centre,53
<_io.BytesIO object at 0x0000023B723FCCC0>,0.8885471820831299,0.02236648090183735,0.04755490645766258,365147,6,6,False,Right,Front,Right,Centre,53
<_io.BytesIO object at 0x0000023B723FCA90>,0.9678625464439392,0.0004270748177077621,-0.005516322795301676,365147,6,6,False,Right,Front,Right,Centre,53
<_io.BytesIO object at 0x0000023B723FC5E0>,0.9294964075088501,0.0067988294176757336,-0.07040934264659882,365147,6,6,False,Right,Front,Right,Centre,53
<_io.BytesIO object at 0x0000023B723F0040>,0.5285347700119019,0.07888156175613403,-0.17150849103927612,365148,6,6,False,Right,Front,Right,Centre,53
<_io.BytesIO object at 0x0000023B723F9180>,0.5812071561813354,0.07977331429719925,-0.0857185497879982,365148,6,6,False,Right,Front,Right,Centre,53
<_io.BytesIO object at 0x0000023B723F9270>,0.4969075620174408,0.08335143327713013,-0.14641401171684265,365148,6,6,False,Right,Front,Right,Centre,53
<_io.BytesIO object at 0x0000023B723F94F0>,0.4714551866054535,0.04711363837122917,-0.1395682841539383,365148,6,6,False,Right,Front,Right,Centre,53
<_io.BytesIO object at 0x0000023B723F9C70>,0.5029822587966919,0.029756834730505943,-0.06235058605670929,365148,6,6,False,Right,Front,Right,Centre,53
<_io.BytesIO object at 0x0000023B723F9A40>,0.9130191802978516,0.046503692865371704,-0.05378001183271408,365148,6,6,False,Right,Front,Right,Centre,53
<_io.BytesIO object at 0x0000023B723DB4A0>,0.8695785403251648,0.044123467057943344,-0.047544486820697784,365148,6,6,False,Right,Front,Right,Centre,53
<_io.BytesIO object at 0x0000023B723DBC70>,0.8886158466339111,0.022314518690109253,0.04760134220123291,365148,6,6,False,Right,Front,Right,Centre,53
<_io.BytesIO object at 0x0000023B723DB860>,0.9678162336349487,0.0004400801844894886,-0.005562825594097376,365148,6,6,False,Right,Front,Right,Centre,53
<_io.BytesIO object at 0x0000023B723DB770>,0.9294981956481934,0.006798636633902788,-0.07040347158908844,365148,6,6,False,Right,Front,Right,Centre,53
<_io.BytesIO object at 0x0000023B750EB0E0>,0.5285571813583374,0.07896366715431213,-0.1715027540922165,365149,6,6,False,Right,Front,Right,Centre,53
<_io.BytesIO object at 0x0000023B75200EA0>,0.5811277627944946,0.0798836275935173,-0.08561515808105469,365149,6,6,False,Right,Front,Right,Centre,53
<_io.BytesIO object at 0x0000023B75200DB0>,0.49689003825187683,0.08335959911346436,-0.14641882479190826,365149,6,6,False,Right,Front,Right,Centre,53
<_io.BytesIO object at 0x0000023B750E02C0>,0.4715341627597809,0.04702451452612877,-0.1396958827972412,365149,6,6,False,Right,Front,Right,Centre,53
<_io.BytesIO object at 0x0000023B750E0E50>,0.5029898881912231,0.029692955315113068,-0.06239821016788483,365149,6,6,False,Right,Front,Right,Centre,53
<_io.BytesIO object at 0x0000023B750E0590>,0.9130198955535889,0.04649621620774269,-0.05376792699098587,365149,6,6,False,Right,Front,Right,Centre,53
<_io.BytesIO object at 0x0000023B750E0B30>,0.8695719242095947,0.04412071034312248,-0.0475422702729702,365149,6,6,False,Right,Front,Right,Centre,53
<_io.BytesIO object at 0x0000023B750E0810>,0.8885486721992493,0.022336464375257492,0.047573309391736984,365149,6,6,False,Right,Front,Right,Centre,53
<_io.BytesIO object at 0x0000023B750E0130>,0.9678094983100891,0.00043960794573649764,-0.005557202734053135,365149,6,6,False,Right,Front,Right,Centre,53
<_io.BytesIO object at 0x0000023B750E0A40>,0.929503858089447,0.006803213153034449,-0.07038882374763489,365149,6,6,False,Right,Front,Right,Centre,53
<_io.BytesIO object at 0x0000023B750D3BD0>,0.5285536050796509,0.07905454188585281,-0.17145922780036926,365150,6,6,False,Right,Front,Right,Centre,53
<_io.BytesIO object at 0x0000023B750D3DB0>,0.5810117125511169,0.0800592303276062,-0.08558139204978943,365150,6,6,False,Right,Front,Right,Centre,53
<_io.BytesIO object at 0x0000023B723F2950>,0.49684399366378784,0.08337850123643875,-0.14640048146247864,365150,6,6,False,Right,Front,Right,Centre,53
<_io.BytesIO object at 0x0000023B723F2DB0>,0.47154098749160767,0.04700504615902901,-0.13974681496620178,365150,6,6,False,Right,Front,Right,Centre,53
<_io.BytesIO object at 0x0000023B723F24F0>,0.5030084848403931,0.029603617265820503,-0.06245862692594528,365150,6,6,False,Right,Front,Right,Centre,53
<_io.BytesIO object at 0x0000023B723F2F90>,0.9130164980888367,0.04649478197097778,-0.053766828030347824,365150,6,6,False,Right,Front,Right,Centre,53
<_io.BytesIO object at 0x0000023B723F2CC0>,0.8695706129074097,0.04412019997835159,-0.047537367790937424,365150,6,6,False,Right,Front,Right,Centre,53
<_io.BytesIO object at 0x0000023B723F2860>,0.8885419368743896,0.022333547472953796,0.0475834496319294,365150,6,6,False,Right,Front,Right,Centre,53
<_io.BytesIO object at 0x0000023B723F2EA0>,0.9678654670715332,0.00044788303785026073,-0.005534902215003967,365150,6,6,False,Right,Front,Right,Centre,53
<_io.BytesIO object at 0x0000023B723F2AE0>,0.9294999837875366,0.0068037607707083225,-0.0703834667801857,365150,6,6,False,Right,Front,Right,Centre,53
<_io.BytesIO object at 0x0000023B75200EA0>,0.5285297632217407,0.07913826406002045,-0.17141498625278473,365151,6,6,False,Right,Front,Right,Centre,53
<_io.BytesIO object at 0x0000023B750EB900>,0.5809314846992493,0.08015720546245575,-0.08549391478300095,365151,6,6,False,Right,Front,Right,Centre,53
<_io.BytesIO object at 0x0000023B750EB130>,0.49680477380752563,0.08339416235685349,-0.14638693630695343,365151,6,6,False,Right,Front,Right,Centre,53
<_io.BytesIO object at 0x0000023B750EB9F0>,0.47154954075813293,0.04697299003601074,-0.13978590071201324,365151,6,6,False,Right,Front,Right,Centre,53
<_io.BytesIO object at 0x0000023B750EBA40>,0.5030238628387451,0.02949339710175991,-0.06252511590719223,365151,6,6,False,Right,Front,Right,Centre,53
<_io.BytesIO object at 0x0000023B750EBF40>,0.9130170345306396,0.04649151861667633,-0.053747907280921936,365151,6,6,False,Right,Front,Right,Centre,53
<_io.BytesIO object at 0x0000023B723DB310>,0.8695684671401978,0.04411659017205238,-0.047527555376291275,365151,6,6,False,Right,Front,Right,Centre,53
<_io.BytesIO object at 0x0000023B723DB180>,0.888545036315918,0.022328045219182968,0.047592733055353165,365151,6,6,False,Right,Front,Right,Centre,53
<_io.BytesIO object at 0x0000023B723DB360>,0.9678112268447876,0.0004476027097553015,-0.005556353367865086,365151,6,6,False,Right,Front,Right,Centre,53
<_io.BytesIO object at 0x0000023B723DBEA0>,0.9295018911361694,0.006799650844186544,-0.07036372274160385,365151,6,6,False,Right,Front,Right,Centre,53
<_io.BytesIO object at 0x0000023B723F9BD0>,0.5284721851348877,0.07928474992513657,-0.17140771448612213,365152,6,6,False,Right,Front,Right,Centre,53
<_io.BytesIO object at 0x0000023B6D785220>,0.5808223485946655,0.08026956021785736,-0.08541075885295868,365152,6,6,False,Right,Front,Right,Centre,53
<_io.BytesIO object at 0x0000023B723F03B0>,0.49676045775413513,0.08340394496917725,-0.1463625282049179,365152,6,6,False,Right,Front,Right,Centre,53
<_io.BytesIO object at 0x0000023B723F0090>,0.4715382754802704,0.04696263372898102,-0.139811709523201,365152,6,6,False,Right,Front,Right,Centre,53
<_io.BytesIO object at 0x0000023B723F0BD0>,0.50303053855896,0.029383257031440735,-0.06255828589200974,365152,6,6,False,Right,Front,Right,Centre,53
<_io.BytesIO object at 0x0000023B723F0770>,0.9130080938339233,0.04649972915649414,-0.0537387877702713,365152,6,6,False,Right,Front,Right,Centre,53
<_io.BytesIO object at 0x0000023B723F0180>,0.8695623874664307,0.044112078845500946,-0.04751521348953247,365152,6,6,False,Right,Front,Right,Centre,53
<_io.BytesIO object at 0x0000023B723F0810>,0.8885441422462463,0.02233108878135681,0.04760119318962097,365152,6,6,False,Right,Front,Right,Centre,53
<_io.BytesIO object at 0x0000023B723F0B30>,0.9678527116775513,0.0004486895340960473,-0.005524348001927137,365152,6,6,False,Right,Front,Right,Centre,53
<_io.BytesIO object at 0x0000023B723FC540>,0.9295105338096619,0.006813316605985165,-0.07034836709499359,365152,6,6,False,Right,Front,Right,Centre,53
<_io.BytesIO object at 0x0000023B723D6950>,0.5284392237663269,0.0793633833527565,-0.1713656634092331,365153,6,6,False,Right,Front,Right,Centre,53
<_io.BytesIO object at 0x0000023B723D6310>,0.5806918740272522,0.08043435961008072,-0.08524944633245468,365153,6,6,False,Right,Front,Right,Centre,53
<_io.BytesIO object at 0x0000023B723D6CC0>,0.49659717082977295,0.0834580585360527,-0.1462385356426239,365153,6,6,False,Right,Front,Right,Centre,53
<_io.BytesIO object at 0x0000023B750F42C0>,0.47153276205062866,0.0469372421503067,-0.1398124098777771,365153,6,6,False,Right,Front,Right,Centre,53
<_io.BytesIO object at 0x0000023B750F4AE0>,0.5030101537704468,0.029328571632504463,-0.06257755309343338,365153,6,6,False,Right,Front,Right,Centre,53
<_io.BytesIO object at 0x0000023B750F4950>,0.9129461646080017,0.04649115726351738,-0.05366673693060875,365153,6,6,False,Right,Front,Right,Centre,53
<_io.BytesIO object at 0x0000023B750F44A0>,0.8695574402809143,0.04411613941192627,-0.04750945419073105,365153,6,6,False,Right,Front,Right,Centre,53
<_io.BytesIO object at 0x0000023B750F4F90>,0.888534426689148,0.02232740819454193,0.047598663717508316,365153,6,6,False,Right,Front,Right,Centre,53
<_io.BytesIO object at 0x0000023B750F4F40>,0.9678006172180176,0.0004554784682113677,-0.005556318908929825,365153,6,6,False,Right,Front,Right,Centre,53
<_io.BytesIO object at 0x0000023B750F4810>,0.9295003414154053,0.006793028209358454,-0.07035886496305466,365153,6,6,False,Right,Front,Right,Centre,53
<_io.BytesIO object at 0x0000023B75109E50>,0.5284161567687988,0.0796128585934639,-0.17133064568042755,365154,6,6,False,Right,Front,Right,Centre,53
<_io.BytesIO object at 0x0000023B75109F90>,0.5805855989456177,0.08067946881055832,-0.08515932410955429,365154,6,6,False,Right,Front,Right,Centre,53
<_io.BytesIO object at 0x0000023B75109A90>,0.49654194712638855,0.08349019289016724,-0.1462053805589676,365154,6,6,False,Right,Front,Right,Centre,53
<_io.BytesIO object at 0x0000023B723F17C0>,0.47151321172714233,0.04691829904913902,-0.13980896770954132,365154,6,6,False,Right,Front,Right,Centre,53
<_io.BytesIO object at 0x0000023B723F15E0>,0.5029929876327515,0.029304150491952896,-0.06257454305887222,365154,6,6,False,Right,Front,Right,Centre,53
<_io.BytesIO object at 0x0000023B723F1C20>,0.9129406213760376,0.04649040475487709,-0.05365530401468277,365154,6,6,False,Right,Front,Right,Centre,53
<_io.BytesIO object at 0x0000023B723F19F0>,0.8695363402366638,0.04414598271250725,-0.04742882028222084,365154,6,6,False,Right,Front,Right,Centre,53
<_io.BytesIO object at 0x0000023B723F1A90>,0.8885336518287659,0.022310985252261162,0.04762360453605652,365154,6,6,False,Right,Front,Right,Centre,53
<_io.BytesIO object at 0x0000023B723F1540>,0.9678385257720947,0.0004570282471831888,-0.005514678545296192,365154,6,6,False,Right,Front,Right,Centre,53
<_io.BytesIO object at 0x0000023B723F1860>,0.9295019507408142,0.006810344289988279,-0.07031706720590591,365154,6,6,False,Right,Front,Right,Centre,53
<_io.BytesIO object at 0x0000023B750D3770>,0.5283271670341492,0.07953596115112305,-0.17124691605567932,365155,6,6,False,Right,Front,Right,Centre,53
<_io.BytesIO object at 0x0000023B750D3450>,0.5804319381713867,0.08088269084692001,-0.08499167114496231,365155,6,6,False,Right,Front,Right,Centre,53
<_io.BytesIO object at 0x0000023B750D3950>,0.49643561244010925,0.08351175487041473,-0.14612574875354767,365155,6,6,False,Right,Front,Right,Centre,53
<_io.BytesIO object at 0x0000023B750D3270>,0.47147396206855774,0.04692668467760086,-0.13976947963237762,365155,6,6,False,Right,Front,Right,Centre,53
<_io.BytesIO object at 0x0000023B750D3F40>,0.5029772520065308,0.029314760118722916,-0.0625385046005249,365155,6,6,False,Right,Front,Right,Centre,53
<_io.BytesIO object at 0x0000023B723F1CC0>,0.9129315614700317,0.04649213328957558,-0.05364057794213295,365155,6,6,False,Right,Front,Right,Centre,53
<_io.BytesIO object at 0x0000023B723F1A90>,0.8695257306098938,0.0441523976624012,-0.047417156398296356,365155,6,6,False,Right,Front,Right,Centre,53
<_io.BytesIO object at 0x0000023B723F1450>,0.8885239362716675,0.022314803674817085,0.047627732157707214,365155,6,6,False,Right,Front,Right,Centre,53
<_io.BytesIO object at 0x0000023B723F14F0>,0.9678028225898743,0.000494247127790004,-0.005542558152228594,365155,6,6,False,Right,Front,Right,Centre,53
<_io.BytesIO object at 0x0000023B723F1EA0>,0.9294878840446472,0.006799834314733744,-0.07032536715269089,365155,6,6,False,Right,Front,Right,Centre,53
<_io.BytesIO object at 0x0000023B723D70E0>,0.528308093547821,0.07976327836513519,-0.17119280993938446,365156,6,6,False,Right,Front,Right,Centre,53
<_io.BytesIO object at 0x0000023B723D7180>,0.580282986164093,0.08107905089855194,-0.08482233434915543,365156,6,6,False,Right,Front,Right,Centre,53
<_io.BytesIO object at 0x0000023B723D7F90>,0.49634885787963867,0.08354910463094711,-0.14606185257434845,365156,6,6,False,Right,Front,Right,Centre,53
<_io.BytesIO object at 0x0000023B750F48B0>,0.47137850522994995,0.04697820916771889,-0.13964512944221497,365156,6,6,False,Right,Front,Right,Centre,53
<_io.BytesIO object at 0x0000023B750F4040>,0.5029475688934326,0.029369544237852097,-0.06247364729642868,365156,6,6,False,Right,Front,Right,Centre,53
<_io.BytesIO object at 0x0000023B750F4F40>,0.9129210114479065,0.04649239778518677,-0.053634803742170334,365156,6,6,False,Right,Front,Right,Centre,53
<_io.BytesIO object at 0x0000023B750F47C0>,0.8695194721221924,0.04415363818407059,-0.04741282761096954,365156,6,6,False,Right,Front,Right,Centre,53
<_io.BytesIO object at 0x0000023B750F4EA0>,0.8885168433189392,0.022314857691526413,0.04764861240983009,365156,6,6,False,Right,Front,Right,Centre,53
<_io.BytesIO object at 0x0000023B750F4220>,0.9678356051445007,0.000497459142934531,-0.005499209277331829,365156,6,6,False,Right,Front,Right,Centre,53
<_io.BytesIO object at 0x0000023B750F49F0>,0.929489254951477,0.006803504657000303,-0.07029875367879868,365156,6,6,False,Right,Front,Right,Centre,53
<_io.BytesIO object at 0x0000023B723D6720>,0.5282347798347473,0.07985728234052658,-0.17109891772270203,365157,6,6,False,Right,Front,Right,Centre,53
<_io.BytesIO object at 0x0000023B723FC2C0>,0.5801581740379333,0.08128563314676285,-0.08468412607908249,365157,6,6,False,Right,Front,Right,Centre,53
<_io.BytesIO object at 0x0000023B723FCA90>,0.4962753355503082,0.08359697461128235,-0.1459735482931137,365157,6,6,False,Right,Front,Right,Centre,53
<_io.BytesIO object at 0x0000023B723FCE50>,0.47132608294487,0.04700273647904396,-0.13954026997089386,365157,6,6,False,Right,Front,Right,Centre,53
<_io.BytesIO object at 0x0000023B723FC8B0>,0.5029139518737793,0.02947898954153061,-0.062364090234041214,365157,6,6,False,Right,Front,Right,Centre,53
<_io.BytesIO object at 0x0000023B723F0400>,0.912912905216217,0.046495471149683,-0.05361447110772133,365157,6,6,False,Right,Front,Right,Centre,53
<_io.BytesIO object at 0x0000023B723F0270>,0.8695068955421448,0.044153787195682526,-0.047398053109645844,365157,6,6,False,Right,Front,Right,Centre,53
<_io.BytesIO object at 0x0000023B723F0180>,0.8885080218315125,0.022312507033348083,0.047658201307058334,365157,6,6,False,Right,Front,Right,Centre,53
<_io.BytesIO object at 0x0000023B723F07C0>,0.967840850353241,0.0005161068984307349,-0.0054926397278904915,365157,6,6,False,Right,Front,Right,Centre,53
<_io.BytesIO object at 0x0000023B723F0590>,0.9294824600219727,0.006795634515583515,-0.0702986791729927,365157,6,6,False,Right,Front,Right,Centre,53
<_io.BytesIO object at 0x0000023B723DBB30>,0.5281184911727905,0.07996070384979248,-0.1709412932395935,365158,6,6,False,Right,Front,Right,Centre,53
<_io.BytesIO object at 0x0000023B750EBA90>,0.5800231695175171,0.08155663311481476,-0.08453255891799927,365158,6,6,False,Right,Front,Right,Centre,53
<_io.BytesIO object at 0x0000023B750EB7C0>,0.49617454409599304,0.0836608037352562,-0.14587555825710297,365158,6,6,False,Right,Front,Right,Centre,53
<_io.BytesIO object at 0x0000023B750EBD60>,0.47127196192741394,0.047049492597579956,-0.13942408561706543,365158,6,6,False,Right,Front,Right,Centre,53
<_io.BytesIO object at 0x0000023B750EBDB0>,0.5028920769691467,0.029599549248814583,-0.06221418082714081,365158,6,6,False,Right,Front,Right,Centre,53
<_io.BytesIO object at 0x0000023B750EBAE0>,0.9129021167755127,0.04649104177951813,-0.05360424891114235,365158,6,6,False,Right,Front,Right,Centre,53
<_io.BytesIO object at 0x0000023B750EBC20>,0.869438648223877,0.044167082756757736,-0.04738849401473999,365158,6,6,False,Right,Front,Right,Centre,53
<_io.BytesIO object at 0x0000023B750EB720>,0.8884954452514648,0.02231527678668499,0.04767774045467377,365158,6,6,False,Right,Front,Right,Centre,53
<_io.BytesIO object at 0x0000023B75200B80>,0.9678288102149963,0.0005348206032067537,-0.005483121611177921,365158,6,6,False,Right,Front,Right,Centre,53
<_io.BytesIO object at 0x0000023B75200860>,0.9294593930244446,0.006806395016610622,-0.07028079032897949,365158,6,6,False,Right,Front,Right,Centre,53
<_io.BytesIO object at 0x0000023B750E04A0>,0.528049886226654,0.08013582974672318,-0.1707715094089508,365159,6,6,False,Right,Front,Right,Centre,53
<_io.BytesIO object at 0x0000023B750E0590>,0.5798600316047668,0.0819205567240715,-0.08432524651288986,365159,6,6,False,Right,Front,Right,Centre,53
<_io.BytesIO object at 0x0000023B750E0270>,0.4959985613822937,0.08386082947254181,-0.14574699103832245,365159,6,6,False,Right,Front,Right,Centre,53
<_io.BytesIO object at 0x0000023B750E0180>,0.47121113538742065,0.04709766432642937,-0.13930486142635345,365159,6,6,False,Right,Front,Right,Centre,53
<_io.BytesIO object at 0x0000023B750E0EA0>,0.5028995871543884,0.02973044477403164,-0.06202433258295059,365159,6,6,False,Right,Front,Right,Centre,53
<_io.BytesIO object at 0x0000023B723F2A40>,0.9128770232200623,0.04649478942155838,-0.053595416247844696,365159,6,6,False,Right,Front,Right,Centre,53
<_io.BytesIO object at 0x0000023B723F2AE0>,0.8694256544113159,0.04416697099804878,-0.0473807230591774,365159,6,6,False,Right,Front,Right,Centre,53
<_io.BytesIO object at 0x0000023B723F21D0>,0.8884870409965515,0.02231479249894619,0.04769597947597504,365159,6,6,False,Right,Front,Right,Centre,53
<_io.BytesIO object at 0x0000023B723F2E00>,0.9678014516830444,0.0006111278780736029,-0.005437781102955341,365159,6,6,False,Right,Front,Right,Centre,53
<_io.BytesIO object at 0x0000023B723F2770>,0.9294440746307373,0.006808490492403507,-0.07026869803667068,365159,6,6,False,Right,Front,Right,Centre,53
<_io.BytesIO object at 0x0000023B723F25E0>,0.5279585123062134,0.0803259015083313,-0.17054614424705505,365160,6,6,False,Right,Front,Right,Centre,53
<_io.BytesIO object at 0x0000023B723F2860>,0.5796971917152405,0.08236898481845856,-0.08407992124557495,365160,6,6,False,Right,Front,Right,Centre,53
<_io.BytesIO object at 0x0000023B723F28B0>,0.49586573243141174,0.08399882912635803,-0.14552533626556396,365160,6,6,False,Right,Front,Right,Centre,53
<_io.BytesIO object at 0x0000023B750E03B0>,0.4711567163467407,0.04717821255326271,-0.13913428783416748,365160,6,6,False,Right,Front,Right,Centre,53
<_io.BytesIO object at 0x0000023B750E0310>,0.502880334854126,0.029901031404733658,-0.061804335564374924,365160,6,6,False,Right,Front,Right,Centre,53
<_io.BytesIO object at 0x0000023B750E0590>,0.9128590822219849,0.046495307236909866,-0.05358126014471054,365160,6,6,False,Right,Front,Right,Centre,53
<_io.BytesIO object at 0x0000023B750E0F90>,0.8694038391113281,0.04416756331920624,-0.047372497618198395,365160,6,6,False,Right,Front,Right,Centre,53
<_io.BytesIO object at 0x0000023B750E0220>,0.8885079622268677,0.022334108129143715,0.04779650270938873,365160,6,6,False,Right,Front,Right,Centre,53
<_io.BytesIO object at 0x0000023B750E02C0>,0.967826247215271,0.0006583011127077043,-0.005377680063247681,365160,6,6,False,Right,Front,Right,Centre,53
<_io.BytesIO object at 0x0000023B750E0C70>,0.9294216632843018,0.0068136281333863735,-0.07025453448295593,365160,6,6,False,Right,Front,Right,Centre,53
<_io.BytesIO object at 0x0000023B75200AE0>,0.5278129577636719,0.08056538552045822,-0.17023812234401703,365161,6,6,False,Right,Front,Right,Centre,53
<_io.BytesIO object at 0x0000023B750EB0E0>,0.5794926881790161,0.0828181654214859,-0.08374854177236557,365161,6,6,False,Right,Front,Right,Centre,53
<_io.BytesIO object at 0x0000023B750EBD10>,0.49574345350265503,0.0841815322637558,-0.14525862038135529,365161,6,6,False,Right,Front,Right,Centre,53
<_io.BytesIO object at 0x0000023B750EB860>,0.4711064100265503,0.04725956916809082,-0.1389228254556656,365161,6,6,False,Right,Front,Right,Centre,53
<_io.BytesIO object at 0x0000023B750EBB80>,0.5028383731842041,0.030086787417531013,-0.0614689476788044,365161,6,6,False,Right,Front,Right,Centre,53
<_io.BytesIO object at 0x0000023B750EB4A0>,0.9128413796424866,0.04649432376027107,-0.05356253311038017,365161,6,6,False,Right,Front,Right,Centre,53
<_io.BytesIO object at 0x0000023B750EBB30>,0.8693863749504089,0.04416592791676521,-0.04735465720295906,365161,6,6,False,Right,Front,Right,Centre,53
<_io.BytesIO object at 0x0000023B723DB360>,0.8884994387626648,0.02233804576098919,0.04783065617084503,365161,6,6,False,Right,Front,Right,Centre,53
<_io.BytesIO object at 0x0000023B723DB810>,0.9677723050117493,0.0006464942125603557,-0.0054346248507499695,365161,6,6,False,Right,Front,Right,Centre,53
<_io.BytesIO object at 0x0000023B723DB8B0>,0.9294018149375916,0.006808699108660221,-0.07023992389440536,365161,6,6,False,Right,Front,Right,Centre,53
<_io.BytesIO object at 0x0000023B723F02C0>,0.5276064872741699,0.08091176301240921,-0.1698271781206131,365162,6,6,False,Right,Front,Right,Centre,53
<_io.BytesIO object at 0x0000023B723F0810>,0.5791863799095154,0.08331263065338135,-0.08330879360437393,365162,6,6,False,Right,Front,Right,Centre,53
<_io.BytesIO object at 0x0000023B723FC8B0>,0.49559104442596436,0.08436138182878494,-0.1449384093284607,365162,6,6,False,Right,Front,Right,Centre,53
<_io.BytesIO object at 0x0000023B723FC630>,0.4710707664489746,0.04738106578588486,-0.13861890137195587,365162,6,6,False,Right,Front,Right,Centre,53
<_io.BytesIO object at 0x0000023B723FCE00>,0.502833366394043,0.03026152215898037,-0.06109881401062012,365162,6,6,False,Right,Front,Right,Centre,53
<_io.BytesIO object at 0x0000023B723FC720>,0.9128159880638123,0.04649332910776138,-0.05354119837284088,365162,6,6,False,Right,Front,Right,Centre,53
<_io.BytesIO object at 0x0000023B723FC680>,0.8693679571151733,0.044168755412101746,-0.04734158143401146,365162,6,6,False,Right,Front,Right,Centre,53
<_io.BytesIO object at 0x0000023B723FC040>,0.8884735703468323,0.022320013493299484,0.04784847050905228,365162,6,6,False,Right,Front,Right,Centre,53
<_io.BytesIO object at 0x0000023B723FC6D0>,0.9677704572677612,0.0006752521730959415,-0.005438003223389387,365162,6,6,False,Right,Front,Right,Centre,53
<_io.BytesIO object at 0x0000023B723D6720>,0.9293773174285889,0.0068017770536243916,-0.0702439621090889,365162,6,6,False,Right,Front,Right,Centre,53
<_io.BytesIO object at 0x0000023B750F4B80>,0.5275086164474487,0.08122891187667847,-0.16938471794128418,365163,6,6,False,Right,Front,Right,Centre,53
<_io.BytesIO object at 0x0000023B750F4090>,0.5789504051208496,0.08390526473522186,-0.0828341469168663,365163,6,6,False,Right,Front,Right,Centre,53
<_io.BytesIO object at 0x0000023B750F48B0>,0.4953214228153229,0.08459271490573883,-0.14442667365074158,365163,6,6,False,Right,Front,Right,Centre,53
<_io.BytesIO object at 0x0000023B723D7A90>,0.4710317552089691,0.04748303070664406,-0.13829171657562256,365163,6,6,False,Right,Front,Right,Centre,53
<_io.BytesIO object at 0x0000023B723D76D0>,0.5027881264686584,0.030473506078124046,-0.06069089472293854,365163,6,6,False,Right,Front,Right,Centre,53
<_io.BytesIO object at 0x0000023B723D7540>,0.9127935767173767,0.046496134251356125,-0.05353302136063576,365163,6,6,False,Right,Front,Right,Centre,53
<_io.BytesIO object at 0x0000023B723D7E50>,0.8693966269493103,0.04415309801697731,-0.047330088913440704,365163,6,6,False,Right,Front,Right,Centre,53
<_io.BytesIO object at 0x0000023B723D7590>,0.8884595632553101,0.02231869287788868,0.04785780608654022,365163,6,6,False,Right,Front,Right,Centre,53
<_io.BytesIO object at 0x0000023B723D7900>,0.9677575826644897,0.000708380073774606,-0.005432950332760811,365163,6,6,False,Right,Front,Right,Centre,53
<_io.BytesIO object at 0x0000023B723D78B0>,0.9293652772903442,0.006826150231063366,-0.07020881772041321,365163,6,6,False,Right,Front,Right,Centre,53
<_io.BytesIO object at 0x0000023B723F1F40>,0.5272846221923828,0.08169841766357422,-0.168955996632576,365164,6,6,False,Right,Front,Right,Centre,53
<_io.BytesIO object at 0x0000023B723F19A0>,0.5786530375480652,0.08457421511411667,-0.08221415430307388,365164,6,6,False,Right,Front,Right,Centre,53
<_io.BytesIO object at 0x0000023B723F1040>,0.4951460063457489,0.08484029024839401,-0.14395204186439514,365164,6,6,False,Right,Front,Right,Centre,53
<_io.BytesIO object at 0x0000023B750D38B0>,0.4710129201412201,0.04760441556572914,-0.13788580894470215,365164,6,6,False,Right,Front,Right,Centre,53
<_io.BytesIO object at 0x0000023B750D3270>,0.5027280449867249,0.03069932572543621,-0.06021558493375778,365164,6,6,False,Right,Front,Right,Centre,53
<_io.BytesIO object at 0x0000023B750D3900>,0.9127720594406128,0.046492330729961395,-0.0535164475440979,365164,6,6,False,Right,Front,Right,Centre,53
<_io.BytesIO object at 0x0000023B750D3B80>,0.8693811893463135,0.04415425285696983,-0.0473274365067482,365164,6,6,False,Right,Front,Right,Centre,53
<_io.BytesIO object at 0x0000023B750D3D60>,0.8884469270706177,0.02230897918343544,0.04787549376487732,365164,6,6,False,Right,Front,Right,Centre,53
<_io.BytesIO object at 0x0000023B750D3540>,0.9677764773368835,0.00082229363033548,-0.005450665019452572,365164,6,6,False,Right,Front,Right,Centre,53
<_io.BytesIO object at 0x0000023B723ECA90>,0.9293532371520996,0.006847251206636429,-0.07016738504171371,365164,6,6,False,Right,Front,Right,Centre,53
<_io.BytesIO object at 0x0000023B750D3270>,0.5271313190460205,0.08226461708545685,-0.16825683414936066,365165,6,6,False,Right,Front,Right,Centre,53
<_io.BytesIO object at 0x0000023B723F1900>,0.5782463550567627,0.0853598415851593,-0.08131583034992218,365165,6,6,False,Right,Front,Right,Centre,53
<_io.BytesIO object at 0x0000023B723F1860>,0.494939386844635,0.08510566502809525,-0.14341814815998077,365165,6,6,False,Right,Front,Right,Centre,53
<_io.BytesIO object at 0x0000023B751093B0>,0.4709421992301941,0.04781564697623253,-0.13728231191635132,365165,6,6,False,Right,Front,Right,Centre,53
<_io.BytesIO object at 0x0000023B75109EA0>,0.5027132034301758,0.030882636085152626,-0.05967763438820839,365165,6,6,False,Right,Front,Right,Centre,53
<_io.BytesIO object at 0x0000023B75109C70>,0.9127551317214966,0.04648960009217262,-0.053511835634708405,365165,6,6,False,Right,Front,Right,Centre,53
<_io.BytesIO object at 0x0000023B75109860>,0.869361937046051,0.044152598828077316,-0.04731717333197594,365165,6,6,False,Right,Front,Right,Centre,53
<_io.BytesIO object at 0x0000023B75109090>,0.888434112071991,0.022305989637970924,0.047891825437545776,365165,6,6,False,Right,Front,Right,Centre,53
<_io.BytesIO object at 0x0000023B751098B0>,0.9677631258964539,0.000836952414829284,-0.0054539879783988,365165,6,6,False,Right,Front,Right,Centre,53
<_io.BytesIO object at 0x0000023B75109590>,0.9293167591094971,0.006820539478212595,-0.07019732892513275,365165,6,6,False,Right,Front,Right,Centre,53
<_io.BytesIO object at 0x0000023B750F4810>,0.5269994139671326,0.08287442475557327,-0.16748926043510437,365166,6,6,False,Right,Front,Right,Centre,53
<_io.BytesIO object at 0x0000023B750F4F90>,0.5778485536575317,0.08623608946800232,-0.08040894567966461,365166,6,6,False,Right,Front,Right,Centre,53
<_io.BytesIO object at 0x0000023B750F49F0>,0.4947874844074249,0.08542788773775101,-0.1427348107099533,365166,6,6,False,Right,Front,Right,Centre,53
<_io.BytesIO object at 0x0000023B750F4900>,0.4709327518939972,0.047976456582546234,-0.1367134153842926,365166,6,6,False,Right,Front,Right,Centre,53
<_io.BytesIO object at 0x0000023B723D6310>,0.5027542114257812,0.03106963261961937,-0.059052739292383194,365166,6,6,False,Right,Front,Right,Centre,53
<_io.BytesIO object at 0x0000023B723D6540>,0.9126835465431213,0.046541232615709305,-0.05336292088031769,365166,6,6,False,Right,Front,Right,Centre,53
<_io.BytesIO object at 0x0000023B723D6EF0>,0.8693472743034363,0.04414885863661766,-0.047307804226875305,365166,6,6,False,Right,Front,Right,Centre,53
<_io.BytesIO object at 0x0000023B723D6220>,0.8884243369102478,0.022294119000434875,0.04789118841290474,365166,6,6,False,Right,Front,Right,Centre,53
<_io.BytesIO object at 0x0000023B723D6130>,0.9677535891532898,0.0008506151498295367,-0.005456052254885435,365166,6,6,False,Right,Front,Right,Centre,53
<_io.BytesIO object at 0x0000023B723D67C0>,0.9292853474617004,0.006833627354353666,-0.07019095867872238,365166,6,6,False,Right,Front,Right,Centre,53
<_io.BytesIO object at 0x0000023B723F0A90>,0.526840329170227,0.08361590653657913,-0.1665635108947754,365167,6,6,False,Right,Front,Right,Centre,53
<_io.BytesIO object at 0x0000023B723DB680>,0.5771689414978027,0.0873369351029396,-0.07932218909263611,365167,6,6,False,Right,Front,Right,Centre,53
<_io.BytesIO object at 0x0000023B723DBA90>,0.4944555461406708,0.08587761223316193,-0.14182889461517334,365167,6,6,False,Right,Front,Right,Centre,53
<_io.BytesIO object at 0x0000023B723DB720>,0.47093844413757324,0.048141900449991226,-0.1360769271850586,365167,6,6,False,Right,Front,Right,Centre,53
<_io.BytesIO object at 0x0000023B723DB1D0>,0.5027469992637634,0.031352728605270386,-0.0582919679582119,365167,6,6,False,Right,Front,Right,Centre,53
<_io.BytesIO object at 0x0000023B723DB130>,0.9126686453819275,0.046549394726753235,-0.053357742726802826,365167,6,6,False,Right,Front,Right,Centre,53
<_io.BytesIO object at 0x0000023B723DB310>,0.8693375587463379,0.04414932057261467,-0.047308728098869324,365167,6,6,False,Right,Front,Right,Centre,53
<_io.BytesIO object at 0x0000023B75200AE0>,0.8884091973304749,0.02228632941842079,0.047892481088638306,365167,6,6,False,Right,Front,Right,Centre,53
<_io.BytesIO object at 0x0000023B752009F0>,0.9677554368972778,0.0008702214690856636,-0.005455391481518745,365167,6,6,False,Right,Front,Right,Centre,53
<_io.BytesIO object at 0x0000023B75200DB0>,0.929273247718811,0.0068416595458984375,-0.07019409537315369,365167,6,6,False,Right,Front,Right,Centre,53
<_io.BytesIO object at 0x0000023B723FCA40>,0.526648223400116,0.0843464657664299,-0.16544826328754425,365168,6,6,False,Right,Front,Right,Centre,53
<_io.BytesIO object at 0x0000023B723FC950>,0.5765563249588013,0.08855915069580078,-0.07803815603256226,365168,6,6,False,Right,Front,Right,Centre,53
<_io.BytesIO object at 0x0000023B723FC630>,0.4942367672920227,0.08620790392160416,-0.14084091782569885,365168,6,6,False,Right,Front,Right,Centre,53
<_io.BytesIO object at 0x0000023B723FC450>,0.4710192084312439,0.04832310974597931,-0.1353013813495636,365168,6,6,False,Right,Front,Right,Centre,53
<_io.BytesIO object at 0x0000023B723F9BD0>,0.502945065498352,0.031562793999910355,-0.05766449496150017,365168,6,6,False,Right,Front,Right,Centre,53
<_io.BytesIO object at 0x0000023B723F9180>,0.9126640558242798,0.0465538389980793,-0.05336952954530716,365168,6,6,False,Right,Front,Right,Centre,53
<_io.BytesIO object at 0x0000023B723F98B0>,0.8693221807479858,0.04415116831660271,-0.04731510207056999,365168,6,6,False,Right,Front,Right,Centre,53
<_io.BytesIO object at 0x0000023B723F9590>,0.8883974552154541,0.022288363426923752,0.04788869246840477,365168,6,6,False,Right,Front,Right,Centre,53
<_io.BytesIO object at 0x0000023B723F9720>,0.967742383480072,0.0008703382918611169,-0.005473442375659943,365168,6,6,False,Right,Front,Right,Centre,53
<_io.BytesIO object at 0x0000023B723F99A0>,0.929262638092041,0.006849913392215967,-0.07019604742527008,365168,6,6,False,Right,Front,Right,Centre,53
<_io.BytesIO object at 0x0000023B750E0CC0>,0.526404619216919,0.085189588367939,-0.16418389976024628,365169,6,6,False,Right,Front,Right,Centre,53
<_io.BytesIO object at 0x0000023B723F2F40>,0.5758292078971863,0.08995027840137482,-0.07664760947227478,365169,6,6,False,Right,Front,Right,Centre,53
<_io.BytesIO object at 0x0000023B723F2CC0>,0.4937489926815033,0.08669868856668472,-0.13968580961227417,365169,6,6,False,Right,Front,Right,Centre,53
<_io.BytesIO object at 0x0000023B723F2B30>,0.47092416882514954,0.048669129610061646,-0.13423974812030792,365169,6,6,False,Right,Front,Right,Centre,53
<_io.BytesIO object at 0x0000023B723F2DB0>,0.5028382539749146,0.03196510672569275,-0.05660524591803551,365169,6,6,False,Right,Front,Right,Centre,53
<_io.BytesIO object at 0x0000023B723F2900>,0.9127019643783569,0.0465080626308918,-0.053517356514930725,365169,6,6,False,Right,Front,Right,Centre,53
<_io.BytesIO object at 0x0000023B723EC4A0>,0.8693227767944336,0.04415338486433029,-0.04732252284884453,365169,6,6,False,Right,Front,Right,Centre,53
<_io.BytesIO object at 0x0000023B723EC860>,0.8883877396583557,0.02228095568716526,0.047887999564409256,365169,6,6,False,Right,Front,Right,Centre,53
<_io.BytesIO object at 0x0000023B723ECEA0>,0.9677374958992004,0.0008788069244474173,-0.005486926529556513,365169,6,6,False,Right,Front,Right,Centre,53
<_io.BytesIO object at 0x0000023B723EC7C0>,0.9292473196983337,0.0068602180108428,-0.07022040337324142,365169,6,6,False,Right,Front,Right,Centre,53
<_io.BytesIO object at 0x0000023B723F23B0>,0.5260584354400635,0.08619638532400131,-0.16269990801811218,365170,6,6,False,Right,Front,Right,Centre,53
<_io.BytesIO object at 0x0000023B723F2F40>,0.5749226212501526,0.09142077714204788,-0.07490591704845428,365170,6,6,False,Right,Front,Right,Centre,53
<_io.BytesIO object at 0x0000023B723F2AE0>,0.4931563138961792,0.08738279342651367,-0.13841727375984192,365170,6,6,False,Right,Front,Right,Centre,53
<_io.BytesIO object at 0x0000023B750E0D60>,0.47076866030693054,0.048985861241817474,-0.1331704705953598,365170,6,6,False,Right,Front,Right,Centre,53
<_io.BytesIO object at 0x0000023B750E0F40>,0.5026184916496277,0.03245054557919502,-0.05533081293106079,365170,6,6,False,Right,Front,Right,Centre,53
<_io.BytesIO object at 0x0000023B750E0A90>,0.9126385450363159,0.046567652374506,-0.05338893085718155,365170,6,6,False,Right,Front,Right,Centre,53
<_io.BytesIO object at 0x0000023B750E0090>,0.8693106174468994,0.044153809547424316,-0.04733109474182129,365170,6,6,False,Right,Front,Right,Centre,53
<_io.BytesIO object at 0x0000023B750E0770>,0.8883873820304871,0.02228069305419922,0.047875262796878815,365170,6,6,False,Right,Front,Right,Centre,53
<_io.BytesIO object at 0x0000023B750E0B30>,0.967718243598938,0.0009060658630914986,-0.005516135133802891,365170,6,6,False,Right,Front,Right,Centre,53
<_io.BytesIO object at 0x0000023B750E0450>,0.9292436242103577,0.006876252591609955,-0.0702318325638771,365170,6,6,False,Right,Front,Right,Centre,53
<_io.BytesIO object at 0x0000023B723FC040>,0.525863766670227,0.08687662333250046,-0.1607881337404251,365171,6,6,False,Right,Front,Right,Centre,53
<_io.BytesIO object at 0x0000023B723FC590>,0.5738813877105713,0.09308037161827087,-0.07297336310148239,365171,6,6,False,Right,Front,Right,Centre,53
<_io.BytesIO object at 0x0000023B723FC310>,0.49270978569984436,0.08807294070720673,-0.13694946467876434,365171,6,6,False,Right,Front,Right,Centre,53
<_io.BytesIO object at 0x0000023B723FC5E0>,0.4705282747745514,0.049429360777139664,-0.13178661465644836,365171,6,6,False,Right,Front,Right,Centre,53
<_io.BytesIO object at 0x0000023B750EB770>,0.5021725296974182,0.03313643857836723,-0.053863659501075745,365171,6,6,False,Right,Front,Right,Centre,53
<_io.BytesIO object at 0x0000023B750EBAE0>,0.9126361608505249,0.04657511040568352,-0.05339488759636879,365171,6,6,False,Right,Front,Right,Centre,53
<_io.BytesIO object at 0x0000023B750EB720>,0.8692657947540283,0.04417126253247261,-0.04733802378177643,365171,6,6,False,Right,Front,Right,Centre,53
<_io.BytesIO object at 0x0000023B750EB0E0>,0.8883799910545349,0.022269561886787415,0.047858014702796936,365171,6,6,False,Right,Front,Right,Centre,53
<_io.BytesIO object at 0x0000023B750EBD10>,0.9677095413208008,0.0009156491723842919,-0.005521412938833237,365171,6,6,False,Right,Front,Right,Centre,53
<_io.BytesIO object at 0x0000023B750EB9F0>,0.9291893243789673,0.006814131513237953,-0.07033956795930862,365171,6,6,False,Right,Front,Right,Centre,53
<_io.BytesIO object at 0x0000023B723DB590>,0.5254433155059814,0.08815481513738632,-0.15892885625362396,365172,6,6,False,Right,Front,Right,Centre,53
<_io.BytesIO object at 0x0000023B723DBA40>,0.5726205706596375,0.09482765942811966,-0.07078319787979126,365172,6,6,False,Right,Front,Right,Centre,53
<_io.BytesIO object at 0x0000023B723F0450>,0.49204370379447937,0.08873265236616135,-0.13516387343406677,365172,6,6,False,Right,Front,Right,Centre,53
<_io.BytesIO object at 0x0000023B723F05E0>,0.4701504409313202,0.04993467405438423,-0.13009880483150482,365172,6,6,False,Right,Front,Right,Centre,53
<_io.BytesIO object at 0x0000023B723F00E0>,0.5017791390419006,0.03390360251069069,-0.05199550464749336,365172,6,6,False,Right,Front,Right,Centre,53
<_io.BytesIO object at 0x0000023B723F0B80>,0.9126800298690796,0.046532727777957916,-0.05354059115052223,365172,6,6,False,Right,Front,Right,Centre,53
<_io.BytesIO object at 0x0000023B723F0E00>,0.8692497611045837,0.04417240992188454,-0.047345295548439026,365172,6,6,False,Right,Front,Right,Centre,53
<_io.BytesIO object at 0x0000023B723F0E50>,0.8883581757545471,0.022262385115027428,0.04785171523690224,365172,6,6,False,Right,Front,Right,Centre,53
<_io.BytesIO object at 0x0000023B723F0B30>,0.9677072167396545,0.0009151676204055548,-0.005525781773030758,365172,6,6,False,Right,Front,Right,Centre,53
<_io.BytesIO object at 0x0000023B723F0310>,0.9292227625846863,0.006886424962431192,-0.0702790915966034,365172,6,6,False,Right,Front,Right,Centre,53
<_io.BytesIO object at 0x0000023B750F45E0>,0.5248115658760071,0.08947855234146118,-0.15672387182712555,365173,6,6,False,Right,Front,Right,Centre,53
<_io.BytesIO object at 0x0000023B750F4A40>,0.5712432861328125,0.09670588374137878,-0.06833488494157791,365173,6,6,False,Right,Front,Right,Centre,53
<_io.BytesIO object at 0x0000023B750F4310>,0.4913268983364105,0.08934475481510162,-0.1331675946712494,365173,6,6,False,Right,Front,Right,Centre,53
<_io.BytesIO object at 0x0000023B750F4400>,0.4696923494338989,0.05050355941057205,-0.1283065676689148,365173,6,6,False,Right,Front,Right,Centre,53
<_io.BytesIO object at 0x0000023B723D7F40>,0.5010780096054077,0.034854378551244736,-0.0499647855758667,365173,6,6,False,Right,Front,Right,Centre,53
<_io.BytesIO object at 0x0000023B723D7BD0>,0.9126733541488647,0.046543337404727936,-0.05354579538106918,365173,6,6,False,Right,Front,Right,Centre,53
<_io.BytesIO object at 0x0000023B723D76D0>,0.8692931532859802,0.04417183995246887,-0.047349389642477036,365173,6,6,False,Right,Front,Right,Centre,53
<_io.BytesIO object at 0x0000023B723D7540>,0.8883635997772217,0.022269684821367264,0.04784002527594566,365173,6,6,False,Right,Front,Right,Centre,53
<_io.BytesIO object at 0x0000023B723D7860>,0.9676978588104248,0.0009212706354446709,-0.005527929402887821,365173,6,6,False,Right,Front,Right,Centre,53
<_io.BytesIO object at 0x0000023B723D7900>,0.9291635155677795,0.006860522087663412,-0.07037544995546341,365173,6,6,False,Right,Front,Right,Centre,53
<_io.BytesIO object at 0x0000023B75109F90>,0.5240756869316101,0.0908433124423027,-0.15421459078788757,365174,6,6,False,Right,Front,Right,Centre,53
<_io.BytesIO object at 0x0000023B723F1900>,0.5696117877960205,0.09866462647914886,-0.06546863913536072,365174,6,6,False,Right,Front,Right,Centre,53
<_io.BytesIO object at 0x0000023B723F1180>,0.49017977714538574,0.09055273234844208,-0.13103125989437103,365174,6,6,False,Right,Front,Right,Centre,53
<_io.BytesIO object at 0x0000023B723F1E00>,0.46910545229911804,0.051228370517492294,-0.12627701461315155,365174,6,6,False,Right,Front,Right,Centre,53
<_io.BytesIO object at 0x0000023B750D3630>,0.5002884864807129,0.03584640473127365,-0.047607000917196274,365174,6,6,False,Right,Front,Right,Centre,53
<_io.BytesIO object at 0x0000023B750D39F0>,0.912661075592041,0.04656059294939041,-0.053548842668533325,365174,6,6,False,Right,Front,Right,Centre,53
<_io.BytesIO object at 0x0000023B750D3CC0>,0.8692464232444763,0.0441882461309433,-0.04735150188207626,365174,6,6,False,Right,Front,Right,Centre,53
<_io.BytesIO object at 0x0000023B750D3180>,0.8883322477340698,0.022267665714025497,0.04784620553255081,365174,6,6,False,Right,Front,Right,Centre,53
<_io.BytesIO object at 0x0000023B750D36D0>,0.9676927328109741,0.0009390290942974389,-0.005541869904845953,365174,6,6,False,Right,Front,Right,Centre,53
<_io.BytesIO object at 0x0000023B750D3EF0>,0.9291471838951111,0.006890993099659681,-0.07039386034011841,365174,6,6,False,Right,Front,Right,Centre,53
<_io.BytesIO object at 0x0000023B750F40E0>,0.5233421921730042,0.09221774339675903,-0.15134069323539734,365175,6,6,False,Right,Front,Right,Centre,53
<_io.BytesIO object at 0x0000023B750F4F90>,0.5677812695503235,0.1008174940943718,-0.0623091384768486,365175,6,6,False,Right,Front,Right,Centre,53
<_io.BytesIO object at 0x0000023B723D6CC0>,0.48956212401390076,0.09102367609739304,-0.1285846084356308,365175,6,6,False,Right,Front,Right,Centre,53
<_io.BytesIO object at 0x0000023B723D69F0>,0.4685911536216736,0.05174029618501663,-0.12409185618162155,365175,6,6,False,Right,Front,Right,Centre,53
<_io.BytesIO object at 0x0000023B723D6680>,0.4991835355758667,0.036958664655685425,-0.045005254447460175,365175,6,6,False,Right,Front,Right,Centre,53
<_io.BytesIO object at 0x0000023B723D6EF0>,0.9126502871513367,0.046578556299209595,-0.05354568362236023,365175,6,6,False,Right,Front,Right,Centre,53
<_io.BytesIO object at 0x0000023B723D6630>,0.8692387938499451,0.04420041665434837,-0.04735034704208374,365175,6,6,False,Right,Front,Right,Centre,53
<_io.BytesIO object at 0x0000023B723D64F0>,0.8883311152458191,0.022259239107370377,0.04784834012389183,365175,6,6,False,Right,Front,Right,Centre,53
<_io.BytesIO object at 0x0000023B723D64A0>,0.9676831960678101,0.0009541005711071193,-0.005536013748496771,365175,6,6,False,Right,Front,Right,Centre,53
<_io.BytesIO object at 0x0000023B723D60E0>,0.9291266202926636,0.006924259942024946,-0.07039371877908707,365175,6,6,False,Right,Front,Right,Centre,53
<_io.BytesIO object at 0x0000023B75200DB0>,0.5222640037536621,0.09369693696498871,-0.14829128980636597,365176,6,6,False,Right,Front,Right,Centre,53
<_io.BytesIO object at 0x0000023B750EBB30>,0.5654911398887634,0.1030508279800415,-0.05880042910575867,365176,6,6,False,Right,Front,Right,Centre,53
<_io.BytesIO object at 0x0000023B750EB5E0>,0.4884580671787262,0.09197236597537994,-0.12582626938819885,365176,6,6,False,Right,Front,Right,Centre,53
<_io.BytesIO object at 0x0000023B750EB8B0>,0.467838853597641,0.05248991400003433,-0.12156254053115845,365176,6,6,False,Right,Front,Right,Centre,53
<_io.BytesIO object at 0x0000023B750EBD10>,0.4978620707988739,0.03820372000336647,-0.04211344197392464,365176,6,6,False,Right,Front,Right,Centre,53
<_io.BytesIO object at 0x0000023B750EB680>,0.9126430153846741,0.04659658670425415,-0.053542762994766235,365176,6,6,False,Right,Front,Right,Centre,53
<_io.BytesIO object at 0x0000023B750EB810>,0.8692302107810974,0.04421070218086243,-0.0473441556096077,365176,6,6,False,Right,Front,Right,Centre,53
<_io.BytesIO object at 0x0000023B750EBE50>,0.8883197903633118,0.02225789614021778,0.047845155000686646,365176,6,6,False,Right,Front,Right,Centre,53
<_io.BytesIO object at 0x0000023B723FC360>,0.9676797389984131,0.0009566445951350033,-0.005533730611205101,365176,6,6,False,Right,Front,Right,Centre,53
<_io.BytesIO object at 0x0000023B723FC5E0>,0.9291216731071472,0.006947405636310577,-0.07039840519428253,365176,6,6,False,Right,Front,Right,Centre,53
<_io.BytesIO object at 0x0000023B723DB5E0>,0.5209019184112549,0.09538392722606659,-0.14511209726333618,365177,6,6,False,Right,Front,Right,Centre,53
<_io.BytesIO object at 0x0000023B723DB310>,0.5631007552146912,0.10536158084869385,-0.0547974556684494,365177,6,6,False,Right,Front,Right,Centre,53
<_io.BytesIO object at 0x0000023B723F9B80>,0.486485093832016,0.09354975819587708,-0.12271567434072495,365177,6,6,False,Right,Front,Right,Centre,53
<_io.BytesIO object at 0x0000023B723F9EA0>,0.4670344889163971,0.05326666310429573,-0.11872833967208862,365177,6,6,False,Right,Front,Right,Centre,53
<_io.BytesIO object at 0x0000023B723F98B0>,0.496278315782547,0.03949527069926262,-0.03893272206187248,365177,6,6,False,Right,Front,Right,Centre,53
<_io.BytesIO object at 0x0000023B723F9EF0>,0.9125832319259644,0.04665553569793701,-0.053399745374917984,365177,6,6,False,Right,Front,Right,Centre,53
<_io.BytesIO object at 0x0000023B723F9C20>,0.8692266941070557,0.0442272424697876,-0.04733782261610031,365177,6,6,False,Right,Front,Right,Centre,53
<_io.BytesIO object at 0x0000023B723F9950>,0.8883092403411865,0.022250883281230927,0.04784432053565979,365177,6,6,False,Right,Front,Right,Centre,53
<_io.BytesIO object at 0x0000023B723F9680>,0.967671811580658,0.0009794696234166622,-0.0055298879742622375,365177,6,6,False,Right,Front,Right,Centre,53
<_io.BytesIO object at 0x0000023B723F9770>,0.9291121363639832,0.0069749727845191956,-0.07039348036050797,365177,6,6,False,Right,Front,Right,Centre,53
<_io.BytesIO object at 0x0000023B723F2D60>,0.5198352336883545,0.09691406041383743,-0.14131858944892883,365178,6,6,False,Right,Front,Right,Centre,53
<_io.BytesIO object at 0x0000023B723F21D0>,0.5603684782981873,0.10784365236759186,-0.050555963069200516,365178,6,6,False,Right,Front,Right,Centre,53
<_io.BytesIO object at 0x0000023B723F22C0>,0.4849828779697418,0.09483896195888519,-0.11950383335351944,365178,6,6,False,Right,Front,Right,Centre,53
<_io.BytesIO object at 0x0000023B723D7720>,0.46597668528556824,0.05416914448142052,-0.11559922248125076,365178,6,6,False,Right,Front,Right,Centre,53
<_io.BytesIO object at 0x0000023B723D79F0>,0.49441540241241455,0.04094165563583374,-0.03542217239737511,365178,6,6,False,Right,Front,Right,Centre,53
<_io.BytesIO object at 0x0000023B723D73B0>,0.912572979927063,0.046673309057950974,-0.053403906524181366,365178,6,6,False,Right,Front,Right,Centre,53
<_io.BytesIO object at 0x0000023B723D7770>,0.8692161440849304,0.04424012824892998,-0.047335367649793625,365178,6,6,False,Right,Front,Right,Centre,53
<_io.BytesIO object at 0x0000023B723D77C0>,0.8882991671562195,0.022258799523115158,0.04784427955746651,365178,6,6,False,Right,Front,Right,Centre,53
<_io.BytesIO object at 0x0000023B723D7C70>,0.9676703214645386,0.0010004265932366252,-0.0055303629487752914,365178,6,6,False,Right,Front,Right,Centre,53
<_io.BytesIO object at 0x0000023B723D7BD0>,0.929111897945404,0.0069829910062253475,-0.07041766494512558,365178,6,6,False,Right,Front,Right,Centre,53
<_io.BytesIO object at 0x0000023B723F1A90>,0.5185257196426392,0.09861253947019577,-0.1372901350259781,365179,6,6,False,Right,Front,Right,Centre,53
<_io.BytesIO object at 0x0000023B723F1EA0>,0.5573940277099609,0.11036733537912369,-0.04593835398554802,365179,6,6,False,Right,Front,Right,Centre,53
<_io.BytesIO object at 0x0000023B6D785400>,0.483306348323822,0.09601275622844696,-0.11600592732429504,365179,6,6,False,Right,Front,Right,Centre,53
<_io.BytesIO object at 0x0000023B750D3A90>,0.46475720405578613,0.05516406148672104,-0.11221090704202652,365179,6,6,False,Right,Front,Right,Centre,53
<_io.BytesIO object at 0x0000023B750D3E00>,0.49225643277168274,0.04248674586415291,-0.03173019364476204,365179,6,6,False,Right,Front,Right,Centre,53
<_io.BytesIO object at 0x0000023B750D3DB0>,0.9125718474388123,0.04668615385890007,-0.05339552089571953,365179,6,6,False,Right,Front,Right,Centre,53
<_io.BytesIO object at 0x0000023B750D3590>,0.8692245483398438,0.04425382614135742,-0.047330714762210846,365179,6,6,False,Right,Front,Right,Centre,53
<_io.BytesIO object at 0x0000023B750D39A0>,0.8882904648780823,0.02226186729967594,0.0478501133620739,365179,6,6,False,Right,Front,Right,Centre,53
<_io.BytesIO object at 0x0000023B750D36D0>,0.9676635265350342,0.001002434641122818,-0.005534841679036617,365179,6,6,False,Right,Front,Right,Centre,53
<_io.BytesIO object at 0x0000023B750D3F40>,0.9290968775749207,0.007007922045886517,-0.07042862474918365,365179,6,6,False,Right,Front,Right,Centre,53
<_io.BytesIO object at 0x0000023B723F2E50>,0.5170563459396362,0.10040214657783508,-0.13302870094776154,365180,6,6,False,Right,Front,Right,Centre,53
<_io.BytesIO object at 0x0000023B723F2950>,0.5540086030960083,0.11303037405014038,-0.040926575660705566,365180,6,6,False,Right,Front,Right,Centre,53
<_io.BytesIO object at 0x0000023B750E0CC0>,0.4815515875816345,0.09733007848262787,-0.11214140057563782,365180,6,6,False,Right,Front,Right,Centre,53
<_io.BytesIO object at 0x0000023B750E03B0>,0.4636411666870117,0.05606921389698982,-0.10864991694688797,365180,6,6,False,Right,Front,Right,Centre,53
<_io.BytesIO object at 0x0000023B750E0130>,0.48988860845565796,0.04404763877391815,-0.027714796364307404,365180,6,6,False,Right,Front,Right,Centre,53
<_io.BytesIO object at 0x0000023B750E09A0>,0.9125658273696899,0.04670320823788643,-0.05339174345135689,365180,6,6,False,Right,Front,Right,Centre,53
<_io.BytesIO object at 0x0000023B750E09F0>,0.8692233562469482,0.044266484677791595,-0.04732990264892578,365180,6,6,False,Right,Front,Right,Centre,53
<_io.BytesIO object at 0x0000023B750E0450>,0.8882823586463928,0.022257283329963684,0.047838855534791946,365180,6,6,False,Right,Front,Right,Centre,53
<_io.BytesIO object at 0x0000023B750E0EA0>,0.9676645994186401,0.0010112531017512083,-0.0055264257825911045,365180,6,6,False,Right,Front,Right,Centre,53
<_io.BytesIO object at 0x0000023B723F9B30>,0.9290834069252014,0.007022297941148281,-0.07045429944992065,365180,6,6,False,Right,Front,Right,Centre,53
<_io.BytesIO object at 0x0000023B723DBDB0>,0.5154823064804077,0.10224441438913345,-0.1283947229385376,365181,6,6,False,Right,Front,Right,Centre,53
<_io.BytesIO object at 0x0000023B723DBE50>,0.5505138039588928,0.11567679047584534,-0.03552524000406265,365181,6,6,False,Right,Front,Right,Centre,53
<_io.BytesIO object at 0x0000023B723DB130>,0.47969719767570496,0.09868387132883072,-0.10803842544555664,365181,6,6,False,Right,Front,Right,Centre,53
<_io.BytesIO object at 0x0000023B723FCE00>,0.4622817635536194,0.05711349844932556,-0.1047152578830719,365181,6,6,False,Right,Front,Right,Centre,53
<_io.BytesIO object at 0x0000023B723FCC20>,0.4872307777404785,0.04575037583708763,-0.023385336622595787,365181,6,6,False,Right,Front,Right,Centre,53
<_io.BytesIO object at 0x0000023B723FC3B0>,0.9125688076019287,0.04671443626284599,-0.0533907413482666,365181,6,6,False,Right,Front,Right,Centre,53
<_io.BytesIO object at 0x0000023B723FC220>,0.8692218661308289,0.04427335783839226,-0.04732862487435341,365181,6,6,False,Right,Front,Right,Centre,53
<_io.BytesIO object at 0x0000023B723FC040>,0.8882784843444824,0.022272402420639992,0.04783434793353081,365181,6,6,False,Right,Front,Right,Centre,53
<_io.BytesIO object at 0x0000023B723FC7C0>,0.9676690697669983,0.001019042800180614,-0.00552687793970108,365181,6,6,False,Right,Front,Right,Centre,53
<_io.BytesIO object at 0x0000023B723FC4A0>,0.9290944933891296,0.007061709649860859,-0.07041745632886887,365181,6,6,False,Right,Front,Right,Centre,53
<_io.BytesIO object at 0x0000023B75200C70>,0.5137518048286438,0.10413780808448792,-0.12350514531135559,365182,6,6,False,Right,Front,Right,Centre,53
<_io.BytesIO object at 0x0000023B723F0450>,0.5466771125793457,0.1184743121266365,-0.029865717515349388,365182,6,6,False,Right,Front,Right,Centre,53
<_io.BytesIO object at 0x0000023B723F0590>,0.4779055118560791,0.09968315064907074,-0.1036442443728447,365182,6,6,False,Right,Front,Right,Centre,53
<_io.BytesIO object at 0x0000023B723F0270>,0.4608440101146698,0.05818167328834534,-0.10058030486106873,365182,6,6,False,Right,Front,Right,Centre,53
<_io.BytesIO object at 0x0000023B723F08B0>,0.48456457257270813,0.047477688640356064,-0.01883593015372753,365182,6,6,False,Right,Front,Right,Centre,53
<_io.BytesIO object at 0x0000023B723F0630>,0.9125733375549316,0.04672067612409592,-0.05339110642671585,365182,6,6,False,Right,Front,Right,Centre,53
<_io.BytesIO object at 0x0000023B723F02C0>,0.8692228198051453,0.04428306221961975,-0.04733077436685562,365182,6,6,False,Right,Front,Right,Centre,53
<_io.BytesIO object at 0x0000023B723F07C0>,0.8882727026939392,0.022272178903222084,0.04783542454242706,365182,6,6,False,Right,Front,Right,Centre,53
<_io.BytesIO object at 0x0000023B723D6EA0>,0.9676671028137207,0.001029639970511198,-0.005520890932530165,365182,6,6,False,Right,Front,Right,Centre,53
<_io.BytesIO object at 0x0000023B723D6C70>,0.9290838241577148,0.007048116996884346,-0.07045216113328934,365182,6,6,False,Right,Front,Right,Centre,53
<_io.BytesIO object at 0x0000023B750F4810>,0.512028157711029,0.10602521896362305,-0.11843325197696686,365183,6,6,False,Right,Front,Right,Centre,53
<_io.BytesIO object at 0x0000023B750F4040>,0.5427349805831909,0.12116628885269165,-0.023976702243089676,365183,6,6,False,Right,Front,Right,Centre,53
<_io.BytesIO object at 0x0000023B75109EA0>,0.47562962770462036,0.10113095492124557,-0.09898582100868225,365183,6,6,False,Right,Front,Right,Centre,53
<_io.BytesIO object at 0x0000023B75109950>,0.4592883884906769,0.059357061982154846,-0.0961049497127533,365183,6,6,False,Right,Front,Right,Centre,53
<_io.BytesIO object at 0x0000023B75109B80>,0.48163437843322754,0.04917909950017929,-0.013964839279651642,365183,6,6,False,Right,Front,Right,Centre,53
<_io.BytesIO object at 0x0000023B75109180>,0.912573516368866,0.04672941938042641,-0.05338781327009201,365183,6,6,False,Right,Front,Right,Centre,53
<_io.BytesIO object at 0x0000023B751098B0>,0.8692268133163452,0.0442906953394413,-0.047335632145404816,365183,6,6,False,Right,Front,Right,Centre,53
<_io.BytesIO object at 0x0000023B75109CC0>,0.8882727026939392,0.022269856184720993,0.047827497124671936,365183,6,6,False,Right,Front,Right,Centre,53
<_io.BytesIO object at 0x0000023B75109A90>,0.9676687121391296,0.0010242316639050841,-0.005518440157175064,365183,6,6,False,Right,Front,Right,Centre,53
<_io.BytesIO object at 0x0000023B75109810>,0.9290823340415955,0.007059607654809952,-0.07045043259859085,365183,6,6,False,Right,Front,Right,Centre,53
<_io.BytesIO object at 0x0000023B723F1E50>,0.5103499293327332,0.10774742811918259,-0.11282038688659668,365184,6,6,False,Right,Front,Right,Centre,53
<_io.BytesIO object at 0x0000023B723F12C0>,0.5384786128997803,0.12397316843271255,-0.017772704362869263,365184,6,6,False,Right,Front,Right,Centre,53
<_io.BytesIO object at 0x0000023B723F1CC0>,0.47341188788414,0.1025746539235115,-0.09417624026536942,365184,6,6,False,Right,Front,Right,Centre,53
<_io.BytesIO object at 0x0000023B723F14F0>,0.45765602588653564,0.060496699064970016,-0.09136693924665451,365184,6,6,False,Right,Front,Right,Centre,53
<_io.BytesIO object at 0x0000023B723F1630>,0.4784558117389679,0.05095011368393898,-0.008935262449085712,365184,6,6,False,Right,Front,Right,Centre,53
<_io.BytesIO object at 0x0000023B751092C0>,0.9125775694847107,0.04672985151410103,-0.053393129259347916,365184,6,6,False,Right,Front,Right,Centre,53
<_io.BytesIO object at 0x0000023B75109C70>,0.8692349195480347,0.04429043084383011,-0.047341566532850266,365184,6,6,False,Right,Front,Right,Centre,53
<_io.BytesIO object at 0x0000023B75109130>,0.8882578015327454,0.022265136241912842,0.047825347632169724,365184,6,6,False,Right,Front,Right,Centre,53
<_io.BytesIO object at 0x0000023B75109180>,0.9676665663719177,0.0010287135373800993,-0.005519493483006954,365184,6,6,False,Right,Front,Right,Centre,53
<_io.BytesIO object at 0x0000023B75109310>,0.9291030168533325,0.007070212159305811,-0.07041575759649277,365184,6,6,False,Right,Front,Right,Centre,53
<_io.BytesIO object at 0x0000023B723D69F0>,0.5082457065582275,0.10988146811723709,-0.10714594274759293,365185,6,6,False,Right,Front,Right,Centre,53
<_io.BytesIO object at 0x0000023B723D6EF0>,0.5340670347213745,0.12674249708652496,-0.011284724809229374,365185,6,6,False,Right,Front,Right,Centre,53
<_io.BytesIO object at 0x0000023B723D6E50>,0.4711208939552307,0.10432836413383484,-0.0891188532114029,365185,6,6,False,Right,Front,Right,Centre,53
<_io.BytesIO object at 0x0000023B723D60E0>,0.4560491144657135,0.061693403869867325,-0.08640704303979874,365185,6,6,False,Right,Front,Right,Centre,53
<_io.BytesIO object at 0x0000023B723D62C0>,0.47515833377838135,0.05274484306573868,-0.0035867448896169662,365185,6,6,False,Right,Front,Right,Centre,53
<_io.BytesIO object at 0x0000023B723F0180>,0.9125752449035645,0.0467202290892601,-0.053395744413137436,365185,6,6,False,Right,Front,Right,Centre,53
<_io.BytesIO object at 0x0000023B723F0900>,0.8692317008972168,0.044287748634815216,-0.04734388738870621,365185,6,6,False,Right,Front,Right,Centre,53
<_io.BytesIO object at 0x0000023B723F0810>,0.8882604837417603,0.022265370935201645,0.04782014712691307,365185,6,6,False,Right,Front,Right,Centre,53
<_io.BytesIO object at 0x0000023B723F0630>,0.9676631689071655,0.001026773825287819,-0.005518740508705378,365185,6,6,False,Right,Front,Right,Centre,53
<_io.BytesIO object at 0x0000023B723F0DB0>,0.9290875792503357,0.00705351447686553,-0.0704372376203537,365185,6,6,False,Right,Front,Right,Centre,53
<_io.BytesIO object at 0x0000023B750EB6D0>,0.5059439539909363,0.11209949105978012,-0.10111978650093079,365186,6,6,False,Right,Front,Right,Centre,53
<_io.BytesIO object at 0x0000023B750EB720>,0.5294986367225647,0.12952879071235657,-0.004550509620457888,365186,6,6,False,Right,Front,Right,Centre,53
<_io.BytesIO object at 0x0000023B750EB770>,0.4687005877494812,0.10578586906194687,-0.08366569876670837,365186,6,6,False,Right,Front,Right,Centre,53
<_io.BytesIO object at 0x0000023B723FC270>,0.4543696343898773,0.0629475936293602,-0.08113130927085876,365186,6,6,False,Right,Front,Right,Centre,53
<_io.BytesIO object at 0x0000023B723FC360>,0.4717361330986023,0.05456063151359558,0.0019867473747581244,365186,6,6,False,Right,Front,Right,Centre,53
<_io.BytesIO object at 0x0000023B723FC7C0>,0.9125774502754211,0.046717509627342224,-0.053395774215459824,365186,6,6,False,Right,Front,Right,Centre,53
<_io.BytesIO object at 0x0000023B723FCAE0>,0.8692297339439392,0.04428316652774811,-0.04734648019075394,365186,6,6,False,Right,Front,Right,Centre,53
<_io.BytesIO object at 0x0000023B723FCA40>,0.8882460594177246,0.022266287356615067,0.04781731218099594,365186,6,6,False,Right,Front,Right,Centre,53
<_io.BytesIO object at 0x0000023B723FC630>,0.967660665512085,0.001034872024320066,-0.005525016225874424,365186,6,6,False,Right,Front,Right,Centre,53
<_io.BytesIO object at 0x0000023B723FC810>,0.9290996193885803,0.00706201046705246,-0.07042074203491211,365186,6,6,False,Right,Front,Right,Centre,53
<_io.BytesIO object at 0x0000023B750E00E0>,0.5039662718772888,0.11408066749572754,-0.09468483179807663,365187,6,6,False,Right,Front,Right,Centre,53
<_io.BytesIO object at 0x0000023B750E07C0>,0.5248557925224304,0.1321636140346527,0.0023560526315122843,365187,6,6,False,Right,Front,Right,Centre,53
<_io.BytesIO object at 0x0000023B750E0270>,0.46631568670272827,0.10730692744255066,-0.07808112353086472,365187,6,6,False,Right,Front,Right,Centre,53
<_io.BytesIO object at 0x0000023B750E0810>,0.45257651805877686,0.06424166262149811,-0.07557258754968643,365187,6,6,False,Right,Front,Right,Centre,53
<_io.BytesIO object at 0x0000023B723F2810>,0.4683436155319214,0.056065138429403305,0.007678837515413761,365187,6,6,False,Right,Front,Right,Centre,53
<_io.BytesIO object at 0x0000023B723F26D0>,0.9125707745552063,0.04671928286552429,-0.05339445918798447,365187,6,6,False,Right,Front,Right,Centre,53
<_io.BytesIO object at 0x0000023B723F2680>,0.8692299127578735,0.044280242174863815,-0.04735014960169792,365187,6,6,False,Right,Front,Right,Centre,53
<_io.BytesIO object at 0x0000023B723F2C70>,0.8882419466972351,0.022258294746279716,0.04781158268451691,365187,6,6,False,Right,Front,Right,Centre,53
<_io.BytesIO object at 0x0000023B723F2180>,0.9676606059074402,0.0010397087316960096,-0.005528817418962717,365187,6,6,False,Right,Front,Right,Centre,53
<_io.BytesIO object at 0x0000023B723F2B80>,0.9290961623191833,0.007050366140902042,-0.07044493407011032,365187,6,6,False,Right,Front,Right,Centre,53
<_io.BytesIO object at 0x0000023B723F9130>,0.5015928149223328,0.11628778278827667,-0.08827918022871017,365188,6,6,False,Right,Front,Right,Centre,53
<_io.BytesIO object at 0x0000023B723D79A0>,0.5200088620185852,0.1348625123500824,0.009605149738490582,365188,6,6,False,Right,Front,Right,Centre,53
<_io.BytesIO object at 0x0000023B723D7EF0>,0.4639005661010742,0.10882043838500977,-0.07215858995914459,365188,6,6,False,Right,Front,Right,Centre,53
<_io.BytesIO object at 0x0000023B723D75E0>,0.4510060250759125,0.06535197794437408,-0.06987414509057999,365188,6,6,False,Right,Front,Right,Centre,53
<_io.BytesIO object at 0x0000023B723D7A40>,0.464662104845047,0.05785050615668297,0.01365402340888977,365188,6,6,False,Right,Front,Right,Centre,53
<_io.BytesIO object at 0x0000023B750D39F0>,0.9125634431838989,0.04670790582895279,-0.053400009870529175,365188,6,6,False,Right,Front,Right,Centre,53
<_io.BytesIO object at 0x0000023B750D3F40>,0.8692236542701721,0.04427046701312065,-0.047356583178043365,365188,6,6,False,Right,Front,Right,Centre,53
<_io.BytesIO object at 0x0000023B750D3630>,0.8882433772087097,0.022261640056967735,0.04781971126794815,365188,6,6,False,Right,Front,Right,Centre,53
<_io.BytesIO object at 0x0000023B750D3040>,0.9676496386528015,0.0010410925606265664,-0.005535788834095001,365188,6,6,False,Right,Front,Right,Centre,53
<_io.BytesIO object at 0x0000023B750D3BD0>,0.9290825128555298,0.007042417768388987,-0.07044920325279236,365188,6,6,False,Right,Front,Right,Centre,53
<_io.BytesIO object at 0x0000023B750D3E00>,0.4993782639503479,0.11825761198997498,-0.08131018280982971,365189,6,6,False,Right,Front,Right,Centre,53
<_io.BytesIO object at 0x0000023B750D3D60>,0.5149998664855957,0.1373971551656723,0.016997432336211205,365189,6,6,False,Right,Front,Right,Centre,53
<_io.BytesIO object at 0x0000023B723D7B30>,0.46152710914611816,0.1101824939250946,-0.06580273061990738,365189,6,6,False,Right,Front,Right,Centre,53
<_io.BytesIO object at 0x0000023B723D70E0>,0.4492570757865906,0.06652043759822845,-0.06391912698745728,365189,6,6,False,Right,Front,Right,Centre,53
<_io.BytesIO object at 0x0000023B723D7400>,0.46091750264167786,0.059506986290216446,0.019859520718455315,365189,6,6,False,Right,Front,Right,Centre,53
<_io.BytesIO object at 0x0000023B723D77C0>,0.9125613570213318,0.0467037707567215,-0.053397923707962036,365189,6,6,False,Right,Front,Right,Centre,53
<_io.BytesIO object at 0x0000023B723D7AE0>,0.8692227602005005,0.04427141696214676,-0.047359444200992584,365189,6,6,False,Right,Front,Right,Centre,53
<_io.BytesIO object at 0x0000023B723D79F0>,0.8882296085357666,0.02225560136139393,0.04781951382756233,365189,6,6,False,Right,Front,Right,Centre,53
<_io.BytesIO object at 0x0000023B723D7950>,0.9676488637924194,0.0010557941859588027,-0.0055337343364953995,365189,6,6,False,Right,Front,Right,Centre,53
<_io.BytesIO object at 0x0000023B723F91D0>,0.9290891289710999,0.007039116229861975,-0.07043705880641937,365189,6,6,False,Right,Front,Right,Centre,53
<_io.BytesIO object at 0x0000023B723F25E0>,0.49713635444641113,0.12014006823301315,-0.0741945132613182,365190,6,6,False,Right,Front,Right,Centre,53
<_io.BytesIO object at 0x0000023B723F2680>,0.5097416639328003,0.139859139919281,0.024747110903263092,365190,6,6,False,Right,Front,Right,Centre,53
<_io.BytesIO object at 0x0000023B750E0EF0>,0.4590614438056946,0.11131316423416138,-0.05961000546813011,365190,6,6,False,Right,Front,Right,Centre,53
<_io.BytesIO object at 0x0000023B750E0810>,0.44747263193130493,0.06755496561527252,-0.05766584724187851,365190,6,6,False,Right,Front,Right,Centre,53
<_io.BytesIO object at 0x0000023B750E0D10>,0.4571807384490967,0.06092587113380432,0.02625145949423313,365190,6,6,False,Right,Front,Right,Centre,53
<_io.BytesIO object at 0x0000023B750E0130>,0.9125498533248901,0.046699367463588715,-0.0533934012055397,365190,6,6,False,Right,Front,Right,Centre,53
<_io.BytesIO object at 0x0000023B750E09A0>,0.869212806224823,0.04426584765315056,-0.0473591610789299,365190,6,6,False,Right,Front,Right,Centre,53
<_io.BytesIO object at 0x0000023B750E0F90>,0.888222336769104,0.02224738709628582,0.04781753197312355,365190,6,6,False,Right,Front,Right,Centre,53
<_io.BytesIO object at 0x0000023B750E0B80>,0.9676382541656494,0.001058118767105043,-0.005544394254684448,365190,6,6,False,Right,Front,Right,Centre,53
<_io.BytesIO object at 0x0000023B750E0220>,0.9290807247161865,0.007028626743704081,-0.07043559849262238,365190,6,6,False,Right,Front,Right,Centre,53
<_io.BytesIO object at 0x0000023B723FC130>,0.4944721758365631,0.12245170027017593,-0.06665007770061493,365191,6,6,False,Right,Front,Right,Centre,53
<_io.BytesIO object at 0x0000023B723FC9A0>,0.5045230984687805,0.14217625558376312,0.03260120749473572,365191,6,6,False,Right,Front,Right,Centre,53
<_io.BytesIO object at 0x0000023B723FCD10>,0.45665648579597473,0.11235018819570541,-0.05308939516544342,365191,6,6,False,Right,Front,Right,Centre,53
<_io.BytesIO object at 0x0000023B723FC540>,0.4457012712955475,0.06854815036058426,-0.051178768277168274,365191,6,6,False,Right,Front,Right,Centre,53
<_io.BytesIO object at 0x0000023B750EB220>,0.4536850154399872,0.062136031687259674,0.03260574862360954,365191,6,6,False,Right,Front,Right,Centre,53
<_io.BytesIO object at 0x0000023B750EB450>,0.9125446081161499,0.04668889567255974,-0.05339701846241951,365191,6,6,False,Right,Front,Right,Centre,53
<_io.BytesIO object at 0x0000023B750EB810>,0.869204044342041,0.04425354674458504,-0.04736365005373955,365191,6,6,False,Right,Front,Right,Centre,53
<_io.BytesIO object at 0x0000023B750EBEA0>,0.888214111328125,0.02224588207900524,0.047817084938287735,365191,6,6,False,Right,Front,Right,Centre,53
<_io.BytesIO object at 0x0000023B750EB9F0>,0.967633068561554,0.0010590554447844625,-0.005549668800085783,365191,6,6,False,Right,Front,Right,Centre,53
<_io.BytesIO object at 0x0000023B750EB860>,0.9290546774864197,0.006998795084655285,-0.07045964151620865,365191,6,6,False,Right,Front,Right,Centre,53
<_io.BytesIO object at 0x0000023B723F0630>,0.4918733239173889,0.12443629652261734,-0.0588192380964756,365192,6,6,False,Right,Front,Right,Centre,53
<_io.BytesIO object at 0x0000023B723F03B0>,0.4990949332714081,0.14438873529434204,0.040671173483133316,365192,6,6,False,Right,Front,Right,Centre,53
<_io.BytesIO object at 0x0000023B723D62C0>,0.4541580379009247,0.11336798220872879,-0.04619472846388817,365192,6,6,False,Right,Front,Right,Centre,53
<_io.BytesIO object at 0x0000023B723D69A0>,0.44405555725097656,0.06933534890413284,-0.0444612093269825,365192,6,6,False,Right,Front,Right,Centre,53
<_io.BytesIO object at 0x0000023B723D6DB0>,0.4497390687465668,0.06330380588769913,0.039659999310970306,365192,6,6,False,Right,Front,Right,Centre,53
<_io.BytesIO object at 0x0000023B723D6B80>,0.9125326871871948,0.04668242484331131,-0.05340048670768738,365192,6,6,False,Right,Front,Right,Centre,53
<_io.BytesIO object at 0x0000023B723D6630>,0.869196891784668,0.04424264281988144,-0.04736868292093277,365192,6,6,False,Right,Front,Right,Centre,53
<_io.BytesIO object at 0x0000023B723D6A90>,0.8882055282592773,0.02224314585328102,0.047819849103689194,365192,6,6,False,Right,Front,Right,Centre,53
<_io.BytesIO object at 0x0000023B723D6810>,0.9676324725151062,0.0010748469503596425,-0.005546950735151768,365192,6,6,False,Right,Front,Right,Centre,53
<_io.BytesIO object at 0x0000023B750F4B80>,0.9290640354156494,0.00699962954968214,-0.0704457014799118,365192,6,6,False,Right,Front,Right,Centre,53
<_io.BytesIO object at 0x0000023B75109D60>,0.48966309428215027,0.12583909928798676,-0.0511452741920948,365193,6,6,False,Right,Front,Right,Centre,53
<_io.BytesIO object at 0x0000023B751094F0>,0.49364927411079407,0.14611580967903137,0.04875524714589119,365193,6,6,False,Right,Front,Right,Centre,53
<_io.BytesIO object at 0x0000023B75109810>,0.45147931575775146,0.11433891206979752,-0.03883204981684685,365193,6,6,False,Right,Front,Right,Centre,53
<_io.BytesIO object at 0x0000023B723F1900>,0.4424890875816345,0.0699690580368042,-0.03747916594147682,365193,6,6,False,Right,Front,Right,Centre,53
<_io.BytesIO object at 0x0000023B723F1270>,0.446123868227005,0.0641000047326088,0.04673738032579422,365193,6,6,False,Right,Front,Right,Centre,53
<_io.BytesIO object at 0x0000023B723F1CC0>,0.9125189781188965,0.04668872430920601,-0.053395066410303116,365193,6,6,False,Right,Front,Right,Centre,53
<_io.BytesIO object at 0x0000023B723F1720>,0.8691885471343994,0.044235166162252426,-0.04736636206507683,365193,6,6,False,Right,Front,Right,Centre,53
<_io.BytesIO object at 0x0000023B723F1D60>,0.888193666934967,0.022236986085772514,0.04782278835773468,365193,6,6,False,Right,Front,Right,Centre,53
<_io.BytesIO object at 0x0000023B723F1810>,0.96763014793396,0.001088600605726242,-0.005540808197110891,365193,6,6,False,Right,Front,Right,Centre,53
<_io.BytesIO object at 0x0000023B723EC400>,0.9290388226509094,0.006983979605138302,-0.07046763598918915,365193,6,6,False,Right,Front,Right,Centre,53
<_io.BytesIO object at 0x0000023B723F1310>,0.4871393144130707,0.12728272378444672,-0.04279507324099541,365194,6,6,False,Right,Front,Right,Centre,53
<_io.BytesIO object at 0x0000023B751098B0>,0.4881052076816559,0.14777368307113647,0.05732114985585213,365194,6,6,False,Right,Front,Right,Centre,53
<_io.BytesIO object at 0x0000023B751093B0>,0.44893816113471985,0.1150054782629013,-0.03129633143544197,365194,6,6,False,Right,Front,Right,Centre,53
<_io.BytesIO object at 0x0000023B751091D0>,0.44083893299102783,0.07046372443437576,-0.030186902731657028,365194,6,6,False,Right,Front,Right,Centre,53
<_io.BytesIO object at 0x0000023B75109CC0>,0.4425944685935974,0.06455008685588837,0.053893137723207474,365194,6,6,False,Right,Front,Right,Centre,53
<_io.BytesIO object at 0x0000023B750F4540>,0.9125081300735474,0.04667928069829941,-0.053400684148073196,365194,6,6,False,Right,Front,Right,Centre,53
<_io.BytesIO object at 0x0000023B750F4360>,0.8691785931587219,0.044233404099941254,-0.047364506870508194,365194,6,6,False,Right,Front,Right,Centre,53
<_io.BytesIO object at 0x0000023B750F4C20>,0.8880980014801025,0.022156329825520515,0.04761353135108948,365194,6,6,False,Right,Front,Right,Centre,53
<_io.BytesIO object at 0x0000023B750F45E0>,0.9675921201705933,0.0010942385997623205,-0.005574632901698351,365194,6,6,False,Right,Front,Right,Centre,53
<_io.BytesIO object at 0x0000023B750F40E0>,0.9290444254875183,0.007017043884843588,-0.0704297125339508,365194,6,6,False,Right,Front,Right,Centre,53
<_io.BytesIO object at 0x0000023B723D63B0>,0.484317809343338,0.12914042174816132,-0.034131646156311035,365195,6,6,False,Right,Front,Right,Centre,53
<_io.BytesIO object at 0x0000023B723F0180>,0.4826950430870056,0.1487768590450287,0.06602299958467484,365195,6,6,False,Right,Front,Right,Centre,53
<_io.BytesIO object at 0x0000023B723F0E50>,0.4463141858577728,0.11558543145656586,-0.023516308516263962,365195,6,6,False,Right,Front,Right,Centre,53
<_io.BytesIO object at 0x0000023B723F0B80>,0.43941420316696167,0.07077447324991226,-0.022787833586335182,365195,6,6,False,Right,Front,Right,Centre,53
<_io.BytesIO object at 0x0000023B723F0C70>,0.4391349256038666,0.06471817940473557,0.06129497289657593,365195,6,6,False,Right,Front,Right,Centre,53
<_io.BytesIO object at 0x0000023B723F07C0>,0.9125097990036011,0.04670542851090431,-0.05341212451457977,365195,6,6,False,Right,Front,Right,Centre,53
<_io.BytesIO object at 0x0000023B723F0EF0>,0.8691724538803101,0.04423081874847412,-0.04736161604523659,365195,6,6,False,Right,Front,Right,Centre,53
<_io.BytesIO object at 0x0000023B75200C70>,0.8881499171257019,0.02223173901438713,0.04781821742653847,365195,6,6,False,Right,Front,Right,Centre,53
<_io.BytesIO object at 0x0000023B75200CC0>,0.96757572889328,0.0011017753276973963,-0.0055722203105688095,365195,6,6,False,Right,Front,Right,Centre,53
<_io.BytesIO object at 0x0000023B75200BD0>,0.9290269613265991,0.007001493126153946,-0.07043509185314178,365195,6,6,False,Right,Front,Right,Centre,53
<_io.BytesIO object at 0x0000023B723DB680>,0.48168882727622986,0.1305234134197235,-0.025340642780065536,365196,6,6,False,Right,Front,Right,Centre,53
<_io.BytesIO object at 0x0000023B723DB180>,0.4769844710826874,0.1499214470386505,0.07501860707998276,365196,6,6,False,Right,Front,Right,Centre,53
<_io.BytesIO object at 0x0000023B723DB950>,0.44374385476112366,0.1159520074725151,-0.01552865281701088,365196,6,6,False,Right,Front,Right,Centre,53
<_io.BytesIO object at 0x0000023B750E0090>,0.4377814531326294,0.07100925594568253,-0.015045559033751488,365196,6,6,False,Right,Front,Right,Centre,53
<_io.BytesIO object at 0x0000023B750E05E0>,0.435754656791687,0.06459735333919525,0.06893353164196014,365196,6,6,False,Right,Front,Right,Centre,53
<_io.BytesIO object at 0x0000023B750E0F40>,0.912493884563446,0.04666581749916077,-0.05339455604553223,365196,6,6,False,Right,Front,Right,Centre,53
<_io.BytesIO object at 0x0000023B750E0450>,0.8691597580909729,0.04422878473997116,-0.04735729470849037,365196,6,6,False,Right,Front,Right,Centre,53
<_io.BytesIO object at 0x0000023B750E09A0>,0.8880652785301208,0.022165074944496155,0.04764065891504288,365196,6,6,False,Right,Front,Right,Centre,53
<_io.BytesIO object at 0x0000023B750E0E00>,0.9675700068473816,0.0011273595737293363,-0.005577731877565384,365196,6,6,False,Right,Front,Right,Centre,53
<_io.BytesIO object at 0x0000023B750E0270>,0.9290090799331665,0.006987806875258684,-0.07042929530143738,365196,6,6,False,Right,Front,Right,Centre,53
<_io.BytesIO object at 0x0000023B750EB950>,0.47901734709739685,0.13167454302310944,-0.016107963398098946,365197,6,6,False,Right,Front,Right,Centre,53
<_io.BytesIO object at 0x0000023B723F24F0>,0.4713691473007202,0.15039324760437012,0.08421535044908524,365197,6,6,False,Right,Front,Right,Centre,53
<_io.BytesIO object at 0x0000023B723F2D60>,0.44115206599235535,0.11613678187131882,-0.007146647199988365,365197,6,6,False,Right,Front,Right,Centre,53
<_io.BytesIO object at 0x0000023B723F29A0>,0.4363850951194763,0.07110528647899628,-0.00709112174808979,365197,6,6,False,Right,Front,Right,Centre,53
<_io.BytesIO object at 0x0000023B723F2770>,0.4323306977748871,0.06417243927717209,0.07662712037563324,365197,6,6,False,Right,Front,Right,Centre,53
<_io.BytesIO object at 0x0000023B723F9C70>,0.9124752879142761,0.04667354002594948,-0.05337435007095337,365197,6,6,False,Right,Front,Right,Centre,53
<_io.BytesIO object at 0x0000023B723F9B80>,0.8691450953483582,0.044226642698049545,-0.047343891113996506,365197,6,6,False,Right,Front,Right,Centre,53
<_io.BytesIO object at 0x0000023B723F92C0>,0.8881278038024902,0.02223389782011509,0.04784796014428139,365197,6,6,False,Right,Front,Right,Centre,53
<_io.BytesIO object at 0x0000023B723F9400>,0.9675670266151428,0.0011407661950215697,-0.005576989613473415,365197,6,6,False,Right,Front,Right,Centre,53
<_io.BytesIO object at 0x0000023B723F9770>,0.9289987683296204,0.006989985704421997,-0.07040983438491821,365197,6,6,False,Right,Front,Right,Centre,53
<_io.BytesIO object at 0x0000023B723D71D0>,0.4761554002761841,0.13285069167613983,-0.006697303149849176,365198,6,6,False,Right,Front,Right,Centre,53
<_io.BytesIO object at 0x0000023B750D3680>,0.4656822085380554,0.15052500367164612,0.093562550842762,365198,6,6,False,Right,Front,Right,Centre,53
<_io.BytesIO object at 0x0000023B750D3950>,0.438468337059021,0.11632364988327026,0.0013437275774776936,365198,6,6,False,Right,Front,Right,Centre,53
<_io.BytesIO object at 0x0000023B750D3450>,0.43488809466362,0.07112619280815125,0.0010750646470114589,365198,6,6,False,Right,Front,Right,Centre,53
<_io.BytesIO object at 0x0000023B750D3CC0>,0.4290497601032257,0.06346718221902847,0.08465569466352463,365198,6,6,False,Right,Front,Right,Centre,53
<_io.BytesIO object at 0x0000023B6D785180>,0.9124693274497986,0.046664074063301086,-0.053360480815172195,365198,6,6,False,Right,Front,Right,Centre,53
<_io.BytesIO object at 0x0000023B723EC860>,0.8691315054893494,0.044226329773664474,-0.04733627662062645,365198,6,6,False,Right,Front,Right,Centre,53
<_io.BytesIO object at 0x0000023B723EC5E0>,0.8881306052207947,0.02224133349955082,0.0478878952562809,365198,6,6,False,Right,Front,Right,Centre,53
<_io.BytesIO object at 0x0000023B723EC270>,0.9675654768943787,0.0011532418429851532,-0.005564738065004349,365198,6,6,False,Right,Front,Right,Centre,53
<_io.BytesIO object at 0x0000023B723EC180>,0.9289700984954834,0.006964011117815971,-0.07041038572788239,365198,6,6,False,Right,Front,Right,Centre,53
<_io.BytesIO object at 0x0000023B723D79F0>,0.47326821088790894,0.13385210931301117,0.002922573359683156,365199,6,6,False,Right,Front,Right,Centre,53
<_io.BytesIO object at 0x0000023B723D73B0>,0.460415244102478,0.15016241371631622,0.10351987183094025,365199,6,6,False,Right,Front,Right,Centre,53
<_io.BytesIO object at 0x0000023B723D7950>,0.4358865022659302,0.11629344522953033,0.010144460946321487,365199,6,6,False,Right,Front,Right,Centre,53
<_io.BytesIO object at 0x0000023B723D7BD0>,0.43342915177345276,0.07110093533992767,0.009414436295628548,365199,6,6,False,Right,Front,Right,Centre,53
<_io.BytesIO object at 0x0000023B723F9D10>,0.42595288157463074,0.06258094310760498,0.09262514114379883,365199,6,6,False,Right,Front,Right,Centre,53
<_io.BytesIO object at 0x0000023B723F9270>,0.9124578833580017,0.04665878042578697,-0.05335308238863945,365199,6,6,False,Right,Front,Right,Centre,53
<_io.BytesIO object at 0x0000023B723F9630>,0.8691228032112122,0.0442243255674839,-0.04731746390461922,365199,6,6,False,Right,Front,Right,Centre,53
<_io.BytesIO object at 0x0000023B723F9A40>,0.8881145715713501,0.022235995158553123,0.047898415476083755,365199,6,6,False,Right,Front,Right,Centre,53
<_io.BytesIO object at 0x0000023B723F93B0>,0.9675612449645996,0.0011706704972311854,-0.005556487012654543,365199,6,6,False,Right,Front,Right,Centre,53
<_io.BytesIO object at 0x0000023B723F9D60>,0.9289602637290955,0.006987846922129393,-0.07036693394184113,365199,6,6,False,Right,Front,Right,Centre,53
<_io.BytesIO object at 0x0000023B723F25E0>,0.4702066481113434,0.13495025038719177,0.01274113915860653,365200,6,6,False,Right,Front,Right,Centre,53
<_io.BytesIO object at 0x0000023B750EB220>,0.45475077629089355,0.14976991713047028,0.11346258223056793,365200,6,6,False,Right,Front,Right,Centre,53
<_io.BytesIO object at 0x0000023B750EBEF0>,0.4332365095615387,0.11614301800727844,0.019107971340417862,365200,6,6,False,Right,Front,Right,Centre,53
<_io.BytesIO object at 0x0000023B750EB0E0>,0.43219777941703796,0.07090135663747787,0.017897503450512886,365200,6,6,False,Right,Front,Right,Centre,53
<_io.BytesIO object at 0x0000023B750EB6D0>,0.4228583872318268,0.061198800802230835,0.1007588654756546,365200,6,6,False,Right,Front,Right,Centre,53
<_io.BytesIO object at 0x0000023B750EBF90>,0.9124457836151123,0.04665510728955269,-0.05333385616540909,365200,6,6,False,Right,Front,Right,Centre,53
<_io.BytesIO object at 0x0000023B750E0680>,0.8691132068634033,0.04422010853886604,-0.04730972275137901,365200,6,6,False,Right,Front,Right,Centre,53
<_io.BytesIO object at 0x0000023B750E0540>,0.8881072998046875,0.022226154804229736,0.04790942370891571,365200,6,6,False,Right,Front,Right,Centre,53
<_io.BytesIO object at 0x0000023B750E0C20>,0.9675447940826416,0.001173813478089869,-0.005551142152398825,365200,6,6,False,Right,Front,Right,Centre,53
<_io.BytesIO object at 0x0000023B750E0130>,0.9289675354957581,0.00700562447309494,-0.07031457126140594,365200,6,6,False,Right,Front,Right,Centre,53
<_io.BytesIO object at 0x0000023B723DB9F0>,0.46714648604393005,0.13588127493858337,0.022853195667266846,365201,6,6,False,Right,Front,Right,Centre,53
<_io.BytesIO object at 0x0000023B723FC630>,0.44910070300102234,0.14903737604618073,0.12352324277162552,365201,6,6,False,Right,Front,Right,Centre,53
<_io.BytesIO object at 0x0000023B723FCE50>,0.4307016432285309,0.11582541465759277,0.02815423347055912,365201,6,6,False,Right,Front,Right,Centre,53
<_io.BytesIO object at 0x0000023B723FC2C0>,0.4310823976993561,0.07065888494253159,0.026549367234110832,365201,6,6,False,Right,Front,Right,Centre,53
<_io.BytesIO object at 0x0000023B723FC9A0>,0.4205091893672943,0.05956102907657623,0.10913532972335815,365201,6,6,False,Right,Front,Right,Centre,53
<_io.BytesIO object at 0x0000023B723FC360>,0.9124376773834229,0.046654436737298965,-0.05332236364483833,365201,6,6,False,Right,Front,Right,Centre,53
<_io.BytesIO object at 0x0000023B723FCEA0>,0.8691088557243347,0.04421984404325485,-0.0472978875041008,365201,6,6,False,Right,Front,Right,Centre,53
<_io.BytesIO object at 0x0000023B75200E50>,0.8881005048751831,0.022225860506296158,0.04792626574635506,365201,6,6,False,Right,Front,Right,Centre,53
<_io.BytesIO object at 0x0000023B75200CC0>,0.9675520658493042,0.0011880346573889256,-0.0055394480004906654,365201,6,6,False,Right,Front,Right,Centre,53
<_io.BytesIO object at 0x0000023B75200AE0>,0.9289613962173462,0.0070052254013717175,-0.07029308378696442,365201,6,6,False,Right,Front,Right,Centre,53
<_io.BytesIO object at 0x0000023B723D69A0>,0.46402090787887573,0.13687428832054138,0.03288321942090988,365202,6,6,False,Right,Front,Right,Centre,53
<_io.BytesIO object at 0x0000023B723D6450>,0.4433991611003876,0.14812496304512024,0.13359974324703217,365202,6,6,False,Right,Front,Right,Centre,53
<_io.BytesIO object at 0x0000023B723D6590>,0.4279569387435913,0.11565939337015152,0.037426628172397614,365202,6,6,False,Right,Front,Right,Centre,53
<_io.BytesIO object at 0x0000023B723D6540>,0.43010786175727844,0.07037393003702164,0.03526287153363228,365202,6,6,False,Right,Front,Right,Centre,53
<_io.BytesIO object at 0x0000023B723D6040>,0.41805049777030945,0.05779747664928436,0.11742977797985077,365202,6,6,False,Right,Front,Right,Centre,53
<_io.BytesIO object at 0x0000023B750F4040>,0.9124011397361755,0.04670577868819237,-0.05329732224345207,365202,6,6,False,Right,Front,Right,Centre,53
<_io.BytesIO object at 0x0000023B750F43B0>,0.8691105246543884,0.04422299936413765,-0.04728588089346886,365202,6,6,False,Right,Front,Right,Centre,53
<_io.BytesIO object at 0x0000023B750F4720>,0.8881008625030518,0.022227676585316658,0.04794025048613548,365202,6,6,False,Right,Front,Right,Centre,53
<_io.BytesIO object at 0x0000023B750F4DB0>,0.9675412178039551,0.0011948837200179696,-0.005538876634091139,365202,6,6,False,Right,Front,Right,Centre,53
<_io.BytesIO object at 0x0000023B750F4C20>,0.9289566278457642,0.006989572197198868,-0.07028274238109589,365202,6,6,False,Right,Front,Right,Centre,53
<_io.BytesIO object at 0x0000023B75109630>,0.46085667610168457,0.13779044151306152,0.04317764565348625,365203,6,6,False,Right,Front,Right,Centre,53
<_io.BytesIO object at 0x0000023B723F1A90>,0.4379269480705261,0.14715999364852905,0.14371554553508759,365203,6,6,False,Right,Front,Right,Centre,53
<_io.BytesIO object at 0x0000023B723F19A0>,0.42569249868392944,0.11517544835805893,0.0467049703001976,365203,6,6,False,Right,Front,Right,Centre,53
<_io.BytesIO object at 0x0000023B723F1EF0>,0.4292486906051636,0.07009726017713547,0.0441606342792511,365203,6,6,False,Right,Front,Right,Centre,53
<_io.BytesIO object at 0x0000023B723ECDB0>,0.4160196781158447,0.056180037558078766,0.12601666152477264,365203,6,6,False,Right,Front,Right,Centre,53
<_io.BytesIO object at 0x0000023B723EC950>,0.9124031662940979,0.0466938391327858,-0.0532936230301857,365203,6,6,False,Right,Front,Right,Centre,53
<_io.BytesIO object at 0x0000023B723ECAE0>,0.869117259979248,0.04422654211521149,-0.04727598652243614,365203,6,6,False,Right,Front,Right,Centre,53
<_io.BytesIO object at 0x0000023B723EC180>,0.8880616426467896,0.022223955020308495,0.047939419746398926,365203,6,6,False,Right,Front,Right,Centre,53
<_io.BytesIO object at 0x0000023B723EC1D0>,0.9675453901290894,0.0012100983876734972,-0.005522961262613535,365203,6,6,False,Right,Front,Right,Centre,53
<_io.BytesIO object at 0x0000023B723EC770>,0.9289548397064209,0.006975443102419376,-0.07028885930776596,365203,6,6,False,Right,Front,Right,Centre,53
<_io.BytesIO object at 0x0000023B723F1950>,0.4579726755619049,0.13846449553966522,0.053430743515491486,365204,6,6,False,Right,Front,Right,Centre,53
<_io.BytesIO object at 0x0000023B723F1BD0>,0.43248555064201355,0.1460624635219574,0.1537427306175232,365204,6,6,False,Right,Front,Right,Centre,53
<_io.BytesIO object at 0x0000023B75109F90>,0.4232395589351654,0.11484605073928833,0.05605858564376831,365204,6,6,False,Right,Front,Right,Centre,53
<_io.BytesIO object at 0x0000023B751095E0>,0.42846620082855225,0.06995373964309692,0.05317845940589905,365204,6,6,False,Right,Front,Right,Centre,53
<_io.BytesIO object at 0x0000023B75109180>,0.41398105025291443,0.05431763455271721,0.13480550050735474,365204,6,6,False,Right,Front,Right,Centre,53
<_io.BytesIO object at 0x0000023B75109450>,0.9124445915222168,0.04664701595902443,-0.05330013111233711,365204,6,6,False,Right,Front,Right,Centre,53
<_io.BytesIO object at 0x0000023B75109680>,0.8691229224205017,0.04423065856099129,-0.047281261533498764,365204,6,6,False,Right,Front,Right,Centre,53
<_io.BytesIO object at 0x0000023B75109DB0>,0.8880958557128906,0.022231701761484146,0.04794365540146828,365204,6,6,False,Right,Front,Right,Centre,53
<_io.BytesIO object at 0x0000023B750F4E00>,0.9675390124320984,0.0011940001277253032,-0.005529717076569796,365204,6,6,False,Right,Front,Right,Centre,53
<_io.BytesIO object at 0x0000023B750F4220>,0.9289755821228027,0.006974168121814728,-0.07027711719274521,365204,6,6,False,Right,Front,Right,Centre,53
<_io.BytesIO object at 0x0000023B723D6CC0>,0.455095112323761,0.13913434743881226,0.06362573802471161,365205,6,6,False,Right,Front,Right,Centre,53
<_io.BytesIO object at 0x0000023B723D6EF0>,0.42741987109184265,0.1447822004556656,0.16377811133861542,365205,6,6,False,Right,Front,Right,Centre,53
<_io.BytesIO object at 0x0000023B752009F0>,0.42084720730781555,0.11455995589494705,0.06553027033805847,365205,6,6,False,Right,Front,Right,Centre,53
<_io.BytesIO object at 0x0000023B75200A90>,0.42774179577827454,0.0697363018989563,0.06225942075252533,365205,6,6,False,Right,Front,Right,Centre,53
<_io.BytesIO object at 0x0000023B75200E50>,0.41228124499320984,0.052919574081897736,0.1431119740009308,365205,6,6,False,Right,Front,Right,Centre,53
<_io.BytesIO object at 0x0000023B723FCB30>,0.9124648571014404,0.046645503491163254,-0.053297437727451324,365205,6,6,False,Right,Front,Right,Centre,53
<_io.BytesIO object at 0x0000023B723FCBD0>,0.8691353797912598,0.044233288615942,-0.047285400331020355,365205,6,6,False,Right,Front,Right,Centre,53
<_io.BytesIO object at 0x0000023B723FC4A0>,0.8881015181541443,0.022243337705731392,0.04794355109333992,365205,6,6,False,Right,Front,Right,Centre,53
<_io.BytesIO object at 0x0000023B723FC590>,0.9675406217575073,0.0012010392965748906,-0.005518352147191763,365205,6,6,False,Right,Front,Right,Centre,53
<_io.BytesIO object at 0x0000023B723FCA40>,0.9289944171905518,0.006969365756958723,-0.070274218916893,365205,6,6,False,Right,Front,Right,Centre,53
<_io.BytesIO object at 0x0000023B723DB4F0>,0.45239928364753723,0.1396307349205017,0.07381520420312881,365206,6,6,False,Right,Front,Right,Centre,53
<_io.BytesIO object at 0x0000023B750E0AE0>,0.4227108359336853,0.1435292810201645,0.17362460494041443,365206,6,6,False,Right,Front,Right,Centre,53
<_io.BytesIO object at 0x0000023B750E09F0>,0.4186714291572571,0.1144171953201294,0.07498346269130707,365206,6,6,False,Right,Front,Right,Centre,53
<_io.BytesIO object at 0x0000023B750E0E00>,0.42656242847442627,0.06974508613348007,0.07130932062864304,365206,6,6,False,Right,Front,Right,Centre,53
<_io.BytesIO object at 0x0000023B750E0BD0>,0.41036897897720337,0.05146976187825203,0.15207380056381226,365206,6,6,False,Right,Front,Right,Centre,53
<_io.BytesIO object at 0x0000023B750E0680>,0.9124791622161865,0.04664916172623634,-0.05330338329076767,365206,6,6,False,Right,Front,Right,Centre,53
<_io.BytesIO object at 0x0000023B750EB310>,0.8691509366035461,0.04423775523900986,-0.0472913458943367,365206,6,6,False,Right,Front,Right,Centre,53
<_io.BytesIO object at 0x0000023B750EB270>,0.8881059288978577,0.022251226007938385,0.04793445020914078,365206,6,6,False,Right,Front,Right,Centre,53
<_io.BytesIO object at 0x0000023B750EB630>,0.9675577282905579,0.0011850374285131693,-0.005520644132047892,365206,6,6,False,Right,Front,Right,Centre,53
<_io.BytesIO object at 0x0000023B750EBB80>,0.9290134310722351,0.006997019052505493,-0.07024158537387848,365206,6,6,False,Right,Front,Right,Centre,53
<_io.BytesIO object at 0x0000023B723F29F0>,0.4499873220920563,0.14010632038116455,0.08391119539737701,365207,6,6,False,Right,Front,Right,Centre,53
<_io.BytesIO object at 0x0000023B723F2EA0>,0.4186427891254425,0.14215464890003204,0.1837644726037979,365207,6,6,False,Right,Front,Right,Centre,53
<_io.BytesIO object at 0x0000023B723F0900>,0.4169946312904358,0.11375616490840912,0.08420276641845703,365207,6,6,False,Right,Front,Right,Centre,53
<_io.BytesIO object at 0x0000023B723F0540>,0.4252564311027527,0.07000966370105743,0.08047304302453995,365207,6,6,False,Right,Front,Right,Centre,53
<_io.BytesIO object at 0x0000023B723F0B80>,0.4086216688156128,0.04996176064014435,0.1607932597398758,365207,6,6,False,Right,Front,Right,Centre,53
<_io.BytesIO object at 0x0000023B723F0C70>,0.9124886393547058,0.04667145386338234,-0.0532863475382328,365207,6,6,False,Right,Front,Right,Centre,53
<_io.BytesIO object at 0x0000023B723F0B30>,0.8691776990890503,0.04424005746841431,-0.04729750007390976,365207,6,6,False,Right,Front,Right,Centre,53
<_io.BytesIO object at 0x0000023B723F04F0>,0.8881105184555054,0.022262101992964745,0.0479162372648716,365207,6,6,False,Right,Front,Right,Centre,53
<_io.BytesIO object at 0x0000023B723F9900>,0.9675586819648743,0.0011740048648789525,-0.005523063708096743,365207,6,6,False,Right,Front,Right,Centre,53
<_io.BytesIO object at 0x0000023B723F9450>,0.9290205836296082,0.006974097806960344,-0.07029259949922562,365207,6,6,False,Right,Front,Right,Centre,53
<_io.BytesIO object at 0x0000023B723D79F0>,0.4478248953819275,0.14036178588867188,0.09382563084363937,365208,6,6,False,Right,Front,Right,Centre,53
<_io.BytesIO object at 0x0000023B723D7130>,0.41515952348709106,0.1408122479915619,0.193687304854393,365208,6,6,False,Right,Front,Right,Centre,53
<_io.BytesIO object at 0x0000023B723D77C0>,0.41527608036994934,0.11362621933221817,0.0934169590473175,365208,6,6,False,Right,Front,Right,Centre,53
<_io.BytesIO object at 0x0000023B723D7720>,0.42403802275657654,0.07003723829984665,0.08938445895910263,365208,6,6,False,Right,Front,Right,Centre,53
<_io.BytesIO object at 0x0000023B723D78B0>,0.4066164493560791,0.04681091010570526,0.16749295592308044,365208,6,6,False,Right,Front,Right,Centre,53
<_io.BytesIO object at 0x0000023B723D7900>,0.9124519228935242,0.04690517112612724,-0.052965886890888214,365208,6,6,False,Right,Front,Right,Centre,53
<_io.BytesIO object at 0x0000023B723D7D10>,0.8691953420639038,0.04425913840532303,-0.047282129526138306,365208,6,6,False,Right,Front,Right,Centre,53
<_io.BytesIO object at 0x0000023B723D7950>,0.8881209492683411,0.022256402298808098,0.04789888486266136,365208,6,6,False,Right,Front,Right,Centre,53
<_io.BytesIO object at 0x0000023B723D7EA0>,0.9675738215446472,0.0011533722281455994,-0.0055329399183392525,365208,6,6,False,Right,Front,Right,Centre,53
<_io.BytesIO object at 0x0000023B723F9A40>,0.92906653881073,0.006982301827520132,-0.07028872519731522,365208,6,6,False,Right,Front,Right,Centre,53
<_io.BytesIO object at 0x0000023B723F0590>,0.445941686630249,0.1405668556690216,0.10366066545248032,365209,6,6,False,Right,Front,Right,Centre,53
<_io.BytesIO object at 0x0000023B723F0AE0>,0.412324458360672,0.13963469862937927,0.20303191244602203,365209,6,6,False,Right,Front,Right,Centre,53
<_io.BytesIO object at 0x0000023B723F29F0>,0.4137193262577057,0.11356793344020844,0.10268619656562805,365209,6,6,False,Right,Front,Right,Centre,53
<_io.BytesIO object at 0x0000023B723F2630>,0.4227279722690582,0.07018238306045532,0.09826815873384476,365209,6,6,False,Right,Front,Right,Centre,53
<_io.BytesIO object at 0x0000023B723F29A0>,0.40319716930389404,0.048007383942604065,0.17622780799865723,365209,6,6,False,Right,Front,Right,Centre,53
<_io.BytesIO object at 0x0000023B723F2DB0>,0.9125674366950989,0.04658957198262215,-0.053464483469724655,365209,6,6,False,Right,Front,Right,Centre,53
<_io.BytesIO object at 0x0000023B723F2810>,0.8691791296005249,0.04438288137316704,-0.04709092900156975,365209,6,6,False,Right,Front,Right,Centre,53
<_io.BytesIO object at 0x0000023B723F2C20>,0.8881261348724365,0.022261038422584534,0.04787054657936096,365209,6,6,False,Right,Front,Right,Centre,53
<_io.BytesIO object at 0x0000023B723F2680>,0.9675884246826172,0.001148407463915646,-0.005517283920198679,365209,6,6,False,Right,Front,Right,Centre,53
<_io.BytesIO object at 0x0000023B723F25E0>,0.929097592830658,0.007001637481153011,-0.07028774917125702,365209,6,6,False,Right,Front,Right,Centre,53
<_io.BytesIO object at 0x0000023B750E0EF0>,0.44442734122276306,0.14057651162147522,0.1132940724492073,365210,6,6,False,Right,Front,Right,Centre,53
<_io.BytesIO object at 0x0000023B750E09F0>,0.41063258051872253,0.1378772109746933,0.2123289257287979,365210,6,6,False,Right,Front,Right,Centre,53
<_io.BytesIO object at 0x0000023B750E0A40>,0.4124116599559784,0.11339834332466125,0.1116667091846466,365210,6,6,False,Right,Front,Right,Centre,53
<_io.BytesIO object at 0x0000023B750E0090>,0.4215875566005707,0.0701201930642128,0.10713429749011993,365210,6,6,False,Right,Front,Right,Centre,53
<_io.BytesIO object at 0x0000023B723DB5E0>,0.4006218910217285,0.048915691673755646,0.1850288212299347,365210,6,6,False,Right,Front,Right,Centre,53
<_io.BytesIO object at 0x0000023B723DB090>,0.9125962853431702,0.04659504443407059,-0.05347123742103577,365210,6,6,False,Right,Front,Right,Centre,53
<_io.BytesIO object at 0x0000023B723DB860>,0.869255781173706,0.04424799606204033,-0.04738054797053337,365210,6,6,False,Right,Front,Right,Centre,53
<_io.BytesIO object at 0x0000023B723DBC70>,0.8880509734153748,0.022189950570464134,0.047636549919843674,365210,6,6,False,Right,Front,Right,Centre,53
<_io.BytesIO object at 0x0000023B723DBB80>,0.9676235914230347,0.0011140125570818782,-0.005503164604306221,365210,6,6,False,Right,Front,Right,Centre,53
<_io.BytesIO object at 0x0000023B723DBDB0>,0.9291181564331055,0.006982814520597458,-0.07034491747617722,365210,6,6,False,Right,Front,Right,Centre,53
<_io.BytesIO object at 0x0000023B723FC950>,0.44348859786987305,0.140481099486351,0.12265867739915848,365211,6,6,False,Right,Front,Right,Centre,53
<_io.BytesIO object at 0x0000023B75200B30>,0.4086674153804779,0.13699887692928314,0.2218756079673767,365211,6,6,False,Right,Front,Right,Centre,53
<_io.BytesIO object at 0x0000023B723D6E50>,0.4113822877407074,0.11322705447673798,0.1205940917134285,365211,6,6,False,Right,Front,Right,Centre,53
<_io.BytesIO object at 0x0000023B723D60E0>,0.42060649394989014,0.06995593011379242,0.11591021716594696,365211,6,6,False,Right,Front,Right,Centre,53
<_io.BytesIO object at 0x0000023B723D6DB0>,0.405757874250412,0.04753193259239197,0.19999279081821442,365211,6,6,False,Right,Front,Right,Centre,53
<_io.BytesIO object at 0x0000023B723D6F40>,0.9126140475273132,0.04662008211016655,-0.05348441004753113,365211,6,6,False,Right,Front,Right,Centre,53
<_io.BytesIO object at 0x0000023B723D65E0>,0.8692843914031982,0.04424044117331505,-0.047417692840099335,365211,6,6,False,Right,Front,Right,Centre,53
<_io.BytesIO object at 0x0000023B723D6F90>,0.8880617618560791,0.02219117060303688,0.047612689435482025,365211,6,6,False,Right,Front,Right,Centre,53
<_io.BytesIO object at 0x0000023B723D64A0>,0.967634379863739,0.0010924346279352903,-0.005512488540261984,365211,6,6,False,Right,Front,Right,Centre,53
<_io.BytesIO object at 0x0000023B750F4860>,0.9291267991065979,0.006984903011471033,-0.0703982338309288,365211,6,6,False,Right,Front,Right,Centre,53
<_io.BytesIO object at 0x0000023B75109950>,0.4425448775291443,0.14035768806934357,0.13191917538642883,365212,6,6,False,Right,Front,Right,Centre,53
<_io.BytesIO object at 0x0000023B75109B80>,0.4075789153575897,0.13628827035427094,0.2303198277950287,365212,6,6,False,Right,Front,Right,Centre,53
<_io.BytesIO object at 0x0000023B723F1180>,0.41071105003356934,0.11289642006158829,0.12940490245819092,365212,6,6,False,Right,Front,Right,Centre,53
<_io.BytesIO object at 0x0000023B723F1310>,0.42073854804039,0.0692724734544754,0.12477222084999084,365212,6,6,False,Right,Front,Right,Centre,53
<_io.BytesIO object at 0x0000023B723F1900>,0.4068705141544342,0.04727443307638168,0.20928063988685608,365212,6,6,False,Right,Front,Right,Centre,53
<_io.BytesIO object at 0x0000023B723F1040>,0.9126446843147278,0.04662119597196579,-0.05350926145911217,365212,6,6,False,Right,Front,Right,Centre,53
<_io.BytesIO object at 0x0000023B723F12C0>,0.8693091869354248,0.04423906281590462,-0.047452252358198166,365212,6,6,False,Right,Front,Right,Centre,53
<_io.BytesIO object at 0x0000023B723F18B0>,0.8880719542503357,0.02219102531671524,0.047584399580955505,365212,6,6,False,Right,Front,Right,Centre,53
<_io.BytesIO object at 0x0000023B723EC2C0>,0.9676390290260315,0.0010606806026771665,-0.005516525357961655,365212,6,6,False,Right,Front,Right,Centre,53
<_io.BytesIO object at 0x0000023B723ECAE0>,0.9291583299636841,0.006992754526436329,-0.07041963189840317,365212,6,6,False,Right,Front,Right,Centre,53
<_io.BytesIO object at 0x0000023B750D3770>,0.4423586130142212,0.13996413350105286,0.1409362107515335,365213,6,6,False,Right,Front,Right,Centre,53
<_io.BytesIO object at 0x0000023B750D3950>,0.4070429503917694,0.13638731837272644,0.23727530241012573,365213,6,6,False,Right,Front,Right,Centre,53
<_io.BytesIO object at 0x0000023B750D3E00>,0.4102984666824341,0.11247364431619644,0.13800621032714844,365213,6,6,False,Right,Front,Right,Centre,53
<_io.BytesIO object at 0x0000023B750D36D0>,0.42050352692604065,0.06902056932449341,0.1332777887582779,365213,6,6,False,Right,Front,Right,Centre,53
<_io.BytesIO object at 0x0000023B723ECD60>,0.40542352199554443,0.04603385552763939,0.2171013355255127,365213,6,6,False,Right,Front,Right,Centre,53
<_io.BytesIO object at 0x0000023B723ECEA0>,0.9126631617546082,0.04662784934043884,-0.05352110415697098,365213,6,6,False,Right,Front,Right,Centre,53
<_io.BytesIO object at 0x0000023B723EC5E0>,0.8693363070487976,0.04425483196973801,-0.04747246578335762,365213,6,6,False,Right,Front,Right,Centre,53
<_io.BytesIO object at 0x0000023B723EC9F0>,0.8880821466445923,0.02220204845070839,0.04756069928407669,365213,6,6,False,Right,Front,Right,Centre,53
<_io.BytesIO object at 0x0000023B723ECCC0>,0.9676564335823059,0.0010412263218313456,-0.005524641368538141,365213,6,6,False,Right,Front,Right,Centre,53
<_io.BytesIO object at 0x0000023B723EC590>,0.929189145565033,0.007000542711466551,-0.07044140994548798,365213,6,6,False,Right,Front,Right,Centre,53
<_io.BytesIO object at 0x0000023B751098B0>,0.44219648838043213,0.13978062570095062,0.14972443878650665,365214,6,6,False,Right,Front,Right,Centre,53
<_io.BytesIO object at 0x0000023B75109680>,0.4171876609325409,0.14582127332687378,0.24225234985351562,365214,6,6,False,Right,Front,Right,Centre,53
<_io.BytesIO object at 0x0000023B750F41D0>,0.41013017296791077,0.1121436133980751,0.1464644819498062,365214,6,6,False,Right,Front,Right,Centre,53
<_io.BytesIO object at 0x0000023B750F4AE0>,0.4206068515777588,0.06873856484889984,0.14151398837566376,365214,6,6,False,Right,Front,Right,Centre,53
<_io.BytesIO object at 0x0000023B750F4C20>,0.4128094017505646,0.05254454165697098,0.23020364344120026,365214,6,6,False,Right,Front,Right,Centre,53
<_io.BytesIO object at 0x0000023B750F4DB0>,0.9126837253570557,0.04663581773638725,-0.0535372756421566,365214,6,6,False,Right,Front,Right,Centre,53
<_io.BytesIO object at 0x0000023B750F40E0>,0.8693613409996033,0.04426099732518196,-0.04749561846256256,365214,6,6,False,Right,Front,Right,Centre,53
<_io.BytesIO object at 0x0000023B750F4BD0>,0.8881112933158875,0.022193007171154022,0.04752393439412117,365214,6,6,False,Right,Front,Right,Centre,53
<_io.BytesIO object at 0x0000023B750F4F90>,0.9676594734191895,0.001013187225908041,-0.0055387127213180065,365214,6,6,False,Right,Front,Right,Centre,53
<_io.BytesIO object at 0x0000023B723D6220>,0.9292040467262268,0.006992497947067022,-0.07050375640392303,365214,6,6,False,Right,Front,Right,Centre,53
<_io.BytesIO object at 0x0000023B75200E50>,0.4424510896205902,0.13969342410564423,0.15814121067523956,365215,6,6,False,Right,Front,Right,Centre,53
<_io.BytesIO object at 0x0000023B723FCE50>,0.4187788963317871,0.14572352170944214,0.25053825974464417,365215,6,6,False,Right,Front,Right,Centre,53
<_io.BytesIO object at 0x0000023B723FC310>,0.40966731309890747,0.11239847540855408,0.1544397622346878,365215,6,6,False,Right,Front,Right,Centre,53
<_io.BytesIO object at 0x0000023B723FC720>,0.41975876688957214,0.06969482451677322,0.1489001363515854,365215,6,6,False,Right,Front,Right,Centre,53
<_io.BytesIO object at 0x0000023B723FC900>,0.4128517508506775,0.052592165768146515,0.2380361258983612,365215,6,6,False,Right,Front,Right,Centre,53
<_io.BytesIO object at 0x0000023B723FCA90>,0.9127440452575684,0.04666725918650627,-0.053601693361997604,365215,6,6,False,Right,Front,Right,Centre,53
<_io.BytesIO object at 0x0000023B723DBA90>,0.8693790435791016,0.04426848143339157,-0.04751146212220192,365215,6,6,False,Right,Front,Right,Centre,53
<_io.BytesIO object at 0x0000023B723DB220>,0.8881176114082336,0.022200629115104675,0.0474993921816349,365215,6,6,False,Right,Front,Right,Centre,53
<_io.BytesIO object at 0x0000023B723DBAE0>,0.9676690697669983,0.000992006971500814,-0.005550548434257507,365215,6,6,False,Right,Front,Right,Centre,53
<_io.BytesIO object at 0x0000023B723DB4A0>,0.9292429685592651,0.007020267657935619,-0.07049808651208878,365215,6,6,False,Right,Front,Right,Centre,53
<_io.BytesIO object at 0x0000023B750E0E50>,0.44293779134750366,0.13969287276268005,0.1663627326488495,365216,6,6,False,Right,Front,Right,Centre,53
<_io.BytesIO object at 0x0000023B750EBB30>,0.4216647148132324,0.14411386847496033,0.2593570947647095,365216,6,6,False,Right,Front,Right,Centre,53
<_io.BytesIO object at 0x0000023B750EBAE0>,0.41054484248161316,0.11203189939260483,0.16264253854751587,365216,6,6,False,Right,Front,Right,Centre,53
<_io.BytesIO object at 0x0000023B750EB9F0>,0.4188247621059418,0.07081456482410431,0.1562117338180542,365216,6,6,False,Right,Front,Right,Centre,53
<_io.BytesIO object at 0x0000023B750EBEA0>,0.4138696491718292,0.05138658732175827,0.24501223862171173,365216,6,6,False,Right,Front,Right,Centre,53
<_io.BytesIO object at 0x0000023B750EB2C0>,0.912764847278595,0.046679187566041946,-0.05361714959144592,365216,6,6,False,Right,Front,Right,Centre,53
<_io.BytesIO object at 0x0000023B750EB860>,0.8694079518318176,0.044275909662246704,-0.04752304404973984,365216,6,6,False,Right,Front,Right,Centre,53
<_io.BytesIO object at 0x0000023B750EB900>,0.8881253004074097,0.022212296724319458,0.04747612774372101,365216,6,6,False,Right,Front,Right,Centre,53
<_io.BytesIO object at 0x0000023B723F2450>,0.967673122882843,0.0009623885271139443,-0.0055547174997627735,365216,6,6,False,Right,Front,Right,Centre,53
<_io.BytesIO object at 0x0000023B723F2B30>,0.9292673468589783,0.0070104822516441345,-0.0705133005976677,365216,6,6,False,Right,Front,Right,Centre,53
<_io.BytesIO object at 0x0000023B723F09F0>,0.44376933574676514,0.13999468088150024,0.17438557744026184,365217,6,6,False,Right,Front,Right,Centre,53
<_io.BytesIO object at 0x0000023B723F0B30>,0.4055297076702118,0.1349724382162094,0.27245116233825684,365217,6,6,False,Right,Front,Right,Centre,53
<_io.BytesIO object at 0x0000023B723F94F0>,0.41244378685951233,0.11162801086902618,0.16968420147895813,365217,6,6,False,Right,Front,Right,Centre,53
<_io.BytesIO object at 0x0000023B723F9450>,0.41801437735557556,0.07184864580631256,0.16313394904136658,365217,6,6,False,Right,Front,Right,Centre,53
<_io.BytesIO object at 0x0000023B723F9310>,0.39972978830337524,0.045111481100320816,0.24681468307971954,365217,6,6,False,Right,Front,Right,Centre,53
<_io.BytesIO object at 0x0000023B723F9090>,0.9127888083457947,0.04668128862977028,-0.05363543704152107,365217,6,6,False,Right,Front,Right,Centre,53
<_io.BytesIO object at 0x0000023B723F9860>,0.8694266676902771,0.04427390545606613,-0.04753640294075012,365217,6,6,False,Right,Front,Right,Centre,53
<_io.BytesIO object at 0x0000023B723F9630>,0.8881464004516602,0.02222014218568802,0.04744882881641388,365217,6,6,False,Right,Front,Right,Centre,53
<_io.BytesIO object at 0x0000023B723F91D0>,0.9676869511604309,0.0009395972010679543,-0.005558361764997244,365217,6,6,False,Right,Front,Right,Centre,53
<_io.BytesIO object at 0x0000023B723F9E50>,0.9292983412742615,0.007018750067800283,-0.07050947844982147,365217,6,6,False,Right,Front,Right,Centre,53
<_io.BytesIO object at 0x0000023B723D7040>,0.44498923420906067,0.14052309095859528,0.18223555386066437,365218,6,6,False,Right,Front,Right,Centre,53
<_io.BytesIO object at 0x0000023B723D7D10>,0.419730007648468,0.14063286781311035,0.27526986598968506,365218,6,6,False,Right,Front,Right,Centre,53
<_io.BytesIO object at 0x0000023B723D7DB0>,0.4138948917388916,0.1117873564362526,0.17653770744800568,365218,6,6,False,Right,Front,Right,Centre,53
<_io.BytesIO object at 0x0000023B723D7EF0>,0.4183388650417328,0.0731448233127594,0.16908584535121918,365218,6,6,False,Right,Front,Right,Centre,53
<_io.BytesIO object at 0x0000023B723F9D10>,0.4094616770744324,0.04902733117341995,0.2560899257659912,365218,6,6,False,Right,Front,Right,Centre,53
<_io.BytesIO object at 0x0000023B723F9A90>,0.9128023982048035,0.04668561741709709,-0.053631920367479324,365218,6,6,False,Right,Front,Right,Centre,53
<_io.BytesIO object at 0x0000023B723F9950>,0.8694462180137634,0.044274378567934036,-0.04753916710615158,365218,6,6,False,Right,Front,Right,Centre,53
<_io.BytesIO object at 0x0000023B723F98B0>,0.8881654739379883,0.022212864831089973,0.04744723439216614,365218,6,6,False,Right,Front,Right,Centre,53
<_io.BytesIO object at 0x0000023B723F9450>,0.9676820635795593,0.00090792280388996,-0.005561562720686197,365218,6,6,False,Right,Front,Right,Centre,53
<_io.BytesIO object at 0x0000023B723F9CC0>,0.9293116331100464,0.00701189273968339,-0.07052363455295563,365218,6,6,False,Right,Front,Right,Centre,53
<_io.BytesIO object at 0x0000023B723F2B80>,0.4465336501598358,0.14111973345279694,0.18964076042175293,365219,6,6,False,Right,Front,Right,Centre,53
<_io.BytesIO object at 0x0000023B723F2590>,0.40927621722221375,0.1346367597579956,0.2884466052055359,365219,6,6,False,Right,Front,Right,Centre,53
<_io.BytesIO object at 0x0000023B723F2CC0>,0.4153759181499481,0.11259562522172928,0.18386685848236084,365219,6,6,False,Right,Front,Right,Centre,53
<_io.BytesIO object at 0x0000023B750EB770>,0.41887396574020386,0.07397183775901794,0.174298956990242,365219,6,6,False,Right,Front,Right,Centre,53
<_io.BytesIO object at 0x0000023B750EB950>,0.4016583263874054,0.04484078288078308,0.25799381732940674,365219,6,6,False,Right,Front,Right,Centre,53
<_io.BytesIO object at 0x0000023B750EB090>,0.9128261804580688,0.04667288437485695,-0.0536474846303463,365219,6,6,False,Right,Front,Right,Centre,53
<_io.BytesIO object at 0x0000023B750EB130>,0.8694630861282349,0.044277191162109375,-0.047541797161102295,365219,6,6,False,Right,Front,Right,Centre,53
<_io.BytesIO object at 0x0000023B750EB4F0>,0.8881818652153015,0.022215766832232475,0.04743817076086998,365219,6,6,False,Right,Front,Right,Centre,53
<_io.BytesIO object at 0x0000023B750EBAE0>,0.9677042365074158,0.0008902573026716709,-0.005553591996431351,365219,6,6,False,Right,Front,Right,Centre,53
<_io.BytesIO object at 0x0000023B750EBE00>,0.9293239712715149,0.007013157941401005,-0.07052000612020493,365219,6,6,False,Right,Front,Right,Centre,53
<_io.BytesIO object at 0x0000023B750E04F0>,0.4452132284641266,0.13794410228729248,0.2033650279045105,365220,6,6,False,Right,Front,Right,Centre,53
<_io.BytesIO object at 0x0000023B723DB310>,0.4054596424102783,0.1309315711259842,0.2900157570838928,365220,6,6,False,Right,Front,Right,Centre,53
<_io.BytesIO object at 0x0000023B723DBAE0>,0.4126952886581421,0.11595438420772552,0.1893668919801712,365220,6,6,False,Right,Front,Right,Centre,53
<_io.BytesIO object at 0x0000023B723DB770>,0.4205906391143799,0.07416819781064987,0.17773272097110748,365220,6,6,False,Right,Front,Right,Centre,53
<_io.BytesIO object at 0x0000023B723DB590>,0.39569324254989624,0.042444560676813126,0.25936365127563477,365220,6,6,False,Right,Front,Right,Centre,53
<_io.BytesIO object at 0x0000023B723FC4A0>,0.9128420948982239,0.046679381281137466,-0.05365275591611862,365220,6,6,False,Right,Front,Right,Centre,53
<_io.BytesIO object at 0x0000023B723FC4F0>,0.8695286512374878,0.04427161067724228,-0.04755266383290291,365220,6,6,False,Right,Front,Right,Centre,53
<_io.BytesIO object at 0x0000023B723FCB80>,0.8882063031196594,0.022228769958019257,0.04744351655244827,365220,6,6,False,Right,Front,Right,Centre,53
<_io.BytesIO object at 0x0000023B723FC450>,0.9677258133888245,0.0008876837673597038,-0.005548117216676474,365220,6,6,False,Right,Front,Right,Centre,53
<_io.BytesIO object at 0x0000023B723FCE50>,0.9293358325958252,0.006993667688220739,-0.07052790373563766,365220,6,6,False,Right,Front,Right,Centre,53
<_io.BytesIO object at 0x0000023B723D64A0>,0.4452132284641266,0.13794410228729248,0.2033650279045105,365221,6,6,False,Right,Front,Right,Centre,53
<_io.BytesIO object at 0x0000023B750F4D10>,0.4054596424102783,0.1309315711259842,0.2900157570838928,365221,6,6,False,Right,Front,Right,Centre,53
<_io.BytesIO object at 0x0000023B750F40E0>,0.4126952886581421,0.11595438420772552,0.1893668919801712,365221,6,6,False,Right,Front,Right,Centre,53
<_io.BytesIO object at 0x0000023B750F49F0>,0.4205906391143799,0.07416819781064987,0.17773272097110748,365221,6,6,False,Right,Front,Right,Centre,53
<_io.BytesIO object at 0x0000023B750F4360>,0.39569324254989624,0.042444560676813126,0.25936365127563477,365221,6,6,False,Right,Front,Right,Centre,53
<_io.BytesIO object at 0x0000023B750F4EF0>,0.912813127040863,0.04664234071969986,-0.0536106675863266,365221,6,6,False,Right,Front,Right,Centre,53
<_io.BytesIO object at 0x0000023B750F4A40>,0.869537889957428,0.04426737502217293,-0.04755232110619545,365221,6,6,False,Right,Front,Right,Centre,53
<_io.BytesIO object at 0x0000023B75109040>,0.8882306218147278,0.02216717228293419,0.04735012352466583,365221,6,6,False,Right,Front,Right,Centre,53
<_io.BytesIO object at 0x0000023B75109590>,0.9677239656448364,0.0008750733686611056,-0.005542179569602013,365221,6,6,False,Right,Front,Right,Centre,53
<_io.BytesIO object at 0x0000023B75109EF0>,0.9293451905250549,0.006975637283176184,-0.07053565233945847,365221,6,6,False,Right,Front,Right,Centre,53
<_io.BytesIO object at 0x0000023B723EC220>,0.4452132284641266,0.13794410228729248,0.2033650279045105,365222,6,6,False,Right,Front,Right,Centre,53
<_io.BytesIO object at 0x0000023B723EC6D0>,0.4054596424102783,0.1309315711259842,0.2900157570838928,365222,6,6,False,Right,Front,Right,Centre,53
<_io.BytesIO object at 0x0000023B723ECEA0>,0.4126952886581421,0.11595438420772552,0.1893668919801712,365222,6,6,False,Right,Front,Right,Centre,53
<_io.BytesIO object at 0x0000023B723EC180>,0.4205906391143799,0.07416819781064987,0.17773272097110748,365222,6,6,False,Right,Front,Right,Centre,53
<_io.BytesIO object at 0x0000023B750D39A0>,0.39569324254989624,0.042444560676813126,0.25936365127563477,365222,6,6,False,Right,Front,Right,Centre,53
<_io.BytesIO object at 0x0000023B750D39F0>,0.9128479361534119,0.04666924849152565,-0.05366181209683418,365222,6,6,False,Right,Front,Right,Centre,53
<_io.BytesIO object at 0x0000023B750D30E0>,0.8695443272590637,0.0442584753036499,-0.04754594340920448,365222,6,6,False,Right,Front,Right,Centre,53
<_io.BytesIO object at 0x0000023B750D3770>,0.8882654905319214,0.022241223603487015,0.047399140894412994,365222,6,6,False,Right,Front,Right,Centre,53
<_io.BytesIO object at 0x0000023B750D3590>,0.9677267670631409,0.0008531126659363508,-0.005544095300137997,365222,6,6,False,Right,Front,Right,Centre,53
<_io.BytesIO object at 0x0000023B723C05E0>,0.92933589220047,0.006957048084586859,-0.07054267823696136,365222,6,6,False,Right,Front,Right,Centre,53
<_io.BytesIO object at 0x0000023B723ECAE0>,0.4452132284641266,0.13794410228729248,0.2033650279045105,365223,6,6,False,Right,Front,Right,Centre,53
<_io.BytesIO object at 0x0000023B723F1400>,0.4054596424102783,0.1309315711259842,0.2900157570838928,365223,6,6,False,Right,Front,Right,Centre,53
<_io.BytesIO object at 0x0000023B723F1630>,0.4126952886581421,0.11595438420772552,0.1893668919801712,365223,6,6,False,Right,Front,Right,Centre,53
<_io.BytesIO object at 0x0000023B723F1310>,0.4205906391143799,0.07416819781064987,0.17773272097110748,365223,6,6,False,Right,Front,Right,Centre,53
<_io.BytesIO object at 0x0000023B75109630>,0.39569324254989624,0.042444560676813126,0.25936365127563477,365223,6,6,False,Right,Front,Right,Centre,53
<_io.BytesIO object at 0x0000023B75109A90>,0.912805438041687,0.04660169780254364,-0.05364365875720978,365223,6,6,False,Right,Front,Right,Centre,53
<_io.BytesIO object at 0x0000023B75109400>,0.8695374131202698,0.04423759505152702,-0.04754849523305893,365223,6,6,False,Right,Front,Right,Centre,53
<_io.BytesIO object at 0x0000023B751091D0>,0.8882744908332825,0.022227974608540535,0.047381334006786346,365223,6,6,False,Right,Front,Right,Centre,53
<_io.BytesIO object at 0x0000023B751097C0>,0.9677523970603943,0.0008221989846788347,-0.005517710465937853,365223,6,6,False,Right,Front,Right,Centre,53
<_io.BytesIO object at 0x0000023B75109CC0>,0.9293400049209595,0.006940648891031742,-0.07051769644021988,365223,6,6,False,Right,Front,Right,Centre,53
<_io.BytesIO object at 0x0000023B723D6B30>,0.4452132284641266,0.13794410228729248,0.2033650279045105,365224,6,6,False,Right,Front,Right,Centre,53
<_io.BytesIO object at 0x0000023B723D66D0>,0.4054596424102783,0.1309315711259842,0.2900157570838928,365224,6,6,False,Right,Front,Right,Centre,53
<_io.BytesIO object at 0x0000023B723D6860>,0.4126952886581421,0.11595438420772552,0.1893668919801712,365224,6,6,False,Right,Front,Right,Centre,53
<_io.BytesIO object at 0x0000023B723D62C0>,0.4205906391143799,0.07416819781064987,0.17773272097110748,365224,6,6,False,Right,Front,Right,Centre,53
<_io.BytesIO object at 0x0000023B75200BD0>,0.39569324254989624,0.042444560676813126,0.25936365127563477,365224,6,6,False,Right,Front,Right,Centre,53
<_io.BytesIO object at 0x0000023B75200C70>,0.9127945899963379,0.046579666435718536,-0.053671106696128845,365224,6,6,False,Right,Front,Right,Centre,53
<_io.BytesIO object at 0x0000023B75200AE0>,0.8694837093353271,0.04419507086277008,-0.04754609242081642,365224,6,6,False,Right,Front,Right,Centre,53
<_io.BytesIO object at 0x0000023B723FCC70>,0.8882768750190735,0.022216860204935074,0.04737786948680878,365224,6,6,False,Right,Front,Right,Centre,53
<_io.BytesIO object at 0x0000023B723FC360>,0.9677582383155823,0.0008131027570925653,-0.005504497326910496,365224,6,6,False,Right,Front,Right,Centre,53
<_io.BytesIO object at 0x0000023B723FCD10>,0.9293516278266907,0.00691433297470212,-0.07050558924674988,365224,6,6,False,Right,Front,Right,Centre,53
<_io.BytesIO object at 0x0000023B723DB130>,0.4452132284641266,0.13794410228729248,0.2033650279045105,365225,6,6,False,Right,Front,Right,Centre,53
<_io.BytesIO object at 0x0000023B750E0B80>,0.4054596424102783,0.1309315711259842,0.2900157570838928,365225,6,6,False,Right,Front,Right,Centre,53
<_io.BytesIO object at 0x0000023B750E0F40>,0.4126952886581421,0.11595438420772552,0.1893668919801712,365225,6,6,False,Right,Front,Right,Centre,53
<_io.BytesIO object at 0x0000023B750E0860>,0.4205906391143799,0.07416819781064987,0.17773272097110748,365225,6,6,False,Right,Front,Right,Centre,53
<_io.BytesIO object at 0x0000023B750E0C70>,0.39569324254989624,0.042444560676813126,0.25936365127563477,365225,6,6,False,Right,Front,Right,Centre,53
<_io.BytesIO object at 0x0000023B750E0DB0>,0.9127707481384277,0.046540457755327225,-0.053689371794462204,365225,6,6,False,Right,Front,Right,Centre,53
<_io.BytesIO object at 0x0000023B750EB7C0>,0.86946040391922,0.04414345324039459,-0.047548506408929825,365225,6,6,False,Right,Front,Right,Centre,53
<_io.BytesIO object at 0x0000023B750EBE50>,0.8882821202278137,0.022214163094758987,0.04737177491188049,365225,6,6,False,Right,Front,Right,Centre,53
<_io.BytesIO object at 0x0000023B750EB310>,0.9677606821060181,0.0008050809847190976,-0.005506592802703381,365225,6,6,False,Right,Front,Right,Centre,53
<_io.BytesIO object at 0x0000023B750EBA40>,0.9293390512466431,0.006868680939078331,-0.07051324099302292,365225,6,6,False,Right,Front,Right,Centre,53
<_io.BytesIO object at 0x0000023B723F26D0>,0.4452132284641266,0.13794410228729248,0.2033650279045105,365226,6,6,False,Right,Front,Right,Centre,53
<_io.BytesIO object at 0x0000023B723F0B80>,0.4054596424102783,0.1309315711259842,0.2900157570838928,365226,6,6,False,Right,Front,Right,Centre,53
<_io.BytesIO object at 0x0000023B723F0360>,0.4126952886581421,0.11595438420772552,0.1893668919801712,365226,6,6,False,Right,Front,Right,Centre,53
<_io.BytesIO object at 0x0000023B723F0E50>,0.4205906391143799,0.07416819781064987,0.17773272097110748,365226,6,6,False,Right,Front,Right,Centre,53
<_io.BytesIO object at 0x0000023B723F0F90>,0.39569324254989624,0.042444560676813126,0.25936365127563477,365226,6,6,False,Right,Front,Right,Centre,53
<_io.BytesIO object at 0x0000023B723F0720>,0.9127388000488281,0.04649157449603081,-0.05370757728815079,365226,6,6,False,Right,Front,Right,Centre,53
<_io.BytesIO object at 0x0000023B723F0CC0>,0.869443416595459,0.04402443766593933,-0.04764927178621292,365226,6,6,False,Right,Front,Right,Centre,53
<_io.BytesIO object at 0x0000023B723F9B30>,0.8882783055305481,0.022212589159607887,0.04737672582268715,365226,6,6,False,Right,Front,Right,Centre,53
<_io.BytesIO object at 0x0000023B723F9360>,0.9677656292915344,0.0008038740488700569,-0.005510651506483555,365226,6,6,False,Right,Front,Right,Centre,53
<_io.BytesIO object at 0x0000023B723F9680>,0.929333508014679,0.006832106504589319,-0.07051963359117508,365226,6,6,False,Right,Front,Right,Centre,53
<_io.BytesIO object at 0x0000023B723F93B0>,0.4452132284641266,0.13794410228729248,0.2033650279045105,365227,6,6,False,Right,Front,Right,Centre,53
<_io.BytesIO object at 0x0000023B723F9BD0>,0.4054596424102783,0.1309315711259842,0.2900157570838928,365227,6,6,False,Right,Front,Right,Centre,53
<_io.BytesIO object at 0x0000023B723F9130>,0.4126952886581421,0.11595438420772552,0.1893668919801712,365227,6,6,False,Right,Front,Right,Centre,53
<_io.BytesIO object at 0x0000023B723F0D10>,0.4205906391143799,0.07416819781064987,0.17773272097110748,365227,6,6,False,Right,Front,Right,Centre,53
<_io.BytesIO object at 0x0000023B723F0720>,0.39569324254989624,0.042444560676813126,0.25936365127563477,365227,6,6,False,Right,Front,Right,Centre,53
<_io.BytesIO object at 0x0000023B723F01D0>,0.9127019643783569,0.04645046219229698,-0.053740549832582474,365227,6,6,False,Right,Front,Right,Centre,53
<_io.BytesIO object at 0x0000023B723F0450>,0.8694035410881042,0.043959129601716995,-0.047648511826992035,365227,6,6,False,Right,Front,Right,Centre,53
<_io.BytesIO object at 0x0000023B723F0C20>,0.8882838487625122,0.022189883515238762,0.047377459704875946,365227,6,6,False,Right,Front,Right,Centre,53
<_io.BytesIO object at 0x0000023B723F0950>,0.9677596688270569,0.000799026747699827,-0.005516106262803078,365227,6,6,False,Right,Front,Right,Centre,53
<_io.BytesIO object at 0x0000023B723F0090>,0.9293070435523987,0.006774155888706446,-0.07052966207265854,365227,6,6,False,Right,Front,Right,Centre,53
<_io.BytesIO object at 0x0000023B750EB2C0>,0.4452132284641266,0.13794410228729248,0.2033650279045105,365228,6,6,False,Right,Front,Right,Centre,53
<_io.BytesIO object at 0x0000023B750EB270>,0.4054596424102783,0.1309315711259842,0.2900157570838928,365228,6,6,False,Right,Front,Right,Centre,53
<_io.BytesIO object at 0x0000023B750EB6D0>,0.4126952886581421,0.11595438420772552,0.1893668919801712,365228,6,6,False,Right,Front,Right,Centre,53
<_io.BytesIO object at 0x0000023B750E0E00>,0.4205906391143799,0.07416819781064987,0.17773272097110748,365228,6,6,False,Right,Front,Right,Centre,53
<_io.BytesIO object at 0x0000023B750E09A0>,0.39569324254989624,0.042444560676813126,0.25936365127563477,365228,6,6,False,Right,Front,Right,Centre,53
<_io.BytesIO object at 0x0000023B750E0540>,0.9126523733139038,0.04642235487699509,-0.05373499542474747,365228,6,6,False,Right,Front,Right,Centre,53
<_io.BytesIO object at 0x0000023B750E0F90>,0.8693752884864807,0.04381852596998215,-0.047596558928489685,365228,6,6,False,Right,Front,Right,Centre,53
<_io.BytesIO object at 0x0000023B750E03B0>,0.888279139995575,0.02217182144522667,0.047386590391397476,365228,6,6,False,Right,Front,Right,Centre,53
<_io.BytesIO object at 0x0000023B750E0720>,0.9677563309669495,0.0008196154376491904,-0.00552149023860693,365228,6,6,False,Right,Front,Right,Centre,53
<_io.BytesIO object at 0x0000023B750E07C0>,0.9293133616447449,0.006785564590245485,-0.07042954862117767,365228,6,6,False,Right,Front,Right,Centre,53
<_io.BytesIO object at 0x0000023B75200860>,0.4452132284641266,0.13794410228729248,0.2033650279045105,365229,6,6,False,Right,Front,Right,Centre,53
<_io.BytesIO object at 0x0000023B723D6400>,0.4054596424102783,0.1309315711259842,0.2900157570838928,365229,6,6,False,Right,Front,Right,Centre,53
<_io.BytesIO object at 0x0000023B723D6BD0>,0.4126952886581421,0.11595438420772552,0.1893668919801712,365229,6,6,False,Right,Front,Right,Centre,53
<_io.BytesIO object at 0x0000023B723D6310>,0.4205906391143799,0.07416819781064987,0.17773272097110748,365229,6,6,False,Right,Front,Right,Centre,53
<_io.BytesIO object at 0x0000023B723D6810>,0.39569324254989624,0.042444560676813126,0.25936365127563477,365229,6,6,False,Right,Front,Right,Centre,53
<_io.BytesIO object at 0x0000023B723D6720>,0.9126100540161133,0.04637813940644264,-0.05374474450945854,365229,6,6,False,Right,Front,Right,Centre,53
<_io.BytesIO object at 0x0000023B723D6770>,0.8693208694458008,0.04377269744873047,-0.04757320508360863,365229,6,6,False,Right,Front,Right,Centre,53
<_io.BytesIO object at 0x0000023B750F4D10>,0.8883802890777588,0.022383293136954308,0.04780646041035652,365229,6,6,False,Right,Front,Right,Centre,53
<_io.BytesIO object at 0x0000023B750F4900>,0.9677348136901855,0.0008579787681810558,-0.0055437106639146805,365229,6,6,False,Right,Front,Right,Centre,53
<_io.BytesIO object at 0x0000023B750F4040>,0.9292778968811035,0.00675248121842742,-0.07041831314563751,365229,6,6,False,Right,Front,Right,Centre,53
<_io.BytesIO object at 0x0000023B75109D60>,0.4452132284641266,0.13794410228729248,0.2033650279045105,365230,6,6,False,Right,Front,Right,Centre,53
<_io.BytesIO object at 0x0000023B723F12C0>,0.4054596424102783,0.1309315711259842,0.2900157570838928,365230,6,6,False,Right,Front,Right,Centre,53
<_io.BytesIO object at 0x0000023B723F1F90>,0.4126952886581421,0.11595438420772552,0.1893668919801712,365230,6,6,False,Right,Front,Right,Centre,53
<_io.BytesIO object at 0x0000023B723F1720>,0.4205906391143799,0.07416819781064987,0.17773272097110748,365230,6,6,False,Right,Front,Right,Centre,53
<_io.BytesIO object at 0x0000023B723F1CC0>,0.39569324254989624,0.042444560676813126,0.25936365127563477,365230,6,6,False,Right,Front,Right,Centre,53
<_io.BytesIO object at 0x0000023B723F19F0>,0.9125579595565796,0.046362634748220444,-0.053745806217193604,365230,6,6,False,Right,Front,Right,Centre,53
<_io.BytesIO object at 0x0000023B723EC630>,0.8692413568496704,0.043789926916360855,-0.04742730036377907,365230,6,6,False,Right,Front,Right,Centre,53
<_io.BytesIO object at 0x0000023B723EC360>,0.8882834315299988,0.022148121148347855,0.0474211610853672,365230,6,6,False,Right,Front,Right,Centre,53
<_io.BytesIO object at 0x0000023B723ECB30>,0.967724084854126,0.0008688454399816692,-0.005552144721150398,365230,6,6,False,Right,Front,Right,Centre,53
<_io.BytesIO object at 0x0000023B723EC2C0>,0.9292293190956116,0.006740286480635405,-0.07039903849363327,365230,6,6,False,Right,Front,Right,Centre,53
<_io.BytesIO object at 0x0000023B750D3770>,0.4452132284641266,0.13794410228729248,0.2033650279045105,365231,6,6,False,Right,Front,Right,Centre,53
<_io.BytesIO object at 0x0000023B750D3E00>,0.4054596424102783,0.1309315711259842,0.2900157570838928,365231,6,6,False,Right,Front,Right,Centre,53
<_io.BytesIO object at 0x0000023B750D34A0>,0.4126952886581421,0.11595438420772552,0.1893668919801712,365231,6,6,False,Right,Front,Right,Centre,53
<_io.BytesIO object at 0x0000023B723D7770>,0.4205906391143799,0.07416819781064987,0.17773272097110748,365231,6,6,False,Right,Front,Right,Centre,53
<_io.BytesIO object at 0x0000023B723D7040>,0.39569324254989624,0.042444560676813126,0.25936365127563477,365231,6,6,False,Right,Front,Right,Centre,53
<_io.BytesIO object at 0x0000023B723D70E0>,0.9125068187713623,0.046346765011548996,-0.053737983107566833,365231,6,6,False,Right,Front,Right,Centre,53
<_io.BytesIO object at 0x0000023B723D7E50>,0.8691995739936829,0.043769314885139465,-0.04738656058907509,365231,6,6,False,Right,Front,Right,Centre,53
<_io.BytesIO object at 0x0000023B723D7090>,0.8883669972419739,0.022336825728416443,0.047827813774347305,365231,6,6,False,Right,Front,Right,Centre,53
<_io.BytesIO object at 0x0000023B723D7F90>,0.9677091240882874,0.0008906882139854133,-0.00555921345949173,365231,6,6,False,Right,Front,Right,Centre,53
<_io.BytesIO object at 0x0000023B723D78B0>,0.9291747212409973,0.006728349253535271,-0.07036686688661575,365231,6,6,False,Right,Front,Right,Centre,53
<_io.BytesIO object at 0x0000023B750F48B0>,0.4452132284641266,0.13794410228729248,0.2033650279045105,365232,6,6,False,Right,Front,Right,Centre,53
<_io.BytesIO object at 0x0000023B750F4770>,0.4054596424102783,0.1309315711259842,0.2900157570838928,365232,6,6,False,Right,Front,Right,Centre,53
<_io.BytesIO object at 0x0000023B750F4EA0>,0.4126952886581421,0.11595438420772552,0.1893668919801712,365232,6,6,False,Right,Front,Right,Centre,53
<_io.BytesIO object at 0x0000023B75200CC0>,0.4205906391143799,0.07416819781064987,0.17773272097110748,365232,6,6,False,Right,Front,Right,Centre,53
<_io.BytesIO object at 0x0000023B752009F0>,0.39569324254989624,0.042444560676813126,0.25936365127563477,365232,6,6,False,Right,Front,Right,Centre,53
<_io.BytesIO object at 0x0000023B75200770>,0.9124637246131897,0.04634203761816025,-0.05373227968811989,365232,6,6,False,Right,Front,Right,Centre,53
<_io.BytesIO object at 0x0000023B723DBF90>,0.8691519498825073,0.043753549456596375,-0.047343309968709946,365232,6,6,False,Right,Front,Right,Centre,53
<_io.BytesIO object at 0x0000023B723DB3B0>,0.8884389400482178,0.02241968736052513,0.04803895205259323,365232,6,6,False,Right,Front,Right,Centre,53
<_io.BytesIO object at 0x0000023B723DB770>,0.9676945209503174,0.000917682598810643,-0.00557935144752264,365232,6,6,False,Right,Front,Right,Centre,53
<_io.BytesIO object at 0x0000023B723DBBD0>,0.9291141629219055,0.006725039333105087,-0.0703313872218132,365232,6,6,False,Right,Front,Right,Centre,53
<_io.BytesIO object at 0x0000023B750E0CC0>,0.4452132284641266,0.13794410228729248,0.2033650279045105,365233,6,6,False,Right,Front,Right,Centre,53
<_io.BytesIO object at 0x0000023B750E0950>,0.4054596424102783,0.1309315711259842,0.2900157570838928,365233,6,6,False,Right,Front,Right,Centre,53
<_io.BytesIO object at 0x0000023B750EB2C0>,0.4126952886581421,0.11595438420772552,0.1893668919801712,365233,6,6,False,Right,Front,Right,Centre,53
<_io.BytesIO object at 0x0000023B750EBF90>,0.4205906391143799,0.07416819781064987,0.17773272097110748,365233,6,6,False,Right,Front,Right,Centre,53
<_io.BytesIO object at 0x0000023B750EBF40>,0.39569324254989624,0.042444560676813126,0.25936365127563477,365233,6,6,False,Right,Front,Right,Centre,53
<_io.BytesIO object at 0x0000023B750EB040>,0.9124247431755066,0.0463302880525589,-0.053736940026283264,365233,6,6,False,Right,Front,Right,Centre,53
<_io.BytesIO object at 0x0000023B750EB090>,0.869108259677887,0.04374135285615921,-0.04730828106403351,365233,6,6,False,Right,Front,Right,Centre,53
<_io.BytesIO object at 0x0000023B750EB400>,0.888457715511322,0.022416280582547188,0.04809221625328064,365233,6,6,False,Right,Front,Right,Centre,53
<_io.BytesIO object at 0x0000023B750EBD10>,0.9676871299743652,0.0009408318437635899,-0.00557827390730381,365233,6,6,False,Right,Front,Right,Centre,53
<_io.BytesIO object at 0x0000023B723D6A90>,0.9290745854377747,0.00672873854637146,-0.07032470405101776,365233,6,6,False,Right,Front,Right,Centre,53
<_io.BytesIO object at 0x0000023B723F2D60>,0.4452132284641266,0.13794410228729248,0.2033650279045105,365234,6,6,False,Right,Front,Right,Centre,53
<_io.BytesIO object at 0x0000023B723F28B0>,0.4054596424102783,0.1309315711259842,0.2900157570838928,365234,6,6,False,Right,Front,Right,Centre,53
<_io.BytesIO object at 0x0000023B723F0180>,0.4126952886581421,0.11595438420772552,0.1893668919801712,365234,6,6,False,Right,Front,Right,Centre,53
<_io.BytesIO object at 0x0000023B723F09F0>,0.4205906391143799,0.07416819781064987,0.17773272097110748,365234,6,6,False,Right,Front,Right,Centre,53
<_io.BytesIO object at 0x0000023B723F0090>,0.39569324254989624,0.042444560676813126,0.25936365127563477,365234,6,6,False,Right,Front,Right,Centre,53
<_io.BytesIO object at 0x0000023B723F0270>,0.9123761057853699,0.046286001801490784,-0.053801268339157104,365234,6,6,False,Right,Front,Right,Centre,53
<_io.BytesIO object at 0x0000023B723F0860>,0.8690720796585083,0.04373906925320625,-0.04727373272180557,365234,6,6,False,Right,Front,Right,Centre,53
<_io.BytesIO object at 0x0000023B723F0E50>,0.8884326815605164,0.022393755614757538,0.04808511212468147,365234,6,6,False,Right,Front,Right,Centre,53
<_io.BytesIO object at 0x0000023B723F0310>,0.9676814675331116,0.0009639031486585736,-0.005595103837549686,365234,6,6,False,Right,Front,Right,Centre,53
<_io.BytesIO object at 0x0000023B723F0D10>,0.9290452599525452,0.00674796849489212,-0.07030083984136581,365234,6,6,False,Right,Front,Right,Centre,53
<_io.BytesIO object at 0x0000023B723FCD10>,0.4452132284641266,0.13794410228729248,0.2033650279045105,365235,6,6,False,Right,Front,Right,Centre,53
<_io.BytesIO object at 0x0000023B723FC630>,0.4054596424102783,0.1309315711259842,0.2900157570838928,365235,6,6,False,Right,Front,Right,Centre,53
<_io.BytesIO object at 0x0000023B75109130>,0.4126952886581421,0.11595438420772552,0.1893668919801712,365235,6,6,False,Right,Front,Right,Centre,53
<_io.BytesIO object at 0x0000023B75109630>,0.4205906391143799,0.07416819781064987,0.17773272097110748,365235,6,6,False,Right,Front,Right,Centre,53
<_io.BytesIO object at 0x0000023B75109A90>,0.39569324254989624,0.042444560676813126,0.25936365127563477,365235,6,6,False,Right,Front,Right,Centre,53
<_io.BytesIO object at 0x0000023B75109C70>,0.912304699420929,0.0464375838637352,-0.05367577075958252,365235,6,6,False,Right,Front,Right,Centre,53
<_io.BytesIO object at 0x0000023B75109220>,0.8690389394760132,0.04373176395893097,-0.04724960774183273,365235,6,6,False,Right,Front,Right,Centre,53
<_io.BytesIO object at 0x0000023B75109770>,0.8884198665618896,0.02234475314617157,0.048067402094602585,365235,6,6,False,Right,Front,Right,Centre,53
<_io.BytesIO object at 0x0000023B75109540>,0.9676780104637146,0.0009640908683650196,-0.005601974204182625,365235,6,6,False,Right,Front,Right,Centre,53
<_io.BytesIO object at 0x0000023B75109BD0>,0.9290021061897278,0.006762218661606312,-0.07029931992292404,365235,6,6,False,Right,Front,Right,Centre,53
<_io.BytesIO object at 0x0000023B723F9130>,0.4452132284641266,0.13794410228729248,0.2033650279045105,365236,6,6,False,Right,Front,Right,Centre,53
<_io.BytesIO object at 0x0000023B723F9DB0>,0.4054596424102783,0.1309315711259842,0.2900157570838928,365236,6,6,False,Right,Front,Right,Centre,53
<_io.BytesIO object at 0x0000023B723EC310>,0.4126952886581421,0.11595438420772552,0.1893668919801712,365236,6,6,False,Right,Front,Right,Centre,53
<_io.BytesIO object at 0x0000023B723EC090>,0.4205906391143799,0.07416819781064987,0.17773272097110748,365236,6,6,False,Right,Front,Right,Centre,53
<_io.BytesIO object at 0x0000023B723ECAE0>,0.39569324254989624,0.042444560676813126,0.25936365127563477,365236,6,6,False,Right,Front,Right,Centre,53
<_io.BytesIO object at 0x0000023B723EC040>,0.9122816920280457,0.04635704308748245,-0.05375812202692032,365236,6,6,False,Right,Front,Right,Centre,53
<_io.BytesIO object at 0x0000023B723ECB30>,0.8690072298049927,0.04371083155274391,-0.0472220703959465,365236,6,6,False,Right,Front,Right,Centre,53
<_io.BytesIO object at 0x0000023B723EC900>,0.8883114457130432,0.022132927551865578,0.047753721475601196,365236,6,6,False,Right,Front,Right,Centre,53
<_io.BytesIO object at 0x0000023B723ECD10>,0.9676820635795593,0.0009657220798544586,-0.005605424288660288,365236,6,6,False,Right,Front,Right,Centre,53
<_io.BytesIO object at 0x0000023B723EC130>,0.9289752840995789,0.006794731132686138,-0.07028552144765854,365236,6,6,False,Right,Front,Right,Centre,53
<_io.BytesIO object at 0x0000023B723FC450>,0.4452132284641266,0.13794410228729248,0.2033650279045105,365237,6,6,False,Right,Front,Right,Centre,53
<_io.BytesIO object at 0x0000023B723FCEA0>,0.4054596424102783,0.1309315711259842,0.2900157570838928,365237,6,6,False,Right,Front,Right,Centre,53
<_io.BytesIO object at 0x0000023B750D36D0>,0.4126952886581421,0.11595438420772552,0.1893668919801712,365237,6,6,False,Right,Front,Right,Centre,53
<_io.BytesIO object at 0x0000023B750D3270>,0.4205906391143799,0.07416819781064987,0.17773272097110748,365237,6,6,False,Right,Front,Right,Centre,53
<_io.BytesIO object at 0x0000023B750D3680>,0.39569324254989624,0.042444560676813126,0.25936365127563477,365237,6,6,False,Right,Front,Right,Centre,53
<_io.BytesIO object at 0x0000023B750D3B30>,0.9122549891471863,0.046360258013010025,-0.05376291275024414,365237,6,6,False,Right,Front,Right,Centre,53
<_io.BytesIO object at 0x0000023B750D3860>,0.8689851760864258,0.043691784143447876,-0.0472053587436676,365237,6,6,False,Right,Front,Right,Centre,53
<_io.BytesIO object at 0x0000023B750D3590>,0.8883758783340454,0.022079750895500183,0.04781437665224075,365237,6,6,False,Right,Front,Right,Centre,53
<_io.BytesIO object at 0x0000023B723F0770>,0.9676838517189026,0.0009529692470096052,-0.005614117253571749,365237,6,6,False,Right,Front,Right,Centre,53
<_io.BytesIO object at 0x0000023B723F0EA0>,0.9289466738700867,0.0067841471172869205,-0.0703117623925209,365237,6,6,False,Right,Front,Right,Centre,53
<_io.BytesIO object at 0x0000023B723F26D0>,0.4452132284641266,0.13794410228729248,0.2033650279045105,365238,6,6,False,Right,Front,Right,Centre,53
<_io.BytesIO object at 0x0000023B723F2950>,0.4054596424102783,0.1309315711259842,0.2900157570838928,365238,6,6,False,Right,Front,Right,Centre,53
<_io.BytesIO object at 0x0000023B723D6B80>,0.4126952886581421,0.11595438420772552,0.1893668919801712,365238,6,6,False,Right,Front,Right,Centre,53
<_io.BytesIO object at 0x0000023B723D62C0>,0.4205906391143799,0.07416819781064987,0.17773272097110748,365238,6,6,False,Right,Front,Right,Centre,53
<_io.BytesIO object at 0x0000023B723D6E00>,0.39569324254989624,0.042444560676813126,0.25936365127563477,365238,6,6,False,Right,Front,Right,Centre,53
<_io.BytesIO object at 0x0000023B723D6BD0>,0.9122413992881775,0.04636765643954277,-0.05377507954835892,365238,6,6,False,Right,Front,Right,Centre,53
<_io.BytesIO object at 0x0000023B723D64A0>,0.868966817855835,0.04366934299468994,-0.04719242453575134,365238,6,6,False,Right,Front,Right,Centre,53
<_io.BytesIO object at 0x0000023B723D6810>,0.8884099721908569,0.022095005959272385,0.047828368842601776,365238,6,6,False,Right,Front,Right,Centre,53
<_io.BytesIO object at 0x0000023B723D69A0>,0.9676786661148071,0.0009445119649171829,-0.0056150248274207115,365238,6,6,False,Right,Front,Right,Centre,53
<_io.BytesIO object at 0x0000023B723D6DB0>,0.9289383292198181,0.006801332347095013,-0.07031527906656265,365238,6,6,False,Right,Front,Right,Centre,53
<_io.BytesIO object at 0x0000023B750E07C0>,0.4452132284641266,0.13794410228729248,0.2033650279045105,365239,6,6,False,Right,Front,Right,Centre,53
<_io.BytesIO object at 0x0000023B750E0400>,0.4054596424102783,0.1309315711259842,0.2900157570838928,365239,6,6,False,Right,Front,Right,Centre,53
<_io.BytesIO object at 0x0000023B750E0040>,0.4126952886581421,0.11595438420772552,0.1893668919801712,365239,6,6,False,Right,Front,Right,Centre,53
<_io.BytesIO object at 0x0000023B750E01D0>,0.4205906391143799,0.07416819781064987,0.17773272097110748,365239,6,6,False,Right,Front,Right,Centre,53
<_io.BytesIO object at 0x0000023B723DB4F0>,0.39569324254989624,0.042444560676813126,0.25936365127563477,365239,6,6,False,Right,Front,Right,Centre,53
<_io.BytesIO object at 0x0000023B723DBEF0>,0.9122228026390076,0.04634321480989456,-0.05380735173821449,365239,6,6,False,Right,Front,Right,Centre,53
<_io.BytesIO object at 0x0000023B723DB6D0>,0.8689508438110352,0.04365513473749161,-0.047174204140901566,365239,6,6,False,Right,Front,Right,Centre,53
<_io.BytesIO object at 0x0000023B723DBB30>,0.8884245157241821,0.022089187055826187,0.04782441258430481,365239,6,6,False,Right,Front,Right,Centre,53
<_io.BytesIO object at 0x0000023B723DB5E0>,0.9676820039749146,0.0009464300237596035,-0.005617120303213596,365239,6,6,False,Right,Front,Right,Centre,53
<_io.BytesIO object at 0x0000023B723DBEA0>,0.928930938243866,0.006811761762946844,-0.0703335851430893,365239,6,6,False,Right,Front,Right,Centre,53
<_io.BytesIO object at 0x0000023B750F44A0>,0.4452132284641266,0.13794410228729248,0.2033650279045105,365240,6,6,False,Right,Front,Right,Centre,53
<_io.BytesIO object at 0x0000023B750F4F90>,0.4054596424102783,0.1309315711259842,0.2900157570838928,365240,6,6,False,Right,Front,Right,Centre,53
<_io.BytesIO object at 0x0000023B723D7CC0>,0.4126952886581421,0.11595438420772552,0.1893668919801712,365240,6,6,False,Right,Front,Right,Centre,53
<_io.BytesIO object at 0x0000023B723D7360>,0.4205906391143799,0.07416819781064987,0.17773272097110748,365240,6,6,False,Right,Front,Right,Centre,53
<_io.BytesIO object at 0x0000023B723D76D0>,0.39569324254989624,0.042444560676813126,0.25936365127563477,365240,6,6,False,Right,Front,Right,Centre,53
<_io.BytesIO object at 0x0000023B723D71D0>,0.9122135639190674,0.04635503143072128,-0.05375439301133156,365240,6,6,False,Right,Front,Right,Centre,53
<_io.BytesIO object at 0x0000023B723D7720>,0.8689376711845398,0.043634600937366486,-0.047155264765024185,365240,6,6,False,Right,Front,Right,Centre,53
<_io.BytesIO object at 0x0000023B723D77C0>,0.8884344696998596,0.022081362083554268,0.04783572256565094,365240,6,6,False,Right,Front,Right,Centre,53
<_io.BytesIO object at 0x0000023B723D7AE0>,0.967695415019989,0.0009295283816754818,-0.005611758679151535,365240,6,6,False,Right,Front,Right,Centre,53
<_io.BytesIO object at 0x0000023B723D7770>,0.9289249181747437,0.00682230805978179,-0.07032342255115509,365240,6,6,False,Right,Front,Right,Centre,53
<_io.BytesIO object at 0x0000023B723F9F40>,0.4452132284641266,0.13794410228729248,0.2033650279045105,365241,6,6,False,Right,Front,Right,Centre,53
<_io.BytesIO object at 0x0000023B723F9A40>,0.4054596424102783,0.1309315711259842,0.2900157570838928,365241,6,6,False,Right,Front,Right,Centre,53
<_io.BytesIO object at 0x0000023B723F9590>,0.4126952886581421,0.11595438420772552,0.1893668919801712,365241,6,6,False,Right,Front,Right,Centre,53
<_io.BytesIO object at 0x0000023B723F9400>,0.4205906391143799,0.07416819781064987,0.17773272097110748,365241,6,6,False,Right,Front,Right,Centre,53
<_io.BytesIO object at 0x0000023B723F9B80>,0.39569324254989624,0.042444560676813126,0.25936365127563477,365241,6,6,False,Right,Front,Right,Centre,53
<_io.BytesIO object at 0x0000023B723F9950>,0.9121957421302795,0.04632195830345154,-0.05377914011478424,365241,6,6,False,Right,Front,Right,Centre,53
<_io.BytesIO object at 0x0000023B723D7D60>,0.8689253330230713,0.0436105839908123,-0.047127675265073776,365241,6,6,False,Right,Front,Right,Centre,53
<_io.BytesIO object at 0x0000023B723D79A0>,0.8884505033493042,0.022060055285692215,0.04784317687153816,365241,6,6,False,Right,Front,Right,Centre,53
<_io.BytesIO object at 0x0000023B723D7590>,0.9677005410194397,0.0009059531730599701,-0.005620331969112158,365241,6,6,False,Right,Front,Right,Centre,53
<_io.BytesIO object at 0x0000023B723D71D0>,0.92890465259552,0.006821013521403074,-0.07034219801425934,365241,6,6,False,Right,Front,Right,Centre,53
<_io.BytesIO object at 0x0000023B750F4900>,0.4452132284641266,0.13794410228729248,0.2033650279045105,365242,6,6,False,Right,Front,Right,Centre,53
<_io.BytesIO object at 0x0000023B75200E00>,0.4054596424102783,0.1309315711259842,0.2900157570838928,365242,6,6,False,Right,Front,Right,Centre,53
<_io.BytesIO object at 0x0000023B723DB680>,0.4126952886581421,0.11595438420772552,0.1893668919801712,365242,6,6,False,Right,Front,Right,Centre,53
<_io.BytesIO object at 0x0000023B723DB0E0>,0.4205906391143799,0.07416819781064987,0.17773272097110748,365242,6,6,False,Right,Front,Right,Centre,53
<_io.BytesIO object at 0x0000023B723DB9F0>,0.39569324254989624,0.042444560676813126,0.25936365127563477,365242,6,6,False,Right,Front,Right,Centre,53
<_io.BytesIO object at 0x0000023B723DBEA0>,0.9121748805046082,0.04632968828082085,-0.05375569686293602,365242,6,6,False,Right,Front,Right,Centre,53
<_io.BytesIO object at 0x0000023B723DBA40>,0.8689132332801819,0.04358842968940735,-0.04710390418767929,365242,6,6,False,Right,Front,Right,Centre,53
<_io.BytesIO object at 0x0000023B723DB7C0>,0.8884678483009338,0.022057360038161278,0.04783128574490547,365242,6,6,False,Right,Front,Right,Centre,53
<_io.BytesIO object at 0x0000023B723DBDB0>,0.9677041172981262,0.0008968229521997273,-0.005619844887405634,365242,6,6,False,Right,Front,Right,Centre,53
<_io.BytesIO object at 0x0000023B723DB4A0>,0.9288835525512695,0.006832550745457411,-0.07034129649400711,365242,6,6,False,Right,Front,Right,Centre,53
<_io.BytesIO object at 0x0000023B750EB2C0>,0.4452132284641266,0.13794410228729248,0.2033650279045105,365243,6,6,False,Right,Front,Right,Centre,53
<_io.BytesIO object at 0x0000023B750EB540>,0.4054596424102783,0.1309315711259842,0.2900157570838928,365243,6,6,False,Right,Front,Right,Centre,53
<_io.BytesIO object at 0x0000023B750EB5E0>,0.4126952886581421,0.11595438420772552,0.1893668919801712,365243,6,6,False,Right,Front,Right,Centre,53
<_io.BytesIO object at 0x0000023B750EBDB0>,0.4205906391143799,0.07416819781064987,0.17773272097110748,365243,6,6,False,Right,Front,Right,Centre,53
<_io.BytesIO object at 0x0000023B723D6270>,0.39569324254989624,0.042444560676813126,0.25936365127563477,365243,6,6,False,Right,Front,Right,Centre,53
<_io.BytesIO object at 0x0000023B723D6180>,0.9121613502502441,0.04632784053683281,-0.05374456197023392,365243,6,6,False,Right,Front,Right,Centre,53
<_io.BytesIO object at 0x0000023B723D6A90>,0.8688944578170776,0.04357161745429039,-0.04707151651382446,365243,6,6,False,Right,Front,Right,Centre,53
<_io.BytesIO object at 0x0000023B723D6810>,0.8884599208831787,0.02202555350959301,0.04786020517349243,365243,6,6,False,Right,Front,Right,Centre,53
<_io.BytesIO object at 0x0000023B723D6130>,0.9677061438560486,0.0008946896996349096,-0.0056134555488824844,365243,6,6,False,Right,Front,Right,Centre,53
<_io.BytesIO object at 0x0000023B723D60E0>,0.9288678765296936,0.006836685352027416,-0.07035950571298599,365243,6,6,False,Right,Front,Right,Centre,53
<_io.BytesIO object at 0x0000023B723F2400>,0.4452132284641266,0.13794410228729248,0.2033650279045105,365244,6,6,False,Right,Front,Right,Centre,53
<_io.BytesIO object at 0x0000023B723F04F0>,0.4054596424102783,0.1309315711259842,0.2900157570838928,365244,6,6,False,Right,Front,Right,Centre,53
<_io.BytesIO object at 0x0000023B723F0810>,0.4126952886581421,0.11595438420772552,0.1893668919801712,365244,6,6,False,Right,Front,Right,Centre,53
<_io.BytesIO object at 0x0000023B723F0310>,0.4205906391143799,0.07416819781064987,0.17773272097110748,365244,6,6,False,Right,Front,Right,Centre,53
<_io.BytesIO object at 0x0000023B723F0CC0>,0.39569324254989624,0.042444560676813126,0.25936365127563477,365244,6,6,False,Right,Front,Right,Centre,53
<_io.BytesIO object at 0x0000023B723F0040>,0.9121513962745667,0.046307921409606934,-0.05373947694897652,365244,6,6,False,Right,Front,Right,Centre,53
<_io.BytesIO object at 0x0000023B750D3950>,0.8688826560974121,0.043555356562137604,-0.047036606818437576,365244,6,6,False,Right,Front,Right,Centre,53
<_io.BytesIO object at 0x0000023B750D3E00>,0.8884629011154175,0.02199533022940159,0.04786951467394829,365244,6,6,False,Right,Front,Right,Centre,53
<_io.BytesIO object at 0x0000023B750D3860>,0.9677082300186157,0.0008905098075047135,-0.005600804928690195,365244,6,6,False,Right,Front,Right,Centre,53
<_io.BytesIO object at 0x0000023B750D3310>,0.9288616180419922,0.006852327845990658,-0.07032712548971176,365244,6,6,False,Right,Front,Right,Centre,53
<_io.BytesIO object at 0x0000023B723FC270>,0.4452132284641266,0.13794410228729248,0.2033650279045105,365245,6,6,False,Right,Front,Right,Centre,53
<_io.BytesIO object at 0x0000023B751098B0>,0.4054596424102783,0.1309315711259842,0.2900157570838928,365245,6,6,False,Right,Front,Right,Centre,53
<_io.BytesIO object at 0x0000023B75109F90>,0.4126952886581421,0.11595438420772552,0.1893668919801712,365245,6,6,False,Right,Front,Right,Centre,53
<_io.BytesIO object at 0x0000023B75109680>,0.4205906391143799,0.07416819781064987,0.17773272097110748,365245,6,6,False,Right,Front,Right,Centre,53
<_io.BytesIO object at 0x0000023B75109270>,0.39569324254989624,0.042444560676813126,0.25936365127563477,365245,6,6,False,Right,Front,Right,Centre,53
<_io.BytesIO object at 0x0000023B75109090>,0.9121381044387817,0.04630671814084053,-0.05369450896978378,365245,6,6,False,Right,Front,Right,Centre,53
<_io.BytesIO object at 0x0000023B723ECE50>,0.8688675761222839,0.04354061558842659,-0.04701116681098938,365245,6,6,False,Right,Front,Right,Centre,53
<_io.BytesIO object at 0x0000023B723EC540>,0.8884454965591431,0.021925652399659157,0.04789875075221062,365245,6,6,False,Right,Front,Right,Centre,53
<_io.BytesIO object at 0x0000023B723ECD10>,0.9677096605300903,0.0008893275517039001,-0.0055910395458340645,365245,6,6,False,Right,Front,Right,Centre,53
<_io.BytesIO object at 0x0000023B723ECEF0>,0.9288463592529297,0.006868068594485521,-0.07030005753040314,365245,6,6,False,Right,Front,Right,Centre,53
<_io.BytesIO object at 0x0000023B723EC950>,0.4452132284641266,0.13794410228729248,0.2033650279045105,365246,6,6,False,Right,Front,Right,Centre,53
<_io.BytesIO object at 0x0000023B723EC900>,0.4054596424102783,0.1309315711259842,0.2900157570838928,365246,6,6,False,Right,Front,Right,Centre,53
<_io.BytesIO object at 0x0000023B723ECE00>,0.4126952886581421,0.11595438420772552,0.1893668919801712,365246,6,6,False,Right,Front,Right,Centre,53
<_io.BytesIO object at 0x0000023B75109BD0>,0.4205906391143799,0.07416819781064987,0.17773272097110748,365246,6,6,False,Right,Front,Right,Centre,53
<_io.BytesIO object at 0x0000023B75109C20>,0.39569324254989624,0.042444560676813126,0.25936365127563477,365246,6,6,False,Right,Front,Right,Centre,53
<_io.BytesIO object at 0x0000023B751096D0>,0.9121133685112,0.046317268162965775,-0.05366651341319084,365246,6,6,False,Right,Front,Right,Centre,53
<_io.BytesIO object at 0x0000023B751098B0>,0.8688457608222961,0.0435296855866909,-0.04697112366557121,365246,6,6,False,Right,Front,Right,Centre,53
<_io.BytesIO object at 0x0000023B75109810>,0.8884331583976746,0.021887045353651047,0.047915536910295486,365246,6,6,False,Right,Front,Right,Centre,53
<_io.BytesIO object at 0x0000023B75109D60>,0.9677027463912964,0.000892117852345109,-0.005579554941505194,365246,6,6,False,Right,Front,Right,Centre,53
<_io.BytesIO object at 0x0000023B751099A0>,0.9288433790206909,0.006869305390864611,-0.07027119398117065,365246,6,6,False,Right,Front,Right,Centre,53
<_io.BytesIO object at 0x0000023B750D3540>,0.4452132284641266,0.13794410228729248,0.2033650279045105,365247,6,6,False,Right,Front,Right,Centre,53
<_io.BytesIO object at 0x0000023B750D3590>,0.4054596424102783,0.1309315711259842,0.2900157570838928,365247,6,6,False,Right,Front,Right,Centre,53
<_io.BytesIO object at 0x0000023B723F03B0>,0.4126952886581421,0.11595438420772552,0.1893668919801712,365247,6,6,False,Right,Front,Right,Centre,53
<_io.BytesIO object at 0x0000023B723F04A0>,0.4205906391143799,0.07416819781064987,0.17773272097110748,365247,6,6,False,Right,Front,Right,Centre,53
<_io.BytesIO object at 0x0000023B723F0310>,0.39569324254989624,0.042444560676813126,0.25936365127563477,365247,6,6,False,Right,Front,Right,Centre,53
<_io.BytesIO object at 0x0000023B723F00E0>,0.9120938777923584,0.04632536694407463,-0.05363665893673897,365247,6,6,False,Right,Front,Right,Centre,53
<_io.BytesIO object at 0x0000023B723F0900>,0.8688315749168396,0.043534234166145325,-0.04693791642785072,365247,6,6,False,Right,Front,Right,Centre,53
<_io.BytesIO object at 0x0000023B723F02C0>,0.8884360194206238,0.021891076117753983,0.047938697040081024,365247,6,6,False,Right,Front,Right,Centre,53
<_io.BytesIO object at 0x0000023B723F0090>,0.9677034020423889,0.0009122475166805089,-0.005565847735852003,365247,6,6,False,Right,Front,Right,Centre,53
<_io.BytesIO object at 0x0000023B723F2720>,0.9288434386253357,0.006930342875421047,-0.0701993778347969,365247,6,6,False,Right,Front,Right,Centre,53
<_io.BytesIO object at 0x0000023B723D6090>,0.4452132284641266,0.13794410228729248,0.2033650279045105,365248,6,6,False,Right,Front,Right,Centre,53
<_io.BytesIO object at 0x0000023B723D6810>,0.4054596424102783,0.1309315711259842,0.2900157570838928,365248,6,6,False,Right,Front,Right,Centre,53
<_io.BytesIO object at 0x0000023B723D6EA0>,0.4126952886581421,0.11595438420772552,0.1893668919801712,365248,6,6,False,Right,Front,Right,Centre,53
<_io.BytesIO object at 0x0000023B750EBA40>,0.4205906391143799,0.07416819781064987,0.17773272097110748,365248,6,6,False,Right,Front,Right,Centre,53
<_io.BytesIO object at 0x0000023B750EBEF0>,0.39569324254989624,0.042444560676813126,0.25936365127563477,365248,6,6,False,Right,Front,Right,Centre,53
<_io.BytesIO object at 0x0000023B750EB0E0>,0.9120814204216003,0.0463520772755146,-0.05358998849987984,365248,6,6,False,Right,Front,Right,Centre,53
<_io.BytesIO object at 0x0000023B750EB040>,0.8687973022460938,0.04353870823979378,-0.046871937811374664,365248,6,6,False,Right,Front,Right,Centre,53
<_io.BytesIO object at 0x0000023B750EB130>,0.8884394764900208,0.021893702447414398,0.047960154712200165,365248,6,6,False,Right,Front,Right,Centre,53
<_io.BytesIO object at 0x0000023B750EB310>,0.9677051901817322,0.0009272750467061996,-0.005559716839343309,365248,6,6,False,Right,Front,Right,Centre,53
<_io.BytesIO object at 0x0000023B750EB7C0>,0.9288328886032104,0.0069328490644693375,-0.07021654397249222,365248,6,6,False,Right,Front,Right,Centre,53
<_io.BytesIO object at 0x0000023B750E05E0>,0.4452132284641266,0.13794410228729248,0.2033650279045105,365249,6,6,False,Right,Front,Right,Centre,53
<_io.BytesIO object at 0x0000023B723DB720>,0.4054596424102783,0.1309315711259842,0.2900157570838928,365249,6,6,False,Right,Front,Right,Centre,53
<_io.BytesIO object at 0x0000023B723DB220>,0.4126952886581421,0.11595438420772552,0.1893668919801712,365249,6,6,False,Right,Front,Right,Centre,53
<_io.BytesIO object at 0x0000023B723DB9A0>,0.4205906391143799,0.07416819781064987,0.17773272097110748,365249,6,6,False,Right,Front,Right,Centre,53
<_io.BytesIO object at 0x0000023B723DB360>,0.39569324254989624,0.042444560676813126,0.25936365127563477,365249,6,6,False,Right,Front,Right,Centre,53
<_io.BytesIO object at 0x0000023B75200E50>,0.9120818972587585,0.046356864273548126,-0.05355506390333176,365249,6,6,False,Right,Front,Right,Centre,53
<_io.BytesIO object at 0x0000023B75200680>,0.8688253164291382,0.04354763403534889,-0.04686872288584709,365249,6,6,False,Right,Front,Right,Centre,53
<_io.BytesIO object at 0x0000023B75200860>,0.8884544968605042,0.021885862573981285,0.04797149449586868,365249,6,6,False,Right,Front,Right,Centre,53
<_io.BytesIO object at 0x0000023B723743B0>,0.9677096605300903,0.0009200149215757847,-0.005544532090425491,365249,6,6,False,Right,Front,Right,Centre,53
<_io.BytesIO object at 0x0000023B750F4680>,0.9288196563720703,0.00694013386964798,-0.07015970349311829,365249,6,6,False,Right,Front,Right,Centre,53
<_io.BytesIO object at 0x0000023B723D7130>,0.4452132284641266,0.13794410228729248,0.2033650279045105,365250,6,6,False,Right,Front,Right,Centre,53
<_io.BytesIO object at 0x0000023B723D7C20>,0.4054596424102783,0.1309315711259842,0.2900157570838928,365250,6,6,False,Right,Front,Right,Centre,53
<_io.BytesIO object at 0x0000023B723F9540>,0.4126952886581421,0.11595438420772552,0.1893668919801712,365250,6,6,False,Right,Front,Right,Centre,53
<_io.BytesIO object at 0x0000023B723F9D10>,0.4205906391143799,0.07416819781064987,0.17773272097110748,365250,6,6,False,Right,Front,Right,Centre,53
<_io.BytesIO object at 0x0000023B723F94F0>,0.39569324254989624,0.042444560676813126,0.25936365127563477,365250,6,6,False,Right,Front,Right,Centre,53
<_io.BytesIO object at 0x0000023B723F99F0>,0.9120774269104004,0.04634752869606018,-0.053541988134384155,365250,6,6,False,Right,Front,Right,Centre,53
<_io.BytesIO object at 0x0000023B723F9590>,0.8687885403633118,0.043534353375434875,-0.04681338369846344,365250,6,6,False,Right,Front,Right,Centre,53
<_io.BytesIO object at 0x0000023B723F9CC0>,0.8884579539299011,0.021859727799892426,0.04798364266753197,365250,6,6,False,Right,Front,Right,Centre,53
<_io.BytesIO object at 0x0000023B723F9900>,0.9677103757858276,0.000901566818356514,-0.00552828423678875,365250,6,6,False,Right,Front,Right,Centre,53
<_io.BytesIO object at 0x0000023B723F9270>,0.9288228750228882,0.006941269617527723,-0.07013294845819473,365250,6,6,False,Right,Front,Right,Centre,53
<_io.BytesIO object at 0x0000023B723F9130>,0.4452132284641266,0.13794410228729248,0.2033650279045105,365251,6,6,False,Right,Front,Right,Centre,53
<_io.BytesIO object at 0x0000023B723D7F90>,0.4054596424102783,0.1309315711259842,0.2900157570838928,365251,6,6,False,Right,Front,Right,Centre,53
<_io.BytesIO object at 0x0000023B723D7DB0>,0.4126952886581421,0.11595438420772552,0.1893668919801712,365251,6,6,False,Right,Front,Right,Centre,53
<_io.BytesIO object at 0x0000023B723D7B30>,0.4205906391143799,0.07416819781064987,0.17773272097110748,365251,6,6,False,Right,Front,Right,Centre,53
<_io.BytesIO object at 0x0000023B723D74A0>,0.39569324254989624,0.042444560676813126,0.25936365127563477,365251,6,6,False,Right,Front,Right,Centre,53
<_io.BytesIO object at 0x0000023B723D7A40>,0.9120770692825317,0.046334486454725266,-0.05351272597908974,365251,6,6,False,Right,Front,Right,Centre,53
<_io.BytesIO object at 0x0000023B6D7850E0>,0.8687888979911804,0.04351261258125305,-0.04678932949900627,365251,6,6,False,Right,Front,Right,Centre,53
<_io.BytesIO object at 0x0000023B750F4220>,0.8884541988372803,0.021827595308423042,0.04799149930477142,365251,6,6,False,Right,Front,Right,Centre,53
<_io.BytesIO object at 0x0000023B750F4040>,0.9677256941795349,0.0008872584439814091,-0.005522468127310276,365251,6,6,False,Right,Front,Right,Centre,53
<_io.BytesIO object at 0x0000023B750F4E00>,0.9288275241851807,0.006934512872248888,-0.07011992484331131,365251,6,6,False,Right,Front,Right,Centre,53
<_io.BytesIO object at 0x0000023B723DB9A0>,0.4452132284641266,0.13794410228729248,0.2033650279045105,365252,6,6,False,Right,Front,Right,Centre,53
<_io.BytesIO object at 0x0000023B723DBC20>,0.4054596424102783,0.1309315711259842,0.2900157570838928,365252,6,6,False,Right,Front,Right,Centre,53
<_io.BytesIO object at 0x0000023B723DB4F0>,0.4126952886581421,0.11595438420772552,0.1893668919801712,365252,6,6,False,Right,Front,Right,Centre,53
<_io.BytesIO object at 0x0000023B723DBB80>,0.4205906391143799,0.07416819781064987,0.17773272097110748,365252,6,6,False,Right,Front,Right,Centre,53
<_io.BytesIO object at 0x0000023B750E0680>,0.39569324254989624,0.042444560676813126,0.25936365127563477,365252,6,6,False,Right,Front,Right,Centre,53
<_io.BytesIO object at 0x0000023B750E0720>,0.9120739698410034,0.046312589198350906,-0.05350038409233093,365252,6,6,False,Right,Front,Right,Centre,53
<_io.BytesIO object at 0x0000023B750E0B30>,0.8687888979911804,0.04349550977349281,-0.04677042365074158,365252,6,6,False,Right,Front,Right,Centre,53
<_io.BytesIO object at 0x0000023B750E0270>,0.888458251953125,0.021805133670568466,0.04800154268741608,365252,6,6,False,Right,Front,Right,Centre,53
<_io.BytesIO object at 0x0000023B750E00E0>,0.9677333831787109,0.0008761262288317084,-0.005508427042514086,365252,6,6,False,Right,Front,Right,Centre,53
<_io.BytesIO object at 0x0000023B750E0360>,0.9288247227668762,0.006914790719747543,-0.07011596858501434,365252,6,6,False,Right,Front,Right,Centre,53
<_io.BytesIO object at 0x0000023B750EB400>,0.4452132284641266,0.13794410228729248,0.2033650279045105,365253,6,6,False,Right,Front,Right,Centre,53
<_io.BytesIO object at 0x0000023B723F2E50>,0.4054596424102783,0.1309315711259842,0.2900157570838928,365253,6,6,False,Right,Front,Right,Centre,53
<_io.BytesIO object at 0x0000023B723F2540>,0.4126952886581421,0.11595438420772552,0.1893668919801712,365253,6,6,False,Right,Front,Right,Centre,53
<_io.BytesIO object at 0x0000023B723F2B30>,0.4205906391143799,0.07416819781064987,0.17773272097110748,365253,6,6,False,Right,Front,Right,Centre,53
<_io.BytesIO object at 0x0000023B723F20E0>,0.39569324254989624,0.042444560676813126,0.25936365127563477,365253,6,6,False,Right,Front,Right,Centre,53
<_io.BytesIO object at 0x0000023B723F23B0>,0.9120754599571228,0.04631724953651428,-0.05344165861606598,365253,6,6,False,Right,Front,Right,Centre,53
<_io.BytesIO object at 0x0000023B723F0540>,0.8687800765037537,0.04346049204468727,-0.04673216864466667,365253,6,6,False,Right,Front,Right,Centre,53
<_io.BytesIO object at 0x0000023B723F0090>,0.8884665966033936,0.02179291844367981,0.04801885411143303,365253,6,6,False,Right,Front,Right,Centre,53
<_io.BytesIO object at 0x0000023B723F0A40>,0.9677491784095764,0.0008752503781579435,-0.005501085892319679,365253,6,6,False,Right,Front,Right,Centre,53
<_io.BytesIO object at 0x0000023B723F0C20>,0.9288350939750671,0.006915636360645294,-0.07007533311843872,365253,6,6,False,Right,Front,Right,Centre,53
<_io.BytesIO object at 0x0000023B750D30E0>,0.4452132284641266,0.13794410228729248,0.2033650279045105,365254,6,6,False,Right,Front,Right,Centre,53
<_io.BytesIO object at 0x0000023B723D6900>,0.4054596424102783,0.1309315711259842,0.2900157570838928,365254,6,6,False,Right,Front,Right,Centre,53
<_io.BytesIO object at 0x0000023B723D6950>,0.4126952886581421,0.11595438420772552,0.1893668919801712,365254,6,6,False,Right,Front,Right,Centre,53
<_io.BytesIO object at 0x0000023B723D6E00>,0.4205906391143799,0.07416819781064987,0.17773272097110748,365254,6,6,False,Right,Front,Right,Centre,53
<_io.BytesIO object at 0x0000023B723D6310>,0.39569324254989624,0.042444560676813126,0.25936365127563477,365254,6,6,False,Right,Front,Right,Centre,53
<_io.BytesIO object at 0x0000023B723D6630>,0.9120793342590332,0.04630604758858681,-0.053414661437273026,365254,6,6,False,Right,Front,Right,Centre,53
<_io.BytesIO object at 0x0000023B723FCE00>,0.8687781095504761,0.04343563690781593,-0.046711765229701996,365254,6,6,False,Right,Front,Right,Centre,53
<_io.BytesIO object at 0x0000023B723FCEA0>,0.8884792923927307,0.021785695105791092,0.04803710803389549,365254,6,6,False,Right,Front,Right,Centre,53
<_io.BytesIO object at 0x0000023B723FCA40>,0.9677621722221375,0.0008811243460513651,-0.005488878581672907,365254,6,6,False,Right,Front,Right,Centre,53
<_io.BytesIO object at 0x0000023B723FC8B0>,0.9288357496261597,0.006899431347846985,-0.07006006687879562,365254,6,6,False,Right,Front,Right,Centre,53
<_io.BytesIO object at 0x0000023B75109C20>,0.4452132284641266,0.13794410228729248,0.2033650279045105,365255,6,6,False,Right,Front,Right,Centre,53
<_io.BytesIO object at 0x0000023B723EC680>,0.4054596424102783,0.1309315711259842,0.2900157570838928,365255,6,6,False,Right,Front,Right,Centre,53
<_io.BytesIO object at 0x0000023B723ECC20>,0.4126952886581421,0.11595438420772552,0.1893668919801712,365255,6,6,False,Right,Front,Right,Centre,53
<_io.BytesIO object at 0x0000023B723ECEF0>,0.4205906391143799,0.07416819781064987,0.17773272097110748,365255,6,6,False,Right,Front,Right,Centre,53
<_io.BytesIO object at 0x0000023B723EC770>,0.39569324254989624,0.042444560676813126,0.25936365127563477,365255,6,6,False,Right,Front,Right,Centre,53
<_io.BytesIO object at 0x0000023B723EC2C0>,0.9120933413505554,0.046292275190353394,-0.05338418483734131,365255,6,6,False,Right,Front,Right,Centre,53
<_io.BytesIO object at 0x0000023B723EC9A0>,0.8687713146209717,0.04339635372161865,-0.046660300344228745,365255,6,6,False,Right,Front,Right,Centre,53
<_io.BytesIO object at 0x0000023B723EC310>,0.8884987831115723,0.021791690960526466,0.0480603389441967,365255,6,6,False,Right,Front,Right,Centre,53
<_io.BytesIO object at 0x0000023B723F1900>,0.9677698016166687,0.0008724426734261215,-0.005486891604959965,365255,6,6,False,Right,Front,Right,Centre,53
<_io.BytesIO object at 0x0000023B723F1E00>,0.9288530349731445,0.0068897949531674385,-0.07003151625394821,365255,6,6,False,Right,Front,Right,Centre,53
<_io.BytesIO object at 0x0000023B723ECE50>,0.4452132284641266,0.13794410228729248,0.2033650279045105,365256,6,6,False,Right,Front,Right,Centre,53
<_io.BytesIO object at 0x0000023B75109400>,0.4054596424102783,0.1309315711259842,0.2900157570838928,365256,6,6,False,Right,Front,Right,Centre,53
<_io.BytesIO object at 0x0000023B75109D60>,0.4126952886581421,0.11595438420772552,0.1893668919801712,365256,6,6,False,Right,Front,Right,Centre,53
<_io.BytesIO object at 0x0000023B75109B80>,0.4205906391143799,0.07416819781064987,0.17773272097110748,365256,6,6,False,Right,Front,Right,Centre,53
<_io.BytesIO object at 0x0000023B75109CC0>,0.39569324254989624,0.042444560676813126,0.25936365127563477,365256,6,6,False,Right,Front,Right,Centre,53
<_io.BytesIO object at 0x0000023B723FCAE0>,0.912105917930603,0.04627054184675217,-0.053359318524599075,365256,6,6,False,Right,Front,Right,Centre,53
<_io.BytesIO object at 0x0000023B723FC220>,0.8687787055969238,0.043379321694374084,-0.04663154110312462,365256,6,6,False,Right,Front,Right,Centre,53
<_io.BytesIO object at 0x0000023B723FCD10>,0.888511598110199,0.021778052672743797,0.048071153461933136,365256,6,6,False,Right,Front,Right,Centre,53
<_io.BytesIO object at 0x0000023B723FC630>,0.9677882790565491,0.0008433358743786812,-0.005466656759381294,365256,6,6,False,Right,Front,Right,Centre,53
<_io.BytesIO object at 0x0000023B723FCBD0>,0.9288803935050964,0.006889712996780872,-0.06999403238296509,365256,6,6,False,Right,Front,Right,Centre,53
<_io.BytesIO object at 0x0000023B723D69A0>,0.4452132284641266,0.13794410228729248,0.2033650279045105,365257,6,6,False,Right,Front,Right,Centre,53
<_io.BytesIO object at 0x0000023B750D31D0>,0.4054596424102783,0.1309315711259842,0.2900157570838928,365257,6,6,False,Right,Front,Right,Centre,53
<_io.BytesIO object at 0x0000023B750D3630>,0.4126952886581421,0.11595438420772552,0.1893668919801712,365257,6,6,False,Right,Front,Right,Centre,53
<_io.BytesIO object at 0x0000023B750D3860>,0.4205906391143799,0.07416819781064987,0.17773272097110748,365257,6,6,False,Right,Front,Right,Centre,53
<_io.BytesIO object at 0x0000023B750D3950>,0.39569324254989624,0.042444560676813126,0.25936365127563477,365257,6,6,False,Right,Front,Right,Centre,53
<_io.BytesIO object at 0x0000023B723F0B30>,0.9121131896972656,0.046256083995103836,-0.05333227664232254,365257,6,6,False,Right,Front,Right,Centre,53
<_io.BytesIO object at 0x0000023B723F07C0>,0.8687887191772461,0.043356169015169144,-0.046626631170511246,365257,6,6,False,Right,Front,Right,Centre,53
<_io.BytesIO object at 0x0000023B723F0CC0>,0.888532280921936,0.021773241460323334,0.0480835996568203,365257,6,6,False,Right,Front,Right,Centre,53
<_io.BytesIO object at 0x0000023B723F0C70>,0.9677996635437012,0.0008289183606393635,-0.0054624504409730434,365257,6,6,False,Right,Front,Right,Centre,53
<_io.BytesIO object at 0x0000023B723F04F0>,0.9288867115974426,0.006822888273745775,-0.07002192735671997,365257,6,6,False,Right,Front,Right,Centre,53
<_io.BytesIO object at 0x0000023B723F28B0>,0.4452132284641266,0.13794410228729248,0.2033650279045105,365258,6,6,False,Right,Front,Right,Centre,53
<_io.BytesIO object at 0x0000023B750EBD10>,0.4054596424102783,0.1309315711259842,0.2900157570838928,365258,6,6,False,Right,Front,Right,Centre,53
<_io.BytesIO object at 0x0000023B750EBE50>,0.4126952886581421,0.11595438420772552,0.1893668919801712,365258,6,6,False,Right,Front,Right,Centre,53
<_io.BytesIO object at 0x0000023B750EBB30>,0.4205906391143799,0.07416819781064987,0.17773272097110748,365258,6,6,False,Right,Front,Right,Centre,53
<_io.BytesIO object at 0x0000023B750EB770>,0.39569324254989624,0.042444560676813126,0.25936365127563477,365258,6,6,False,Right,Front,Right,Centre,53
<_io.BytesIO object at 0x0000023B750EBCC0>,0.9121219515800476,0.04623575136065483,-0.05331188812851906,365258,6,6,False,Right,Front,Right,Centre,53
<_io.BytesIO object at 0x0000023B750E0A90>,0.8687922358512878,0.043339021503925323,-0.04660922288894653,365258,6,6,False,Right,Front,Right,Centre,53
<_io.BytesIO object at 0x0000023B750E02C0>,0.888543426990509,0.021762873977422714,0.04808724299073219,365258,6,6,False,Right,Front,Right,Centre,53
<_io.BytesIO object at 0x0000023B750E0A40>,0.9678104519844055,0.0007971710292622447,-0.005465622991323471,365258,6,6,False,Right,Front,Right,Centre,53
<_io.BytesIO object at 0x0000023B750E0360>,0.9289007186889648,0.006808731239289045,-0.06997116655111313,365258,6,6,False,Right,Front,Right,Centre,53
<_io.BytesIO object at 0x0000023B723DB220>,0.4452132284641266,0.13794410228729248,0.2033650279045105,365259,6,6,False,Right,Front,Right,Centre,53
<_io.BytesIO object at 0x0000023B723DB1D0>,0.4054596424102783,0.1309315711259842,0.2900157570838928,365259,6,6,False,Right,Front,Right,Centre,53
<_io.BytesIO object at 0x0000023B75200B30>,0.4126952886581421,0.11595438420772552,0.1893668919801712,365259,6,6,False,Right,Front,Right,Centre,53
<_io.BytesIO object at 0x0000023B72374360>,0.4205906391143799,0.07416819781064987,0.17773272097110748,365259,6,6,False,Right,Front,Right,Centre,53
<_io.BytesIO object at 0x0000023B750F40E0>,0.39569324254989624,0.042444560676813126,0.25936365127563477,365259,6,6,False,Right,Front,Right,Centre,53
<_io.BytesIO object at 0x0000023B750F47C0>,0.9121187329292297,0.04617983475327492,-0.05331699922680855,365259,6,6,False,Right,Front,Right,Centre,53
<_io.BytesIO object at 0x0000023B750F4770>,0.8687874674797058,0.04330551251769066,-0.046595871448516846,365259,6,6,False,Right,Front,Right,Centre,53
<_io.BytesIO object at 0x0000023B750F4090>,0.8885560035705566,0.021742619574069977,0.04809333011507988,365259,6,6,False,Right,Front,Right,Centre,53
<_io.BytesIO object at 0x0000023B750F4AE0>,0.9677847027778625,0.0006829758640378714,-0.0054578715935349464,365259,6,6,False,Right,Front,Right,Centre,53
<_io.BytesIO object at 0x0000023B750F4040>,0.9288861751556396,0.006746471859514713,-0.06998620182275772,365259,6,6,False,Right,Front,Right,Centre,53
<_io.BytesIO object at 0x0000023B723D7720>,0.4452132284641266,0.13794410228729248,0.2033650279045105,365260,6,6,False,Right,Front,Right,Centre,53
<_io.BytesIO object at 0x0000023B723F9DB0>,0.4054596424102783,0.1309315711259842,0.2900157570838928,365260,6,6,False,Right,Front,Right,Centre,53
<_io.BytesIO object at 0x0000023B723F90E0>,0.4126952886581421,0.11595438420772552,0.1893668919801712,365260,6,6,False,Right,Front,Right,Centre,53
<_io.BytesIO object at 0x0000023B723F9A40>,0.4205906391143799,0.07416819781064987,0.17773272097110748,365260,6,6,False,Right,Front,Right,Centre,53
<_io.BytesIO object at 0x0000023B723F94A0>,0.39569324254989624,0.042444560676813126,0.25936365127563477,365260,6,6,False,Right,Front,Right,Centre,53
<_io.BytesIO object at 0x0000023B723F1A90>,0.9121230244636536,0.046136390417814255,-0.05329374223947525,365260,6,6,False,Right,Front,Right,Centre,53
<_io.BytesIO object at 0x0000023B723F1EF0>,0.8687748908996582,0.043257929384708405,-0.04658623784780502,365260,6,6,False,Right,Front,Right,Centre,53
<_io.BytesIO object at 0x0000023B723F1F40>,0.888556957244873,0.0217071995139122,0.04809851571917534,365260,6,6,False,Right,Front,Right,Centre,53
<_io.BytesIO object at 0x0000023B723F18B0>,0.9677882194519043,0.0006622376386076212,-0.005457454361021519,365260,6,6,False,Right,Front,Right,Centre,53
<_io.BytesIO object at 0x0000023B723F1900>,0.9288799166679382,0.0067794169299304485,-0.06979449838399887,365260,6,6,False,Right,Front,Right,Centre,53
<_io.BytesIO object at 0x0000023B723F94F0>,0.4452132284641266,0.13794410228729248,0.2033650279045105,365261,6,6,False,Right,Front,Right,Centre,53
<_io.BytesIO object at 0x0000023B723F9180>,0.4054596424102783,0.1309315711259842,0.2900157570838928,365261,6,6,False,Right,Front,Right,Centre,53
<_io.BytesIO object at 0x0000023B723D7B80>,0.4126952886581421,0.11595438420772552,0.1893668919801712,365261,6,6,False,Right,Front,Right,Centre,53
<_io.BytesIO object at 0x0000023B723D75E0>,0.4205906391143799,0.07416819781064987,0.17773272097110748,365261,6,6,False,Right,Front,Right,Centre,53
<_io.BytesIO object at 0x0000023B723D72C0>,0.39569324254989624,0.042444560676813126,0.25936365127563477,365261,6,6,False,Right,Front,Right,Centre,53
<_io.BytesIO object at 0x0000023B723D7B30>,0.9120959639549255,0.046091437339782715,-0.05327441170811653,365261,6,6,False,Right,Front,Right,Centre,53
<_io.BytesIO object at 0x0000023B723D7540>,0.8687446713447571,0.04322531074285507,-0.046567853540182114,365261,6,6,False,Right,Front,Right,Centre,53
<_io.BytesIO object at 0x0000023B723D79F0>,0.8885524272918701,0.021705709397792816,0.04812397062778473,365261,6,6,False,Right,Front,Right,Centre,53
<_io.BytesIO object at 0x0000023B6D785220>,0.9677714109420776,0.0006688992725685239,-0.0054672155529260635,365261,6,6,False,Right,Front,Right,Centre,53
<_io.BytesIO object at 0x0000023B750F4E50>,0.9288620352745056,0.0067362613044679165,-0.06977228075265884,365261,6,6,False,Right,Front,Right,Centre,53
<_io.BytesIO object at 0x0000023B75200B30>,0.4452132284641266,0.13794410228729248,0.2033650279045105,365262,6,6,False,Right,Front,Right,Centre,53
<_io.BytesIO object at 0x0000023B723DB130>,0.4054596424102783,0.1309315711259842,0.2900157570838928,365262,6,6,False,Right,Front,Right,Centre,53
<_io.BytesIO object at 0x0000023B723DB6D0>,0.4126952886581421,0.11595438420772552,0.1893668919801712,365262,6,6,False,Right,Front,Right,Centre,53
<_io.BytesIO object at 0x0000023B723DBC20>,0.4205906391143799,0.07416819781064987,0.17773272097110748,365262,6,6,False,Right,Front,Right,Centre,53
<_io.BytesIO object at 0x0000023B723DB4F0>,0.39569324254989624,0.042444560676813126,0.25936365127563477,365262,6,6,False,Right,Front,Right,Centre,53
<_io.BytesIO object at 0x0000023B723DBDB0>,0.912071168422699,0.04604579135775566,-0.05325516685843468,365262,6,6,False,Right,Front,Right,Centre,53
<_io.BytesIO object at 0x0000023B750E0D60>,0.8687231540679932,0.0432034432888031,-0.04653468728065491,365262,6,6,False,Right,Front,Right,Centre,53
<_io.BytesIO object at 0x0000023B750E0590>,0.8885453939437866,0.021701108664274216,0.048144131898880005,365262,6,6,False,Right,Front,Right,Centre,53
<_io.BytesIO object at 0x0000023B750E0CC0>,0.9677618741989136,0.0006844293675385416,-0.005472216755151749,365262,6,6,False,Right,Front,Right,Centre,53
<_io.BytesIO object at 0x0000023B750E0040>,0.9288248419761658,0.006692384369671345,-0.06973610073328018,365262,6,6,False,Right,Front,Right,Centre,53
<_io.BytesIO object at 0x0000023B750EB810>,0.4452132284641266,0.13794410228729248,0.2033650279045105,365263,6,6,False,Right,Front,Right,Centre,53
<_io.BytesIO object at 0x0000023B750EB400>,0.4054596424102783,0.1309315711259842,0.2900157570838928,365263,6,6,False,Right,Front,Right,Centre,53
<_io.BytesIO object at 0x0000023B723F0D10>,0.4126952886581421,0.11595438420772552,0.1893668919801712,365263,6,6,False,Right,Front,Right,Centre,53
<_io.BytesIO object at 0x0000023B723F0A90>,0.4205906391143799,0.07416819781064987,0.17773272097110748,365263,6,6,False,Right,Front,Right,Centre,53
<_io.BytesIO object at 0x0000023B723F00E0>,0.39569324254989624,0.042444560676813126,0.25936365127563477,365263,6,6,False,Right,Front,Right,Centre,53
<_io.BytesIO object at 0x0000023B723F0310>,0.9120465517044067,0.04601793736219406,-0.053219057619571686,365263,6,6,False,Right,Front,Right,Centre,53
<_io.BytesIO object at 0x0000023B723F07C0>,0.8687050938606262,0.04318736121058464,-0.04650113359093666,365263,6,6,False,Right,Front,Right,Centre,53
<_io.BytesIO object at 0x0000023B723F0BD0>,0.8885504007339478,0.021691452711820602,0.04818941652774811,365263,6,6,False,Right,Front,Right,Centre,53
<_io.BytesIO object at 0x0000023B750D34F0>,0.9677498936653137,0.0006817860994488001,-0.0054694185964763165,365263,6,6,False,Right,Front,Right,Centre,53
<_io.BytesIO object at 0x0000023B750D3D60>,0.9288075566291809,0.00665238406509161,-0.06967908889055252,365263,6,6,False,Right,Front,Right,Centre,53
<_io.BytesIO object at 0x0000023B723D6E00>,0.4452132284641266,0.13794410228729248,0.2033650279045105,365264,6,6,False,Right,Front,Right,Centre,53
<_io.BytesIO object at 0x0000023B723D6090>,0.4054596424102783,0.1309315711259842,0.2900157570838928,365264,6,6,False,Right,Front,Right,Centre,53
<_io.BytesIO object at 0x0000023B723F2900>,0.4126952886581421,0.11595438420772552,0.1893668919801712,365264,6,6,False,Right,Front,Right,Centre,53
<_io.BytesIO object at 0x0000023B723F2B30>,0.4205906391143799,0.07416819781064987,0.17773272097110748,365264,6,6,False,Right,Front,Right,Centre,53
<_io.BytesIO object at 0x0000023B723F2E50>,0.39569324254989624,0.042444560676813126,0.25936365127563477,365264,6,6,False,Right,Front,Right,Centre,53
<_io.BytesIO object at 0x0000023B723F2540>,0.9120283126831055,0.04600008949637413,-0.053145088255405426,365264,6,6,False,Right,Front,Right,Centre,53
<_io.BytesIO object at 0x0000023B723F2B80>,0.8686904907226562,0.0431857630610466,-0.046432022005319595,365264,6,6,False,Right,Front,Right,Centre,53
<_io.BytesIO object at 0x0000023B723F23B0>,0.8885500431060791,0.02168731763958931,0.04825979843735695,365264,6,6,False,Right,Front,Right,Centre,53
<_io.BytesIO object at 0x0000023B723FC360>,0.9676974415779114,0.0007944554090499878,-0.005529547110199928,365264,6,6,False,Right,Front,Right,Centre,53
<_io.BytesIO object at 0x0000023B723FC7C0>,0.9287805557250977,0.006631054915487766,-0.06963109225034714,365264,6,6,False,Right,Front,Right,Centre,53
<_io.BytesIO object at 0x0000023B75109040>,0.4452132284641266,0.13794410228729248,0.2033650279045105,365265,6,6,False,Right,Front,Right,Centre,53
<_io.BytesIO object at 0x0000023B75109F40>,0.4054596424102783,0.1309315711259842,0.2900157570838928,365265,6,6,False,Right,Front,Right,Centre,53
<_io.BytesIO object at 0x0000023B75109C20>,0.4126952886581421,0.11595438420772552,0.1893668919801712,365265,6,6,False,Right,Front,Right,Centre,53
<_io.BytesIO object at 0x0000023B75109130>,0.4205906391143799,0.07416819781064987,0.17773272097110748,365265,6,6,False,Right,Front,Right,Centre,53
<_io.BytesIO object at 0x0000023B75109860>,0.39569324254989624,0.042444560676813126,0.25936365127563477,365265,6,6,False,Right,Front,Right,Centre,53
<_io.BytesIO object at 0x0000023B75109C70>,0.9120064973831177,0.045975081622600555,-0.05308924987912178,365265,6,6,False,Right,Front,Right,Centre,53
<_io.BytesIO object at 0x0000023B75109590>,0.8686742782592773,0.04318038001656532,-0.04638977721333504,365265,6,6,False,Right,Front,Right,Centre,53
<_io.BytesIO object at 0x0000023B75109900>,0.8885324001312256,0.021671844646334648,0.048317741602659225,365265,6,6,False,Right,Front,Right,Centre,53
<_io.BytesIO object at 0x0000023B75109680>,0.9677372574806213,0.0008190543157979846,-0.005489172413945198,365265,6,6,False,Right,Front,Right,Centre,53
<_io.BytesIO object at 0x0000023B723FCA90>,0.9287616610527039,0.0066217766143381596,-0.06957942247390747,365265,6,6,False,Right,Front,Right,Centre,53
<_io.BytesIO object at 0x0000023B723F2270>,0.4452132284641266,0.13794410228729248,0.2033650279045105,365266,6,6,False,Right,Front,Right,Centre,53
<_io.BytesIO object at 0x0000023B723F2130>,0.4054596424102783,0.1309315711259842,0.2900157570838928,365266,6,6,False,Right,Front,Right,Centre,53
<_io.BytesIO object at 0x0000023B723D6C20>,0.4126952886581421,0.11595438420772552,0.1893668919801712,365266,6,6,False,Right,Front,Right,Centre,53
<_io.BytesIO object at 0x0000023B723D6630>,0.4205906391143799,0.07416819781064987,0.17773272097110748,365266,6,6,False,Right,Front,Right,Centre,53
<_io.BytesIO object at 0x0000023B723D6590>,0.39569324254989624,0.042444560676813126,0.25936365127563477,365266,6,6,False,Right,Front,Right,Centre,53
<_io.BytesIO object at 0x0000023B723D6950>,0.9119830131530762,0.04595816507935524,-0.053038135170936584,365266,6,6,False,Right,Front,Right,Centre,53
<_io.BytesIO object at 0x0000023B723D6F40>,0.8686555624008179,0.043162886053323746,-0.04634295031428337,365266,6,6,False,Right,Front,Right,Centre,53
<_io.BytesIO object at 0x0000023B723D6DB0>,0.8885038495063782,0.021632350981235504,0.048370007425546646,365266,6,6,False,Right,Front,Right,Centre,53
<_io.BytesIO object at 0x0000023B723D64F0>,0.9677302837371826,0.0008252871339209378,-0.005473331082612276,365266,6,6,False,Right,Front,Right,Centre,53
<_io.BytesIO object at 0x0000023B750D3310>,0.9287285208702087,0.006581227760761976,-0.0695410817861557,365266,6,6,False,Right,Front,Right,Centre,53
<_io.BytesIO object at 0x0000023B723F00E0>,0.4452132284641266,0.13794410228729248,0.2033650279045105,365267,6,6,False,Right,Front,Right,Centre,53
<_io.BytesIO object at 0x0000023B723F09F0>,0.4054596424102783,0.1309315711259842,0.2900157570838928,365267,6,6,False,Right,Front,Right,Centre,53
<_io.BytesIO object at 0x0000023B750EBA40>,0.4126952886581421,0.11595438420772552,0.1893668919801712,365267,6,6,False,Right,Front,Right,Centre,53
<_io.BytesIO object at 0x0000023B750EB9F0>,0.4205906391143799,0.07416819781064987,0.17773272097110748,365267,6,6,False,Right,Front,Right,Centre,53
<_io.BytesIO object at 0x0000023B750EBBD0>,0.39569324254989624,0.042444560676813126,0.25936365127563477,365267,6,6,False,Right,Front,Right,Centre,53
<_io.BytesIO object at 0x0000023B750EBB30>,0.9119759798049927,0.045935846865177155,-0.0529949814081192,365267,6,6,False,Right,Front,Right,Centre,53
<_io.BytesIO object at 0x0000023B750EB720>,0.8686675429344177,0.04316699877381325,-0.04619557037949562,365267,6,6,False,Right,Front,Right,Centre,53
<_io.BytesIO object at 0x0000023B750EB450>,0.8884758353233337,0.0215696282684803,0.04842493683099747,365267,6,6,False,Right,Front,Right,Centre,53
<_io.BytesIO object at 0x0000023B750EBB80>,0.9677209258079529,0.0008399509824812412,-0.005459714215248823,365267,6,6,False,Right,Front,Right,Centre,53
<_io.BytesIO object at 0x0000023B750EB2C0>,0.9287238717079163,0.006545815616846085,-0.06949737668037415,365267,6,6,False,Right,Front,Right,Centre,53
<_io.BytesIO object at 0x0000023B723DBC70>,0.4452132284641266,0.13794410228729248,0.2033650279045105,365268,6,6,False,Right,Front,Right,Centre,53
<_io.BytesIO object at 0x0000023B723DBB80>,0.4054596424102783,0.1309315711259842,0.2900157570838928,365268,6,6,False,Right,Front,Right,Centre,53
<_io.BytesIO object at 0x0000023B723DB360>,0.4126952886581421,0.11595438420772552,0.1893668919801712,365268,6,6,False,Right,Front,Right,Centre,53
<_io.BytesIO object at 0x0000023B723DB720>,0.4205906391143799,0.07416819781064987,0.17773272097110748,365268,6,6,False,Right,Front,Right,Centre,53
<_io.BytesIO object at 0x0000023B75200E00>,0.39569324254989624,0.042444560676813126,0.25936365127563477,365268,6,6,False,Right,Front,Right,Centre,53
<_io.BytesIO object at 0x0000023B75200EF0>,0.9119810461997986,0.045922376215457916,-0.05296512693166733,365268,6,6,False,Right,Front,Right,Centre,53
<_io.BytesIO object at 0x0000023B75200DB0>,0.8686659932136536,0.043151549994945526,-0.04616988077759743,365268,6,6,False,Right,Front,Right,Centre,53
<_io.BytesIO object at 0x0000023B723743B0>,0.8884615898132324,0.02152584306895733,0.048464447259902954,365268,6,6,False,Right,Front,Right,Centre,53
<_io.BytesIO object at 0x0000023B750F44F0>,0.9677289128303528,0.0008596041006967425,-0.005436710547655821,365268,6,6,False,Right,Front,Right,Centre,53
<_io.BytesIO object at 0x0000023B750F4180>,0.9287294745445251,0.006508027669042349,-0.06947660446166992,365268,6,6,False,Right,Front,Right,Centre,53
<_io.BytesIO object at 0x0000023B723D72C0>,0.4452132284641266,0.13794410228729248,0.2033650279045105,365269,6,6,False,Right,Front,Right,Centre,53
<_io.BytesIO object at 0x0000023B723D7D10>,0.4054596424102783,0.1309315711259842,0.2900157570838928,365269,6,6,False,Right,Front,Right,Centre,53
<_io.BytesIO object at 0x0000023B723F9860>,0.4126952886581421,0.11595438420772552,0.1893668919801712,365269,6,6,False,Right,Front,Right,Centre,53
<_io.BytesIO object at 0x0000023B723F9450>,0.4205906391143799,0.07416819781064987,0.17773272097110748,365269,6,6,False,Right,Front,Right,Centre,53
<_io.BytesIO object at 0x0000023B723F9950>,0.39569324254989624,0.042444560676813126,0.25936365127563477,365269,6,6,False,Right,Front,Right,Centre,53
<_io.BytesIO object at 0x0000023B723F91D0>,0.9119905829429626,0.045922599732875824,-0.052931047976017,365269,6,6,False,Right,Front,Right,Centre,53
<_io.BytesIO object at 0x0000023B723F9A40>,0.8686866760253906,0.04315821826457977,-0.046155624091625214,365269,6,6,False,Right,Front,Right,Centre,53
<_io.BytesIO object at 0x0000023B723F9F90>,0.88846355676651,0.021511362865567207,0.048485931009054184,365269,6,6,False,Right,Front,Right,Centre,53
<_io.BytesIO object at 0x0000023B723F9680>,0.9677379131317139,0.0008778550545684993,-0.0054227495566010475,365269,6,6,False,Right,Front,Right,Centre,53
<_io.BytesIO object at 0x0000023B723F12C0>,0.9287605285644531,0.006492000538855791,-0.06944050639867783,365269,6,6,False,Right,Front,Right,Centre,53
<_io.BytesIO object at 0x0000023B723F1360>,0.4452132284641266,0.13794410228729248,0.2033650279045105,365270,6,6,False,Right,Front,Right,Centre,53
<_io.BytesIO object at 0x0000023B723F17C0>,0.4054596424102783,0.1309315711259842,0.2900157570838928,365270,6,6,False,Right,Front,Right,Centre,53
<_io.BytesIO object at 0x0000023B723F1D60>,0.4126952886581421,0.11595438420772552,0.1893668919801712,365270,6,6,False,Right,Front,Right,Centre,53
<_io.BytesIO object at 0x0000023B723F10E0>,0.4205906391143799,0.07416819781064987,0.17773272097110748,365270,6,6,False,Right,Front,Right,Centre,53
<_io.BytesIO object at 0x0000023B723F1F40>,0.39569324254989624,0.042444560676813126,0.25936365127563477,365270,6,6,False,Right,Front,Right,Centre,53
<_io.BytesIO object at 0x0000023B723F9F90>,0.9120364189147949,0.045932359993457794,-0.052912477403879166,365270,6,6,False,Right,Front,Right,Centre,53
<_io.BytesIO object at 0x0000023B723F9400>,0.868733286857605,0.043175142258405685,-0.04616551101207733,365270,6,6,False,Right,Front,Right,Centre,53
<_io.BytesIO object at 0x0000023B723F96D0>,0.8884739279747009,0.02152857929468155,0.048510678112506866,365270,6,6,False,Right,Front,Right,Centre,53
<_io.BytesIO object at 0x0000023B723F9D10>,0.9677532315254211,0.0008765008533373475,-0.005387313198298216,365270,6,6,False,Right,Front,Right,Centre,53
<_io.BytesIO object at 0x0000023B723F9130>,0.9288103580474854,0.006507572252303362,-0.06938320398330688,365270,6,6,False,Right,Front,Right,Centre,53
<_io.BytesIO object at 0x0000023B723D7A40>,0.4452132284641266,0.13794410228729248,0.2033650279045105,365271,6,6,False,Right,Front,Right,Centre,53
<_io.BytesIO object at 0x0000023B750F48B0>,0.4054596424102783,0.1309315711259842,0.2900157570838928,365271,6,6,False,Right,Front,Right,Centre,53
<_io.BytesIO object at 0x0000023B750F4A40>,0.4126952886581421,0.11595438420772552,0.1893668919801712,365271,6,6,False,Right,Front,Right,Centre,53
<_io.BytesIO object at 0x0000023B750F44F0>,0.4205906391143799,0.07416819781064987,0.17773272097110748,365271,6,6,False,Right,Front,Right,Centre,53
<_io.BytesIO object at 0x0000023B723743B0>,0.39569324254989624,0.042444560676813126,0.25936365127563477,365271,6,6,False,Right,Front,Right,Centre,53
<_io.BytesIO object at 0x0000023B75200860>,0.912090539932251,0.04593391716480255,-0.05289479345083237,365271,6,6,False,Right,Front,Right,Centre,53
<_io.BytesIO object at 0x0000023B75200EF0>,0.8687804341316223,0.04318058118224144,-0.04617539048194885,365271,6,6,False,Right,Front,Right,Centre,53
<_io.BytesIO object at 0x0000023B75200E50>,0.8884205222129822,0.02154369279742241,0.0484432578086853,365271,6,6,False,Right,Front,Right,Centre,53
<_io.BytesIO object at 0x0000023B723DB220>,0.9678115844726562,0.0008859231602400541,-0.005329512991011143,365271,6,6,False,Right,Front,Right,Centre,53
<_io.BytesIO object at 0x0000023B723DB0E0>,0.9288516640663147,0.006482446566224098,-0.06937175244092941,365271,6,6,False,Right,Front,Right,Centre,53
<_io.BytesIO object at 0x0000023B750E0E00>,0.4452132284641266,0.13794410228729248,0.2033650279045105,365272,6,6,False,Right,Front,Right,Centre,53
<_io.BytesIO object at 0x0000023B750E0810>,0.4054596424102783,0.1309315711259842,0.2900157570838928,365272,6,6,False,Right,Front,Right,Centre,53
<_io.BytesIO object at 0x0000023B750EBDB0>,0.4126952886581421,0.11595438420772552,0.1893668919801712,365272,6,6,False,Right,Front,Right,Centre,53
<_io.BytesIO object at 0x0000023B750EB2C0>,0.4205906391143799,0.07416819781064987,0.17773272097110748,365272,6,6,False,Right,Front,Right,Centre,53
<_io.BytesIO object at 0x0000023B750EBCC0>,0.39569324254989624,0.042444560676813126,0.25936365127563477,365272,6,6,False,Right,Front,Right,Centre,53
<_io.BytesIO object at 0x0000023B750EB270>,0.9121498465538025,0.04593111202120781,-0.052883848547935486,365272,6,6,False,Right,Front,Right,Centre,53
<_io.BytesIO object at 0x0000023B750EB950>,0.8688496351242065,0.04318070039153099,-0.04619773477315903,365272,6,6,False,Right,Front,Right,Centre,53
<_io.BytesIO object at 0x0000023B750EB3B0>,0.8884538412094116,0.02155168354511261,0.04843166097998619,365272,6,6,False,Right,Front,Right,Centre,53
<_io.BytesIO object at 0x0000023B750EB9F0>,0.9678059816360474,0.0007544365362264216,-0.00530374376103282,365272,6,6,False,Right,Front,Right,Centre,53
<_io.BytesIO object at 0x0000023B750EBEA0>,0.9289275407791138,0.006464031059294939,-0.0693441778421402,365272,6,6,False,Right,Front,Right,Centre,53
<_io.BytesIO object at 0x0000023B750D3B80>,0.4452132284641266,0.13794410228729248,0.2033650279045105,365273,6,6,False,Right,Front,Right,Centre,53
<_io.BytesIO object at 0x0000023B750D3900>,0.4054596424102783,0.1309315711259842,0.2900157570838928,365273,6,6,False,Right,Front,Right,Centre,53
<_io.BytesIO object at 0x0000023B750D38B0>,0.4126952886581421,0.11595438420772552,0.1893668919801712,365273,6,6,False,Right,Front,Right,Centre,53
<_io.BytesIO object at 0x0000023B723D6040>,0.4205906391143799,0.07416819781064987,0.17773272097110748,365273,6,6,False,Right,Front,Right,Centre,53
<_io.BytesIO object at 0x0000023B723D64F0>,0.39569324254989624,0.042444560676813126,0.25936365127563477,365273,6,6,False,Right,Front,Right,Centre,53
<_io.BytesIO object at 0x0000023B723D6770>,0.9121996164321899,0.045897796750068665,-0.05290181189775467,365273,6,6,False,Right,Front,Right,Centre,53
<_io.BytesIO object at 0x0000023B723D6B30>,0.8689056634902954,0.043174859136343,-0.04622073099017143,365273,6,6,False,Right,Front,Right,Centre,53
<_io.BytesIO object at 0x0000023B723D6EF0>,0.888560950756073,0.021549347788095474,0.048502396792173386,365273,6,6,False,Right,Front,Right,Centre,53
<_io.BytesIO object at 0x0000023B723D6860>,0.9678342342376709,0.0007255717064253986,-0.005279891192913055,365273,6,6,False,Right,Front,Right,Centre,53
<_io.BytesIO object at 0x0000023B723D6C20>,0.928981363773346,0.006417710334062576,-0.06933227181434631,365273,6,6,False,Right,Front,Right,Centre,53
<_io.BytesIO object at 0x0000023B723FCCC0>,0.4452132284641266,0.13794410228729248,0.2033650279045105,365274,6,6,False,Right,Front,Right,Centre,53
<_io.BytesIO object at 0x0000023B723FC680>,0.4054596424102783,0.1309315711259842,0.2900157570838928,365274,6,6,False,Right,Front,Right,Centre,53
<_io.BytesIO object at 0x0000023B723FC810>,0.4126952886581421,0.11595438420772552,0.1893668919801712,365274,6,6,False,Right,Front,Right,Centre,53
<_io.BytesIO object at 0x0000023B723FCA90>,0.4205906391143799,0.07416819781064987,0.17773272097110748,365274,6,6,False,Right,Front,Right,Centre,53
<_io.BytesIO object at 0x0000023B75109270>,0.39569324254989624,0.042444560676813126,0.25936365127563477,365274,6,6,False,Right,Front,Right,Centre,53
<_io.BytesIO object at 0x0000023B751090E0>,0.9122394919395447,0.04589114710688591,-0.052888382226228714,365274,6,6,False,Right,Front,Right,Centre,53
<_io.BytesIO object at 0x0000023B75109CC0>,0.8689369559288025,0.04315291345119476,-0.04623747617006302,365274,6,6,False,Right,Front,Right,Centre,53
<_io.BytesIO object at 0x0000023B75109D60>,0.8885656595230103,0.021557679399847984,0.0485062338411808,365274,6,6,False,Right,Front,Right,Centre,53
<_io.BytesIO object at 0x0000023B751094F0>,0.9678430557250977,0.0006905602640472353,-0.005275427363812923,365274,6,6,False,Right,Front,Right,Centre,53
<_io.BytesIO object at 0x0000023B75109860>,0.9290310740470886,0.00640062103047967,-0.0693032518029213,365274,6,6,False,Right,Front,Right,Centre,53
<_io.BytesIO object at 0x0000023B75109F90>,0.4452132284641266,0.13794410228729248,0.2033650279045105,365275,6,6,False,Right,Front,Right,Centre,53
<_io.BytesIO object at 0x0000023B75109900>,0.4054596424102783,0.1309315711259842,0.2900157570838928,365275,6,6,False,Right,Front,Right,Centre,53
<_io.BytesIO object at 0x0000023B75109B30>,0.4126952886581421,0.11595438420772552,0.1893668919801712,365275,6,6,False,Right,Front,Right,Centre,53
<_io.BytesIO object at 0x0000023B723FC270>,0.4205906391143799,0.07416819781064987,0.17773272097110748,365275,6,6,False,Right,Front,Right,Centre,53
<_io.BytesIO object at 0x0000023B723FC680>,0.39569324254989624,0.042444560676813126,0.25936365127563477,365275,6,6,False,Right,Front,Right,Centre,53
<_io.BytesIO object at 0x0000023B723FC7C0>,0.912261962890625,0.045867741107940674,-0.05289115011692047,365275,6,6,False,Right,Front,Right,Centre,53
<_io.BytesIO object at 0x0000023B723FC2C0>,0.8689897656440735,0.04314287751913071,-0.04627377167344093,365275,6,6,False,Right,Front,Right,Centre,53
<_io.BytesIO object at 0x0000023B723FCC70>,0.8885742425918579,0.02156645990908146,0.04849716275930405,365275,6,6,False,Right,Front,Right,Centre,53
<_io.BytesIO object at 0x0000023B723FC360>,0.9678405523300171,0.0006669992581009865,-0.005261640530079603,365275,6,6,False,Right,Front,Right,Centre,53
<_io.BytesIO object at 0x0000023B723F2450>,0.929064154624939,0.006355243735015392,-0.06929206848144531,365275,6,6,False,Right,Front,Right,Centre,53
<_io.BytesIO object at 0x0000023B723D61D0>,0.4452132284641266,0.13794410228729248,0.2033650279045105,365276,6,6,False,Right,Front,Right,Centre,53
<_io.BytesIO object at 0x0000023B723D6770>,0.4054596424102783,0.1309315711259842,0.2900157570838928,365276,6,6,False,Right,Front,Right,Centre,53
<_io.BytesIO object at 0x0000023B723D6EA0>,0.4126952886581421,0.11595438420772552,0.1893668919801712,365276,6,6,False,Right,Front,Right,Centre,53
<_io.BytesIO object at 0x0000023B750D3090>,0.4205906391143799,0.07416819781064987,0.17773272097110748,365276,6,6,False,Right,Front,Right,Centre,53
<_io.BytesIO object at 0x0000023B750D3F40>,0.39569324254989624,0.042444560676813126,0.25936365127563477,365276,6,6,False,Right,Front,Right,Centre,53
<_io.BytesIO object at 0x0000023B750D3DB0>,0.9122787117958069,0.04586232826113701,-0.05287213250994682,365276,6,6,False,Right,Front,Right,Centre,53
<_io.BytesIO object at 0x0000023B750D3630>,0.8690040707588196,0.04313771799206734,-0.04628201201558113,365276,6,6,False,Right,Front,Right,Centre,53
<_io.BytesIO object at 0x0000023B750D3BD0>,0.8885532021522522,0.021568410098552704,0.04850974678993225,365276,6,6,False,Right,Front,Right,Centre,53
<_io.BytesIO object at 0x0000023B750D34F0>,0.9678332805633545,0.0006686254637315869,-0.0052500199526548386,365276,6,6,False,Right,Front,Right,Centre,53
<_io.BytesIO object at 0x0000023B723F0310>,0.9290874600410461,0.0063380030915141106,-0.06926482915878296,365276,6,6,False,Right,Front,Right,Centre,53
<_io.BytesIO object at 0x0000023B750EB3B0>,0.4452132284641266,0.13794410228729248,0.2033650279045105,365277,6,6,False,Right,Front,Right,Centre,53
<_io.BytesIO object at 0x0000023B750EB6D0>,0.4054596424102783,0.1309315711259842,0.2900157570838928,365277,6,6,False,Right,Front,Right,Centre,53
<_io.BytesIO object at 0x0000023B750EB590>,0.4126952886581421,0.11595438420772552,0.1893668919801712,365277,6,6,False,Right,Front,Right,Centre,53
<_io.BytesIO object at 0x0000023B750E0F40>,0.4205906391143799,0.07416819781064987,0.17773272097110748,365277,6,6,False,Right,Front,Right,Centre,53
<_io.BytesIO object at 0x0000023B750E0E00>,0.39569324254989624,0.042444560676813126,0.25936365127563477,365277,6,6,False,Right,Front,Right,Centre,53
<_io.BytesIO object at 0x0000023B750E00E0>,0.9122886657714844,0.04585647955536842,-0.05287791043519974,365277,6,6,False,Right,Front,Right,Centre,53
<_io.BytesIO object at 0x0000023B750E0A40>,0.8690146207809448,0.04313843697309494,-0.046280618757009506,365277,6,6,False,Right,Front,Right,Centre,53
<_io.BytesIO object at 0x0000023B750E0270>,0.8885363340377808,0.021578142419457436,0.04852329567074776,365277,6,6,False,Right,Front,Right,Centre,53
<_io.BytesIO object at 0x0000023B750E0CC0>,0.9678336381912231,0.0006734848138876259,-0.005237028002738953,365277,6,6,False,Right,Front,Right,Centre,53
<_io.BytesIO object at 0x0000023B750E0AE0>,0.929093599319458,0.006318383384495974,-0.06925009191036224,365277,6,6,False,Right,Front,Right,Centre,53
<_io.BytesIO object at 0x0000023B75200B80>,0.4452132284641266,0.13794410228729248,0.2033650279045105,365278,6,6,False,Right,Front,Right,Centre,53
<_io.BytesIO object at 0x0000023B72374400>,0.4054596424102783,0.1309315711259842,0.2900157570838928,365278,6,6,False,Right,Front,Right,Centre,53
<_io.BytesIO object at 0x0000023B750F42C0>,0.4126952886581421,0.11595438420772552,0.1893668919801712,365278,6,6,False,Right,Front,Right,Centre,53
<_io.BytesIO object at 0x0000023B750F4810>,0.4205906391143799,0.07416819781064987,0.17773272097110748,365278,6,6,False,Right,Front,Right,Centre,53
<_io.BytesIO object at 0x0000023B750F4900>,0.39569324254989624,0.042444560676813126,0.25936365127563477,365278,6,6,False,Right,Front,Right,Centre,53
<_io.BytesIO object at 0x0000023B750F4EA0>,0.9122874140739441,0.045854099094867706,-0.052861910313367844,365278,6,6,False,Right,Front,Right,Centre,53
<_io.BytesIO object at 0x0000023B750F44A0>,0.8690276145935059,0.043144937604665756,-0.046290937811136246,365278,6,6,False,Right,Front,Right,Centre,53
<_io.BytesIO object at 0x0000023B750F4450>,0.8884446024894714,0.021590624004602432,0.04845154657959938,365278,6,6,False,Right,Front,Right,Centre,53
<_io.BytesIO object at 0x0000023B6D785400>,0.9677796363830566,0.0006935751298442483,-0.005281287245452404,365278,6,6,False,Right,Front,Right,Centre,53
<_io.BytesIO object at 0x0000023B723D7F40>,0.9291061162948608,0.006300884298980236,-0.069228395819664,365278,6,6,False,Right,Front,Right,Centre,53
<_io.BytesIO object at 0x0000023B723F9E00>,0.4452132284641266,0.13794410228729248,0.2033650279045105,365279,6,6,False,Right,Front,Right,Centre,53
<_io.BytesIO object at 0x0000023B723F9220>,0.4054596424102783,0.1309315711259842,0.2900157570838928,365279,6,6,False,Right,Front,Right,Centre,53
<_io.BytesIO object at 0x0000023B723F1450>,0.4126952886581421,0.11595438420772552,0.1893668919801712,365279,6,6,False,Right,Front,Right,Centre,53
<_io.BytesIO object at 0x0000023B723F1EF0>,0.4205906391143799,0.07416819781064987,0.17773272097110748,365279,6,6,False,Right,Front,Right,Centre,53
<_io.BytesIO object at 0x0000023B723F1090>,0.39569324254989624,0.042444560676813126,0.25936365127563477,365279,6,6,False,Right,Front,Right,Centre,53
<_io.BytesIO object at 0x0000023B723F1810>,0.9123041033744812,0.045842334628105164,-0.05286068841814995,365279,6,6,False,Right,Front,Right,Centre,53
<_io.BytesIO object at 0x0000023B723F15E0>,0.8690372705459595,0.043149519711732864,-0.04629853740334511,365279,6,6,False,Right,Front,Right,Centre,53
<_io.BytesIO object at 0x0000023B723F1180>,0.888430655002594,0.021601587533950806,0.04845395311713219,365279,6,6,False,Right,Front,Right,Centre,53
<_io.BytesIO object at 0x0000023B723EC7C0>,0.9677605032920837,0.0006890864460729063,-0.005276235286146402,365279,6,6,False,Right,Front,Right,Centre,53
<_io.BytesIO object at 0x0000023B723EC590>,0.9291521906852722,0.006327678449451923,-0.06916169077157974,365279,6,6,False,Right,Front,Right,Centre,53
<_io.BytesIO object at 0x0000023B723ECE00>,0.4452132284641266,0.13794410228729248,0.2033650279045105,365280,6,6,False,Right,Front,Right,Centre,53
<_io.BytesIO object at 0x0000023B723F15E0>,0.4054596424102783,0.1309315711259842,0.2900157570838928,365280,6,6,False,Right,Front,Right,Centre,53
<_io.BytesIO object at 0x0000023B723F1720>,0.4126952886581421,0.11595438420772552,0.1893668919801712,365280,6,6,False,Right,Front,Right,Centre,53
<_io.BytesIO object at 0x0000023B723F1450>,0.4205906391143799,0.07416819781064987,0.17773272097110748,365280,6,6,False,Right,Front,Right,Centre,53
<_io.BytesIO object at 0x0000023B723F9220>,0.39569324254989624,0.042444560676813126,0.25936365127563477,365280,6,6,False,Right,Front,Right,Centre,53
<_io.BytesIO object at 0x0000023B723F96D0>,0.9123185276985168,0.045821405947208405,-0.052864450961351395,365280,6,6,False,Right,Front,Right,Centre,53
<_io.BytesIO object at 0x0000023B723F9A40>,0.8690543174743652,0.04314606264233589,-0.0463012270629406,365280,6,6,False,Right,Front,Right,Centre,53
<_io.BytesIO object at 0x0000023B723F9090>,0.8884286284446716,0.02161085605621338,0.04845363646745682,365280,6,6,False,Right,Front,Right,Centre,53
<_io.BytesIO object at 0x0000023B723F9BD0>,0.9677523970603943,0.0006875138496980071,-0.005280405282974243,365280,6,6,False,Right,Front,Right,Centre,53
<_io.BytesIO object at 0x0000023B723F9CC0>,0.9291480183601379,0.006295534782111645,-0.06917642056941986,365280,6,6,False,Right,Front,Right,Centre,53
<_io.BytesIO object at 0x0000023B723D7F40>,0.4452132284641266,0.13794410228729248,0.2033650279045105,365281,6,6,False,Right,Front,Right,Centre,53
<_io.BytesIO object at 0x0000023B750F4860>,0.4054596424102783,0.1309315711259842,0.2900157570838928,365281,6,6,False,Right,Front,Right,Centre,53
<_io.BytesIO object at 0x0000023B750F4810>,0.4126952886581421,0.11595438420772552,0.1893668919801712,365281,6,6,False,Right,Front,Right,Centre,53
<_io.BytesIO object at 0x0000023B750F4720>,0.4205906391143799,0.07416819781064987,0.17773272097110748,365281,6,6,False,Right,Front,Right,Centre,53
<_io.BytesIO object at 0x0000023B750F46D0>,0.39569324254989624,0.042444560676813126,0.25936365127563477,365281,6,6,False,Right,Front,Right,Centre,53
<_io.BytesIO object at 0x0000023B723743B0>,0.9123327136039734,0.04580262675881386,-0.05288663133978844,365281,6,6,False,Right,Front,Right,Centre,53
<_io.BytesIO object at 0x0000023B75200770>,0.8690619468688965,0.0431315079331398,-0.04632248356938362,365281,6,6,False,Right,Front,Right,Centre,53
<_io.BytesIO object at 0x0000023B75200EF0>,0.8884297013282776,0.02160339243710041,0.048446279019117355,365281,6,6,False,Right,Front,Right,Centre,53
<_io.BytesIO object at 0x0000023B75200B30>,0.9677490592002869,0.0006766499718651175,-0.005300012417137623,365281,6,6,False,Right,Front,Right,Centre,53
<_io.BytesIO object at 0x0000023B723DB220>,0.9291457533836365,0.006261570379137993,-0.06917334347963333,365281,6,6,False,Right,Front,Right,Centre,53
<_io.BytesIO object at 0x0000023B750E0C70>,0.4452132284641266,0.13794410228729248,0.2033650279045105,365282,6,6,False,Right,Front,Right,Centre,53
<_io.BytesIO object at 0x0000023B750E0950>,0.4054596424102783,0.1309315711259842,0.2900157570838928,365282,6,6,False,Right,Front,Right,Centre,53
<_io.BytesIO object at 0x0000023B750E0540>,0.4126952886581421,0.11595438420772552,0.1893668919801712,365282,6,6,False,Right,Front,Right,Centre,53
<_io.BytesIO object at 0x0000023B723F02C0>,0.4205906391143799,0.07416819781064987,0.17773272097110748,365282,6,6,False,Right,Front,Right,Centre,53
<_io.BytesIO object at 0x0000023B723F0A40>,0.39569324254989624,0.042444560676813126,0.25936365127563477,365282,6,6,False,Right,Front,Right,Centre,53
<_io.BytesIO object at 0x0000023B723F0130>,0.9123458862304688,0.04580293595790863,-0.05286506563425064,365282,6,6,False,Right,Front,Right,Centre,53
<_io.BytesIO object at 0x0000023B723F0F90>,0.8690754771232605,0.04311735928058624,-0.046330928802490234,365282,6,6,False,Right,Front,Right,Centre,53
<_io.BytesIO object at 0x0000023B723F0EF0>,0.8884240984916687,0.021591320633888245,0.04843040928244591,365282,6,6,False,Right,Front,Right,Centre,53
<_io.BytesIO object at 0x0000023B723F01D0>,0.9677572250366211,0.0006767641170881689,-0.00530497869476676,365282,6,6,False,Right,Front,Right,Centre,53
<_io.BytesIO object at 0x0000023B723F0450>,0.9291671514511108,0.006245329510420561,-0.06916213780641556,365282,6,6,False,Right,Front,Right,Centre,53
<_io.BytesIO object at 0x0000023B750D3CC0>,0.4452132284641266,0.13794410228729248,0.2033650279045105,365283,6,6,False,Right,Front,Right,Centre,53
<_io.BytesIO object at 0x0000023B750D31D0>,0.4054596424102783,0.1309315711259842,0.2900157570838928,365283,6,6,False,Right,Front,Right,Centre,53
<_io.BytesIO object at 0x0000023B750D3310>,0.4126952886581421,0.11595438420772552,0.1893668919801712,365283,6,6,False,Right,Front,Right,Centre,53
<_io.BytesIO object at 0x0000023B750EB8B0>,0.4205906391143799,0.07416819781064987,0.17773272097110748,365283,6,6,False,Right,Front,Right,Centre,53
<_io.BytesIO object at 0x0000023B750EBDB0>,0.39569324254989624,0.042444560676813126,0.25936365127563477,365283,6,6,False,Right,Front,Right,Centre,53
<_io.BytesIO object at 0x0000023B750EBB80>,0.9123559594154358,0.04579048976302147,-0.0528532937169075,365283,6,6,False,Right,Front,Right,Centre,53
<_io.BytesIO object at 0x0000023B750EBCC0>,0.8690910935401917,0.04311006888747215,-0.0463523343205452,365283,6,6,False,Right,Front,Right,Centre,53
<_io.BytesIO object at 0x0000023B750EB040>,0.8884217739105225,0.021592799574136734,0.048423852771520615,365283,6,6,False,Right,Front,Right,Centre,53
<_io.BytesIO object at 0x0000023B750EBBD0>,0.967761218547821,0.0006771447951905429,-0.005313081666827202,365283,6,6,False,Right,Front,Right,Centre,53
<_io.BytesIO object at 0x0000023B750EBF90>,0.9291864037513733,0.006231172010302544,-0.06915779411792755,365283,6,6,False,Right,Front,Right,Centre,53
<_io.BytesIO object at 0x0000023B723FC540>,0.4452132284641266,0.13794410228729248,0.2033650279045105,365284,6,6,False,Right,Front,Right,Centre,53
<_io.BytesIO object at 0x0000023B723FC590>,0.4054596424102783,0.1309315711259842,0.2900157570838928,365284,6,6,False,Right,Front,Right,Centre,53
<_io.BytesIO object at 0x0000023B723FC680>,0.4126952886581421,0.11595438420772552,0.1893668919801712,365284,6,6,False,Right,Front,Right,Centre,53
<_io.BytesIO object at 0x0000023B723FC810>,0.4205906391143799,0.07416819781064987,0.17773272097110748,365284,6,6,False,Right,Front,Right,Centre,53
<_io.BytesIO object at 0x0000023B75109B80>,0.39569324254989624,0.042444560676813126,0.25936365127563477,365284,6,6,False,Right,Front,Right,Centre,53
<_io.BytesIO object at 0x0000023B751093B0>,0.9123850464820862,0.045774418860673904,-0.05288497731089592,365284,6,6,False,Right,Front,Right,Centre,53
<_io.BytesIO object at 0x0000023B75109F90>,0.8691118359565735,0.04310029745101929,-0.04636625573039055,365284,6,6,False,Right,Front,Right,Centre,53
<_io.BytesIO object at 0x0000023B75109630>,0.8884263038635254,0.02160458266735077,0.04840955138206482,365284,6,6,False,Right,Front,Right,Centre,53
<_io.BytesIO object at 0x0000023B75109E50>,0.9677697420120239,0.00066925905412063,-0.0053053926676511765,365284,6,6,False,Right,Front,Right,Centre,53
<_io.BytesIO object at 0x0000023B75109860>,0.9291982054710388,0.006202875170856714,-0.06918898224830627,365284,6,6,False,Right,Front,Right,Centre,53
<_io.BytesIO object at 0x0000023B75109400>,0.4452132284641266,0.13794410228729248,0.2033650279045105,365285,6,6,False,Right,Front,Right,Centre,53
<_io.BytesIO object at 0x0000023B723F2BD0>,0.4054596424102783,0.1309315711259842,0.2900157570838928,365285,6,6,False,Right,Front,Right,Centre,53
<_io.BytesIO object at 0x0000023B723F2C70>,0.4126952886581421,0.11595438420772552,0.1893668919801712,365285,6,6,False,Right,Front,Right,Centre,53
<_io.BytesIO object at 0x0000023B723F2680>,0.4205906391143799,0.07416819781064987,0.17773272097110748,365285,6,6,False,Right,Front,Right,Centre,53
<_io.BytesIO object at 0x0000023B723F2270>,0.39569324254989624,0.042444560676813126,0.25936365127563477,365285,6,6,False,Right,Front,Right,Centre,53
<_io.BytesIO object at 0x0000023B750EB860>,0.9124219417572021,0.04576323553919792,-0.052902717143297195,365285,6,6,False,Right,Front,Right,Centre,53
<_io.BytesIO object at 0x0000023B750EBB30>,0.869140625,0.04310411214828491,-0.04638629034161568,365285,6,6,False,Right,Front,Right,Centre,53
<_io.BytesIO object at 0x0000023B750EBEA0>,0.888518214225769,0.02159610204398632,0.04847641661763191,365285,6,6,False,Right,Front,Right,Centre,53
<_io.BytesIO object at 0x0000023B750EB180>,0.9678002595901489,0.0006633210578002036,-0.005295873153954744,365285,6,6,False,Right,Front,Right,Centre,53
<_io.BytesIO object at 0x0000023B750EB040>,0.9292402863502502,0.00619205366820097,-0.06918221712112427,365285,6,6,False,Right,Front,Right,Centre,53
<_io.BytesIO object at 0x0000023B723D6590>,0.4452132284641266,0.13794410228729248,0.2033650279045105,365286,6,6,False,Right,Front,Right,Centre,53
<_io.BytesIO object at 0x0000023B723D6540>,0.4054596424102783,0.1309315711259842,0.2900157570838928,365286,6,6,False,Right,Front,Right,Centre,53
<_io.BytesIO object at 0x0000023B723D6DB0>,0.4126952886581421,0.11595438420772552,0.1893668919801712,365286,6,6,False,Right,Front,Right,Centre,53
<_io.BytesIO object at 0x0000023B723D6950>,0.4205906391143799,0.07416819781064987,0.17773272097110748,365286,6,6,False,Right,Front,Right,Centre,53
<_io.BytesIO object at 0x0000023B723D6E00>,0.39569324254989624,0.042444560676813126,0.25936365127563477,365286,6,6,False,Right,Front,Right,Centre,53
<_io.BytesIO object at 0x0000023B723F0180>,0.9124495983123779,0.045770104974508286,-0.05289088934659958,365286,6,6,False,Right,Front,Right,Centre,53
<_io.BytesIO object at 0x0000023B723F05E0>,0.8691844344139099,0.043103400617837906,-0.04639816656708717,365286,6,6,False,Right,Front,Right,Centre,53
<_io.BytesIO object at 0x0000023B723F0EA0>,0.8885370492935181,0.021602734923362732,0.04847126826643944,365286,6,6,False,Right,Front,Right,Centre,53
<_io.BytesIO object at 0x0000023B723F0860>,0.9677993655204773,0.000652593036647886,-0.005312117747962475,365286,6,6,False,Right,Front,Right,Centre,53
<_io.BytesIO object at 0x0000023B723F0CC0>,0.9292956590652466,0.006194007117301226,-0.06915141642093658,365286,6,6,False,Right,Front,Right,Centre,53
<_io.BytesIO object at 0x0000023B750E0D10>,0.4452132284641266,0.13794410228729248,0.2033650279045105,365287,6,6,False,Right,Front,Right,Centre,53
<_io.BytesIO object at 0x0000023B723DB950>,0.4054596424102783,0.1309315711259842,0.2900157570838928,365287,6,6,False,Right,Front,Right,Centre,53
<_io.BytesIO object at 0x0000023B723DB9A0>,0.4126952886581421,0.11595438420772552,0.1893668919801712,365287,6,6,False,Right,Front,Right,Centre,53
<_io.BytesIO object at 0x0000023B723DB8B0>,0.4205906391143799,0.07416819781064987,0.17773272097110748,365287,6,6,False,Right,Front,Right,Centre,53
<_io.BytesIO object at 0x0000023B723DB770>,0.39569324254989624,0.042444560676813126,0.25936365127563477,365287,6,6,False,Right,Front,Right,Centre,53
<_io.BytesIO object at 0x0000023B723DBF40>,0.9124810695648193,0.04575929418206215,-0.052883781492710114,365287,6,6,False,Right,Front,Right,Centre,53
<_io.BytesIO object at 0x0000023B723DB180>,0.8691949844360352,0.04309717193245888,-0.04644496366381645,365287,6,6,False,Right,Front,Right,Centre,53
<_io.BytesIO object at 0x0000023B75200EA0>,0.8885456919670105,0.021597346290946007,0.04846654459834099,365287,6,6,False,Right,Front,Right,Centre,53
<_io.BytesIO object at 0x0000023B75200630>,0.9678151607513428,0.00062933488516137,-0.005305840168148279,365287,6,6,False,Right,Front,Right,Centre,53
<_io.BytesIO object at 0x0000023B75200C70>,0.9293319582939148,0.006177937611937523,-0.06916262954473495,365287,6,6,False,Right,Front,Right,Centre,53
<_io.BytesIO object at 0x0000023B723FC220>,0.4452132284641266,0.13794410228729248,0.2033650279045105,365288,6,6,False,Right,Front,Right,Centre,53
<_io.BytesIO object at 0x0000023B723FC950>,0.4054596424102783,0.1309315711259842,0.2900157570838928,365288,6,6,False,Right,Front,Right,Centre,53
<_io.BytesIO object at 0x0000023B723FC180>,0.4126952886581421,0.11595438420772552,0.1893668919801712,365288,6,6,False,Right,Front,Right,Centre,53
<_io.BytesIO object at 0x0000023B723FCA90>,0.4205906391143799,0.07416819781064987,0.17773272097110748,365288,6,6,False,Right,Front,Right,Centre,53
<_io.BytesIO object at 0x0000023B723D7B30>,0.39569324254989624,0.042444560676813126,0.25936365127563477,365288,6,6,False,Right,Front,Right,Centre,53
<_io.BytesIO object at 0x0000023B723D7AE0>,0.912517249584198,0.04575914889574051,-0.05288074165582657,365288,6,6,False,Right,Front,Right,Centre,53
<_io.BytesIO object at 0x0000023B723D7770>,0.8692432045936584,0.043098725378513336,-0.046427011489868164,365288,6,6,False,Right,Front,Right,Centre,53
<_io.BytesIO object at 0x0000023B723D71D0>,0.8885519504547119,0.021582260727882385,0.048454027622938156,365288,6,6,False,Right,Front,Right,Centre,53
<_io.BytesIO object at 0x0000023B723D7360>,0.9678192734718323,0.0006021828157827258,-0.005301999859511852,365288,6,6,False,Right,Front,Right,Centre,53
<_io.BytesIO object at 0x0000023B723D7E50>,0.9293776154518127,0.0060730609111487865,-0.06922587752342224,365288,6,6,False,Right,Front,Right,Centre,53
<_io.BytesIO object at 0x0000023B723F1540>,0.4452132284641266,0.13794410228729248,0.2033650279045105,365289,6,6,False,Right,Front,Right,Centre,53
<_io.BytesIO object at 0x0000023B723F1D60>,0.4054596424102783,0.1309315711259842,0.2900157570838928,365289,6,6,False,Right,Front,Right,Centre,53
<_io.BytesIO object at 0x0000023B723F1270>,0.4126952886581421,0.11595438420772552,0.1893668919801712,365289,6,6,False,Right,Front,Right,Centre,53
<_io.BytesIO object at 0x0000023B723EC180>,0.4205906391143799,0.07416819781064987,0.17773272097110748,365289,6,6,False,Right,Front,Right,Centre,53
<_io.BytesIO object at 0x0000023B723EC9A0>,0.39569324254989624,0.042444560676813126,0.25936365127563477,365289,6,6,False,Right,Front,Right,Centre,53
<_io.BytesIO object at 0x0000023B723EC270>,0.9125427603721619,0.045744504779577255,-0.05288904160261154,365289,6,6,False,Right,Front,Right,Centre,53
<_io.BytesIO object at 0x0000023B723EC1D0>,0.8692907691001892,0.04303574562072754,-0.04655192047357559,365289,6,6,False,Right,Front,Right,Centre,53
<_io.BytesIO object at 0x0000023B723ECA40>,0.8885446190834045,0.021578790619969368,0.04845545068383217,365289,6,6,False,Right,Front,Right,Centre,53
<_io.BytesIO object at 0x0000023B723EC040>,0.9678218364715576,0.0005757430335506797,-0.0052895019762218,365289,6,6,False,Right,Front,Right,Centre,53
<_io.BytesIO object at 0x0000023B723EC6D0>,0.9294112920761108,0.006056939717382193,-0.06921085715293884,365289,6,6,False,Right,Front,Right,Centre,53
<_io.BytesIO object at 0x0000023B75200E00>,0.4452132284641266,0.13794410228729248,0.2033650279045105,365290,6,6,False,Right,Front,Right,Centre,53
<_io.BytesIO object at 0x0000023B723DB720>,0.4054596424102783,0.1309315711259842,0.2900157570838928,365290,6,6,False,Right,Front,Right,Centre,53
<_io.BytesIO object at 0x0000023B723DB360>,0.4126952886581421,0.11595438420772552,0.1893668919801712,365290,6,6,False,Right,Front,Right,Centre,53
<_io.BytesIO object at 0x0000023B723DBC70>,0.4205906391143799,0.07416819781064987,0.17773272097110748,365290,6,6,False,Right,Front,Right,Centre,53
<_io.BytesIO object at 0x0000023B723DB950>,0.39569324254989624,0.042444560676813126,0.25936365127563477,365290,6,6,False,Right,Front,Right,Centre,53
<_io.BytesIO object at 0x0000023B723DBBD0>,0.9126349091529846,0.045663997530937195,-0.05295424535870552,365290,6,6,False,Right,Front,Right,Centre,53
<_io.BytesIO object at 0x0000023B723DB040>,0.8693143725395203,0.043022554367780685,-0.04656991735100746,365290,6,6,False,Right,Front,Right,Centre,53
<_io.BytesIO object at 0x0000023B750E0220>,0.8885376453399658,0.02157098427414894,0.048454198986291885,365290,6,6,False,Right,Front,Right,Centre,53
<_io.BytesIO object at 0x0000023B750E04A0>,0.9678207039833069,0.0005655726999975741,-0.005272682756185532,365290,6,6,False,Right,Front,Right,Centre,53
<_io.BytesIO object at 0x0000023B750E03B0>,0.9294436573982239,0.006025564856827259,-0.06919266283512115,365290,6,6,False,Right,Front,Right,Centre,53
<_io.BytesIO object at 0x0000023B723F07C0>,0.4452132284641266,0.13794410228729248,0.2033650279045105,365291,6,6,False,Right,Front,Right,Centre,53
<_io.BytesIO object at 0x0000023B723F0540>,0.4054596424102783,0.1309315711259842,0.2900157570838928,365291,6,6,False,Right,Front,Right,Centre,53
<_io.BytesIO object at 0x0000023B723D6D10>,0.4126952886581421,0.11595438420772552,0.1893668919801712,365291,6,6,False,Right,Front,Right,Centre,53
<_io.BytesIO object at 0x0000023B723D69A0>,0.4205906391143799,0.07416819781064987,0.17773272097110748,365291,6,6,False,Right,Front,Right,Centre,53
<_io.BytesIO object at 0x0000023B723D6F40>,0.39569324254989624,0.042444560676813126,0.25936365127563477,365291,6,6,False,Right,Front,Right,Centre,53
<_io.BytesIO object at 0x0000023B723D6590>,0.9126537442207336,0.04564672335982323,-0.052947867661714554,365291,6,6,False,Right,Front,Right,Centre,53
<_io.BytesIO object at 0x0000023B723D6C20>,0.8693443536758423,0.04302212595939636,-0.04657534882426262,365291,6,6,False,Right,Front,Right,Centre,53
<_io.BytesIO object at 0x0000023B723D6180>,0.8885257840156555,0.02157406508922577,0.048473913222551346,365291,6,6,False,Right,Front,Right,Centre,53
<_io.BytesIO object at 0x0000023B723D6900>,0.9678149223327637,0.0005575008690357208,-0.005257714539766312,365291,6,6,False,Right,Front,Right,Centre,53
<_io.BytesIO object at 0x0000023B750D3D60>,0.9294788837432861,0.006020254455506802,-0.0691385343670845,365291,6,6,False,Right,Front,Right,Centre,53
<_io.BytesIO object at 0x0000023B750F4810>,0.4452132284641266,0.13794410228729248,0.2033650279045105,365292,6,6,False,Right,Front,Right,Centre,53
<_io.BytesIO object at 0x0000023B750F4D60>,0.4054596424102783,0.1309315711259842,0.2900157570838928,365292,6,6,False,Right,Front,Right,Centre,53
<_io.BytesIO object at 0x0000023B750EB590>,0.4126952886581421,0.11595438420772552,0.1893668919801712,365292,6,6,False,Right,Front,Right,Centre,53
<_io.BytesIO object at 0x0000023B750EBDB0>,0.4205906391143799,0.07416819781064987,0.17773272097110748,365292,6,6,False,Right,Front,Right,Centre,53
<_io.BytesIO object at 0x0000023B750EBE50>,0.39569324254989624,0.042444560676813126,0.25936365127563477,365292,6,6,False,Right,Front,Right,Centre,53
<_io.BytesIO object at 0x0000023B750EB950>,0.9126529097557068,0.04563509672880173,-0.052870891988277435,365292,6,6,False,Right,Front,Right,Centre,53
<_io.BytesIO object at 0x0000023B750EB9F0>,0.8693644404411316,0.043004948645830154,-0.04657706245779991,365292,6,6,False,Right,Front,Right,Centre,53
<_io.BytesIO object at 0x0000023B750EB4A0>,0.8885356187820435,0.02158871479332447,0.04848126694560051,365292,6,6,False,Right,Front,Right,Centre,53
<_io.BytesIO object at 0x0000023B750EB860>,0.9678145051002502,0.000546721916180104,-0.0052408697083592415,365292,6,6,False,Right,Front,Right,Centre,53
<_io.BytesIO object at 0x0000023B723F2B30>,0.9295111894607544,0.005960550624877214,-0.06911110132932663,365292,6,6,False,Right,Front,Right,Centre,53
<_io.BytesIO object at 0x0000023B723ECB80>,0.4452132284641266,0.13794410228729248,0.2033650279045105,365293,6,6,False,Right,Front,Right,Centre,53
<_io.BytesIO object at 0x0000023B723EC310>,0.4054596424102783,0.1309315711259842,0.2900157570838928,365293,6,6,False,Right,Front,Right,Centre,53
<_io.BytesIO object at 0x0000023B723EC220>,0.4126952886581421,0.11595438420772552,0.1893668919801712,365293,6,6,False,Right,Front,Right,Centre,53
<_io.BytesIO object at 0x0000023B723D78B0>,0.4205906391143799,0.07416819781064987,0.17773272097110748,365293,6,6,False,Right,Front,Right,Centre,53
<_io.BytesIO object at 0x0000023B723D7C20>,0.39569324254989624,0.042444560676813126,0.25936365127563477,365293,6,6,False,Right,Front,Right,Centre,53
<_io.BytesIO object at 0x0000023B723D7090>,0.9126831889152527,0.0456036813557148,-0.05284857004880905,365293,6,6,False,Right,Front,Right,Centre,53
<_io.BytesIO object at 0x0000023B723D7BD0>,0.8694037795066833,0.04287128150463104,-0.04659508913755417,365293,6,6,False,Right,Front,Right,Centre,53
<_io.BytesIO object at 0x0000023B723D79F0>,0.8884599804878235,0.021602345630526543,0.04842241480946541,365293,6,6,False,Right,Front,Right,Centre,53
<_io.BytesIO object at 0x0000023B723D7400>,0.9678230285644531,0.0005402783281169832,-0.005220428109169006,365293,6,6,False,Right,Front,Right,Centre,53
<_io.BytesIO object at 0x0000023B723D7B30>,0.9295144081115723,0.005832977592945099,-0.06915989518165588,365293,6,6,False,Right,Front,Right,Centre,53
<_io.BytesIO object at 0x0000023B751093B0>,0.4452132284641266,0.13794410228729248,0.2033650279045105,365294,6,6,False,Right,Front,Right,Centre,53
<_io.BytesIO object at 0x0000023B751097C0>,0.4054596424102783,0.1309315711259842,0.2900157570838928,365294,6,6,False,Right,Front,Right,Centre,53
<_io.BytesIO object at 0x0000023B723F1630>,0.4126952886581421,0.11595438420772552,0.1893668919801712,365294,6,6,False,Right,Front,Right,Centre,53
<_io.BytesIO object at 0x0000023B723F1F90>,0.4205906391143799,0.07416819781064987,0.17773272097110748,365294,6,6,False,Right,Front,Right,Centre,53
<_io.BytesIO object at 0x0000023B723F1040>,0.39569324254989624,0.042444560676813126,0.25936365127563477,365294,6,6,False,Right,Front,Right,Centre,53
<_io.BytesIO object at 0x0000023B723F1D10>,0.912722110748291,0.04558848589658737,-0.052801601588726044,365294,6,6,False,Right,Front,Right,Centre,53
<_io.BytesIO object at 0x0000023B723F1310>,0.8694378137588501,0.04285360500216484,-0.04658280685544014,365294,6,6,False,Right,Front,Right,Centre,53
<_io.BytesIO object at 0x0000023B723F1DB0>,0.8884701132774353,0.0216081403195858,0.048454709351062775,365294,6,6,False,Right,Front,Right,Centre,53
<_io.BytesIO object at 0x0000023B723F17C0>,0.9678251147270203,0.0005209546652622521,-0.005193655379116535,365294,6,6,False,Right,Front,Right,Centre,53
<_io.BytesIO object at 0x0000023B723D7B30>,0.9295670986175537,0.0058190105482935905,-0.06907429546117783,365294,6,6,False,Right,Front,Right,Centre,53
<_io.BytesIO object at 0x0000023B723ECF90>,0.4452132284641266,0.13794410228729248,0.2033650279045105,365295,6,6,False,Right,Front,Right,Centre,53
<_io.BytesIO object at 0x0000023B723EC540>,0.4054596424102783,0.1309315711259842,0.2900157570838928,365295,6,6,False,Right,Front,Right,Centre,53
<_io.BytesIO object at 0x0000023B723F27C0>,0.4126952886581421,0.11595438420772552,0.1893668919801712,365295,6,6,False,Right,Front,Right,Centre,53
<_io.BytesIO object at 0x0000023B723F29A0>,0.4205906391143799,0.07416819781064987,0.17773272097110748,365295,6,6,False,Right,Front,Right,Centre,53
<_io.BytesIO object at 0x0000023B723F23B0>,0.39569324254989624,0.042444560676813126,0.25936365127563477,365295,6,6,False,Right,Front,Right,Centre,53
<_io.BytesIO object at 0x0000023B723F2220>,0.9127574563026428,0.04555360972881317,-0.052778974175453186,365295,6,6,False,Right,Front,Right,Centre,53
<_io.BytesIO object at 0x0000023B723F2720>,0.8695033192634583,0.042872920632362366,-0.04655555635690689,365295,6,6,False,Right,Front,Right,Centre,53
<_io.BytesIO object at 0x0000023B723F2D10>,0.8884766697883606,0.021622803062200546,0.048479437828063965,365295,6,6,False,Right,Front,Right,Centre,53
<_io.BytesIO object at 0x0000023B750EBEA0>,0.9678183197975159,0.0005069760954938829,-0.0051755900494754314,365295,6,6,False,Right,Front,Right,Centre,53
<_io.BytesIO object at 0x0000023B750EB090>,0.9296175241470337,0.005764157045632601,-0.06904125213623047,365295,6,6,False,Right,Front,Right,Centre,53
<_io.BytesIO object at 0x0000023B750F4AE0>,0.4452132284641266,0.13794410228729248,0.2033650279045105,365296,6,6,False,Right,Front,Right,Centre,53
<_io.BytesIO object at 0x0000023B750F4F40>,0.4054596424102783,0.1309315711259842,0.2900157570838928,365296,6,6,False,Right,Front,Right,Centre,53
<_io.BytesIO object at 0x0000023B750D3EF0>,0.4126952886581421,0.11595438420772552,0.1893668919801712,365296,6,6,False,Right,Front,Right,Centre,53
<_io.BytesIO object at 0x0000023B750D3310>,0.4205906391143799,0.07416819781064987,0.17773272097110748,365296,6,6,False,Right,Front,Right,Centre,53
<_io.BytesIO object at 0x0000023B750D3F40>,0.39569324254989624,0.042444560676813126,0.25936365127563477,365296,6,6,False,Right,Front,Right,Centre,53
<_io.BytesIO object at 0x0000023B750D3A90>,0.9128460884094238,0.04545360431075096,-0.05278890207409859,365296,6,6,False,Right,Front,Right,Centre,53
<_io.BytesIO object at 0x0000023B750D39A0>,0.8695579171180725,0.042838435620069504,-0.0464748740196228,365296,6,6,False,Right,Front,Right,Centre,53
<_io.BytesIO object at 0x0000023B750D30E0>,0.8884744048118591,0.021616622805595398,0.04850136861205101,365296,6,6,False,Right,Front,Right,Centre,53
<_io.BytesIO object at 0x0000023B723D6400>,0.9678338766098022,0.0004971105954609811,-0.00514707388356328,365296,6,6,False,Right,Front,Right,Centre,53
<_io.BytesIO object at 0x0000023B723D6BD0>,0.9296706914901733,0.005748980678617954,-0.06894479691982269,365296,6,6,False,Right,Front,Right,Centre,53
<_io.BytesIO object at 0x0000023B723F0860>,0.4452132284641266,0.13794410228729248,0.2033650279045105,365297,6,6,False,Right,Front,Right,Centre,53
<_io.BytesIO object at 0x0000023B723F04A0>,0.4054596424102783,0.1309315711259842,0.2900157570838928,365297,6,6,False,Right,Front,Right,Centre,53
<_io.BytesIO object at 0x0000023B723F0720>,0.4126952886581421,0.11595438420772552,0.1893668919801712,365297,6,6,False,Right,Front,Right,Centre,53
<_io.BytesIO object at 0x0000023B750E0A90>,0.4205906391143799,0.07416819781064987,0.17773272097110748,365297,6,6,False,Right,Front,Right,Centre,53
<_io.BytesIO object at 0x0000023B750E0D60>,0.39569324254989624,0.042444560676813126,0.25936365127563477,365297,6,6,False,Right,Front,Right,Centre,53
<_io.BytesIO object at 0x0000023B750E0E00>,0.9128799438476562,0.04545321688055992,-0.052729297429323196,365297,6,6,False,Right,Front,Right,Centre,53
<_io.BytesIO object at 0x0000023B750E0680>,0.8696355223655701,0.042843058705329895,-0.04644722864031792,365297,6,6,False,Right,Front,Right,Centre,53
<_io.BytesIO object at 0x0000023B750E0270>,0.8884829878807068,0.021601229906082153,0.048511654138565063,365297,6,6,False,Right,Front,Right,Centre,53
<_io.BytesIO object at 0x0000023B750E0F90>,0.9678404331207275,0.00046686193672940135,-0.005139051005244255,365297,6,6,False,Right,Front,Right,Centre,53
<_io.BytesIO object at 0x0000023B750E04F0>,0.9297634363174438,0.005735534708946943,-0.06889307498931885,365297,6,6,False,Right,Front,Right,Centre,53
<_io.BytesIO object at 0x0000023B752009F0>,0.4452132284641266,0.13794410228729248,0.2033650279045105,365298,6,6,False,Right,Front,Right,Centre,53
<_io.BytesIO object at 0x0000023B6D785400>,0.4054596424102783,0.1309315711259842,0.2900157570838928,365298,6,6,False,Right,Front,Right,Centre,53
<_io.BytesIO object at 0x0000023B723FCA90>,0.4126952886581421,0.11595438420772552,0.1893668919801712,365298,6,6,False,Right,Front,Right,Centre,53
<_io.BytesIO object at 0x0000023B723FC360>,0.4205906391143799,0.07416819781064987,0.17773272097110748,365298,6,6,False,Right,Front,Right,Centre,53
<_io.BytesIO object at 0x0000023B723FC270>,0.39569324254989624,0.042444560676813126,0.25936365127563477,365298,6,6,False,Right,Front,Right,Centre,53
<_io.BytesIO object at 0x0000023B723FC590>,0.9129430651664734,0.04544366896152496,-0.05272641405463219,365298,6,6,False,Right,Front,Right,Centre,53
<_io.BytesIO object at 0x0000023B723FC130>,0.8697431683540344,0.04282953962683678,-0.046463076025247574,365298,6,6,False,Right,Front,Right,Centre,53
<_io.BytesIO object at 0x0000023B723FCC20>,0.8885071873664856,0.0216057226061821,0.04851064458489418,365298,6,6,False,Right,Front,Right,Centre,53
<_io.BytesIO object at 0x0000023B75109450>,0.9676770567893982,8.803536184132099e-05,-0.005152884870767593,365298,6,6,False,Right,Front,Right,Centre,53
<_io.BytesIO object at 0x0000023B75109090>,0.9298439025878906,0.00571734644472599,-0.06887775659561157,365298,6,6,False,Right,Front,Right,Centre,53
<_io.BytesIO object at 0x0000023B75109810>,0.4452132284641266,0.13794410228729248,0.2033650279045105,365299,6,6,False,Right,Front,Right,Centre,53
<_io.BytesIO object at 0x0000023B75109EA0>,0.4054596424102783,0.1309315711259842,0.2900157570838928,365299,6,6,False,Right,Front,Right,Centre,53
<_io.BytesIO object at 0x0000023B75109590>,0.4126952886581421,0.11595438420772552,0.1893668919801712,365299,6,6,False,Right,Front,Right,Centre,53
<_io.BytesIO object at 0x0000023B75109D60>,0.4205906391143799,0.07416819781064987,0.17773272097110748,365299,6,6,False,Right,Front,Right,Centre,53
<_io.BytesIO object at 0x0000023B751090E0>,0.39569324254989624,0.042444560676813126,0.25936365127563477,365299,6,6,False,Right,Front,Right,Centre,53
<_io.BytesIO object at 0x0000023B75109C20>,0.9129971861839294,0.04545644298195839,-0.05271080881357193,365299,6,6,False,Right,Front,Right,Centre,53
<_io.BytesIO object at 0x0000023B723FCB80>,0.8698129057884216,0.04285091906785965,-0.04648888483643532,365299,6,6,False,Right,Front,Right,Centre,53
<_io.BytesIO object at 0x0000023B723FC130>,0.8885361552238464,0.021607860922813416,0.04849085956811905,365299,6,6,False,Right,Front,Right,Centre,53
<_io.BytesIO object at 0x0000023B723FC8B0>,0.9677059054374695,4.38029455835931e-05,-0.0051424503326416016,365299,6,6,False,Right,Front,Right,Centre,53
<_io.BytesIO object at 0x0000023B723FC090>,0.9299456477165222,0.005731356795877218,-0.06884811818599701,365299,6,6,False,Right,Front,Right,Centre,53
<_io.BytesIO object at 0x0000023B723DBB80>,0.4452132284641266,0.13794410228729248,0.2033650279045105,365300,6,6,False,Right,Front,Right,Centre,53
<_io.BytesIO object at 0x0000023B723DBBD0>,0.4054596424102783,0.1309315711259842,0.2900157570838928,365300,6,6,False,Right,Front,Right,Centre,53
<_io.BytesIO object at 0x0000023B750E0B30>,0.4126952886581421,0.11595438420772552,0.1893668919801712,365300,6,6,False,Right,Front,Right,Centre,53
<_io.BytesIO object at 0x0000023B750E0220>,0.4205906391143799,0.07416819781064987,0.17773272097110748,365300,6,6,False,Right,Front,Right,Centre,53
<_io.BytesIO object at 0x0000023B750E04F0>,0.39569324254989624,0.042444560676813126,0.25936365127563477,365300,6,6,False,Right,Front,Right,Centre,53
<_io.BytesIO object at 0x0000023B750E0AE0>,0.9130807518959045,0.045455656945705414,-0.05274304375052452,365300,6,6,False,Right,Front,Right,Centre,53
<_io.BytesIO object at 0x0000023B750E0720>,0.8699138164520264,0.042915280908346176,-0.04656050726771355,365300,6,6,False,Right,Front,Right,Centre,53
<_io.BytesIO object at 0x0000023B750E0E50>,0.8886446952819824,0.021619077771902084,0.0485265739262104,365300,6,6,False,Right,Front,Right,Centre,53
<_io.BytesIO object at 0x0000023B750E09F0>,0.9677553772926331,-5.47873969480861e-05,-0.005130831617861986,365300,6,6,False,Right,Front,Right,Centre,53
<_io.BytesIO object at 0x0000023B750E0A90>,0.9300214648246765,0.005644669756293297,-0.06901483982801437,365300,6,6,False,Right,Front,Right,Centre,53
<_io.BytesIO object at 0x0000023B723D6F40>,0.4452132284641266,0.13794410228729248,0.2033650279045105,365301,6,6,False,Right,Front,Right,Centre,53
<_io.BytesIO object at 0x0000023B723D65E0>,0.4054596424102783,0.1309315711259842,0.2900157570838928,365301,6,6,False,Right,Front,Right,Centre,53
<_io.BytesIO object at 0x0000023B723D68B0>,0.4126952886581421,0.11595438420772552,0.1893668919801712,365301,6,6,False,Right,Front,Right,Centre,53
<_io.BytesIO object at 0x0000023B723D6BD0>,0.4205906391143799,0.07416819781064987,0.17773272097110748,365301,6,6,False,Right,Front,Right,Centre,53
<_io.BytesIO object at 0x0000023B723D6310>,0.39569324254989624,0.042444560676813126,0.25936365127563477,365301,6,6,False,Right,Front,Right,Centre,53
<_io.BytesIO object at 0x0000023B750D3090>,0.9131564497947693,0.045468199998140335,-0.05278414487838745,365301,6,6,False,Right,Front,Right,Centre,53
<_io.BytesIO object at 0x0000023B750D39F0>,0.8699931502342224,0.04293147474527359,-0.046607665717601776,365301,6,6,False,Right,Front,Right,Centre,53
<_io.BytesIO object at 0x0000023B750D3450>,0.8886706233024597,0.021633516997098923,0.04847925901412964,365301,6,6,False,Right,Front,Right,Centre,53
<_io.BytesIO object at 0x0000023B750D3EA0>,0.9677907228469849,-0.00011756110325222835,-0.005133005790412426,365301,6,6,False,Right,Front,Right,Centre,53
<_io.BytesIO object at 0x0000023B750D3310>,0.9301114082336426,0.005632505752146244,-0.06905893236398697,365301,6,6,False,Right,Front,Right,Centre,53
<_io.BytesIO object at 0x0000023B750EBDB0>,0.4452132284641266,0.13794410228729248,0.2033650279045105,365302,6,6,False,Right,Front,Right,Centre,53
<_io.BytesIO object at 0x0000023B750EB0E0>,0.4054596424102783,0.1309315711259842,0.2900157570838928,365302,6,6,False,Right,Front,Right,Centre,53
<_io.BytesIO object at 0x0000023B750EB7C0>,0.4126952886581421,0.11595438420772552,0.1893668919801712,365302,6,6,False,Right,Front,Right,Centre,53
<_io.BytesIO object at 0x0000023B750EB090>,0.4205906391143799,0.07416819781064987,0.17773272097110748,365302,6,6,False,Right,Front,Right,Centre,53
<_io.BytesIO object at 0x0000023B750EB360>,0.39569324254989624,0.042444560676813126,0.25936365127563477,365302,6,6,False,Right,Front,Right,Centre,53
<_io.BytesIO object at 0x0000023B723F24F0>,0.9133104085922241,0.045455265790224075,-0.05298943072557449,365302,6,6,False,Right,Front,Right,Centre,53
<_io.BytesIO object at 0x0000023B723F2B30>,0.8700762987136841,0.042946577072143555,-0.04667395353317261,365302,6,6,False,Right,Front,Right,Centre,53
<_io.BytesIO object at 0x0000023B723F22C0>,0.8887024521827698,0.021639417856931686,0.048412423580884933,365302,6,6,False,Right,Front,Right,Centre,53
<_io.BytesIO object at 0x0000023B723F2BD0>,0.9678120017051697,-0.00013106022379361093,-0.005155638791620731,365302,6,6,False,Right,Front,Right,Centre,53
<_io.BytesIO object at 0x0000023B723F21D0>,0.9302724599838257,0.005704471841454506,-0.06898213177919388,365302,6,6,False,Right,Front,Right,Centre,53
<_io.BytesIO object at 0x0000023B723ECE00>,0.4452132284641266,0.13794410228729248,0.2033650279045105,365303,6,6,False,Right,Front,Right,Centre,53
<_io.BytesIO object at 0x0000023B723D7EA0>,0.4054596424102783,0.1309315711259842,0.2900157570838928,365303,6,6,False,Right,Front,Right,Centre,53
<_io.BytesIO object at 0x0000023B723D7B80>,0.4126952886581421,0.11595438420772552,0.1893668919801712,365303,6,6,False,Right,Front,Right,Centre,53
<_io.BytesIO object at 0x0000023B723D71D0>,0.4205906391143799,0.07416819781064987,0.17773272097110748,365303,6,6,False,Right,Front,Right,Centre,53
<_io.BytesIO object at 0x0000023B723D77C0>,0.39569324254989624,0.042444560676813126,0.25936365127563477,365303,6,6,False,Right,Front,Right,Centre,53
<_io.BytesIO object at 0x0000023B723D7C70>,0.9133734107017517,0.045469846576452255,-0.05305619537830353,365303,6,6,False,Right,Front,Right,Centre,53
<_io.BytesIO object at 0x0000023B723F1AE0>,0.8701645135879517,0.042956020683050156,-0.046785056591033936,365303,6,6,False,Right,Front,Right,Centre,53
<_io.BytesIO object at 0x0000023B723F1E00>,0.8887231349945068,0.021641112864017487,0.048344265669584274,365303,6,6,False,Right,Front,Right,Centre,53
<_io.BytesIO object at 0x0000023B723F19F0>,0.9678566455841064,-0.00018455783720128238,-0.005177140701562166,365303,6,6,False,Right,Front,Right,Centre,53
<_io.BytesIO object at 0x0000023B723F1EF0>,0.9303492307662964,0.005703592207282782,-0.06904500722885132,365303,6,6,False,Right,Front,Right,Centre,53
<_io.BytesIO object at 0x0000023B723F12C0>,0.4452132284641266,0.13794410228729248,0.2033650279045105,365304,6,6,False,Right,Front,Right,Centre,53
<_io.BytesIO object at 0x0000023B723F1DB0>,0.4054596424102783,0.1309315711259842,0.2900157570838928,365304,6,6,False,Right,Front,Right,Centre,53
<_io.BytesIO object at 0x0000023B723D7B30>,0.4126952886581421,0.11595438420772552,0.1893668919801712,365304,6,6,False,Right,Front,Right,Centre,53
<_io.BytesIO object at 0x0000023B723D7DB0>,0.4205906391143799,0.07416819781064987,0.17773272097110748,365304,6,6,False,Right,Front,Right,Centre,53
<_io.BytesIO object at 0x0000023B723D7B80>,0.39569324254989624,0.042444560676813126,0.25936365127563477,365304,6,6,False,Right,Front,Right,Centre,53
<_io.BytesIO object at 0x0000023B723D7090>,0.9134348034858704,0.04547347500920296,-0.05313956364989281,365304,6,6,False,Right,Front,Right,Centre,53
<_io.BytesIO object at 0x0000023B723D7F90>,0.8702476620674133,0.042975448071956635,-0.04687386006116867,365304,6,6,False,Right,Front,Right,Centre,53
<_io.BytesIO object at 0x0000023B723D70E0>,0.8887491822242737,0.02166428603231907,0.048263538628816605,365304,6,6,False,Right,Front,Right,Centre,53
<_io.BytesIO object at 0x0000023B723ECE00>,0.9678701162338257,-0.00020884917466901243,-0.005214842967689037,365304,6,6,False,Right,Front,Right,Centre,53
<_io.BytesIO object at 0x0000023B723ECC70>,0.93034428358078,0.005625796504318714,-0.06927114725112915,365304,6,6,False,Right,Front,Right,Centre,53
<_io.BytesIO object at 0x0000023B723F2BD0>,0.4452132284641266,0.13794410228729248,0.2033650279045105,365305,6,6,False,Right,Front,Right,Centre,53
<_io.BytesIO object at 0x0000023B723F2D10>,0.4054596424102783,0.1309315711259842,0.2900157570838928,365305,6,6,False,Right,Front,Right,Centre,53
<_io.BytesIO object at 0x0000023B750EB360>,0.4126952886581421,0.11595438420772552,0.1893668919801712,365305,6,6,False,Right,Front,Right,Centre,53
<_io.BytesIO object at 0x0000023B750EB860>,0.4205906391143799,0.07416819781064987,0.17773272097110748,365305,6,6,False,Right,Front,Right,Centre,53
<_io.BytesIO object at 0x0000023B750EB4A0>,0.39569324254989624,0.042444560676813126,0.25936365127563477,365305,6,6,False,Right,Front,Right,Centre,53
<_io.BytesIO object at 0x0000023B750EB4F0>,0.9135063290596008,0.045493077486753464,-0.05323577672243118,365305,6,6,False,Right,Front,Right,Centre,53
<_io.BytesIO object at 0x0000023B750EB040>,0.8703270554542542,0.04298439621925354,-0.046955280005931854,365305,6,6,False,Right,Front,Right,Centre,53
<_io.BytesIO object at 0x0000023B750EBF90>,0.8887633681297302,0.021682938560843468,0.04818342626094818,365305,6,6,False,Right,Front,Right,Centre,53
<_io.BytesIO object at 0x0000023B750EB540>,0.9678937196731567,-0.0002240426401840523,-0.005236915312707424,365305,6,6,False,Right,Front,Right,Centre,53
<_io.BytesIO object at 0x0000023B750EB180>,0.9304212927818298,0.00566160399466753,-0.06933528184890747,365305,6,6,False,Right,Front,Right,Centre,53
<_io.BytesIO object at 0x0000023B750D3EA0>,0.4452132284641266,0.13794410228729248,0.2033650279045105,365306,6,6,False,Right,Front,Right,Centre,53
<_io.BytesIO object at 0x0000023B750D3D60>,0.4054596424102783,0.1309315711259842,0.2900157570838928,365306,6,6,False,Right,Front,Right,Centre,53
<_io.BytesIO object at 0x0000023B723D6400>,0.4126952886581421,0.11595438420772552,0.1893668919801712,365306,6,6,False,Right,Front,Right,Centre,53
<_io.BytesIO object at 0x0000023B723D64F0>,0.4205906391143799,0.07416819781064987,0.17773272097110748,365306,6,6,False,Right,Front,Right,Centre,53
<_io.BytesIO object at 0x0000023B723D6E50>,0.39569324254989624,0.042444560676813126,0.25936365127563477,365306,6,6,False,Right,Front,Right,Centre,53
<_io.BytesIO object at 0x0000023B723D6F40>,0.9135718941688538,0.04551778361201286,-0.053305733948946,365306,6,6,False,Right,Front,Right,Centre,53
<_io.BytesIO object at 0x0000023B723D6680>,0.870391309261322,0.04301392287015915,-0.047030217945575714,365306,6,6,False,Right,Front,Right,Centre,53
<_io.BytesIO object at 0x0000023B723D63B0>,0.888779878616333,0.021709397435188293,0.048121169209480286,365306,6,6,False,Right,Front,Right,Centre,53
<_io.BytesIO object at 0x0000023B723D6040>,0.9679130911827087,-0.00023940550454426557,-0.005273967050015926,365306,6,6,False,Right,Front,Right,Centre,53
<_io.BytesIO object at 0x0000023B723F0E00>,0.9304666519165039,0.005667823366820812,-0.06943376362323761,365306,6,6,False,Right,Front,Right,Centre,53
<_io.BytesIO object at 0x0000023B750E0EF0>,0.4452132284641266,0.13794410228729248,0.2033650279045105,365307,6,6,False,Right,Front,Right,Centre,53
<_io.BytesIO object at 0x0000023B750E0C20>,0.4054596424102783,0.1309315711259842,0.2900157570838928,365307,6,6,False,Right,Front,Right,Centre,53
<_io.BytesIO object at 0x0000023B750E0220>,0.4126952886581421,0.11595438420772552,0.1893668919801712,365307,6,6,False,Right,Front,Right,Centre,53
<_io.BytesIO object at 0x0000023B750E0F40>,0.4205906391143799,0.07416819781064987,0.17773272097110748,365307,6,6,False,Right,Front,Right,Centre,53
<_io.BytesIO object at 0x0000023B723DB8B0>,0.39569324254989624,0.042444560676813126,0.25936365127563477,365307,6,6,False,Right,Front,Right,Centre,53
<_io.BytesIO object at 0x0000023B723DBB80>,0.9138272404670715,0.045425742864608765,-0.05367818847298622,365307,6,6,False,Right,Front,Right,Centre,53
<_io.BytesIO object at 0x0000023B723DBDB0>,0.8704939484596252,0.04304949566721916,-0.04712725803256035,365307,6,6,False,Right,Front,Right,Centre,53
<_io.BytesIO object at 0x0000023B723DB2C0>,0.8887912631034851,0.021712414920330048,0.04803985357284546,365307,6,6,False,Right,Front,Right,Centre,53
<_io.BytesIO object at 0x0000023B723DB9F0>,0.9679137468338013,-0.00026331949629820883,-0.0053058587945997715,365307,6,6,False,Right,Front,Right,Centre,53
<_io.BytesIO object at 0x0000023B723DB860>,0.9305379986763,0.005709771066904068,-0.06949690729379654,365307,6,6,False,Right,Front,Right,Centre,53
<_io.BytesIO object at 0x0000023B723FC090>,0.4452132284641266,0.13794410228729248,0.2033650279045105,365308,6,6,False,Right,Front,Right,Centre,53
<_io.BytesIO object at 0x0000023B723FC860>,0.4054596424102783,0.1309315711259842,0.2900157570838928,365308,6,6,False,Right,Front,Right,Centre,53
<_io.BytesIO object at 0x0000023B751093B0>,0.4126952886581421,0.11595438420772552,0.1893668919801712,365308,6,6,False,Right,Front,Right,Centre,53
<_io.BytesIO object at 0x0000023B751090E0>,0.4205906391143799,0.07416819781064987,0.17773272097110748,365308,6,6,False,Right,Front,Right,Centre,53
<_io.BytesIO object at 0x0000023B75109130>,0.39569324254989624,0.042444560676813126,0.25936365127563477,365308,6,6,False,Right,Front,Right,Centre,53
<_io.BytesIO object at 0x0000023B75109680>,0.9138976335525513,0.045451633632183075,-0.05374923348426819,365308,6,6,False,Right,Front,Right,Centre,53
<_io.BytesIO object at 0x0000023B75109950>,0.870553195476532,0.04308387637138367,-0.04718098044395447,365308,6,6,False,Right,Front,Right,Centre,53
<_io.BytesIO object at 0x0000023B75109900>,0.888814389705658,0.02174421027302742,0.047979407012462616,365308,6,6,False,Right,Front,Right,Centre,53
<_io.BytesIO object at 0x0000023B75109C70>,0.9680575132369995,-0.00016415950085502118,-0.005349969957023859,365308,6,6,False,Right,Front,Right,Centre,53
<_io.BytesIO object at 0x0000023B723F9A40>,0.9305976629257202,0.005749367643147707,-0.06952869892120361,365308,6,6,False,Right,Front,Right,Centre,53
<_io.BytesIO object at 0x0000023B75109DB0>,0.4452132284641266,0.13794410228729248,0.2033650279045105,365309,6,6,False,Right,Front,Right,Centre,53
<_io.BytesIO object at 0x0000023B723FC950>,0.4054596424102783,0.1309315711259842,0.2900157570838928,365309,6,6,False,Right,Front,Right,Centre,53
<_io.BytesIO object at 0x0000023B723FC900>,0.4126952886581421,0.11595438420772552,0.1893668919801712,365309,6,6,False,Right,Front,Right,Centre,53
<_io.BytesIO object at 0x0000023B723FC450>,0.4205906391143799,0.07416819781064987,0.17773272097110748,365309,6,6,False,Right,Front,Right,Centre,53
<_io.BytesIO object at 0x0000023B723FC540>,0.39569324254989624,0.042444560676813126,0.25936365127563477,365309,6,6,False,Right,Front,Right,Centre,53
<_io.BytesIO object at 0x0000023B723FC4A0>,0.9139202833175659,0.04551549628376961,-0.05380421131849289,365309,6,6,False,Right,Front,Right,Centre,53
<_io.BytesIO object at 0x0000023B6D785090>,0.8706071972846985,0.04311146214604378,-0.04722322151064873,365309,6,6,False,Right,Front,Right,Centre,53
<_io.BytesIO object at 0x0000023B75200770>,0.8888474702835083,0.021780509501695633,0.04794139787554741,365309,6,6,False,Right,Front,Right,Centre,53
<_io.BytesIO object at 0x0000023B75200A90>,0.9680734872817993,-0.00018185647786594927,-0.005382699426263571,365309,6,6,False,Right,Front,Right,Centre,53
<_io.BytesIO object at 0x0000023B75200E00>,0.9306960701942444,0.005850169342011213,-0.06951562315225601,365309,6,6,False,Right,Front,Right,Centre,53
<_io.BytesIO object at 0x0000023B750E0C20>,0.4452132284641266,0.13794410228729248,0.2033650279045105,365310,6,6,False,Right,Front,Right,Centre,53
<_io.BytesIO object at 0x0000023B750E0680>,0.4054596424102783,0.1309315711259842,0.2900157570838928,365310,6,6,False,Right,Front,Right,Centre,53
<_io.BytesIO object at 0x0000023B750E0540>,0.4126952886581421,0.11595438420772552,0.1893668919801712,365310,6,6,False,Right,Front,Right,Centre,53
<_io.BytesIO object at 0x0000023B750E0E00>,0.4205906391143799,0.07416819781064987,0.17773272097110748,365310,6,6,False,Right,Front,Right,Centre,53
<_io.BytesIO object at 0x0000023B723F0C70>,0.39569324254989624,0.042444560676813126,0.25936365127563477,365310,6,6,False,Right,Front,Right,Centre,53
<_io.BytesIO object at 0x0000023B723F0720>,0.9139686226844788,0.04557611793279648,-0.053799424320459366,365310,6,6,False,Right,Front,Right,Centre,53
<_io.BytesIO object at 0x0000023B723F0860>,0.8706580400466919,0.04313948377966881,-0.047270309180021286,365310,6,6,False,Right,Front,Right,Centre,53
<_io.BytesIO object at 0x0000023B723F0950>,0.8888713717460632,0.02181023731827736,0.04789678007364273,365310,6,6,False,Right,Front,Right,Centre,53
<_io.BytesIO object at 0x0000023B723F01D0>,0.968090295791626,-0.00018370991165284067,-0.005409858655184507,365310,6,6,False,Right,Front,Right,Centre,53
<_io.BytesIO object at 0x0000023B723F0310>,0.9307534098625183,0.005878170486539602,-0.06953858584165573,365310,6,6,False,Right,Front,Right,Centre,53
<_io.BytesIO object at 0x0000023B750F44A0>,0.4452132284641266,0.13794410228729248,0.2033650279045105,365311,6,6,False,Right,Front,Right,Centre,53
<_io.BytesIO object at 0x0000023B750F4B30>,0.4054596424102783,0.1309315711259842,0.2900157570838928,365311,6,6,False,Right,Front,Right,Centre,53
<_io.BytesIO object at 0x0000023B750F4860>,0.4126952886581421,0.11595438420772552,0.1893668919801712,365311,6,6,False,Right,Front,Right,Centre,53
<_io.BytesIO object at 0x0000023B750F4810>,0.4205906391143799,0.07416819781064987,0.17773272097110748,365311,6,6,False,Right,Front,Right,Centre,53
<_io.BytesIO object at 0x0000023B750EB590>,0.39569324254989624,0.042444560676813126,0.25936365127563477,365311,6,6,False,Right,Front,Right,Centre,53
<_io.BytesIO object at 0x0000023B750EBE00>,0.9140164852142334,0.04555685818195343,-0.05387689545750618,365311,6,6,False,Right,Front,Right,Centre,53
<_io.BytesIO object at 0x0000023B750EB310>,0.8707016706466675,0.04319353774189949,-0.04731231927871704,365311,6,6,False,Right,Front,Right,Centre,53
<_io.BytesIO object at 0x0000023B750EB040>,0.8888915181159973,0.021827150136232376,0.04786805808544159,365311,6,6,False,Right,Front,Right,Centre,53
<_io.BytesIO object at 0x0000023B750EBDB0>,0.9680963158607483,-0.00022439997701440006,-0.005403016693890095,365311,6,6,False,Right,Front,Right,Centre,53
<_io.BytesIO object at 0x0000023B750EB810>,0.9307820200920105,0.005899989046156406,-0.06956992298364639,365311,6,6,False,Right,Front,Right,Centre,53
<_io.BytesIO object at 0x0000023B723D64F0>,0.4452132284641266,0.13794410228729248,0.2033650279045105,365312,6,6,False,Right,Front,Right,Centre,53
<_io.BytesIO object at 0x0000023B723F2130>,0.4054596424102783,0.1309315711259842,0.2900157570838928,365312,6,6,False,Right,Front,Right,Centre,53
<_io.BytesIO object at 0x0000023B723F2040>,0.4126952886581421,0.11595438420772552,0.1893668919801712,365312,6,6,False,Right,Front,Right,Centre,53
<_io.BytesIO object at 0x0000023B723F2860>,0.4205906391143799,0.07416819781064987,0.17773272097110748,365312,6,6,False,Right,Front,Right,Centre,53
<_io.BytesIO object at 0x0000023B723F25E0>,0.39569324254989624,0.042444560676813126,0.25936365127563477,365312,6,6,False,Right,Front,Right,Centre,53
<_io.BytesIO object at 0x0000023B723F2900>,0.9140428900718689,0.04561621695756912,-0.053848106414079666,365312,6,6,False,Right,Front,Right,Centre,53
<_io.BytesIO object at 0x0000023B723EC540>,0.8707293272018433,0.04321423918008804,-0.047335464507341385,365312,6,6,False,Right,Front,Right,Centre,53
<_io.BytesIO object at 0x0000023B723EC270>,0.8889081478118896,0.02185438759624958,0.047846682369709015,365312,6,6,False,Right,Front,Right,Centre,53
<_io.BytesIO object at 0x0000023B723ECCC0>,0.9681206941604614,-0.00018791091861203313,-0.005431017372757196,365312,6,6,False,Right,Front,Right,Centre,53
<_io.BytesIO object at 0x0000023B723EC360>,0.9308052659034729,0.00592378294095397,-0.06959419697523117,365312,6,6,False,Right,Front,Right,Centre,53
<_io.BytesIO object at 0x0000023B723D7400>,0.4452132284641266,0.13794410228729248,0.2033650279045105,365313,6,6,False,Right,Front,Right,Centre,53
<_io.BytesIO object at 0x0000023B723F1AE0>,0.4054596424102783,0.1309315711259842,0.2900157570838928,365313,6,6,False,Right,Front,Right,Centre,53
<_io.BytesIO object at 0x0000023B723F15E0>,0.4126952886581421,0.11595438420772552,0.1893668919801712,365313,6,6,False,Right,Front,Right,Centre,53
<_io.BytesIO object at 0x0000023B723F1950>,0.4205906391143799,0.07416819781064987,0.17773272097110748,365313,6,6,False,Right,Front,Right,Centre,53
<_io.BytesIO object at 0x0000023B723F1CC0>,0.39569324254989624,0.042444560676813126,0.25936365127563477,365313,6,6,False,Right,Front,Right,Centre,53
<_io.BytesIO object at 0x0000023B723F1040>,0.9140647649765015,0.04564914107322693,-0.05386141315102577,365313,6,6,False,Right,Front,Right,Centre,53
<_io.BytesIO object at 0x0000023B723F9CC0>,0.8707554936408997,0.04323684424161911,-0.04735676571726799,365313,6,6,False,Right,Front,Right,Centre,53
<_io.BytesIO object at 0x0000023B723F90E0>,0.888928234577179,0.02187121845781803,0.04783337563276291,365313,6,6,False,Right,Front,Right,Centre,53
<_io.BytesIO object at 0x0000023B723F9680>,0.968126654624939,-0.00018938117136713117,-0.005438810680061579,365313,6,6,False,Right,Front,Right,Centre,53
<_io.BytesIO object at 0x0000023B723F9EA0>,0.9308444261550903,0.005966747645288706,-0.06958930939435959,365313,6,6,False,Right,Front,Right,Centre,53
<_io.BytesIO object at 0x0000023B723D7C20>,0.4452132284641266,0.13794410228729248,0.2033650279045105,365314,6,6,False,Right,Front,Right,Centre,53
<_io.BytesIO object at 0x0000023B723D7090>,0.4054596424102783,0.1309315711259842,0.2900157570838928,365314,6,6,False,Right,Front,Right,Centre,53
<_io.BytesIO object at 0x0000023B723D79A0>,0.4126952886581421,0.11595438420772552,0.1893668919801712,365314,6,6,False,Right,Front,Right,Centre,53
<_io.BytesIO object at 0x0000023B723D76D0>,0.4205906391143799,0.07416819781064987,0.17773272097110748,365314,6,6,False,Right,Front,Right,Centre,53
<_io.BytesIO object at 0x0000023B723EC630>,0.39569324254989624,0.042444560676813126,0.25936365127563477,365314,6,6,False,Right,Front,Right,Centre,53
<_io.BytesIO object at 0x0000023B723EC9A0>,0.9140849709510803,0.045673664659261703,-0.05389215424656868,365314,6,6,False,Right,Front,Right,Centre,53
<_io.BytesIO object at 0x0000023B723EC4A0>,0.8707808256149292,0.04327177628874779,-0.04738026484847069,365314,6,6,False,Right,Front,Right,Centre,53
<_io.BytesIO object at 0x0000023B723EC1D0>,0.8889554142951965,0.02191977947950363,0.04782113432884216,365314,6,6,False,Right,Front,Right,Centre,53
<_io.BytesIO object at 0x0000023B723ECF40>,0.9681415557861328,-0.00019639829406514764,-0.005438982509076595,365314,6,6,False,Right,Front,Right,Centre,53
<_io.BytesIO object at 0x0000023B723EC900>,0.9308348298072815,0.005974126979708672,-0.06962688267230988,365314,6,6,False,Right,Front,Right,Centre,53
<_io.BytesIO object at 0x0000023B723D6AE0>,0.4452132284641266,0.13794410228729248,0.2033650279045105,365315,6,6,False,Right,Front,Right,Centre,53
<_io.BytesIO object at 0x0000023B723D6090>,0.4054596424102783,0.1309315711259842,0.2900157570838928,365315,6,6,False,Right,Front,Right,Centre,53
<_io.BytesIO object at 0x0000023B723D6810>,0.4126952886581421,0.11595438420772552,0.1893668919801712,365315,6,6,False,Right,Front,Right,Centre,53
<_io.BytesIO object at 0x0000023B723D64A0>,0.4205906391143799,0.07416819781064987,0.17773272097110748,365315,6,6,False,Right,Front,Right,Centre,53
<_io.BytesIO object at 0x0000023B723D6C20>,0.39569324254989624,0.042444560676813126,0.25936365127563477,365315,6,6,False,Right,Front,Right,Centre,53
<_io.BytesIO object at 0x0000023B750EB6D0>,0.9141013622283936,0.04569149762392044,-0.05391921103000641,365315,6,6,False,Right,Front,Right,Centre,53
<_io.BytesIO object at 0x0000023B750EB130>,0.8708043098449707,0.043303657323122025,-0.047385819256305695,365315,6,6,False,Right,Front,Right,Centre,53
<_io.BytesIO object at 0x0000023B750EBA90>,0.8889731168746948,0.021953798830509186,0.04781332612037659,365315,6,6,False,Right,Front,Right,Centre,53
<_io.BytesIO object at 0x0000023B750EB4A0>,0.9681423902511597,-0.0002287633396917954,-0.00541709503158927,365315,6,6,False,Right,Front,Right,Centre,53
<_io.BytesIO object at 0x0000023B750EB950>,0.9308356642723083,0.005977286025881767,-0.06966375559568405,365315,6,6,False,Right,Front,Right,Centre,53
<_io.BytesIO object at 0x0000023B750F4770>,0.4452132284641266,0.13794410228729248,0.2033650279045105,365316,6,6,False,Right,Front,Right,Centre,53
<_io.BytesIO object at 0x0000023B750D3720>,0.4054596424102783,0.1309315711259842,0.2900157570838928,365316,6,6,False,Right,Front,Right,Centre,53
<_io.BytesIO object at 0x0000023B750D3180>,0.4126952886581421,0.11595438420772552,0.1893668919801712,365316,6,6,False,Right,Front,Right,Centre,53
<_io.BytesIO object at 0x0000023B750D3090>,0.4205906391143799,0.07416819781064987,0.17773272097110748,365316,6,6,False,Right,Front,Right,Centre,53
<_io.BytesIO object at 0x0000023B750D3EA0>,0.39569324254989624,0.042444560676813126,0.25936365127563477,365316,6,6,False,Right,Front,Right,Centre,53
<_io.BytesIO object at 0x0000023B723F0400>,0.914118766784668,0.04571329429745674,-0.0539187528192997,365316,6,6,False,Right,Front,Right,Centre,53
<_io.BytesIO object at 0x0000023B723F07C0>,0.8708291053771973,0.04333455115556717,-0.04739841818809509,365316,6,6,False,Right,Front,Right,Centre,53
<_io.BytesIO object at 0x0000023B723F0F90>,0.8889929056167603,0.021978333592414856,0.04781040921807289,365316,6,6,False,Right,Front,Right,Centre,53
<_io.BytesIO object at 0x0000023B723F0770>,0.9681575298309326,-0.0002326745743630454,-0.005407530814409256,365316,6,6,False,Right,Front,Right,Centre,53
<_io.BytesIO object at 0x0000023B723F0040>,0.9308483004570007,0.006005651317536831,-0.06964828073978424,365316,6,6,False,Right,Front,Right,Centre,53
<_io.BytesIO object at 0x0000023B750E0040>,0.4452132284641266,0.13794410228729248,0.2033650279045105,365317,6,6,False,Right,Front,Right,Centre,53
<_io.BytesIO object at 0x0000023B723DB2C0>,0.4054596424102783,0.1309315711259842,0.2900157570838928,365317,6,6,False,Right,Front,Right,Centre,53
<_io.BytesIO object at 0x0000023B723DB4A0>,0.4126952886581421,0.11595438420772552,0.1893668919801712,365317,6,6,False,Right,Front,Right,Centre,53
<_io.BytesIO object at 0x0000023B723DB770>,0.4205906391143799,0.07416819781064987,0.17773272097110748,365317,6,6,False,Right,Front,Right,Centre,53
<_io.BytesIO object at 0x0000023B723DBD10>,0.39569324254989624,0.042444560676813126,0.25936365127563477,365317,6,6,False,Right,Front,Right,Centre,53
<_io.BytesIO object at 0x0000023B723DBC20>,0.9140374660491943,0.04580451548099518,-0.05363813787698746,365317,6,6,False,Right,Front,Right,Centre,53
<_io.BytesIO object at 0x0000023B723DB130>,0.8708357810974121,0.04336404427886009,-0.04740490764379501,365317,6,6,False,Right,Front,Right,Centre,53
<_io.BytesIO object at 0x0000023B75200E00>,0.8890051245689392,0.022012418136000633,0.04780714586377144,365317,6,6,False,Right,Front,Right,Centre,53
<_io.BytesIO object at 0x0000023B75200630>,0.9681643843650818,-0.0002287769311806187,-0.005397196393460035,365317,6,6,False,Right,Front,Right,Centre,53
<_io.BytesIO object at 0x0000023B75200B30>,0.9308478832244873,0.006031150929629803,-0.06964302808046341,365317,6,6,False,Right,Front,Right,Centre,53
<_io.BytesIO object at 0x0000023B75109810>,0.4452132284641266,0.13794410228729248,0.2033650279045105,365318,6,6,False,Right,Front,Right,Centre,53
<_io.BytesIO object at 0x0000023B751090E0>,0.4054596424102783,0.1309315711259842,0.2900157570838928,365318,6,6,False,Right,Front,Right,Centre,53
<_io.BytesIO object at 0x0000023B75109770>,0.4126952886581421,0.11595438420772552,0.1893668919801712,365318,6,6,False,Right,Front,Right,Centre,53
<_io.BytesIO object at 0x0000023B75109B80>,0.4205906391143799,0.07416819781064987,0.17773272097110748,365318,6,6,False,Right,Front,Right,Centre,53
<_io.BytesIO object at 0x0000023B723F9C20>,0.39569324254989624,0.042444560676813126,0.25936365127563477,365318,6,6,False,Right,Front,Right,Centre,53
<_io.BytesIO object at 0x0000023B723F9630>,0.9141038656234741,0.045742422342300415,-0.05373605340719223,365318,6,6,False,Right,Front,Right,Centre,53
<_io.BytesIO object at 0x0000023B723F94A0>,0.8708496689796448,0.04339039698243141,-0.0474201999604702,365318,6,6,False,Right,Front,Right,Centre,53
<_io.BytesIO object at 0x0000023B723F9D60>,0.8890128135681152,0.02203896827995777,0.04780411347746849,365318,6,6,False,Right,Front,Right,Centre,53
<_io.BytesIO object at 0x0000023B723F98B0>,0.9681655764579773,-0.00023200330906547606,-0.005387073382735252,365318,6,6,False,Right,Front,Right,Centre,53
<_io.BytesIO object at 0x0000023B723F9090>,0.9308406114578247,0.006040649022907019,-0.06962213665246964,365318,6,6,False,Right,Front,Right,Centre,53
<_io.BytesIO object at 0x0000023B723FC900>,0.4452132284641266,0.13794410228729248,0.2033650279045105,365319,6,6,False,Right,Front,Right,Centre,53
<_io.BytesIO object at 0x0000023B723FC180>,0.4054596424102783,0.1309315711259842,0.2900157570838928,365319,6,6,False,Right,Front,Right,Centre,53
<_io.BytesIO object at 0x0000023B723743B0>,0.4126952886581421,0.11595438420772552,0.1893668919801712,365319,6,6,False,Right,Front,Right,Centre,53
<_io.BytesIO object at 0x0000023B752009F0>,0.4205906391143799,0.07416819781064987,0.17773272097110748,365319,6,6,False,Right,Front,Right,Centre,53
<_io.BytesIO object at 0x0000023B75200A90>,0.39569324254989624,0.042444560676813126,0.25936365127563477,365319,6,6,False,Right,Front,Right,Centre,53
<_io.BytesIO object at 0x0000023B75200F90>,0.9140990972518921,0.04575178027153015,-0.0537632592022419,365319,6,6,False,Right,Front,Right,Centre,53
<_io.BytesIO object at 0x0000023B723DB9A0>,0.8708629608154297,0.04342828691005707,-0.04742291942238808,365319,6,6,False,Right,Front,Right,Centre,53
<_io.BytesIO object at 0x0000023B723DBEA0>,0.8890262842178345,0.022103922441601753,0.047800302505493164,365319,6,6,False,Right,Front,Right,Centre,53
<_io.BytesIO object at 0x0000023B723DBD10>,0.9681645631790161,-0.00021512714738491923,-0.005381216295063496,365319,6,6,False,Right,Front,Right,Centre,53
<_io.BytesIO object at 0x0000023B723DB9F0>,0.9308260083198547,0.006032948382198811,-0.0696396678686142,365319,6,6,False,Right,Front,Right,Centre,53
<_io.BytesIO object at 0x0000023B750E0400>,0.4452132284641266,0.13794410228729248,0.2033650279045105,365320,6,6,False,Right,Front,Right,Centre,53
<_io.BytesIO object at 0x0000023B723F0130>,0.4054596424102783,0.1309315711259842,0.2900157570838928,365320,6,6,False,Right,Front,Right,Centre,53
<_io.BytesIO object at 0x0000023B723F0630>,0.4126952886581421,0.11595438420772552,0.1893668919801712,365320,6,6,False,Right,Front,Right,Centre,53
<_io.BytesIO object at 0x0000023B723F0040>,0.4205906391143799,0.07416819781064987,0.17773272097110748,365320,6,6,False,Right,Front,Right,Centre,53
<_io.BytesIO object at 0x0000023B723F0B30>,0.39569324254989624,0.042444560676813126,0.25936365127563477,365320,6,6,False,Right,Front,Right,Centre,53
<_io.BytesIO object at 0x0000023B723F0AE0>,0.9141055941581726,0.04575693607330322,-0.05379434674978256,365320,6,6,False,Right,Front,Right,Centre,53
<_io.BytesIO object at 0x0000023B723F0C20>,0.870873749256134,0.043450839817523956,-0.04743295907974243,365320,6,6,False,Right,Front,Right,Centre,53
<_io.BytesIO object at 0x0000023B723F0270>,0.8890352845191956,0.022151904180645943,0.04777996987104416,365320,6,6,False,Right,Front,Right,Centre,53
<_io.BytesIO object at 0x0000023B750D38B0>,0.9681546688079834,-0.0002147749619325623,-0.0053732674568891525,365320,6,6,False,Right,Front,Right,Centre,53
<_io.BytesIO object at 0x0000023B750D3090>,0.9308083653450012,0.006044854409992695,-0.06963884085416794,365320,6,6,False,Right,Front,Right,Centre,53
<_io.BytesIO object at 0x0000023B750F4D60>,0.4452132284641266,0.13794410228729248,0.2033650279045105,365321,6,6,False,Right,Front,Right,Centre,53
<_io.BytesIO object at 0x0000023B750EBE50>,0.4054596424102783,0.1309315711259842,0.2900157570838928,365321,6,6,False,Right,Front,Right,Centre,53
<_io.BytesIO object at 0x0000023B750EBC70>,0.4126952886581421,0.11595438420772552,0.1893668919801712,365321,6,6,False,Right,Front,Right,Centre,53
<_io.BytesIO object at 0x0000023B750EB950>,0.4205906391143799,0.07416819781064987,0.17773272097110748,365321,6,6,False,Right,Front,Right,Centre,53
<_io.BytesIO object at 0x0000023B750EBD60>,0.39569324254989624,0.042444560676813126,0.25936365127563477,365321,6,6,False,Right,Front,Right,Centre,53
<_io.BytesIO object at 0x0000023B750EBEA0>,0.9141117930412292,0.04575587809085846,-0.053882405161857605,365321,6,6,False,Right,Front,Right,Centre,53
<_io.BytesIO object at 0x0000023B750EB270>,0.8708786368370056,0.043466486036777496,-0.04745948314666748,365321,6,6,False,Right,Front,Right,Centre,53
<_io.BytesIO object at 0x0000023B750EB7C0>,0.8890526294708252,0.02220490761101246,0.04776686429977417,365321,6,6,False,Right,Front,Right,Centre,53
<_io.BytesIO object at 0x0000023B723D6630>,0.9681534767150879,-0.00017836078768596053,-0.005394351668655872,365321,6,6,False,Right,Front,Right,Centre,53
<_io.BytesIO object at 0x0000023B723D64A0>,0.9307585954666138,0.0060033476911485195,-0.06966442614793777,365321,6,6,False,Right,Front,Right,Centre,53
<_io.BytesIO object at 0x0000023B75109E50>,0.4452132284641266,0.13794410228729248,0.2033650279045105,365322,6,6,False,Right,Front,Right,Centre,53
<_io.BytesIO object at 0x0000023B75109D60>,0.4054596424102783,0.1309315711259842,0.2900157570838928,365322,6,6,False,Right,Front,Right,Centre,53
<_io.BytesIO object at 0x0000023B723F28B0>,0.4126952886581421,0.11595438420772552,0.1893668919801712,365322,6,6,False,Right,Front,Right,Centre,53
<_io.BytesIO object at 0x0000023B723F2950>,0.4205906391143799,0.07416819781064987,0.17773272097110748,365322,6,6,False,Right,Front,Right,Centre,53
<_io.BytesIO object at 0x0000023B723F2720>,0.39569324254989624,0.042444560676813126,0.25936365127563477,365322,6,6,False,Right,Front,Right,Centre,53
<_io.BytesIO object at 0x0000023B723F2E00>,0.9141089916229248,0.04570618271827698,-0.05389786139130592,365322,6,6,False,Right,Front,Right,Centre,53
<_io.BytesIO object at 0x0000023B723F2860>,0.8708702921867371,0.04346020519733429,-0.04748181626200676,365322,6,6,False,Right,Front,Right,Centre,53
<_io.BytesIO object at 0x0000023B723F2270>,0.8890610337257385,0.022266432642936707,0.04772564023733139,365322,6,6,False,Right,Front,Right,Centre,53
<_io.BytesIO object at 0x0000023B723F2810>,0.9681583642959595,-0.0002097375108860433,-0.005365169607102871,365322,6,6,False,Right,Front,Right,Centre,53
<_io.BytesIO object at 0x0000023B723ECB80>,0.9307358264923096,0.005938426125794649,-0.06970087438821793,365322,6,6,False,Right,Front,Right,Centre,53
<_io.BytesIO object at 0x0000023B723D71D0>,0.4452132284641266,0.13794410228729248,0.2033650279045105,365323,6,6,False,Right,Front,Right,Centre,53
<_io.BytesIO object at 0x0000023B723D73B0>,0.4054596424102783,0.1309315711259842,0.2900157570838928,365323,6,6,False,Right,Front,Right,Centre,53
<_io.BytesIO object at 0x0000023B723D7EA0>,0.4126952886581421,0.11595438420772552,0.1893668919801712,365323,6,6,False,Right,Front,Right,Centre,53
<_io.BytesIO object at 0x0000023B723D7090>,0.4205906391143799,0.07416819781064987,0.17773272097110748,365323,6,6,False,Right,Front,Right,Centre,53
<_io.BytesIO object at 0x0000023B723D72C0>,0.39569324254989624,0.042444560676813126,0.25936365127563477,365323,6,6,False,Right,Front,Right,Centre,53
<_io.BytesIO object at 0x0000023B723D7E00>,0.9141006469726562,0.04568269103765488,-0.05395718663930893,365323,6,6,False,Right,Front,Right,Centre,53
<_io.BytesIO object at 0x0000023B723D7360>,0.8708643913269043,0.04345352202653885,-0.04750968888401985,365323,6,6,False,Right,Front,Right,Centre,53
<_io.BytesIO object at 0x0000023B723D7E50>,0.8890624642372131,0.022305095568299294,0.04770498350262642,365323,6,6,False,Right,Front,Right,Centre,53
<_io.BytesIO object at 0x0000023B723D7680>,0.9681553244590759,-0.00020378257613629103,-0.005368888843804598,365323,6,6,False,Right,Front,Right,Centre,53
<_io.BytesIO object at 0x0000023B723EC400>,0.9307281970977783,0.0059201098047196865,-0.06969194859266281,365323,6,6,False,Right,Front,Right,Centre,53
<_io.BytesIO object at 0x0000023B723F2540>,0.4452132284641266,0.13794410228729248,0.2033650279045105,365324,6,6,False,Right,Front,Right,Centre,53
<_io.BytesIO object at 0x0000023B723F2F40>,0.4054596424102783,0.1309315711259842,0.2900157570838928,365324,6,6,False,Right,Front,Right,Centre,53
<_io.BytesIO object at 0x0000023B751090E0>,0.4126952886581421,0.11595438420772552,0.1893668919801712,365324,6,6,False,Right,Front,Right,Centre,53
<_io.BytesIO object at 0x0000023B75109130>,0.4205906391143799,0.07416819781064987,0.17773272097110748,365324,6,6,False,Right,Front,Right,Centre,53
<_io.BytesIO object at 0x0000023B75109A90>,0.39569324254989624,0.042444560676813126,0.25936365127563477,365324,6,6,False,Right,Front,Right,Centre,53
<_io.BytesIO object at 0x0000023B75109360>,0.914088249206543,0.04565348103642464,-0.054013270884752274,365324,6,6,False,Right,Front,Right,Centre,53
<_io.BytesIO object at 0x0000023B75109860>,0.8708498477935791,0.04346006363630295,-0.04766681790351868,365324,6,6,False,Right,Front,Right,Centre,53
<_io.BytesIO object at 0x0000023B75109950>,0.8890666961669922,0.022326447069644928,0.04767351597547531,365324,6,6,False,Right,Front,Right,Centre,53
<_io.BytesIO object at 0x0000023B75109C20>,0.9681504368782043,-0.0002028644667007029,-0.00537742767482996,365324,6,6,False,Right,Front,Right,Centre,53
<_io.BytesIO object at 0x0000023B723D6B30>,0.930701732635498,0.00586520042270422,-0.0697227492928505,365324,6,6,False,Right,Front,Right,Centre,53
<_io.BytesIO object at 0x0000023B750EBA90>,0.4452132284641266,0.13794410228729248,0.2033650279045105,365325,6,6,False,Right,Front,Right,Centre,53
<_io.BytesIO object at 0x0000023B750EBC70>,0.4054596424102783,0.1309315711259842,0.2900157570838928,365325,6,6,False,Right,Front,Right,Centre,53
<_io.BytesIO object at 0x0000023B750EB630>,0.4126952886581421,0.11595438420772552,0.1893668919801712,365325,6,6,False,Right,Front,Right,Centre,53
<_io.BytesIO object at 0x0000023B750F47C0>,0.4205906391143799,0.07416819781064987,0.17773272097110748,365325,6,6,False,Right,Front,Right,Centre,53
<_io.BytesIO object at 0x0000023B750F4810>,0.39569324254989624,0.042444560676813126,0.25936365127563477,365325,6,6,False,Right,Front,Right,Centre,53
<_io.BytesIO object at 0x0000023B750F4680>,0.9140799045562744,0.045638762414455414,-0.054065313190221786,365325,6,6,False,Right,Front,Right,Centre,53
<_io.BytesIO object at 0x0000023B750F40E0>,0.8708252310752869,0.04343310371041298,-0.04772345721721649,365325,6,6,False,Right,Front,Right,Centre,53
<_io.BytesIO object at 0x0000023B750F4040>,0.8890671133995056,0.022349074482917786,0.04765595495700836,365325,6,6,False,Right,Front,Right,Centre,53
<_io.BytesIO object at 0x0000023B750F4360>,0.9681475758552551,-0.00019907041860278696,-0.005377060268074274,365325,6,6,False,Right,Front,Right,Centre,53
<_io.BytesIO object at 0x0000023B750F4D10>,0.9306730031967163,0.0058311717584729195,-0.06974245607852936,365325,6,6,False,Right,Front,Right,Centre,53
<_io.BytesIO object at 0x0000023B723F0F90>,0.4452132284641266,0.13794410228729248,0.2033650279045105,365326,6,6,False,Right,Front,Right,Centre,53
<_io.BytesIO object at 0x0000023B723F0630>,0.4054596424102783,0.1309315711259842,0.2900157570838928,365326,6,6,False,Right,Front,Right,Centre,53
<_io.BytesIO object at 0x0000023B723F0220>,0.4126952886581421,0.11595438420772552,0.1893668919801712,365326,6,6,False,Right,Front,Right,Centre,53
<_io.BytesIO object at 0x0000023B750E0090>,0.4205906391143799,0.07416819781064987,0.17773272097110748,365326,6,6,False,Right,Front,Right,Centre,53
<_io.BytesIO object at 0x0000023B750E02C0>,0.39569324254989624,0.042444560676813126,0.25936365127563477,365326,6,6,False,Right,Front,Right,Centre,53
<_io.BytesIO object at 0x0000023B750E09F0>,0.9140577912330627,0.04561328515410423,-0.05411224067211151,365326,6,6,False,Right,Front,Right,Centre,53
<_io.BytesIO object at 0x0000023B750E0BD0>,0.8708149194717407,0.04346058890223503,-0.04776198789477348,365326,6,6,False,Right,Front,Right,Centre,53
<_io.BytesIO object at 0x0000023B750E0130>,0.8890691995620728,0.02235952764749527,0.04764310643076897,365326,6,6,False,Right,Front,Right,Centre,53
<_io.BytesIO object at 0x0000023B750E0720>,0.9681516885757446,-0.00019634354976005852,-0.005385999567806721,365326,6,6,False,Right,Front,Right,Centre,53
<_io.BytesIO object at 0x0000023B750E09A0>,0.9306433796882629,0.005797310266643763,-0.06976082921028137,365326,6,6,False,Right,Front,Right,Centre,53
<_io.BytesIO object at 0x0000023B75200B30>,0.4452132284641266,0.13794410228729248,0.2033650279045105,365327,6,6,False,Right,Front,Right,Centre,53
<_io.BytesIO object at 0x0000023B6D785180>,0.4054596424102783,0.1309315711259842,0.2900157570838928,365327,6,6,False,Right,Front,Right,Centre,53
<_io.BytesIO object at 0x0000023B723FC590>,0.4126952886581421,0.11595438420772552,0.1893668919801712,365327,6,6,False,Right,Front,Right,Centre,53
<_io.BytesIO object at 0x0000023B723FC720>,0.4205906391143799,0.07416819781064987,0.17773272097110748,365327,6,6,False,Right,Front,Right,Centre,53
<_io.BytesIO object at 0x0000023B723FCB30>,0.39569324254989624,0.042444560676813126,0.25936365127563477,365327,6,6,False,Right,Front,Right,Centre,53
<_io.BytesIO object at 0x0000023B723FC8B0>,0.9140459895133972,0.045589156448841095,-0.05417836457490921,365327,6,6,False,Right,Front,Right,Centre,53
<_io.BytesIO object at 0x0000023B723FC130>,0.870800256729126,0.04346465691924095,-0.04777779430150986,365327,6,6,False,Right,Front,Right,Centre,53
<_io.BytesIO object at 0x0000023B723FC220>,0.8890733122825623,0.022373784333467484,0.0476294569671154,365327,6,6,False,Right,Front,Right,Centre,53
<_io.BytesIO object at 0x0000023B723F9BD0>,0.9681545495986938,-0.00017645263869781047,-0.005417848937213421,365327,6,6,False,Right,Front,Right,Centre,53
<_io.BytesIO object at 0x0000023B723F94A0>,0.9306144118309021,0.005766839720308781,-0.06977258622646332,365327,6,6,False,Right,Front,Right,Centre,53
<_io.BytesIO object at 0x0000023B723F96D0>,0.4452132284641266,0.13794410228729248,0.2033650279045105,365328,6,6,False,Right,Front,Right,Centre,53
<_io.BytesIO object at 0x0000023B723F9D60>,0.4054596424102783,0.1309315711259842,0.2900157570838928,365328,6,6,False,Right,Front,Right,Centre,53
<_io.BytesIO object at 0x0000023B723F9860>,0.4126952886581421,0.11595438420772552,0.1893668919801712,365328,6,6,False,Right,Front,Right,Centre,53
<_io.BytesIO object at 0x0000023B723F9B80>,0.4205906391143799,0.07416819781064987,0.17773272097110748,365328,6,6,False,Right,Front,Right,Centre,53
<_io.BytesIO object at 0x0000023B723F9630>,0.39569324254989624,0.042444560676813126,0.25936365127563477,365328,6,6,False,Right,Front,Right,Centre,53
<_io.BytesIO object at 0x0000023B723F9EF0>,0.9140333533287048,0.04558512195944786,-0.05419301986694336,365328,6,6,False,Right,Front,Right,Centre,53
<_io.BytesIO object at 0x0000023B723FC310>,0.8707908391952515,0.04347509518265724,-0.047794144600629807,365328,6,6,False,Right,Front,Right,Centre,53
<_io.BytesIO object at 0x0000023B723FCD10>,0.8890733122825623,0.022386882454156876,0.047625649720430374,365328,6,6,False,Right,Front,Right,Centre,53
<_io.BytesIO object at 0x0000023B723FCB30>,0.9681594967842102,-0.0001969728182302788,-0.005411899648606777,365328,6,6,False,Right,Front,Right,Centre,53
<_io.BytesIO object at 0x0000023B723FC2C0>,0.9305790662765503,0.00572450365871191,-0.06983406096696854,365328,6,6,False,Right,Front,Right,Centre,53
<_io.BytesIO object at 0x0000023B723DBA40>,0.4452132284641266,0.13794410228729248,0.2033650279045105,365329,6,6,False,Right,Front,Right,Centre,53
<_io.BytesIO object at 0x0000023B723DB220>,0.4054596424102783,0.1309315711259842,0.2900157570838928,365329,6,6,False,Right,Front,Right,Centre,53
<_io.BytesIO object at 0x0000023B750E0C20>,0.4126952886581421,0.11595438420772552,0.1893668919801712,365329,6,6,False,Right,Front,Right,Centre,53
<_io.BytesIO object at 0x0000023B750E0EA0>,0.4205906391143799,0.07416819781064987,0.17773272097110748,365329,6,6,False,Right,Front,Right,Centre,53
<_io.BytesIO object at 0x0000023B750E0130>,0.39569324254989624,0.042444560676813126,0.25936365127563477,365329,6,6,False,Right,Front,Right,Centre,53
<_io.BytesIO object at 0x0000023B750E0810>,0.914020836353302,0.04555915296077728,-0.05424277484416962,365329,6,6,False,Right,Front,Right,Centre,53
<_io.BytesIO object at 0x0000023B750E0680>,0.8707894086837769,0.04348668083548546,-0.04780551418662071,365329,6,6,False,Right,Front,Right,Centre,53
<_io.BytesIO object at 0x0000023B750E0360>,0.8890801668167114,0.022399062290787697,0.04762283340096474,365329,6,6,False,Right,Front,Right,Centre,53
<_io.BytesIO object at 0x0000023B750E0450>,0.968169629573822,-0.00015795743092894554,-0.00545366620644927,365329,6,6,False,Right,Front,Right,Centre,53
<_io.BytesIO object at 0x0000023B723F0C70>,0.9305777549743652,0.005727414041757584,-0.06979413330554962,365329,6,6,False,Right,Front,Right,Centre,53
<_io.BytesIO object at 0x0000023B750D3680>,0.4452132284641266,0.13794410228729248,0.2033650279045105,365330,6,6,False,Right,Front,Right,Centre,53
<_io.BytesIO object at 0x0000023B750F4180>,0.4054596424102783,0.1309315711259842,0.2900157570838928,365330,6,6,False,Right,Front,Right,Centre,53
<_io.BytesIO object at 0x0000023B750F4EF0>,0.4126952886581421,0.11595438420772552,0.1893668919801712,365330,6,6,False,Right,Front,Right,Centre,53
<_io.BytesIO object at 0x0000023B750F4310>,0.4205906391143799,0.07416819781064987,0.17773272097110748,365330,6,6,False,Right,Front,Right,Centre,53
<_io.BytesIO object at 0x0000023B750F4680>,0.39569324254989624,0.042444560676813126,0.25936365127563477,365330,6,6,False,Right,Front,Right,Centre,53
<_io.BytesIO object at 0x0000023B750F4F90>,0.914013147354126,0.045549795031547546,-0.05426537245512009,365330,6,6,False,Right,Front,Right,Centre,53
<_io.BytesIO object at 0x0000023B750F4D60>,0.8707822561264038,0.04348580166697502,-0.04781739413738251,365330,6,6,False,Right,Front,Right,Centre,53
<_io.BytesIO object at 0x0000023B750EBD10>,0.8890830278396606,0.022407952696084976,0.0476226732134819,365330,6,6,False,Right,Front,Right,Centre,53
<_io.BytesIO object at 0x0000023B750EBC70>,0.968173623085022,-0.00017043114348780364,-0.0054668826051056385,365330,6,6,False,Right,Front,Right,Centre,53
<_io.BytesIO object at 0x0000023B750EB4F0>,0.9305436611175537,0.005691226571798325,-0.06979193538427353,365330,6,6,False,Right,Front,Right,Centre,53
<_io.BytesIO object at 0x0000023B723D6400>,0.4452132284641266,0.13794410228729248,0.2033650279045105,365331,6,6,False,Right,Front,Right,Centre,53
<_io.BytesIO object at 0x0000023B75109F40>,0.4054596424102783,0.1309315711259842,0.2900157570838928,365331,6,6,False,Right,Front,Right,Centre,53
<_io.BytesIO object at 0x0000023B75109F90>,0.4126952886581421,0.11595438420772552,0.1893668919801712,365331,6,6,False,Right,Front,Right,Centre,53
<_io.BytesIO object at 0x0000023B75109590>,0.4205906391143799,0.07416819781064987,0.17773272097110748,365331,6,6,False,Right,Front,Right,Centre,53
<_io.BytesIO object at 0x0000023B75109540>,0.39569324254989624,0.042444560676813126,0.25936365127563477,365331,6,6,False,Right,Front,Right,Centre,53
<_io.BytesIO object at 0x0000023B751099A0>,0.9140123128890991,0.04553816840052605,-0.05427391454577446,365331,6,6,False,Right,Front,Right,Centre,53
<_io.BytesIO object at 0x0000023B75109D60>,0.870811939239502,0.04357433319091797,-0.04788282513618469,365331,6,6,False,Right,Front,Right,Centre,53
<_io.BytesIO object at 0x0000023B723F2A40>,0.8890897631645203,0.022422397509217262,0.04762130603194237,365331,6,6,False,Right,Front,Right,Centre,53
<_io.BytesIO object at 0x0000023B723F2630>,0.9681607484817505,-0.00017405857215635478,-0.0054809050634503365,365331,6,6,False,Right,Front,Right,Centre,53
<_io.BytesIO object at 0x0000023B723F27C0>,0.9305310249328613,0.005677521228790283,-0.06977590173482895,365331,6,6,False,Right,Front,Right,Centre,53
<_io.BytesIO object at 0x0000023B723ECE00>,0.4452132284641266,0.13794410228729248,0.2033650279045105,365332,6,6,False,Right,Front,Right,Centre,53
<_io.BytesIO object at 0x0000023B723D73B0>,0.4054596424102783,0.1309315711259842,0.2900157570838928,365332,6,6,False,Right,Front,Right,Centre,53
<_io.BytesIO object at 0x0000023B723D74A0>,0.4126952886581421,0.11595438420772552,0.1893668919801712,365332,6,6,False,Right,Front,Right,Centre,53
<_io.BytesIO object at 0x0000023B723D7B80>,0.4205906391143799,0.07416819781064987,0.17773272097110748,365332,6,6,False,Right,Front,Right,Centre,53
<_io.BytesIO object at 0x0000023B723D7A40>,0.39569324254989624,0.042444560676813126,0.25936365127563477,365332,6,6,False,Right,Front,Right,Centre,53
<_io.BytesIO object at 0x0000023B723D7B30>,0.9140097498893738,0.04552960768342018,-0.05428355932235718,365332,6,6,False,Right,Front,Right,Centre,53
<_io.BytesIO object at 0x0000023B723F1450>,0.8708136677742004,0.043584078550338745,-0.04789870232343674,365332,6,6,False,Right,Front,Right,Centre,53
<_io.BytesIO object at 0x0000023B723F14F0>,0.8890945911407471,0.022435717284679413,0.047612302005290985,365332,6,6,False,Right,Front,Right,Centre,53
<_io.BytesIO object at 0x0000023B723F1C70>,0.9681576490402222,-0.00017380971985403448,-0.005488698370754719,365332,6,6,False,Right,Front,Right,Centre,53
<_io.BytesIO object at 0x0000023B723F1DB0>,0.9305298328399658,0.005651312414556742,-0.06977654993534088,365332,6,6,False,Right,Front,Right,Centre,53
<_io.BytesIO object at 0x0000023B723EC6D0>,0.4452132284641266,0.13794410228729248,0.2033650279045105,365333,6,6,False,Right,Front,Right,Centre,53
<_io.BytesIO object at 0x0000023B723EC360>,0.4054596424102783,0.1309315711259842,0.2900157570838928,365333,6,6,False,Right,Front,Right,Centre,53
<_io.BytesIO object at 0x0000023B723ECCC0>,0.4126952886581421,0.11595438420772552,0.1893668919801712,365333,6,6,False,Right,Front,Right,Centre,53
<_io.BytesIO object at 0x0000023B723EC310>,0.4205906391143799,0.07416819781064987,0.17773272097110748,365333,6,6,False,Right,Front,Right,Centre,53
<_io.BytesIO object at 0x0000023B723F2BD0>,0.39569324254989624,0.042444560676813126,0.25936365127563477,365333,6,6,False,Right,Front,Right,Centre,53
<_io.BytesIO object at 0x0000023B723F2EA0>,0.914014458656311,0.045522406697273254,-0.05432407185435295,365333,6,6,False,Right,Front,Right,Centre,53
<_io.BytesIO object at 0x0000023B723F2720>,0.8708168864250183,0.043598417192697525,-0.04792691767215729,365333,6,6,False,Right,Front,Right,Centre,53
<_io.BytesIO object at 0x0000023B723F2180>,0.8890920877456665,0.022455548867583275,0.04760005697607994,365333,6,6,False,Right,Front,Right,Centre,53
<_io.BytesIO object at 0x0000023B723F2B30>,0.9681538939476013,-0.00018169362738262862,-0.0054896059446036816,365333,6,6,False,Right,Front,Right,Centre,53
<_io.BytesIO object at 0x0000023B723F2630>,0.9305337071418762,0.00563297513872385,-0.0697716698050499,365333,6,6,False,Right,Front,Right,Centre,53
<_io.BytesIO object at 0x0000023B723D6DB0>,0.4452132284641266,0.13794410228729248,0.2033650279045105,365334,6,6,False,Right,Front,Right,Centre,53
<_io.BytesIO object at 0x0000023B723D6CC0>,0.4054596424102783,0.1309315711259842,0.2900157570838928,365334,6,6,False,Right,Front,Right,Centre,53
<_io.BytesIO object at 0x0000023B723D63B0>,0.4126952886581421,0.11595438420772552,0.1893668919801712,365334,6,6,False,Right,Front,Right,Centre,53
<_io.BytesIO object at 0x0000023B750EB400>,0.4205906391143799,0.07416819781064987,0.17773272097110748,365334,6,6,False,Right,Front,Right,Centre,53
<_io.BytesIO object at 0x0000023B750EB720>,0.39569324254989624,0.042444560676813126,0.25936365127563477,365334,6,6,False,Right,Front,Right,Centre,53
<_io.BytesIO object at 0x0000023B750EB3B0>,0.9140284061431885,0.04552045464515686,-0.05436443164944649,365334,6,6,False,Right,Front,Right,Centre,53
<_io.BytesIO object at 0x0000023B750EBD60>,0.8708345890045166,0.043616097420454025,-0.04795407876372337,365334,6,6,False,Right,Front,Right,Centre,53
<_io.BytesIO object at 0x0000023B750EBB80>,0.889082670211792,0.022512583062052727,0.047568295150995255,365334,6,6,False,Right,Front,Right,Centre,53
<_io.BytesIO object at 0x0000023B750EBB30>,0.9681490063667297,-0.0001774028205545619,-0.005503070540726185,365334,6,6,False,Right,Front,Right,Centre,53
<_io.BytesIO object at 0x0000023B750EB310>,0.9305405616760254,0.00560775538906455,-0.0697748064994812,365334,6,6,False,Right,Front,Right,Centre,53
<_io.BytesIO object at 0x0000023B750D34A0>,0.4452132284641266,0.13794410228729248,0.2033650279045105,365335,6,6,False,Right,Front,Right,Centre,53
<_io.BytesIO object at 0x0000023B750D3F40>,0.4054596424102783,0.1309315711259842,0.2900157570838928,365335,6,6,False,Right,Front,Right,Centre,53
<_io.BytesIO object at 0x0000023B723F0E50>,0.4126952886581421,0.11595438420772552,0.1893668919801712,365335,6,6,False,Right,Front,Right,Centre,53
<_io.BytesIO object at 0x0000023B723F0D10>,0.4205906391143799,0.07416819781064987,0.17773272097110748,365335,6,6,False,Right,Front,Right,Centre,53
<_io.BytesIO object at 0x0000023B723F0310>,0.39569324254989624,0.042444560676813126,0.25936365127563477,365335,6,6,False,Right,Front,Right,Centre,53
<_io.BytesIO object at 0x0000023B723F0770>,0.9140535593032837,0.045501112937927246,-0.05441059544682503,365335,6,6,False,Right,Front,Right,Centre,53
<_io.BytesIO object at 0x0000023B723F09A0>,0.8708510994911194,0.04362408071756363,-0.04800029844045639,365335,6,6,False,Right,Front,Right,Centre,53
<_io.BytesIO object at 0x0000023B723F0EF0>,0.8890887498855591,0.022541670128703117,0.047551482915878296,365335,6,6,False,Right,Front,Right,Centre,53
<_io.BytesIO object at 0x0000023B723F0B80>,0.9681331515312195,-0.00018780070240609348,-0.005502198822796345,365335,6,6,False,Right,Front,Right,Centre,53
<_io.BytesIO object at 0x0000023B750E0090>,0.9305493831634521,0.00558412354439497,-0.06978394836187363,365335,6,6,False,Right,Front,Right,Centre,53
<_io.BytesIO object at 0x0000023B723DB900>,0.4452132284641266,0.13794410228729248,0.2033650279045105,365336,6,6,False,Right,Front,Right,Centre,53
<_io.BytesIO object at 0x0000023B723DB9F0>,0.4054596424102783,0.1309315711259842,0.2900157570838928,365336,6,6,False,Right,Front,Right,Centre,53
<_io.BytesIO object at 0x0000023B75200630>,0.4126952886581421,0.11595438420772552,0.1893668919801712,365336,6,6,False,Right,Front,Right,Centre,53
<_io.BytesIO object at 0x0000023B75200B30>,0.4205906391143799,0.07416819781064987,0.17773272097110748,365336,6,6,False,Right,Front,Right,Centre,53
<_io.BytesIO object at 0x0000023B6D785400>,0.39569324254989624,0.042444560676813126,0.25936365127563477,365336,6,6,False,Right,Front,Right,Centre,53
<_io.BytesIO object at 0x0000023B723FCE00>,0.9140719175338745,0.04549024626612663,-0.05444946512579918,365336,6,6,False,Right,Front,Right,Centre,53
<_io.BytesIO object at 0x0000023B723FCAE0>,0.870863676071167,0.043624624609947205,-0.04804573580622673,365336,6,6,False,Right,Front,Right,Centre,53
<_io.BytesIO object at 0x0000023B723FC900>,0.8890930414199829,0.02257848158478737,0.04752764105796814,365336,6,6,False,Right,Front,Right,Centre,53
<_io.BytesIO object at 0x0000023B723FC590>,0.9681373834609985,-0.00017810845747590065,-0.005493959411978722,365336,6,6,False,Right,Front,Right,Centre,53
<_io.BytesIO object at 0x0000023B723FCA90>,0.9305601119995117,0.005560761783272028,-0.06978769600391388,365336,6,6,False,Right,Front,Right,Centre,53
