_io,asset_ID,pos_x,pos_y,pos_z,rot_w,rot_x,rot_y,rot_z,error,tracking_valid,frame,trial_num,block_num,practicing,left_right_hand,palm_back_hand,target_loc,distractor_loc,participant_id
<_io.BytesIO object at 0x00000254334B8450>,1058909714,0.06757929176092148,-0.1640138477087021,0.5971346497535706,0.0860099270939827,-0.08465191721916199,0.6423856019973755,0.04932514950633049,-0.1423245072364807,4488,202339,11,6,False,Left,Back,Left,Centre,78
<_io.BytesIO object at 0x0000025433451EA0>,4283907876,-3.8178476236923994e+33,-2.813617292981869e-15,8.057252922975067e-20,1.0813379705543191e-11,2.516816119835231e-40,6.979497708007332e-39,9.183549615799121e-41,-3.319655661471188e-11,16016,202339,11,6,False,Left,Back,Left,Centre,78
<_io.BytesIO object at 0x0000025433451270>,1021173770,-0.020140817388892174,-0.061518024653196335,-0.09123250842094421,0.04515444487333298,0.9929015040397644,0.0014200087171047926,1.8367239361444675e-40,2.4882594789636144e+29,16100,202339,11,6,False,Left,Back,Left,Centre,78
<_io.BytesIO object at 0x0000025433451040>,1039860779,0.267769455909729,-0.016102813184261322,-0.18103790283203125,-0.3806596100330353,0.9066775441169739,0.0,0.0,0.0,0,202339,11,6,False,Left,Back,Left,Centre,78
<_io.BytesIO object at 0x0000025433451A90>,0,0.0,1.401298464324817e-44,3.643376007244524e-43,9.183689745645554e-41,0.32679200172424316,0.03217928111553192,-0.043324921280145645,0.009557935409247875,586,202339,11,6,False,Left,Back,Left,Centre,78
<_io.BytesIO object at 0x00000254334B8540>,1058912123,0.06723024696111679,-0.1638295203447342,0.5973012447357178,0.08556049317121506,-0.08450888842344284,0.642507016658783,0.048898082226514816,-0.14228913187980652,5709,202340,11,6,False,Left,Back,Left,Centre,78
<_io.BytesIO object at 0x00000254334DF180>,2142191396,2.4379179570969234e-29,-2.0399516291133048e-14,-1.8436426841450372e+34,5.5986309338562634e-11,2.516816119835231e-40,6.979497708007332e-39,9.183549615799121e-41,-2.7711166694643907e-12,16016,202340,11,6,False,Left,Back,Left,Centre,78
<_io.BytesIO object at 0x00000254334DFD10>,1021174399,-0.02013162523508072,-0.0615328811109066,-0.09121004492044449,0.04525880515575409,0.9928978681564331,0.0014195339754223824,1.8367239361444675e-40,2.4882594789636144e+29,16100,202340,11,6,False,Left,Back,Left,Centre,78
<_io.BytesIO object at 0x00000254334DFD60>,1039860779,0.267769455909729,-0.016102813184261322,-0.18103790283203125,-0.3806596100330353,0.9066775441169739,0.0,0.0,0.0,0,202340,11,6,False,Left,Back,Left,Centre,78
<_io.BytesIO object at 0x00000254334DF5E0>,0,0.0,1.401298464324817e-44,3.643376007244524e-43,9.183689745645554e-41,0.3267701268196106,0.032189399003982544,-0.04331235587596893,0.009556281380355358,586,202340,11,6,False,Left,Back,Left,Centre,78
<_io.BytesIO object at 0x00000254334DF3B0>,1058913710,0.06678594648838043,-0.1635960042476654,0.5976213216781616,0.084928959608078,-0.08433931320905685,0.6426496505737305,0.0484914630651474,-0.14223740994930267,6912,202341,11,6,False,Left,Back,Left,Centre,78
<_io.BytesIO object at 0x00000254334DFE50>,3555213092,3.5213433731418053e-13,-1.81847877142767e-13,8.067419088320094e-08,872.9169921875,2.516816119835231e-40,6.979497708007332e-39,9.183549615799121e-41,-8.064660050877137e-13,16016,202341,11,6,False,Left,Back,Left,Centre,78
<_io.BytesIO object at 0x00000254334B8B30>,1021173672,-0.02012684755027294,-0.06157645955681801,-0.09122542291879654,0.0452658087015152,0.992893397808075,0.0014178093988448381,1.8367239361444675e-40,2.4882594789636144e+29,16100,202341,11,6,False,Left,Back,Left,Centre,78
<_io.BytesIO object at 0x00000254334DF3B0>,1039860779,0.267769455909729,-0.016102813184261322,-0.18103790283203125,-0.3806596100330353,0.9066775441169739,0.0,0.0,0.0,0,202341,11,6,False,Left,Back,Left,Centre,78
<_io.BytesIO object at 0x00000254334DFE50>,0,0.0,1.401298464324817e-44,3.643376007244524e-43,9.183689745645554e-41,0.3267620801925659,0.03218330815434456,-0.0433025024831295,0.009554482996463776,586,202341,11,6,False,Left,Back,Left,Centre,78
<_io.BytesIO object at 0x00000254334519A0>,1058916372,0.06647489964962006,-0.1634802222251892,0.5979055166244507,0.08444483578205109,-0.08411207050085068,0.6428580284118652,0.04794531315565109,-0.14213789999485016,7812,202342,11,6,False,Left,Back,Left,Centre,78
<_io.BytesIO object at 0x0000025433451D60>,3042262820,0.011855090968310833,-3.1511505644427062e-12,-7.596426867886102e-37,1279818.625,2.516816119835231e-40,6.979497708007332e-39,9.183549615799121e-41,-1.0436096431476471e-13,16016,202342,11,6,False,Left,Back,Left,Centre,78
<_io.BytesIO object at 0x0000025433451810>,1021167820,-0.020129850134253502,-0.06142318621277809,-0.09124438464641571,0.04534776136279106,0.9928973913192749,0.0014209547080099583,1.8367239361444675e-40,2.4882594789636144e+29,16100,202342,11,6,False,Left,Back,Left,Centre,78
<_io.BytesIO object at 0x00000254334510E0>,1039860779,0.267769455909729,-0.016102813184261322,-0.18103790283203125,-0.3806596100330353,0.9066775441169739,0.0,0.0,0.0,0,202342,11,6,False,Left,Back,Left,Centre,78
<_io.BytesIO object at 0x0000025433451DB0>,0,0.0,1.401298464324817e-44,3.643376007244524e-43,9.183689745645554e-41,0.32675492763519287,0.032172705978155136,-0.04330421984195709,0.009553014300763607,586,202342,11,6,False,Left,Back,Left,Centre,78
<_io.BytesIO object at 0x00000254334B8EF0>,1058919153,0.06620263308286667,-0.163359597325325,0.598006546497345,0.08412414789199829,-0.08412551879882812,0.6430768966674805,0.04739932343363762,-0.14207768440246582,9011,202343,11,6,False,Left,Back,Left,Centre,78
<_io.BytesIO object at 0x00000254334DFDB0>,2900508452,58171.79296875,-1.6460428753362066e-07,6.0457931411943825e-30,3.0396968452302644e-16,2.516816119835231e-40,6.979497708007332e-39,9.183549615799121e-41,-7.949196856316121e-14,16016,202343,11,6,False,Left,Back,Left,Centre,78
<_io.BytesIO object at 0x00000254334DFEA0>,1021168722,-0.020123101770877838,-0.0614565946161747,-0.09123458713293076,0.0452873595058918,0.9928990602493286,0.0014151916839182377,1.8367239361444675e-40,2.4882594789636144e+29,16100,202343,11,6,False,Left,Back,Left,Centre,78
<_io.BytesIO object at 0x00000254334DFCC0>,1039860779,0.267769455909729,-0.016102813184261322,-0.18103790283203125,-0.3806596100330353,0.9066775441169739,0.0,0.0,0.0,0,202343,11,6,False,Left,Back,Left,Centre,78
<_io.BytesIO object at 0x00000254334DF180>,0,0.0,1.401298464324817e-44,3.643376007244524e-43,9.183689745645554e-41,0.3267515301704407,0.03216763585805893,-0.043299995362758636,0.00955155398696661,586,202343,11,6,False,Left,Back,Left,Centre,78
<_io.BytesIO object at 0x00000254334B80E0>,1058921981,0.0658431425690651,-0.16329510509967804,0.5981845855712891,0.08391815423965454,-0.08424932509660721,0.6432545185089111,0.04707275331020355,-0.14203087985515594,11070,202344,11,6,False,Left,Back,Left,Centre,78
<_io.BytesIO object at 0x0000025433451E00>,2032680740,1285414528.0,-2.6552976123639382e-05,1.5918992548381386e-27,-438778080.0,2.5168021068505877e-40,6.979497708007332e-39,9.183549615799121e-41,-4.951594689828198e-14,16016,202344,11,6,False,Left,Back,Left,Centre,78
<_io.BytesIO object at 0x0000025433451180>,1021166537,-0.020120328292250633,-0.061555273830890656,-0.0912170261144638,0.04523410648107529,0.9928969740867615,0.001416238839738071,1.8367239361444675e-40,2.4882594789636144e+29,16100,202344,11,6,False,Left,Back,Left,Centre,78
<_io.BytesIO object at 0x00000254334519A0>,1039860779,0.267769455909729,-0.016102813184261322,-0.18103790283203125,-0.3806596100330353,0.9066775441169739,0.0,0.0,0.0,0,202344,11,6,False,Left,Back,Left,Centre,78
<_io.BytesIO object at 0x0000025433451D60>,0,0.0,1.401298464324817e-44,3.643376007244524e-43,9.183689745645554e-41,0.3267592191696167,0.03215837478637695,-0.04329860955476761,0.00954978447407484,586,202344,11,6,False,Left,Back,Left,Centre,78
<_io.BytesIO object at 0x00000254334B8F40>,1058924627,0.06561237573623657,-0.16320064663887024,0.5983650088310242,0.08385735750198364,-0.08435896039009094,0.6434098482131958,0.04684123024344444,-0.14199666678905487,13837,202345,11,6,False,Left,Back,Left,Centre,78
<_io.BytesIO object at 0x00000254334DF540>,384581412,4.893141522188671e-05,-0.008346100337803364,-29343.552734375,-1.3979693995631206e-38,2.5168021068505877e-40,6.979497708007332e-39,9.183549615799121e-41,-2.7644553313166398e-14,16016,202345,11,6,False,Left,Back,Left,Centre,78
<_io.BytesIO object at 0x00000254334DF090>,1021166162,-0.0201164111495018,-0.06151457875967026,-0.09122898429632187,0.04525717347860336,0.9928972721099854,0.001419836888089776,1.8367239361444675e-40,2.4882594789636144e+29,16100,202345,11,6,False,Left,Back,Left,Centre,78
<_io.BytesIO object at 0x00000254334DF1D0>,1039860779,0.267769455909729,-0.016102813184261322,-0.18103790283203125,-0.3806596100330353,0.9066775441169739,0.0,0.0,0.0,0,202345,11,6,False,Left,Back,Left,Centre,78
<_io.BytesIO object at 0x00000254334DF770>,0,0.0,1.401298464324817e-44,3.643376007244524e-43,9.183689745645554e-41,0.3267662525177002,0.03216312453150749,-0.043294936418533325,0.009548025205731392,586,202345,11,6,False,Left,Back,Left,Centre,78
<_io.BytesIO object at 0x00000254334DF040>,1058927303,0.0654521957039833,-0.1630416214466095,0.5986205339431763,0.08384859561920166,-0.08436999469995499,0.6435585618019104,0.04658614099025726,-0.14193221926689148,15661,202346,11,6,False,Left,Back,Left,Centre,78
<_io.BytesIO object at 0x00000254334DF3B0>,2003517220,2.6008773627420705e-24,-0.035337526351213455,-3.5749274352691777e+22,0.0141128646209836,2.5168021068505877e-40,6.979497708007332e-39,9.183549615799121e-41,-2.0539125955565396e-14,16016,202346,11,6,False,Left,Back,Left,Centre,78
<_io.BytesIO object at 0x00000254334DFDB0>,1021171846,-0.020109746605157852,-0.061561644077301025,-0.09122262895107269,0.0452132448554039,0.9928969740867615,0.0014190184883773327,1.8367239361444675e-40,2.4882594789636144e+29,16100,202346,11,6,False,Left,Back,Left,Centre,78
<_io.BytesIO object at 0x00000254334DF040>,1039860779,0.267769455909729,-0.016102813184261322,-0.18103790283203125,-0.3806596100330353,0.9066775441169739,0.0,0.0,0.0,0,202346,11,6,False,Left,Back,Left,Centre,78
<_io.BytesIO object at 0x00000254334DF3B0>,0,0.0,1.401298464324817e-44,3.643376007244524e-43,9.183689745645554e-41,0.3267715871334076,0.03216761723160744,-0.043286848813295364,0.009546276181936264,586,202346,11,6,False,Left,Back,Left,Centre,78
<_io.BytesIO object at 0x00000254334B8270>,1058929121,0.0653221383690834,-0.16291598975658417,0.5987401604652405,0.08383496850728989,-0.08434481173753738,0.643679678440094,0.046494051814079285,-0.14184951782226562,17335,202347,11,6,False,Left,Back,Left,Centre,78
<_io.BytesIO object at 0x00000254334B8B30>,3427417892,nan,-0.0015696906484663486,-1.6842373277496924e-37,1.91225518350525e-31,2.5168021068505877e-40,6.979497708007332e-39,9.183549615799121e-41,-1.1191048088221578e-13,16016,202347,11,6,False,Left,Back,Left,Centre,78
<_io.BytesIO object at 0x00000254334B80E0>,1021169246,-0.020109809935092926,-0.06161465123295784,-0.09127835929393768,0.04502590373158455,0.9928971529006958,0.0014178284909576178,1.8367239361444675e-40,2.4882594789636144e+29,16100,202347,11,6,False,Left,Back,Left,Centre,78
<_io.BytesIO object at 0x00000254334B8590>,1039860779,0.267769455909729,-0.016102813184261322,-0.18103790283203125,-0.3806596100330353,0.9066775441169739,0.0,0.0,0.0,0,202347,11,6,False,Left,Back,Left,Centre,78
<_io.BytesIO object at 0x00000254334B8CC0>,0,0.0,1.401298464324817e-44,3.643376007244524e-43,9.183689745645554e-41,0.32681798934936523,0.032131094485521317,-0.043287891894578934,0.00954427756369114,586,202347,11,6,False,Left,Back,Left,Centre,78
<_io.BytesIO object at 0x0000025433451090>,1058931051,0.0653022900223732,-0.16280823945999146,0.5989471673965454,0.08386462926864624,-0.08430326730012894,0.6437686085700989,0.04641783609986305,-0.1417379230260849,19328,202348,11,6,False,Left,Back,Left,Centre,78
<_io.BytesIO object at 0x0000025433451860>,3752476452,-3.146764814375512e+22,-9.810566552914679e-05,9.937583162473066e-31,-3.64152923361052e+23,2.5167880938659445e-40,6.979497708007332e-39,9.183549615799121e-41,-1.021405182655144e-13,16016,202348,11,6,False,Left,Back,Left,Centre,78
<_io.BytesIO object at 0x00000254334B8090>,1021165124,-0.02011154592037201,-0.06155180558562279,-0.0912448987364769,0.04495134949684143,0.9929074048995972,0.0014194471295922995,1.8367239361444675e-40,2.4882594789636144e+29,16100,202348,11,6,False,Left,Back,Left,Centre,78
<_io.BytesIO object at 0x00000254334B8720>,1039860779,0.267769455909729,-0.016102813184261322,-0.18103790283203125,-0.3806596100330353,0.9066775441169739,0.0,0.0,0.0,0,202348,11,6,False,Left,Back,Left,Centre,78
<_io.BytesIO object at 0x00000254334B84A0>,0,0.0,1.401298464324817e-44,3.643376007244524e-43,9.183689745645554e-41,0.3268197476863861,0.03212198615074158,-0.043292414397001266,0.009542211890220642,586,202348,11,6,False,Left,Back,Left,Centre,78
<_io.BytesIO object at 0x00000254334DF8B0>,1058932339,0.06530783325433731,-0.16274847090244293,0.5991323590278625,0.08390076458454132,-0.08429520577192307,0.6439051628112793,0.04637562856078148,-0.14159756898880005,20013,202349,11,6,False,Left,Back,Left,Centre,78
<_io.BytesIO object at 0x0000025433451AE0>,2956541732,-12454242287616.0,-5.116278600780788e-08,1.0881234997581544e-31,-1.3232079277766817e-12,2.5167880938659445e-40,6.979497708007332e-39,9.183549615799121e-41,-3.2507330161024584e-13,16016,202349,11,6,False,Left,Back,Left,Centre,78
<_io.BytesIO object at 0x0000025433451450>,1021165105,-0.020117569714784622,-0.06156713142991066,-0.0912400484085083,0.044877368956804276,0.9929103255271912,0.0014188935747370124,1.8367239361444675e-40,2.4882594789636144e+29,16100,202349,11,6,False,Left,Back,Left,Centre,78
<_io.BytesIO object at 0x0000025433451CC0>,1039860779,0.267769455909729,-0.016102813184261322,-0.18103790283203125,-0.3806596100330353,0.9066775441169739,0.0,0.0,0.0,0,202349,11,6,False,Left,Back,Left,Centre,78
<_io.BytesIO object at 0x0000025433451BD0>,0,0.0,1.401298464324817e-44,3.643376007244524e-43,9.183689745645554e-41,0.32682666182518005,0.0321228988468647,-0.0433020144701004,0.00954015739262104,586,202349,11,6,False,Left,Back,Left,Centre,78
<_io.BytesIO object at 0x00000254334DFC20>,1058933261,0.06534319370985031,-0.16269952058792114,0.5992629528045654,0.08397351205348969,-0.08426064252853394,0.64396733045578,0.04640214517712593,-0.1415480524301529,20751,202350,11,6,False,Left,Back,Left,Centre,78
<_io.BytesIO object at 0x00000254334DF130>,748699428,-5.601034641265869,-1.8462196216262328e-09,-3.5436173106973e-07,-4.972479329174091e-26,2.5167880938659445e-40,6.979497708007332e-39,9.183549615799121e-41,-7.034373084024992e-13,16016,202350,11,6,False,Left,Back,Left,Centre,78
<_io.BytesIO object at 0x00000254334DF9F0>,1021166774,-0.020116137340664864,-0.061592914164066315,-0.09121496230363846,0.04492541402578354,0.9929088354110718,0.0014215523842722178,1.8367239361444675e-40,2.4882594789636144e+29,16100,202350,11,6,False,Left,Back,Left,Centre,78
<_io.BytesIO object at 0x00000254334DFEF0>,1039860779,0.267769455909729,-0.016102813184261322,-0.18103790283203125,-0.3806596100330353,0.9066775441169739,0.0,0.0,0.0,0,202350,11,6,False,Left,Back,Left,Centre,78
<_io.BytesIO object at 0x00000254334DFD60>,0,0.0,1.401298464324817e-44,3.643376007244524e-43,9.183689745645554e-41,0.3268316388130188,0.032126083970069885,-0.04330609366297722,0.009538115933537483,586,202350,11,6,False,Left,Back,Left,Centre,78
<_io.BytesIO object at 0x0000025433451EA0>,1058935247,0.06543669104576111,-0.16261833906173706,0.5994188189506531,0.08409152179956436,-0.08421307802200317,0.6440092921257019,0.046442992985248566,-0.14151892066001892,20607,202351,11,6,False,Left,Back,Left,Centre,78
<_io.BytesIO object at 0x00000254334B8450>,3329769252,-0.0003952658153139055,-6.673075980678789e-11,-889489538940928.0,-9.240915411812265e-37,2.5167880938659445e-40,6.979497708007332e-39,9.183549615799121e-41,-8.633094239485217e-13,16016,202351,11,6,False,Left,Back,Left,Centre,78
<_io.BytesIO object at 0x00000254334B8F40>,1021170061,-0.02011611871421337,-0.06164935976266861,-0.09120430052280426,0.04494563117623329,0.9929053783416748,0.0014233425026759505,1.8367239361444675e-40,2.4882594789636144e+29,16100,202351,11,6,False,Left,Back,Left,Centre,78
<_io.BytesIO object at 0x00000254334B89A0>,1039860779,0.267769455909729,-0.016102813184261322,-0.18103790283203125,-0.3806596100330353,0.9066775441169739,0.0,0.0,0.0,0,202351,11,6,False,Left,Back,Left,Centre,78
<_io.BytesIO object at 0x00000254334B8720>,0,0.0,1.401298464324817e-44,3.643376007244524e-43,9.183689745645554e-41,0.326824426651001,0.0321359783411026,-0.04330898076295853,0.009536086581647396,586,202351,11,6,False,Left,Back,Left,Centre,78
<_io.BytesIO object at 0x00000254334DFF40>,1058935696,0.06552127003669739,-0.16258496046066284,0.5996137857437134,0.08424124866724014,-0.08413131535053253,0.644056499004364,0.04647563025355339,-0.14146694540977478,19969,202352,11,6,False,Left,Back,Left,Centre,78
<_io.BytesIO object at 0x00000254334DF450>,1234583332,-0.0032079035881906748,-4.227515906785051e-12,3.7434753099964516e+31,-8.469684737819665e-39,2.5167880938659445e-40,6.979497708007332e-39,9.183549615799121e-41,-7.283063041541027e-13,16016,202352,11,6,False,Left,Back,Left,Centre,78
<_io.BytesIO object at 0x00000254334DF0E0>,1021170513,-0.02011529915034771,-0.061625562608242035,-0.09119506925344467,0.04490059241652489,0.9929097294807434,0.0014221671735867858,1.8367239361444675e-40,2.4882594789636144e+29,16100,202352,11,6,False,Left,Back,Left,Centre,78
<_io.BytesIO object at 0x00000254334DFC20>,1039860779,0.267769455909729,-0.016102813184261322,-0.18103790283203125,-0.3806596100330353,0.9066775441169739,0.0,0.0,0.0,0,202352,11,6,False,Left,Back,Left,Centre,78
<_io.BytesIO object at 0x00000254334DF040>,0,0.0,1.401298464324817e-44,3.643376007244524e-43,9.183689745645554e-41,0.3268252909183502,0.03213679790496826,-0.04330829530954361,0.009534069336950779,586,202352,11,6,False,Left,Back,Left,Centre,78
<_io.BytesIO object at 0x00000254334B8720>,1058936867,0.06570149213075638,-0.16259904205799103,0.5998361110687256,0.08444292843341827,-0.08406183123588562,0.6440726518630981,0.04656431823968887,-0.14146265387535095,19647,202353,11,6,False,Left,Back,Left,Centre,78
<_io.BytesIO object at 0x00000254334B8900>,1017462564,-5.132950263941893e-06,-5.533084840997349e-13,1.4719923972445448e-27,-1.868479127358735e-33,2.5167880938659445e-40,6.979497708007332e-39,9.183549615799121e-41,-2.646771690706373e-13,16016,202353,11,6,False,Left,Back,Left,Centre,78
<_io.BytesIO object at 0x00000254334B89A0>,1021169018,-0.020114723592996597,-0.0615728460252285,-0.09123251587152481,0.04493085294961929,0.992908239364624,0.0014246681239455938,1.8367239361444675e-40,2.4882594789636144e+29,16100,202353,11,6,False,Left,Back,Left,Centre,78
<_io.BytesIO object at 0x00000254334B8F90>,1039860779,0.267769455909729,-0.016102813184261322,-0.18103790283203125,-0.3806596100330353,0.9066775441169739,0.0,0.0,0.0,0,202353,11,6,False,Left,Back,Left,Centre,78
<_io.BytesIO object at 0x00000254334B8D10>,0,0.0,1.401298464324817e-44,3.643376007244524e-43,9.183689745645554e-41,0.3268262445926666,0.032144978642463684,-0.0433134064078331,0.009531699120998383,586,202353,11,6,False,Left,Back,Left,Centre,78
<_io.BytesIO object at 0x00000254334513B0>,1058937253,0.06584829837083817,-0.16259290277957916,0.6000388264656067,0.08469696342945099,-0.08403156697750092,0.6440780162811279,0.046727750450372696,-0.14155694842338562,18809,202354,11,6,False,Left,Back,Left,Centre,78
<_io.BytesIO object at 0x00000254334B8270>,490028836,-0.02993570640683174,-1.724789148310757e-12,1.1513312614397364e-07,-1.7390563455857602e-26,2.5167880938659445e-40,6.979497708007332e-39,9.183549615799121e-41,-2.913225216616411e-13,16016,202354,11,6,False,Left,Back,Left,Centre,78
<_io.BytesIO object at 0x00000254334B8A90>,1021174018,-0.020108532160520554,-0.06155146658420563,-0.09120505303144455,0.0450386106967926,0.9929071664810181,0.0014249274972826242,1.8367239361444675e-40,2.4882594789636144e+29,16100,202354,11,6,False,Left,Back,Left,Centre,78
<_io.BytesIO object at 0x00000254334B8220>,1039860779,0.267769455909729,-0.016102813184261322,-0.18103790283203125,-0.3806596100330353,0.9066775441169739,0.0,0.0,0.0,0,202354,11,6,False,Left,Back,Left,Centre,78
<_io.BytesIO object at 0x00000254334B8400>,0,0.0,1.401298464324817e-44,3.643376007244524e-43,9.183689745645554e-41,0.32681843638420105,0.0321655198931694,-0.043306369334459305,0.009529342874884605,586,202354,11,6,False,Left,Back,Left,Centre,78
<_io.BytesIO object at 0x0000025433451F90>,1058937581,0.06601578742265701,-0.1626180112361908,0.6002568006515503,0.08495041728019714,-0.08403296023607254,0.6440978646278381,0.046956684440374374,-0.14159812033176422,18543,202355,11,6,False,Left,Back,Left,Centre,78
<_io.BytesIO object at 0x0000025433451540>,910180132,-14.202088356018066,-6.847588902153534e-13,1.5435427867462374e+38,-3.808860253698464e-15,2.5167880938659445e-40,6.979497708007332e-39,9.183549615799121e-41,-1.0480505352461478e-13,16016,202355,11,6,False,Left,Back,Left,Centre,78
<_io.BytesIO object at 0x0000025433451C20>,1021177939,-0.020103566348552704,-0.061605699360370636,-0.09122414141893387,0.0450984351336956,0.9928992986679077,0.0014251787215471268,1.8367239361444675e-40,2.4882594789636144e+29,16100,202355,11,6,False,Left,Back,Left,Centre,78
<_io.BytesIO object at 0x0000025433451A40>,1039860779,0.267769455909729,-0.016102813184261322,-0.18103790283203125,-0.3806596100330353,0.9066775441169739,0.0,0.0,0.0,0,202355,11,6,False,Left,Back,Left,Centre,78
<_io.BytesIO object at 0x0000025433451AE0>,0,0.0,1.401298464324817e-44,3.643376007244524e-43,9.183689745645554e-41,0.32681167125701904,0.03217735514044762,-0.04329582303762436,0.009527000598609447,586,202355,11,6,False,Left,Back,Left,Centre,78
<_io.BytesIO object at 0x00000254334B8400>,1058938266,0.06621366739273071,-0.16272777318954468,0.6005795001983643,0.08539444953203201,-0.08409277349710464,0.644060492515564,0.047194551676511765,-0.1416378766298294,18128,202356,11,6,False,Left,Back,Left,Centre,78
<_io.BytesIO object at 0x0000025433451E00>,3468705572,-0.24241556227207184,-8.682405489013334e-12,0.0015125008067116141,-1.9321952315855175e-15,2.5167880938659445e-40,6.979497708007332e-39,9.183549615799121e-41,-8.482103908136196e-14,16016,202356,11,6,False,Left,Back,Left,Centre,78
<_io.BytesIO object at 0x0000025433451400>,1021177502,-0.020102139562368393,-0.06155268847942352,-0.09124390780925751,0.04514942690730095,0.9928984642028809,0.0014241884928196669,1.8367239361444675e-40,2.4882594789636144e+29,16100,202356,11,6,False,Left,Back,Left,Centre,78
<_io.BytesIO object at 0x0000025433451A40>,1039860779,0.267769455909729,-0.016102813184261322,-0.18103790283203125,-0.3806596100330353,0.9066775441169739,0.0,0.0,0.0,0,202356,11,6,False,Left,Back,Left,Centre,78
<_io.BytesIO object at 0x0000025433451E00>,0,0.0,1.401298464324817e-44,3.643376007244524e-43,9.183689745645554e-41,0.326803058385849,0.03218245506286621,-0.04328998178243637,0.009524849243462086,586,202356,11,6,False,Left,Back,Left,Centre,78
<_io.BytesIO object at 0x00000254334B8540>,1058938488,0.06655155122280121,-0.1628706008195877,0.6008915901184082,0.08596555143594742,-0.08419332653284073,0.6440538167953491,0.04750648885965347,-0.14171144366264343,18278,202357,11,6,False,Left,Back,Left,Centre,78
<_io.BytesIO object at 0x00000254334B8360>,97599268,-1.2127633094787598,-4.7946375758556314e-09,-3.0593295718972513e-07,-9.449679130553792e-15,2.5167880938659445e-40,6.979497708007332e-39,9.183549615799121e-41,-5.484501741648273e-14,16016,202357,11,6,False,Left,Back,Left,Centre,78
<_io.BytesIO object at 0x00000254334B8680>,1021173346,-0.020109068602323532,-0.06147179380059242,-0.09127812832593918,0.04523658752441406,0.9928963780403137,0.001424099551513791,1.8367239361444675e-40,2.4882594789636144e+29,16100,202357,11,6,False,Left,Back,Left,Centre,78
<_io.BytesIO object at 0x00000254334B82C0>,1039860779,0.267769455909729,-0.016102813184261322,-0.18103790283203125,-0.3806596100330353,0.9066775441169739,0.0,0.0,0.0,0,202357,11,6,False,Left,Back,Left,Centre,78
<_io.BytesIO object at 0x00000254334B86D0>,0,0.0,1.401298464324817e-44,3.643376007244524e-43,9.183689745645554e-41,0.3267916440963745,0.03218451887369156,-0.043288297951221466,0.009522533044219017,586,202357,11,6,False,Left,Back,Left,Centre,78
<_io.BytesIO object at 0x00000254334519F0>,1058938220,0.06687968224287033,-0.16303302347660065,0.6010716557502747,0.08649890869855881,-0.08436504006385803,0.6441019177436829,0.04792102053761482,-0.14176523685455322,19041,202358,11,6,False,Left,Back,Left,Centre,78
<_io.BytesIO object at 0x00000254334512C0>,2099330852,-0.00213979952968657,-2.083092840621248e-05,2615575052288.0,-1.1333715216332862e-10,2.5167880938659445e-40,6.979497708007332e-39,9.183549615799121e-41,-9.414691248821327e-14,16016,202358,11,6,False,Left,Back,Left,Centre,78
<_io.BytesIO object at 0x00000254334514A0>,1021171575,-0.02010844461619854,-0.0615294873714447,-0.09129862487316132,0.04522057622671127,0.9928916692733765,0.0014235172420740128,1.8367239361444675e-40,2.4882594789636144e+29,16100,202358,11,6,False,Left,Back,Left,Centre,78
<_io.BytesIO object at 0x0000025433451450>,1039860779,0.267769455909729,-0.016102813184261322,-0.18103790283203125,-0.3806596100330353,0.9066775441169739,0.0,0.0,0.0,0,202358,11,6,False,Left,Back,Left,Centre,78
<_io.BytesIO object at 0x00000254334518B0>,0,0.0,1.401298464324817e-44,3.643376007244524e-43,9.183689745645554e-41,0.32680147886276245,0.032169368118047714,-0.043284524232149124,0.009519915096461773,586,202358,11,6,False,Left,Back,Left,Centre,78
<_io.BytesIO object at 0x00000254334B86D0>,1058939099,0.06726137548685074,-0.1632898449897766,0.601213812828064,0.08730658888816833,-0.0846753939986229,0.6441304087638855,0.04839521273970604,-0.1418369859457016,19244,202359,11,6,False,Left,Back,Left,Centre,78
<_io.BytesIO object at 0x0000025433451770>,3330293540,-2.0598490664269775e-06,-2.370976448059082,-116096458752.0,3.5978833292604674e+36,2.5167880938659445e-40,6.979497708007332e-39,9.183549615799121e-41,-1.021405182655144e-13,16016,202359,11,6,False,Left,Back,Left,Centre,78
<_io.BytesIO object at 0x0000025433451590>,1021170962,-0.02011009119451046,-0.06155923381447792,-0.09129200130701065,0.04521891847252846,0.992890477180481,0.0014219061704352498,1.8367239361444675e-40,2.4882594789636144e+29,16100,202359,11,6,False,Left,Back,Left,Centre,78
<_io.BytesIO object at 0x0000025433451BD0>,1039860779,0.267769455909729,-0.016102813184261322,-0.18103790283203125,-0.3806596100330353,0.9066775441169739,0.0,0.0,0.0,0,202359,11,6,False,Left,Back,Left,Centre,78
<_io.BytesIO object at 0x0000025433451770>,0,0.0,1.401298464324817e-44,3.643376007244524e-43,9.183689745645554e-41,0.3267947733402252,0.03216175734996796,-0.04327849671244621,0.009517312981188297,586,202359,11,6,False,Left,Back,Left,Centre,78
<_io.BytesIO object at 0x00000254334B8040>,1058938487,0.0677533745765686,-0.16341060400009155,0.601286768913269,0.08800351619720459,-0.08492817729711533,0.6441990733146667,0.04902699962258339,-0.1420176476240158,19868,202360,11,6,False,Left,Back,Left,Centre,78
<_io.BytesIO object at 0x00000254334518B0>,3894886180,-4.966578099815896e-18,-16175.51953125,3.9970054300420975e+31,1.4188803444964205e+29,2.5167880938659445e-40,6.979497708007332e-39,9.183549615799121e-41,-2.2453150450019166e-12,16016,202360,11,6,False,Left,Back,Left,Centre,78
<_io.BytesIO object at 0x0000025433451F40>,1021169029,-0.020111527293920517,-0.06163092330098152,-0.09140655398368835,0.0449681393802166,0.9928869605064392,0.0014208595966920257,1.8367239361444675e-40,2.4882594789636144e+29,16100,202360,11,6,False,Left,Back,Left,Centre,78
<_io.BytesIO object at 0x00000254334517C0>,1039860779,0.267769455909729,-0.016102813184261322,-0.18103790283203125,-0.3806596100330353,0.9066775441169739,0.0,0.0,0.0,0,202360,11,6,False,Left,Back,Left,Centre,78
<_io.BytesIO object at 0x0000025433451B80>,0,0.0,1.401298464324817e-44,3.643376007244524e-43,9.183689745645554e-41,0.3268698751926422,0.03212388977408409,-0.04327462986111641,0.009520061314105988,586,202360,11,6,False,Left,Back,Left,Centre,78
<_io.BytesIO object at 0x00000254334B8540>,1058937211,0.06821119785308838,-0.1636456698179245,0.6013119220733643,0.08893868327140808,-0.08515290170907974,0.6441143155097961,0.04972207173705101,-0.14207333326339722,20401,202361,11,6,False,Left,Back,Left,Centre,78
<_io.BytesIO object at 0x00000254334DFD60>,1931165476,-4.748248901699346e-33,-11845140.0,3.842551554722462e-10,915335168.0,2.5167880938659445e-40,6.979497708007332e-39,9.183549615799121e-41,-1.3713474800169934e-12,16016,202361,11,6,False,Left,Back,Left,Centre,78
<_io.BytesIO object at 0x00000254334DF810>,1021169677,-0.020117230713367462,-0.061590731143951416,-0.09143500030040741,0.04498850554227829,0.9928858876228333,0.001419049920514226,1.8367239361444675e-40,2.4882594789636144e+29,16100,202361,11,6,False,Left,Back,Left,Centre,78
<_io.BytesIO object at 0x00000254334DF2C0>,1039860779,0.267769455909729,-0.016102813184261322,-0.18103790283203125,-0.3806596100330353,0.9066775441169739,0.0,0.0,0.0,0,202361,11,6,False,Left,Back,Left,Centre,78
<_io.BytesIO object at 0x00000254334DF0E0>,0,0.0,1.401298464324817e-44,3.643376007244524e-43,9.183689745645554e-41,0.326863169670105,0.0321258008480072,-0.04327373951673508,0.009522795677185059,586,202361,11,6,False,Left,Back,Left,Centre,78
<_io.BytesIO object at 0x00000254334DFB80>,1058935673,0.0687192976474762,-0.1638801097869873,0.6013461947441101,0.08961591869592667,-0.08534271270036697,0.6440593004226685,0.05027071759104729,-0.14230601489543915,20290,202362,11,6,False,Left,Back,Left,Centre,78
<_io.BytesIO object at 0x00000254334DFA40>,2946055972,-1.1041812910638725e-38,-883681.25,-8.642506873002276e-05,3.855829567411323e+17,2.5167880938659445e-40,6.979497708007332e-39,9.183549615799121e-41,-5.002220859751105e-12,16016,202362,11,6,False,Left,Back,Left,Centre,78
<_io.BytesIO object at 0x00000254334DF2C0>,1021170588,-0.02012346312403679,-0.061715126037597656,-0.09144151955842972,0.04506194591522217,0.9928741455078125,0.0014230565866455436,1.8367239361444675e-40,2.4882594789636144e+29,16100,202362,11,6,False,Left,Back,Left,Centre,78
<_io.BytesIO object at 0x00000254334DF040>,1039860779,0.267769455909729,-0.016102813184261322,-0.18103790283203125,-0.3806596100330353,0.9066775441169739,0.0,0.0,0.0,0,202362,11,6,False,Left,Back,Left,Centre,78
<_io.BytesIO object at 0x00000254334DF8B0>,0,0.0,1.401298464324817e-44,3.643376007244524e-43,9.183689745645554e-41,0.32687482237815857,0.032132819294929504,-0.043280888348817825,0.009525435976684093,586,202362,11,6,False,Left,Back,Left,Centre,78
<_io.BytesIO object at 0x00000254334B8310>,1058935121,0.06921907514333725,-0.16408994793891907,0.6013833284378052,0.0903744101524353,-0.08546393364667892,0.644036591053009,0.05090219900012016,-0.1424132138490677,19258,202363,11,6,False,Left,Back,Left,Centre,78
<_io.BytesIO object at 0x0000025433451590>,2867740452,7.838536674581865e+33,-52414.078125,-1.8887639583064373e+33,716.934326171875,2.5167880938659445e-40,6.979497708007332e-39,9.183549615799121e-41,-1.2096279533579946e-10,16016,202363,11,6,False,Left,Back,Left,Centre,78
<_io.BytesIO object at 0x0000025433451BD0>,1021182425,-0.02014114335179329,-0.06174828112125397,-0.09145525842905045,0.044996410608291626,0.9928737878799438,0.0014165547909215093,1.8367239361444675e-40,2.4882594789636144e+29,16100,202363,11,6,False,Left,Back,Left,Centre,78
<_io.BytesIO object at 0x00000254334510E0>,1039860779,0.267769455909729,-0.016102813184261322,-0.18103790283203125,-0.3806596100330353,0.9066775441169739,0.0,0.0,0.0,0,202363,11,6,False,Left,Back,Left,Centre,78
<_io.BytesIO object at 0x00000254334514A0>,0,0.0,1.401298464324817e-44,3.643376007244524e-43,9.183689745645554e-41,0.3268810212612152,0.03213353082537651,-0.043284665793180466,0.00952821783721447,586,202363,11,6,False,Left,Back,Left,Centre,78
<_io.BytesIO object at 0x00000254334B8EA0>,1058934139,0.0697641670703888,-0.1641056388616562,0.6013872623443604,0.09112831205129623,-0.08556511998176575,0.6439286470413208,0.05144820734858513,-0.14249250292778015,18640,202364,11,6,False,Left,Back,Left,Centre,78
<_io.BytesIO object at 0x0000025433451DB0>,3339140900,1.890722207557103e+25,-1.7850696167442948e-05,-2.80847896050318e-08,8.403489482589066e-05,2.5167880938659445e-40,6.979497708007332e-39,9.183549615799121e-41,-3.6197889130562544e-10,16016,202364,11,6,False,Left,Back,Left,Centre,78
<_io.BytesIO object at 0x0000025433451950>,1021186871,-0.020149804651737213,-0.06187580153346062,-0.09140501916408539,0.04489166662096977,0.9928752183914185,0.0014142714207991958,1.8367239361444675e-40,2.4882594789636144e+29,16100,202364,11,6,False,Left,Back,Left,Centre,78
<_io.BytesIO object at 0x0000025433451CC0>,1039860779,0.267769455909729,-0.016102813184261322,-0.18103790283203125,-0.3806596100330353,0.9066775441169739,0.0,0.0,0.0,0,202364,11,6,False,Left,Back,Left,Centre,78
<_io.BytesIO object at 0x0000025433451400>,0,0.0,1.401298464324817e-44,3.643376007244524e-43,9.183689745645554e-41,0.3268790543079376,0.032125961035490036,-0.04330103471875191,0.009530831128358841,586,202364,11,6,False,Left,Back,Left,Centre,78
<_io.BytesIO object at 0x00000254334B89F0>,1058933378,0.07032039016485214,-0.1641765981912613,0.6014477014541626,0.09183608740568161,-0.08566419035196304,0.643937349319458,0.05213894695043564,-0.14246486127376556,17149,202365,11,6,False,Left,Back,Left,Centre,78
<_io.BytesIO object at 0x00000254334B89A0>,470236964,4687795205439488.0,-1.878873376881529e-07,-4.8854632332324015e-23,7.461489559545953e-08,2.5167880938659445e-40,6.979497708007332e-39,9.183549615799121e-41,-2.601154847070575e-10,16016,202365,11,6,False,Left,Back,Left,Centre,78
<_io.BytesIO object at 0x00000254334B80E0>,1021170191,-0.020148353651165962,-0.06187760829925537,-0.09147648513317108,0.04493554309010506,0.9928666353225708,0.0014219506410881877,1.8367239361444675e-40,2.4882594789636144e+29,16100,202365,11,6,False,Left,Back,Left,Centre,78
<_io.BytesIO object at 0x00000254334B8AE0>,1039860779,0.267769455909729,-0.016102813184261322,-0.18103790283203125,-0.3806596100330353,0.9066775441169739,0.0,0.0,0.0,0,202365,11,6,False,Left,Back,Left,Centre,78
<_io.BytesIO object at 0x00000254334B8EF0>,0,0.0,1.401298464324817e-44,3.643376007244524e-43,9.183689745645554e-41,0.32689473032951355,0.03212043270468712,-0.04330553859472275,0.009533431380987167,586,202365,11,6,False,Left,Back,Left,Centre,78
<_io.BytesIO object at 0x0000025433451B80>,1058932576,0.07102416455745697,-0.16426704823970795,0.601374626159668,0.09262382239103317,-0.08573276549577713,0.643872857093811,0.052717190235853195,-0.14248473942279816,15892,202366,11,6,False,Left,Back,Left,Centre,78
<_io.BytesIO object at 0x00000254334DF0E0>,1999847204,20.154415130615234,-1.9183800381572524e-11,-1.3348506429495224e-25,9.111110741335646e-24,2.5167880938659445e-40,6.979497708007332e-39,9.183549615799121e-41,-8.985807653516531e-10,16016,202366,11,6,False,Left,Back,Left,Centre,78
<_io.BytesIO object at 0x00000254334DFCC0>,1021164648,-0.020159536972641945,-0.061949849128723145,-0.09148620814085007,0.04491011053323746,0.9928624033927917,0.0014223201433196664,1.8367239361444675e-40,2.4882594789636144e+29,16100,202366,11,6,False,Left,Back,Left,Centre,78
<_io.BytesIO object at 0x00000254334DFA90>,1039860779,0.267769455909729,-0.016102813184261322,-0.18103790283203125,-0.3806596100330353,0.9066775441169739,0.0,0.0,0.0,0,202366,11,6,False,Left,Back,Left,Centre,78
<_io.BytesIO object at 0x00000254334DF450>,0,0.0,1.401298464324817e-44,3.643376007244524e-43,9.183689745645554e-41,0.3269050419330597,0.03211066499352455,-0.04332299157977104,0.00953601859509945,586,202366,11,6,False,Left,Back,Left,Centre,78
<_io.BytesIO object at 0x0000025433451BD0>,1058931679,0.07159372419118881,-0.1642763614654541,0.6012783646583557,0.09338406473398209,-0.08580616116523743,0.643766462802887,0.0534638874232769,-0.1424817144870758,14019,202367,11,6,False,Left,Back,Left,Centre,78
<_io.BytesIO object at 0x0000025433451DB0>,2284207908,1.8898785314469535e-11,-1.699405510798753e-17,-1.0908294924557247e-29,-4.4079424864207115e+36,2.516774080881301e-40,6.979497708007332e-39,9.183549615799121e-41,-7.930793799459934e-10,16016,202367,11,6,False,Left,Back,Left,Centre,78
<_io.BytesIO object at 0x0000025433451CC0>,1021165036,-0.020166419446468353,-0.06193142011761665,-0.09150438010692596,0.04493602365255356,0.9928606152534485,0.0014251655666157603,1.8367239361444675e-40,2.4882594789636144e+29,16100,202367,11,6,False,Left,Back,Left,Centre,78
<_io.BytesIO object at 0x0000025433451400>,1039860779,0.267769455909729,-0.016102813184261322,-0.18103790283203125,-0.3806596100330353,0.9066775441169739,0.0,0.0,0.0,0,202367,11,6,False,Left,Back,Left,Centre,78
<_io.BytesIO object at 0x0000025433451950>,0,0.0,1.401298464324817e-44,3.643376007244524e-43,9.183689745645554e-41,0.32690972089767456,0.032111939042806625,-0.0433291532099247,0.00953882746398449,586,202367,11,6,False,Left,Back,Left,Centre,78
<_io.BytesIO object at 0x00000254334DFC70>,1058930820,0.07223296165466309,-0.16435065865516663,0.60123211145401,0.0942607969045639,-0.08585931360721588,0.6437051296234131,0.054198604077100754,-0.14241857826709747,12439,202368,11,6,False,Left,Back,Left,Centre,78
<_io.BytesIO object at 0x00000254334B84A0>,2228633380,nan,-1.0239998180620852e-21,2.995816492927592e+25,-2.7067956924438477,2.516774080881301e-40,6.979497708007332e-39,9.183549615799121e-41,-6.730260793119669e-10,16016,202368,11,6,False,Left,Back,Left,Centre,78
<_io.BytesIO object at 0x00000254334B8AE0>,1021166818,-0.02017376758158207,-0.062031496316194534,-0.09147238731384277,0.04505494236946106,0.9928519129753113,0.001423492794856429,1.8367239361444675e-40,2.4882594789636144e+29,16100,202368,11,6,False,Left,Back,Left,Centre,78
<_io.BytesIO object at 0x00000254334B8810>,1039860779,0.267769455909729,-0.016102813184261322,-0.18103790283203125,-0.3806596100330353,0.9066775441169739,0.0,0.0,0.0,0,202368,11,6,False,Left,Back,Left,Centre,78
<_io.BytesIO object at 0x00000254334B8220>,0,0.0,1.401298464324817e-44,3.643376007244524e-43,9.183689745645554e-41,0.32690486311912537,0.03211496025323868,-0.043341636657714844,0.009541387669742107,586,202368,11,6,False,Left,Back,Left,Centre,78
<_io.BytesIO object at 0x00000254334B8810>,1058929335,0.07300293445587158,-0.1644006222486496,0.6010903120040894,0.09512712061405182,-0.08589472621679306,0.6436301469802856,0.0548444464802742,-0.1423436403274536,10280,202369,11,6,False,Left,Back,Left,Centre,78
<_io.BytesIO object at 0x00000254334B8F90>,3926605604,-77645215694848.0,-2.3147395403623922e-29,3.5098065955232135e-25,1.262331690483712e+17,2.516774080881301e-40,6.979497708007332e-39,9.183549615799121e-41,-6.257323548197746e-10,16016,202369,11,6,False,Left,Back,Left,Centre,78
<_io.BytesIO object at 0x00000254334B8EF0>,1021165823,-0.02018270641565323,-0.06207726150751114,-0.09148187935352325,0.04517417028546333,0.9928427934646606,0.0014295967994257808,1.8367239361444675e-40,2.4882594789636144e+29,16100,202369,11,6,False,Left,Back,Left,Centre,78
<_io.BytesIO object at 0x00000254334B8180>,1039860779,0.267769455909729,-0.016102813184261322,-0.18103790283203125,-0.3806596100330353,0.9066775441169739,0.0,0.0,0.0,0,202369,11,6,False,Left,Back,Left,Centre,78
<_io.BytesIO object at 0x00000254334B8310>,0,0.0,1.401298464324817e-44,3.643376007244524e-43,9.183689745645554e-41,0.32690906524658203,0.03211521357297897,-0.04334980994462967,0.00954393669962883,586,202369,11,6,False,Left,Back,Left,Centre,78
<_io.BytesIO object at 0x00000254334DFF40>,1058927858,0.07367527484893799,-0.16427285969257355,0.6010306477546692,0.09609095752239227,-0.08587606996297836,0.6434981226921082,0.055727940052747726,-0.14211149513721466,8052,202370,11,6,False,Left,Back,Left,Centre,78
<_io.BytesIO object at 0x00000254334B8950>,449265444,-2.0348783948002556e-19,-9.626945023081364e-36,-9.676820234005845e-09,-2.8285201931446503e+37,2.516760067896658e-40,6.979497708007332e-39,9.183549615799121e-41,-1.8335413187742233e-09,16016,202370,11,6,False,Left,Back,Left,Centre,78
<_io.BytesIO object at 0x00000254334B8630>,1021171435,-0.020208178088068962,-0.06201416254043579,-0.09150184690952301,0.045198261737823486,0.9928438067436218,0.0014248595107346773,1.8367239361444675e-40,2.4882594789636144e+29,16100,202370,11,6,False,Left,Back,Left,Centre,78
<_io.BytesIO object at 0x00000254334B8450>,1039860779,0.267769455909729,-0.016102813184261322,-0.18103790283203125,-0.3806596100330353,0.9066775441169739,0.0,0.0,0.0,0,202370,11,6,False,Left,Back,Left,Centre,78
<_io.BytesIO object at 0x00000254334B8950>,0,0.0,1.401298464324817e-44,3.643376007244524e-43,9.183689745645554e-41,0.32690417766571045,0.03211795911192894,-0.043359797447919846,0.009546471759676933,586,202370,11,6,False,Left,Back,Left,Centre,78
<_io.BytesIO object at 0x00000254334DF1D0>,1058927064,0.07451341301202774,-0.16432370245456696,0.6009112596511841,0.0970209389925003,-0.0858130007982254,0.6433674097061157,0.056554656475782394,-0.14206251502037048,6177,202371,11,6,False,Left,Back,Left,Centre,78
<_io.BytesIO object at 0x0000025433451EF0>,2341682980,4336448000.0,3.047131570142328e+35,-8.690321258378778e-19,-6.78880610394117e-07,2.516760067896658e-40,6.979497708007332e-39,9.183549615799121e-41,-2.939486876130104e-09,16016,202371,11,6,False,Left,Back,Left,Centre,78
<_io.BytesIO object at 0x0000025433451590>,1021170666,-0.02021472342312336,-0.06213030219078064,-0.09149595350027084,0.04521745443344116,0.9928361773490906,0.001429263735190034,1.8367239361444675e-40,2.4882594789636144e+29,16100,202371,11,6,False,Left,Back,Left,Centre,78
<_io.BytesIO object at 0x0000025433451F40>,1039860779,0.267769455909729,-0.016102813184261322,-0.18103790283203125,-0.3806596100330353,0.9066775441169739,0.0,0.0,0.0,0,202371,11,6,False,Left,Back,Left,Centre,78
<_io.BytesIO object at 0x00000254334512C0>,0,0.0,1.401298464324817e-44,3.643376007244524e-43,9.183689745645554e-41,0.3269094228744507,0.03210771083831787,-0.04336654022336006,0.009548849426209927,586,202371,11,6,False,Left,Back,Left,Centre,78
<_io.BytesIO object at 0x00000254334DF5E0>,1058925749,0.07541699707508087,-0.16415062546730042,0.6008934378623962,0.098127081990242,-0.08569356054067612,0.6432253122329712,0.05750114098191261,-0.14188796281814575,3298,202372,11,6,False,Left,Back,Left,Centre,78
<_io.BytesIO object at 0x00000254334DFA40>,2513977124,-6.030704690482825e+30,3.1092114049836676e+27,7.547334007540485e-06,4.0266229011219703e-25,2.516760067896658e-40,6.979497708007332e-39,9.183549615799121e-41,-9.313225746154785e-09,16016,202372,11,6,False,Left,Back,Left,Centre,78
<_io.BytesIO object at 0x00000254334DFC20>,1021168994,-0.020218154415488243,-0.06215986609458923,-0.09146332740783691,0.045255374163389206,0.9928357005119324,0.0014322998467832804,1.8367239361444675e-40,2.4882594789636144e+29,16100,202372,11,6,False,Left,Back,Left,Centre,78
<_io.BytesIO object at 0x00000254334DFF90>,1039860779,0.267769455909729,-0.016102813184261322,-0.18103790283203125,-0.3806596100330353,0.9066775441169739,0.0,0.0,0.0,0,202372,11,6,False,Left,Back,Left,Centre,78
<_io.BytesIO object at 0x00000254334DF180>,0,0.0,1.401298464324817e-44,3.643376007244524e-43,9.183689745645554e-41,0.3269232213497162,0.032109715044498444,-0.04337867349386215,0.009551361203193665,586,202372,11,6,False,Left,Back,Left,Centre,78
<_io.BytesIO object at 0x0000025433451D60>,1058925865,0.07626531273126602,-0.1640436351299286,0.6007542014122009,0.09911558032035828,-0.0855327770113945,0.6430856585502625,0.05840906500816345,-0.14162902534008026,1385,202373,11,6,False,Left,Back,Left,Centre,78
<_io.BytesIO object at 0x00000254334B8DB0>,50872100,-5.732793102399989e-16,5.368923009371341e+16,-2.424337477894458e+32,-3.9943155957867095e-25,2.5167460549120147e-40,6.979497708007332e-39,9.183549615799121e-41,-5.9138983488082886e-08,16016,202373,11,6,False,Left,Back,Left,Centre,78
<_io.BytesIO object at 0x00000254334B8A90>,1021167484,-0.020229090005159378,-0.06218468025326729,-0.09147927910089493,0.04513902962207794,0.9928379654884338,0.0014332898426800966,1.8367239361444675e-40,2.4882594789636144e+29,16100,202373,11,6,False,Left,Back,Left,Centre,78
<_io.BytesIO object at 0x00000254334B84F0>,1039860779,0.267769455909729,-0.016102813184261322,-0.18103790283203125,-0.3806596100330353,0.9066775441169739,0.0,0.0,0.0,0,202373,11,6,False,Left,Back,Left,Centre,78
<_io.BytesIO object at 0x00000254334B8540>,0,0.0,1.401298464324817e-44,3.643376007244524e-43,9.183689745645554e-41,0.32693737745285034,0.03209536895155907,-0.043392863124608994,0.009553633630275726,586,202373,11,6,False,Left,Back,Left,Centre,78
<_io.BytesIO object at 0x0000025433451770>,1058924282,0.07734818756580353,-0.16382119059562683,0.6007649302482605,0.10029855370521545,-0.0853017196059227,0.6429885029792786,0.05920359119772911,-0.1413717120885849,-1551,202374,11,6,False,Left,Back,Left,Centre,78
<_io.BytesIO object at 0x00000254334DF900>,2691448611,130681.1484375,86896784.0,-3.421126521155907e-21,-1.1439289330436957e+24,2.5167320419273715e-40,6.979497708007332e-39,9.183549615799121e-41,-2.169981598854065e-07,16016,202374,11,6,False,Left,Back,Left,Centre,78
<_io.BytesIO object at 0x00000254334DFEF0>,1021167982,-0.02023538015782833,-0.06223423779010773,-0.09144124388694763,0.045138049870729446,0.9928383231163025,0.001436359714716673,1.8367239361444675e-40,2.4882594789636144e+29,16100,202374,11,6,False,Left,Back,Left,Centre,78
<_io.BytesIO object at 0x00000254334DFA40>,1039860779,0.267769455909729,-0.016102813184261322,-0.18103790283203125,-0.3806596100330353,0.9066775441169739,0.0,0.0,0.0,0,202374,11,6,False,Left,Back,Left,Centre,78
<_io.BytesIO object at 0x00000254334DFC70>,0,0.0,1.401298464324817e-44,3.643376007244524e-43,9.183689745645554e-41,0.32693856954574585,0.032099056988954544,-0.04340783506631851,0.009556218981742859,586,202374,11,6,False,Left,Back,Left,Centre,78
<_io.BytesIO object at 0x00000254334BC4F0>,1058923771,0.07830306142568588,-0.16351164877414703,0.6006410717964172,0.10155334323644638,-0.08498474210500717,0.6428673267364502,0.0604432038962841,-0.14104719460010529,-6106,202375,11,6,False,Left,Back,Left,Centre,78
<_io.BytesIO object at 0x0000025433451A40>,3936829219,-2.262939378303107e+18,0.0008916566730476916,8.801891395671087e-34,7.4028599918175645e-31,2.5167320419273715e-40,6.979497708007332e-39,9.183549615799121e-41,-1.430511474609375e-06,16016,202375,11,6,False,Left,Back,Left,Centre,78
<_io.BytesIO object at 0x00000254334514A0>,1021167825,-0.020245550200343132,-0.06233856454491615,-0.09141228348016739,0.04507458955049515,0.9928373694419861,0.0014443256659433246,1.8367239361444675e-40,2.4882594789636144e+29,16100,202375,11,6,False,Left,Back,Left,Centre,78
<_io.BytesIO object at 0x0000025433451950>,1039860779,0.267769455909729,-0.016102813184261322,-0.18103790283203125,-0.3806596100330353,0.9066775441169739,0.0,0.0,0.0,0,202375,11,6,False,Left,Back,Left,Centre,78
<_io.BytesIO object at 0x0000025433451900>,0,0.0,1.401298464324817e-44,3.643376007244524e-43,9.183689745645554e-41,0.32696112990379333,0.03209598362445831,-0.04344533383846283,0.009558604098856449,586,202375,11,6,False,Left,Back,Left,Centre,78
<_io.BytesIO object at 0x00000254334BC6D0>,1058923766,0.07933299243450165,-0.16314880549907684,0.600624144077301,0.1027730330824852,-0.08460124582052231,0.6428019404411316,0.061376411467790604,-0.14055095613002777,-9251,202376,11,6,False,Left,Back,Left,Centre,78
<_io.BytesIO object at 0x00000254334BCBD0>,2855419683,0.1711297631263733,4.988855076254852e-15,-1787775170904064.0,-4.3895092822862135e+25,2.516704015958085e-40,6.979497708007332e-39,9.183549615799121e-41,-8.821487426757812e-06,16016,202376,11,6,False,Left,Back,Left,Centre,78
<_io.BytesIO object at 0x00000254334BDB30>,1021166898,-0.020256567746400833,-0.06231259927153587,-0.09141915291547775,0.0450945720076561,0.9928374886512756,0.0014405595138669014,1.8367239361444675e-40,2.4882594789636144e+29,16100,202376,11,6,False,Left,Back,Left,Centre,78
<_io.BytesIO object at 0x00000254334BCF90>,1039860779,0.267769455909729,-0.016102813184261322,-0.18103790283203125,-0.3806596100330353,0.9066775441169739,0.0,0.0,0.0,0,202376,11,6,False,Left,Back,Left,Centre,78
<_io.BytesIO object at 0x00000254334BD720>,0,0.0,1.401298464324817e-44,3.643376007244524e-43,9.183689745645554e-41,0.3269669711589813,0.03208787366747856,-0.04345010221004486,0.009560978040099144,586,202376,11,6,False,Left,Back,Left,Centre,78
<_io.BytesIO object at 0x000002542B1851D0>,1058924362,0.08051498234272003,-0.16274580359458923,0.6005057096481323,0.10406870394945145,-0.0841141790151596,0.6427422761917114,0.0626177117228508,-0.1401289850473404,-12728,202377,11,6,False,Left,Back,Left,Centre,78
<_io.BytesIO object at 0x000002542B185900>,1183858467,-1.0188445573322547e-11,1.103397103072544e-24,-1.1470555905920197e-16,-13236340736.0,2.5166900029734417e-40,6.979497708007332e-39,9.183549615799121e-41,-4.6253204345703125e-05,16016,202377,11,6,False,Left,Back,Left,Centre,78
<_io.BytesIO object at 0x000002542B185360>,1021165533,-0.02026994712650776,-0.062359511852264404,-0.09148091077804565,0.04501141980290413,0.9928325414657593,0.001440894091501832,1.8367239361444675e-40,2.4882594789636144e+29,16100,202377,11,6,False,Left,Back,Left,Centre,78
<_io.BytesIO object at 0x000002542B185310>,1039860779,0.267769455909729,-0.016102813184261322,-0.18103790283203125,-0.3806596100330353,0.9066775441169739,0.0,0.0,0.0,0,202377,11,6,False,Left,Back,Left,Centre,78
<_io.BytesIO object at 0x000002542B185270>,0,0.0,1.401298464324817e-44,3.643376007244524e-43,9.183689745645554e-41,0.3269745707511902,0.03209737688302994,-0.04347347095608711,0.009563243016600609,586,202377,11,6,False,Left,Back,Left,Centre,78
<_io.BytesIO object at 0x00000254306BD630>,1058925306,0.0816856101155281,-0.16211524605751038,0.6004651188850403,0.10537859052419662,-0.08352216333150864,0.6426905989646912,0.06376302987337112,-0.13931719958782196,-16812,202378,11,6,False,Left,Back,Left,Centre,78
<_io.BytesIO object at 0x00000254334C8400>,3437379363,-319264480.0,1.5022104643483982e-35,1.8391146010409756e+22,2.170687045551244e+32,2.5166759899887985e-40,6.979497708007332e-39,9.183549615799121e-41,-9.441375732421875e-05,16016,202378,11,6,False,Left,Back,Left,Centre,78
<_io.BytesIO object at 0x00000254306BD720>,1021167481,-0.02028239145874977,-0.062311917543411255,-0.09143561124801636,0.045164961367845535,0.9928327798843384,0.0014434943441301584,1.8367239361444675e-40,2.4882594789636144e+29,16100,202378,11,6,False,Left,Back,Left,Centre,78
<_io.BytesIO object at 0x00000254306BD9A0>,1039860779,0.267769455909729,-0.016102813184261322,-0.18103790283203125,-0.3806596100330353,0.9066775441169739,0.0,0.0,0.0,0,202378,11,6,False,Left,Back,Left,Centre,78
<_io.BytesIO object at 0x00000254306BD3B0>,0,0.0,1.401298464324817e-44,3.643376007244524e-43,9.183689745645554e-41,0.3269696533679962,0.03210344538092613,-0.04347868636250496,0.009565593674778938,586,202378,11,6,False,Left,Back,Left,Centre,78
<_io.BytesIO object at 0x0000025433434D60>,1058924242,0.08303329348564148,-0.16136308014392853,0.6003576517105103,0.10679464042186737,-0.08280511200428009,0.6425313353538513,0.06502410024404526,-0.13858461380004883,-17565,202379,11,6,False,Left,Back,Left,Centre,78
<_io.BytesIO object at 0x0000025433434CC0>,366821155,3.746930478698815e-18,-1.3230014766634104e+29,6.493251688216019e-22,-1.3603998013422824e-05,2.516647964019512e-40,6.979497708007332e-39,9.183549615799121e-41,-0.000522613525390625,16016,202379,11,6,False,Left,Back,Left,Centre,78
<_io.BytesIO object at 0x0000025433434E50>,1021159352,-0.0203069020062685,-0.06256905943155289,-0.09139667451381683,0.045147743076086044,0.9928210377693176,0.0014444156549870968,1.8367239361444675e-40,2.4882594789636144e+29,16100,202379,11,6,False,Left,Back,Left,Centre,78
<_io.BytesIO object at 0x0000025433434F90>,1039860779,0.267769455909729,-0.016102813184261322,-0.18103790283203125,-0.3806596100330353,0.9066775441169739,0.0,0.0,0.0,0,202379,11,6,False,Left,Back,Left,Centre,78
<_io.BytesIO object at 0x0000025433434C70>,0,0.0,1.401298464324817e-44,3.643376007244524e-43,9.183689745645554e-41,0.32697826623916626,0.032100286334753036,-0.04350888356566429,0.009567851200699806,586,202379,11,6,False,Left,Back,Left,Centre,78
<_io.BytesIO object at 0x00000254306BDDB0>,1058924363,0.084380604326725,-0.16065089404582977,0.6002988815307617,0.10816619545221329,-0.0819791853427887,0.6424958109855652,0.06628472357988358,-0.1378675401210785,-23862,202380,11,6,False,Left,Back,Left,Centre,78
<_io.BytesIO object at 0x00000254306BDEA0>,3909500707,-4.139080074970979e+22,-2.186838247790661e+19,-1.9732416660035822e+30,-3.296597853077504e+16,2.5166199380502255e-40,6.979497708007332e-39,9.183549615799121e-41,-0.00150299072265625,16016,202380,11,6,False,Left,Back,Left,Centre,78
<_io.BytesIO object at 0x00000254334C84F0>,1021155393,-0.020327916368842125,-0.06272591650485992,-0.09132196754217148,0.04514215886592865,0.9928182363510132,0.001447213115170598,1.8367239361444675e-40,2.4882594789636144e+29,16100,202380,11,6,False,Left,Back,Left,Centre,78
<_io.BytesIO object at 0x00000254306BD950>,1039860779,0.267769455909729,-0.016102813184261322,-0.18103790283203125,-0.3806596100330353,0.9066775441169739,0.0,0.0,0.0,0,202380,11,6,False,Left,Back,Left,Centre,78
<_io.BytesIO object at 0x00000254334C81D0>,0,0.0,1.401298464324817e-44,3.643376007244524e-43,9.183689745645554e-41,0.3269905745983124,0.032090045511722565,-0.04352870583534241,0.00957017857581377,586,202380,11,6,False,Left,Back,Left,Centre,78
<_io.BytesIO object at 0x00000254334EDEF0>,1058925139,0.08574820309877396,-0.1598363071680069,0.6002528071403503,0.10983611643314362,-0.0811111107468605,0.6424046754837036,0.06750471144914627,-0.13697513937950134,-26658,202381,11,6,False,Left,Back,Left,Centre,78
<_io.BytesIO object at 0x00000254334EDA40>,3095412515,-1.623436477553705e+18,-130936928.0,5.873071273754249e-08,-0.0650574117898941,2.516591912080939e-40,6.979497708007332e-39,9.183549615799121e-41,-0.000335693359375,16016,202381,11,6,False,Left,Back,Left,Centre,78
<_io.BytesIO object at 0x00000254334ED9F0>,1021164175,-0.020344290882349014,-0.06269562244415283,-0.09122422337532043,0.04524826630949974,0.9928243160247803,0.0014573431108146906,1.8367239361444675e-40,2.4882594789636144e+29,16100,202381,11,6,False,Left,Back,Left,Centre,78
<_io.BytesIO object at 0x00000254334ED400>,1039860779,0.267769455909729,-0.016102813184261322,-0.18103790283203125,-0.3806596100330353,0.9066775441169739,0.0,0.0,0.0,0,202381,11,6,False,Left,Back,Left,Centre,78
<_io.BytesIO object at 0x00000254334EDDB0>,0,0.0,1.401298464324817e-44,3.643376007244524e-43,9.183689745645554e-41,0.3269921839237213,0.03208990395069122,-0.04354464262723923,0.009572172537446022,586,202381,11,6,False,Left,Back,Left,Centre,78
<_io.BytesIO object at 0x00000254334DF9F0>,1058926650,0.08724670857191086,-0.1588003933429718,0.6002712249755859,0.11151156574487686,-0.080048568546772,0.6424395442008972,0.06915253400802612,-0.13581620156764984,-30809,202382,11,6,False,Left,Back,Left,Centre,78
<_io.BytesIO object at 0x00000254334BCDB0>,3815587619,-2.9576742360749656e-18,-9.286039130529389e-05,-3.3584940082276798e+25,-7.47442638010961e-33,2.5165638861116525e-40,6.979497708007332e-39,9.183549615799121e-41,-0.000667572021484375,16016,202382,11,6,False,Left,Back,Left,Centre,78
<_io.BytesIO object at 0x00000254334DF090>,1021165374,-0.020346784964203835,-0.06252919882535934,-0.09123100340366364,0.04526777192950249,0.9928332567214966,0.0014583308948203921,1.8367239361444675e-40,2.4882594789636144e+29,16100,202382,11,6,False,Left,Back,Left,Centre,78
<_io.BytesIO object at 0x00000254334DF900>,1039860779,0.267769455909729,-0.016102813184261322,-0.18103790283203125,-0.3806596100330353,0.9066775441169739,0.0,0.0,0.0,0,202382,11,6,False,Left,Back,Left,Centre,78
<_io.BytesIO object at 0x00000254334DFD60>,0,0.0,1.401298464324817e-44,3.643376007244524e-43,9.183689745645554e-41,0.3269943594932556,0.03208800032734871,-0.04356738552451134,0.00957438349723816,586,202382,11,6,False,Left,Back,Left,Centre,78
<_io.BytesIO object at 0x000002543345BDB0>,1058926006,0.08866298198699951,-0.15771523118019104,0.6001179218292236,0.11305464059114456,-0.07898828387260437,0.6422686576843262,0.07043352723121643,-0.13463561236858368,-32289,202383,11,6,False,Left,Back,Left,Centre,78
<_io.BytesIO object at 0x000002543345B2C0>,3310763811,-8.21823244837683e-21,-1.520307276826139e-21,-3.645613890386154e+25,-8.44217523764114e+36,2.5165218471577227e-40,6.979497708007332e-39,9.183549615799121e-41,-0.0003643035888671875,16016,202383,11,6,False,Left,Back,Left,Centre,78
<_io.BytesIO object at 0x000002543345B220>,1021161163,-0.020381567999720573,-0.06273368746042252,-0.09121832251548767,0.04541754350066185,0.9928146600723267,0.001468381262384355,1.8367239361444675e-40,2.4882594789636144e+29,16100,202383,11,6,False,Left,Back,Left,Centre,78
<_io.BytesIO object at 0x000002543345B130>,1039860779,0.267769455909729,-0.016102813184261322,-0.18103790283203125,-0.3806596100330353,0.9066775441169739,0.0,0.0,0.0,0,202383,11,6,False,Left,Back,Left,Centre,78
<_io.BytesIO object at 0x000002543345BAE0>,0,0.0,1.401298464324817e-44,3.643376007244524e-43,9.183689745645554e-41,0.32699936628341675,0.03209509700536728,-0.043583739548921585,0.009576534852385521,586,202383,11,6,False,Left,Back,Left,Centre,78
<_io.BytesIO object at 0x00000254334B8450>,1058927194,0.09030549973249435,-0.15637020766735077,0.6001150012016296,0.11484981328248978,-0.07757040113210678,0.6422185897827148,0.07206691801548004,-0.13339713215827942,30004,202384,11,6,False,Left,Back,Left,Centre,78
<_io.BytesIO object at 0x0000025433451590>,3131653923,2.7805490794056763e-28,-3.399385308657532e-35,-331866944.0,-1.1196975265459205e-18,2.516479808203793e-40,6.979497708007332e-39,9.183549615799121e-41,-0.0002574920654296875,16016,202384,11,6,False,Left,Back,Left,Centre,78
<_io.BytesIO object at 0x00000254334B8C70>,1021157651,-0.020401477813720703,-0.06287145614624023,-0.09121004492044449,0.045511532574892044,0.9928024411201477,0.0014722889754921198,1.8367239361444675e-40,2.4882594789636144e+29,16100,202384,11,6,False,Left,Back,Left,Centre,78
<_io.BytesIO object at 0x00000254334B8AE0>,1039860779,0.267769455909729,-0.016102813184261322,-0.18103790283203125,-0.3806596100330353,0.9066775441169739,0.0,0.0,0.0,0,202384,11,6,False,Left,Back,Left,Centre,78
<_io.BytesIO object at 0x00000254334B8720>,0,0.0,1.401298464324817e-44,3.643376007244524e-43,9.183689745645554e-41,0.32699817419052124,0.032105572521686554,-0.04360564053058624,0.009578636847436428,586,202384,11,6,False,Left,Back,Left,Centre,78
<_io.BytesIO object at 0x00000254334BD270>,1058927509,0.09193368256092072,-0.15509547293186188,0.6000651121139526,0.1165556013584137,-0.07625404000282288,0.6423182487487793,0.07374057918787003,-0.13199053704738617,25818,202385,11,6,False,Left,Back,Left,Centre,78
<_io.BytesIO object at 0x00000254334BDD10>,3393601315,1.0980284429016089e+32,8.454748901107331e+29,-3.5601698148302287e+22,211013696.0,2.5163957302959335e-40,6.979497708007332e-39,9.183549615799121e-41,-0.0015716552734375,16016,202385,11,6,False,Left,Back,Left,Centre,78
<_io.BytesIO object at 0x00000254334BD950>,1021152509,-0.02040921524167061,-0.06288962066173553,-0.09125016629695892,0.04555290937423706,0.9927956461906433,0.001468588481657207,1.8367239361444675e-40,2.4882594789636144e+29,16100,202385,11,6,False,Left,Back,Left,Centre,78
<_io.BytesIO object at 0x00000254334BD0E0>,1039860779,0.267769455909729,-0.016102813184261322,-0.18103790283203125,-0.3806596100330353,0.9066775441169739,0.0,0.0,0.0,0,202385,11,6,False,Left,Back,Left,Centre,78
<_io.BytesIO object at 0x00000254334BDCC0>,0,0.0,1.401298464324817e-44,3.643376007244524e-43,9.183689745645554e-41,0.3270011246204376,0.03211217373609543,-0.04361328110098839,0.009580669924616814,586,202385,11,6,False,Left,Back,Left,Centre,78
<_io.BytesIO object at 0x00000254334CF2C0>,1058930365,0.09359276294708252,-0.15362310409545898,0.5999829769134521,0.11847559362649918,-0.07462672889232635,0.6420937776565552,0.07537808269262314,-0.13038481771945953,21404,202386,11,6,False,Left,Back,Left,Centre,78
<_io.BytesIO object at 0x00000254334CF4A0>,2916106019,-2.1964934133398396e-16,6288934317326336.0,-1.8873220304983202e-28,-3.436247817894352e-29,2.5162976394034308e-40,6.979497708007332e-39,9.183549615799121e-41,-0.00482177734375,16016,202386,11,6,False,Left,Back,Left,Centre,78
<_io.BytesIO object at 0x00000254334CFD10>,1021153097,-0.020421527326107025,-0.06294164806604385,-0.09117993712425232,0.04558686167001724,0.992797315120697,0.0014729357790201902,1.8367239361444675e-40,2.4882594789636144e+29,16100,202386,11,6,False,Left,Back,Left,Centre,78
<_io.BytesIO object at 0x00000254334CF090>,1039860779,0.267769455909729,-0.016102813184261322,-0.18103790283203125,-0.3806596100330353,0.9066775441169739,0.0,0.0,0.0,0,202386,11,6,False,Left,Back,Left,Centre,78
<_io.BytesIO object at 0x00000254334CF4F0>,0,0.0,1.401298464324817e-44,3.643376007244524e-43,9.183689745645554e-41,0.32701557874679565,0.032112132757902145,-0.04362837225198746,0.009582693688571453,586,202386,11,6,False,Left,Back,Left,Centre,78
<_io.BytesIO object at 0x00000254334DEEF0>,1058930089,0.09540674835443497,-0.1519869565963745,0.5999873280525208,0.12048935890197754,-0.07304984331130981,0.642180860042572,0.07713981717824936,-0.1286095231771469,16905,202387,11,6,False,Left,Back,Left,Centre,78
<_io.BytesIO object at 0x00000254334DE450>,1203846947,-2.243978451588191e-05,88.3711166381836,-4.757714361369736e-11,-9.439726686395744e-23,2.516199548510928e-40,6.979497708007332e-39,9.183549615799121e-41,-0.013916015625,16016,202387,11,6,False,Left,Back,Left,Centre,78
<_io.BytesIO object at 0x00000254334DEF90>,1021151791,-0.020434705540537834,-0.06299813091754913,-0.0911065861582756,0.045588746666908264,0.9928003549575806,0.0014798660995438695,1.8367239361444675e-40,2.4882594789636144e+29,16100,202387,11,6,False,Left,Back,Left,Centre,78
<_io.BytesIO object at 0x00000254334DE3B0>,1039860779,0.267769455909729,-0.016102813184261322,-0.18103790283203125,-0.3806596100330353,0.9066775441169739,0.0,0.0,0.0,0,202387,11,6,False,Left,Back,Left,Centre,78
<_io.BytesIO object at 0x00000254334DE770>,0,0.0,1.401298464324817e-44,3.643376007244524e-43,9.183689745645554e-41,0.3270266652107239,0.03210629150271416,-0.04365026578307152,0.00958472304046154,586,202387,11,6,False,Left,Back,Left,Centre,78
<_io.BytesIO object at 0x0000025433443180>,1058932347,0.09725932031869888,-0.1502835899591446,0.6000080108642578,0.12241219729185104,-0.07124294340610504,0.6419966220855713,0.07878994196653366,-0.1269206404685974,15168,202388,11,6,False,Left,Back,Left,Centre,78
<_io.BytesIO object at 0x0000025433443C70>,4232331043,-1.3619536787246034e-07,6.926348561364648e-08,-2.3311759633770635e-08,-3.4324991758135345e-30,2.516087444633782e-40,6.979497708007332e-39,9.183549615799121e-41,-0.08154296875,16016,202388,11,6,False,Left,Back,Left,Centre,78
<_io.BytesIO object at 0x00000254334DE770>,1021144385,-0.020462246611714363,-0.06312974542379379,-0.09107159078121185,0.0455046184360981,0.9927990436553955,0.0014878332149237394,1.8367239361444675e-40,2.4882594789636144e+29,16100,202388,11,6,False,Left,Back,Left,Centre,78
<_io.BytesIO object at 0x00000254334DED10>,1039860779,0.267769455909729,-0.016102813184261322,-0.18103790283203125,-0.3806596100330353,0.9066775441169739,0.0,0.0,0.0,0,202388,11,6,False,Left,Back,Left,Centre,78
<_io.BytesIO object at 0x00000254334DE5E0>,0,0.0,1.401298464324817e-44,3.643376007244524e-43,9.183689745645554e-41,0.3270539343357086,0.03210058435797691,-0.04369764029979706,0.009586676955223083,586,202388,11,6,False,Left,Back,Left,Centre,78
<_io.BytesIO object at 0x00000254334CFB80>,1058933602,0.09910967946052551,-0.14833608269691467,0.6000499129295349,0.12448380142450333,-0.06922559440135956,0.6420230865478516,0.08059526979923248,-0.12515737116336823,10440,202389,11,6,False,Left,Back,Left,Centre,78
<_io.BytesIO object at 0x00000254334CF0E0>,561069859,1.571996114009544e-12,2.1979178907329595e-19,2.356759050702517e+34,0.002536603482440114,2.515975340756636e-40,6.979497708007332e-39,9.183549615799121e-41,-0.2578125,16016,202389,11,6,False,Left,Back,Left,Centre,78
<_io.BytesIO object at 0x00000254334CF950>,1021143932,-0.02047821879386902,-0.0632099062204361,-0.09102563560009003,0.04552363604307175,0.992797315120697,0.0014855570625513792,1.8367239361444675e-40,2.4882594789636144e+29,16100,202389,11,6,False,Left,Back,Left,Centre,78
<_io.BytesIO object at 0x00000254334CF180>,1039860779,0.267769455909729,-0.016102813184261322,-0.18103790283203125,-0.3806596100330353,0.9066775441169739,0.0,0.0,0.0,0,202389,11,6,False,Left,Back,Left,Centre,78
<_io.BytesIO object at 0x00000254334CFC20>,0,0.0,1.401298464324817e-44,3.643376007244524e-43,9.183689745645554e-41,0.3270403742790222,0.032099973410367966,-0.043693386018276215,0.009588686749339104,586,202389,11,6,False,Left,Back,Left,Centre,78
<_io.BytesIO object at 0x00000254334BDC20>,1058932932,0.10100709646940231,-0.14629675447940826,0.6000831723213196,0.12673158943653107,-0.06719855219125748,0.641901969909668,0.0823194682598114,-0.12328755110502243,5754,202390,11,6,False,Left,Back,Left,Centre,78
<_io.BytesIO object at 0x00000254334BDCC0>,3353034531,-2.171723142421011e-29,6.018759298908522e-28,1.2485671808761282e+25,-1.203175738902553e+25,2.5158352109102036e-40,6.979497708007332e-39,9.183549615799121e-41,-0.296875,16016,202390,11,6,False,Left,Back,Left,Centre,78
<_io.BytesIO object at 0x00000254334BDD60>,1021144478,-0.020495379343628883,-0.06329918652772903,-0.09095092862844467,0.045487239956855774,0.9928001165390015,0.0014930664328858256,1.8367239361444675e-40,2.4882594789636144e+29,16100,202390,11,6,False,Left,Back,Left,Centre,78
<_io.BytesIO object at 0x00000254334BDE00>,1039860779,0.267769455909729,-0.016102813184261322,-0.18103790283203125,-0.3806596100330353,0.9066775441169739,0.0,0.0,0.0,0,202390,11,6,False,Left,Back,Left,Centre,78
<_io.BytesIO object at 0x00000254334BD950>,0,0.0,1.401298464324817e-44,3.643376007244524e-43,9.183689745645554e-41,0.3270604610443115,0.03210205212235451,-0.04373880475759506,0.009590622037649155,586,202390,11,6,False,Left,Back,Left,Centre,78
<_io.BytesIO object at 0x00000254334B89F0>,1058935162,0.1029047966003418,-0.14416904747486115,0.6001904010772705,0.12882140278816223,-0.06493431329727173,0.6420515179634094,0.08440268784761429,-0.12069185078144073,2831,202391,11,6,False,Left,Back,Left,Centre,78
<_io.BytesIO object at 0x00000254334B8EA0>,3206233891,-2.3660135184400133e-08,-2.960749283608673e+38,286.4929504394531,2.7893145624724273e-14,2.5157090940484143e-40,6.979497708007332e-39,9.183549615799121e-41,-0.267578125,16016,202391,11,6,False,Left,Back,Left,Centre,78
<_io.BytesIO object at 0x00000254334B8900>,1021144714,-0.02050841599702835,-0.06328824907541275,-0.09094046801328659,0.04559756815433502,0.9927967190742493,0.0014935850631445646,1.8367239361444675e-40,2.4882594789636144e+29,16100,202391,11,6,False,Left,Back,Left,Centre,78
<_io.BytesIO object at 0x00000254334B8C70>,1039860779,0.267769455909729,-0.016102813184261322,-0.18103790283203125,-0.3806596100330353,0.9066775441169739,0.0,0.0,0.0,0,202391,11,6,False,Left,Back,Left,Centre,78
<_io.BytesIO object at 0x00000254334B8A40>,0,0.0,1.401298464324817e-44,3.643376007244524e-43,9.183689745645554e-41,0.32705527544021606,0.03210707753896713,-0.043751783668994904,0.009592466056346893,586,202391,11,6,False,Left,Back,Left,Centre,78
<_io.BytesIO object at 0x00000254334B1B30>,1058936275,0.10498993843793869,-0.14174897968769073,0.6002336144447327,0.13116827607154846,-0.062489815056324005,0.6419495344161987,0.08637696504592896,-0.11806206405162811,-287,202392,11,6,False,Left,Back,Left,Centre,78
<_io.BytesIO object at 0x0000025433434900>,3234217762,8.084235769232333e+19,-7.048271757730838e+28,2.155333406668715e-34,-1.6568887714206622e-14,2.5155549512173386e-40,6.979497708007332e-39,9.183549615799121e-41,-0.09619140625,16016,202392,11,6,False,Left,Back,Left,Centre,78
<_io.BytesIO object at 0x0000025433434B80>,1021147721,-0.020520463585853577,-0.06335220485925674,-0.09092425554990768,0.045646000653505325,0.9927918910980225,0.0014909848105162382,1.8367239361444675e-40,2.4882594789636144e+29,16100,202392,11,6,False,Left,Back,Left,Centre,78
<_io.BytesIO object at 0x0000025433434C70>,1039860779,0.267769455909729,-0.016102813184261322,-0.18103790283203125,-0.3806596100330353,0.9066775441169739,0.0,0.0,0.0,0,202392,11,6,False,Left,Back,Left,Centre,78
<_io.BytesIO object at 0x0000025433434B30>,0,0.0,1.401298464324817e-44,3.643376007244524e-43,9.183689745645554e-41,0.3270491361618042,0.032120801508426666,-0.04375392198562622,0.009594300761818886,586,202392,11,6,False,Left,Back,Left,Centre,78
<_io.BytesIO object at 0x00000254334DFC20>,1058939283,0.10702266544103622,-0.13919247686862946,0.6002857685089111,0.13343742489814758,-0.05992657691240311,0.6419195532798767,0.0883459597826004,-0.1158180832862854,-5032,202393,11,6,False,Left,Back,Left,Centre,78
<_io.BytesIO object at 0x00000254334DFDB0>,69877538,-1.908907997759758e-27,-6.621858036401884e+19,5.62635020921945e+29,41021.2890625,2.515400808386263e-40,6.979497708007332e-39,9.183549615799121e-41,-0.049072265625,16016,202393,11,6,False,Left,Back,Left,Centre,78
<_io.BytesIO object at 0x00000254334DF360>,1021144283,-0.020542245358228683,-0.0633530542254448,-0.09094283729791641,0.045752182602882385,0.9927853345870972,0.001494609983637929,1.8367239361444675e-40,2.4882594789636144e+29,16100,202393,11,6,False,Left,Back,Left,Centre,78
<_io.BytesIO object at 0x00000254334DFD10>,1039860779,0.267769455909729,-0.016102813184261322,-0.18103790283203125,-0.3806596100330353,0.9066775441169739,0.0,0.0,0.0,0,202393,11,6,False,Left,Back,Left,Centre,78
<_io.BytesIO object at 0x00000254334DFCC0>,0,0.0,1.401298464324817e-44,3.643376007244524e-43,9.183689745645554e-41,0.3270436227321625,0.03211720660328865,-0.04377123713493347,0.009596207179129124,586,202393,11,6,False,Left,Back,Left,Centre,78
<_io.BytesIO object at 0x00000254334ED3B0>,1058940988,0.10913670808076859,-0.13646674156188965,0.6004015803337097,0.13585403561592102,-0.05711359530687332,0.6420156359672546,0.09035591036081314,-0.11299920082092285,-7165,202394,11,6,False,Left,Back,Left,Centre,78
<_io.BytesIO object at 0x00000254334ED4F0>,450510626,-1.2534969962140395e-29,-7859507036160.0,1.1182393383520079e+27,1.814837014535442e-05,2.515232652570544e-40,6.979497708007332e-39,9.183549615799121e-41,-0.0074462890625,16016,202394,11,6,False,Left,Back,Left,Centre,78
<_io.BytesIO object at 0x00000254334EDE00>,1021147408,-0.020549265667796135,-0.0634789690375328,-0.09094115346670151,0.04580790176987648,0.9927748441696167,0.0014963328139856458,1.8367239361444675e-40,2.4882594789636144e+29,16100,202394,11,6,False,Left,Back,Left,Centre,78
<_io.BytesIO object at 0x00000254334ED770>,1039860779,0.267769455909729,-0.016102813184261322,-0.18103790283203125,-0.3806596100330353,0.9066775441169739,0.0,0.0,0.0,0,202394,11,6,False,Left,Back,Left,Centre,78
<_io.BytesIO object at 0x00000254334ED130>,0,0.0,1.401298464324817e-44,3.643376007244524e-43,9.183689745645554e-41,0.3270265758037567,0.03213409334421158,-0.043770212680101395,0.009597926400601864,586,202394,11,6,False,Left,Back,Left,Centre,78
<_io.BytesIO object at 0x00000254306BD310>,1058943682,0.11124702543020248,-0.13338011503219604,0.6005396246910095,0.13832099735736847,-0.054148972034454346,0.6421880125999451,0.09254266321659088,-0.11004303395748138,-5080,202395,11,6,False,Left,Back,Left,Centre,78
<_io.BytesIO object at 0x00000254306BD9A0>,3043835682,5.333607711361909e-34,-720336768.0,1.108623310542096e+22,2.2538970276869623e-22,2.5150504837701817e-40,6.979497708007332e-39,9.183549615799121e-41,-0.000713348388671875,16016,202395,11,6,False,Left,Back,Left,Centre,78
<_io.BytesIO object at 0x00000254306BD9F0>,1021148474,-0.02055172622203827,-0.06350552290678024,-0.09097440540790558,0.046069756150245667,0.9927579164505005,0.0014982166467234492,1.8367239361444675e-40,2.4882594789636144e+29,16100,202395,11,6,False,Left,Back,Left,Centre,78
<_io.BytesIO object at 0x00000254306BD6D0>,1039860779,0.267769455909729,-0.016102813184261322,-0.18103790283203125,-0.3806596100330353,0.9066775441169739,0.0,0.0,0.0,0,202395,11,6,False,Left,Back,Left,Centre,78
<_io.BytesIO object at 0x00000254306BDE00>,0,0.0,1.401298464324817e-44,3.643376007244524e-43,9.183689745645554e-41,0.3270080089569092,0.03215038403868675,-0.043762847781181335,0.009599637240171432,586,202395,11,6,False,Left,Back,Left,Centre,78
<_io.BytesIO object at 0x0000025433443590>,1058947358,0.11297784745693207,-0.130681112408638,0.6006433963775635,0.14070257544517517,-0.05092402920126915,0.6423556208610535,0.09471955895423889,-0.10688357055187225,-3751,202396,11,6,False,Left,Back,Left,Centre,78
<_io.BytesIO object at 0x0000025433443A40>,2104508194,5.363704499340287e-34,-3032340224.0,3.1975235689230736e+26,9.174511636731846e-18,2.5148543019851762e-40,6.979497708007332e-39,9.183549615799121e-41,-6.67572021484375e-05,16016,202396,11,6,False,Left,Back,Left,Centre,78
<_io.BytesIO object at 0x00000254334439A0>,1021148468,-0.02054857648909092,-0.06348071992397308,-0.09097813069820404,0.046278923749923706,0.9927494525909424,0.0014955762308090925,1.8367239361444675e-40,2.4882594789636144e+29,16100,202396,11,6,False,Left,Back,Left,Centre,78
<_io.BytesIO object at 0x0000025433443B30>,1039860779,0.267769455909729,-0.016102813184261322,-0.18103790283203125,-0.3806596100330353,0.9066775441169739,0.0,0.0,0.0,0,202396,11,6,False,Left,Back,Left,Centre,78
<_io.BytesIO object at 0x00000254334437C0>,0,0.0,1.401298464324817e-44,3.643376007244524e-43,9.183689745645554e-41,0.32699066400527954,0.03216465562582016,-0.043761130422353745,0.009601494297385216,586,202396,11,6,False,Left,Back,Left,Centre,78
<_io.BytesIO object at 0x00000254306BDAE0>,1058950802,0.11528658866882324,-0.12690037488937378,0.6008939743041992,0.1431778371334076,-0.04776522517204285,0.6426309943199158,0.09674091637134552,-0.10349838435649872,-2101,202397,11,6,False,Left,Back,Left,Centre,78
<_io.BytesIO object at 0x00000254334BC090>,162610978,-174315056.0,-13203094528.0,-2.6148628481441792e+17,-1.2385846730467165e-06,2.5145740422923112e-40,6.979497708007332e-39,9.183549615799121e-41,-1.424551010131836e-05,16016,202397,11,6,False,Left,Back,Left,Centre,78
<_io.BytesIO object at 0x00000254306BD680>,1021151798,-0.02054516226053238,-0.0635971650481224,-0.09098988026380539,0.046403881162405014,0.9927351474761963,0.0014979810221120715,1.8367239361444675e-40,2.4882594789636144e+29,16100,202397,11,6,False,Left,Back,Left,Centre,78
<_io.BytesIO object at 0x00000254306BD950>,1039860779,0.267769455909729,-0.016102813184261322,-0.18103790283203125,-0.3806596100330353,0.9066775441169739,0.0,0.0,0.0,0,202397,11,6,False,Left,Back,Left,Centre,78
<_io.BytesIO object at 0x00000254306BDC70>,0,0.0,1.401298464324817e-44,3.643376007244524e-43,9.183689745645554e-41,0.3269805610179901,0.032174814492464066,-0.04375625029206276,0.009603423066437244,586,202397,11,6,False,Left,Back,Left,Centre,78
<_io.BytesIO object at 0x00000254334BDB30>,1058955789,0.11729054898023605,-0.12371421605348587,0.6012367606163025,0.14567513763904572,-0.04412214830517769,0.6429340839385986,0.09906497597694397,-0.09999798983335495,-24,202398,11,6,False,Left,Back,Left,Centre,78
<_io.BytesIO object at 0x00000254334BD720>,3546496802,-2.4132119964376377e+37,-2.6844453985583104e+16,-1.035329352227412e+37,-1.3065638542175293,2.5141396397683705e-40,6.979497708007332e-39,9.183549615799121e-41,-4.5299530029296875e-06,16016,202398,11,6,False,Left,Back,Left,Centre,78
<_io.BytesIO object at 0x00000254334BDA40>,1021155142,-0.020547641441226006,-0.06362025439739227,-0.09099981933832169,0.046463679522275925,0.9927299618721008,0.0015016297111287713,1.8367239361444675e-40,2.4882594789636144e+29,16100,202398,11,6,False,Left,Back,Left,Centre,78
<_io.BytesIO object at 0x00000254334BDF40>,1039860779,0.267769455909729,-0.016102813184261322,-0.18103790283203125,-0.3806596100330353,0.9066775441169739,0.0,0.0,0.0,0,202398,11,6,False,Left,Back,Left,Centre,78
<_io.BytesIO object at 0x00000254334DF9F0>,0,0.0,1.401298464324817e-44,3.643376007244524e-43,9.183689745645554e-41,0.32697972655296326,0.032189078629016876,-0.0437442809343338,0.009605186991393566,586,202398,11,6,False,Left,Back,Left,Centre,78
<_io.BytesIO object at 0x000002543068BE00>,1058962204,0.11935164779424667,-0.120020791888237,0.6016399264335632,0.1481734663248062,-0.040462542325258255,0.6433425545692444,0.10119858384132385,-0.09620929509401321,6831,202399,11,6,False,Left,Back,Left,Centre,78
<_io.BytesIO object at 0x000002543068BC70>,564739875,-5.302072257802604e-13,-3.708814114236394e+27,-5.337827077046831e-13,2.4011699137553025e-27,2.5136912242597866e-40,6.979497708007332e-39,9.183549615799121e-41,-1.996755599975586e-06,16016,202399,11,6,False,Left,Back,Left,Centre,78
<_io.BytesIO object at 0x000002543068BE50>,1021153675,-0.02054733596742153,-0.06362713873386383,-0.09105779975652695,0.046570684760808945,0.9927191734313965,0.0015060785226523876,1.8367239361444675e-40,2.4882594789636144e+29,16100,202399,11,6,False,Left,Back,Left,Centre,78
<_io.BytesIO object at 0x000002543068BB80>,1039860779,0.267769455909729,-0.016102813184261322,-0.18103790283203125,-0.3806596100330353,0.9066775441169739,0.0,0.0,0.0,0,202399,11,6,False,Left,Back,Left,Centre,78
<_io.BytesIO object at 0x000002543068B7C0>,0,0.0,1.401298464324817e-44,3.643376007244524e-43,9.183689745645554e-41,0.3269769251346588,0.03219189867377281,-0.04374985024333,0.009607097133994102,586,202399,11,6,False,Left,Back,Left,Centre,78
<_io.BytesIO object at 0x00000254334CFA90>,1058970113,0.12135516852140427,-0.11605041474103928,0.6022039651870728,0.15076498687267303,-0.03644965589046478,0.6438449621200562,0.10345392674207687,-0.09211955964565277,12230,202400,11,6,False,Left,Back,Left,Centre,78
<_io.BytesIO object at 0x00000254334CF1D0>,216481571,1.536061350253401e-30,6.4393984614228e-33,-6.155870531623671e+37,7.831590482965112e-05,2.5131867568126297e-40,6.979497708007332e-39,9.183549615799121e-41,-7.189810276031494e-07,16016,202400,11,6,False,Left,Back,Left,Centre,78
<_io.BytesIO object at 0x00000254334CFAE0>,1021151181,-0.020545337349176407,-0.06370703876018524,-0.09102056175470352,0.046725254505872726,0.9927101135253906,0.0015102621400728822,1.8367239361444675e-40,2.4882594789636144e+29,16100,202400,11,6,False,Left,Back,Left,Centre,78
<_io.BytesIO object at 0x00000254334CF090>,1039860779,0.267769455909729,-0.016102813184261322,-0.18103790283203125,-0.3806596100330353,0.9066775441169739,0.0,0.0,0.0,0,202400,11,6,False,Left,Back,Left,Centre,78
<_io.BytesIO object at 0x00000254334CF720>,0,0.0,1.401298464324817e-44,3.643376007244524e-43,9.183689745645554e-41,0.3269698917865753,0.032195135951042175,-0.043751273304224014,0.009608997963368893,586,202400,11,6,False,Left,Back,Left,Centre,78
<_io.BytesIO object at 0x0000025433434A90>,1058978755,0.12360886484384537,-0.11184653639793396,0.6028773188591003,0.15321673452854156,-0.03210332989692688,0.6443473696708679,0.10572549700737,-0.0878276377916336,19818,202401,11,6,False,Left,Back,Left,Centre,78
<_io.BytesIO object at 0x0000025433434C20>,2917482275,-9.813094088620954e+22,1.91836217050545e-11,0.004005325026810169,3.5581695556174964e-05,2.5124020296726078e-40,6.979497708007332e-39,9.183549615799121e-41,-4.7730281949043274e-08,16016,202401,11,6,False,Left,Back,Left,Centre,78
<_io.BytesIO object at 0x0000025433434CC0>,1021149349,-0.020538216456770897,-0.06372062861919403,-0.09099841117858887,0.04688079282641411,0.9927040338516235,0.0015116345603019,1.8367239361444675e-40,2.4882594789636144e+29,16100,202401,11,6,False,Left,Back,Left,Centre,78
<_io.BytesIO object at 0x00000254334348B0>,1039860779,0.267769455909729,-0.016102813184261322,-0.18103790283203125,-0.3806596100330353,0.9066775441169739,0.0,0.0,0.0,0,202401,11,6,False,Left,Back,Left,Centre,78
<_io.BytesIO object at 0x0000025433434BD0>,0,0.0,1.401298464324817e-44,3.643376007244524e-43,9.183689745645554e-41,0.3269537687301636,0.03219851478934288,-0.04375190660357475,0.009610889479517937,586,202401,11,6,False,Left,Back,Left,Centre,78
<_io.BytesIO object at 0x00000254334B8900>,1058989182,0.12574756145477295,-0.1073896735906601,0.6036040782928467,0.1557493507862091,-0.027480149641633034,0.6450261473655701,0.10796286910772324,-0.0835145115852356,26762,202402,11,6,False,Left,Back,Left,Centre,78
<_io.BytesIO object at 0x00000254334B8C70>,1508785955,4.4889851835705485e-09,3.597042669542441e+17,1.680366097263493e+17,1.704493762232069e+27,2.5113090168704344e-40,6.979497708007332e-39,9.183549615799121e-41,-2.459273673593998e-09,16016,202402,11,6,False,Left,Back,Left,Centre,78
<_io.BytesIO object at 0x00000254334B8CC0>,1021145558,-0.02053700014948845,-0.06384523957967758,-0.09096912294626236,0.047034017741680145,0.9926914572715759,0.001513355178758502,1.8367239361444675e-40,2.4882594789636144e+29,16100,202402,11,6,False,Left,Back,Left,Centre,78
<_io.BytesIO object at 0x00000254334B8C20>,1039860779,0.267769455909729,-0.016102813184261322,-0.18103790283203125,-0.3806596100330353,0.9066775441169739,0.0,0.0,0.0,0,202402,11,6,False,Left,Back,Left,Centre,78
<_io.BytesIO object at 0x00000254334B8810>,0,0.0,1.401298464324817e-44,3.643376007244524e-43,9.183689745645554e-41,0.3269348740577698,0.032204460352659225,-0.043747104704380035,0.009612771682441235,586,202402,11,6,False,Left,Back,Left,Centre,78
<_io.BytesIO object at 0x00000254334ED3B0>,1059000979,0.12800107896327972,-0.10259205847978592,0.6042572259902954,0.158246248960495,-0.02255517989397049,0.6458134055137634,0.11023109406232834,-0.07867921888828278,-26916,202403,11,6,False,Left,Back,Left,Centre,78
<_io.BytesIO object at 0x00000254334EDB80>,3980017443,4.939057955932622e-20,-3.182905937443551e-28,5.640255689564908e+28,-1.365836043990446e-35,2.509024900373585e-40,6.979497708007332e-39,9.183549615799121e-41,-7.617018127348274e-12,16016,202403,11,6,False,Left,Back,Left,Centre,78
<_io.BytesIO object at 0x00000254334EDB30>,1021139489,-0.02054377645254135,-0.06381521373987198,-0.09093108028173447,0.04766764119267464,0.9926666617393494,0.0015157402958720922,1.8367239361444675e-40,2.4882594789636144e+29,16100,202403,11,6,False,Left,Back,Left,Centre,78
<_io.BytesIO object at 0x00000254334ED9F0>,1039860779,0.267769455909729,-0.016102813184261322,-0.18103790283203125,-0.3806596100330353,0.9066775441169739,0.0,0.0,0.0,0,202403,11,6,False,Left,Back,Left,Centre,78
<_io.BytesIO object at 0x00000254334EDE00>,0,0.0,1.401298464324817e-44,3.643376007244524e-43,9.183689745645554e-41,0.3268321752548218,0.03223492205142975,-0.04373948276042938,0.009614595212042332,586,202403,11,6,False,Left,Back,Left,Centre,78
<_io.BytesIO object at 0x00000254334DE8B0>,1059014878,0.13032925128936768,-0.09754177182912827,0.6051826477050781,0.1606133133172989,-0.01729029230773449,0.646622359752655,0.11248167604207993,-0.07372339069843292,-14261,202404,11,6,False,Left,Back,Left,Centre,78
<_io.BytesIO object at 0x00000254334DE860>,2298232611,-4.255110757745098e-35,-6512327.5,6693703309590528.0,-2.8172352744191143e+32,2.047941653672147e-40,6.979497708007332e-39,9.183549615799121e-41,-8.271161533457416e-15,16016,202404,11,6,False,Left,Back,Left,Centre,78
<_io.BytesIO object at 0x00000254334DEC20>,1021137236,-0.020532062277197838,-0.06382708996534348,-0.09090181440114975,0.048080820590257645,0.9926485419273376,0.0015139186289161444,1.8367239361444675e-40,2.4882594789636144e+29,16100,202404,11,6,False,Left,Back,Left,Centre,78
<_io.BytesIO object at 0x00000254334DE9F0>,1039860779,0.267769455909729,-0.016102813184261322,-0.18103790283203125,-0.3806596100330353,0.9066775441169739,0.0,0.0,0.0,0,202404,11,6,False,Left,Back,Left,Centre,78
<_io.BytesIO object at 0x00000254334DEC70>,0,0.0,1.401298464324817e-44,3.643376007244524e-43,9.183689745645554e-41,0.32679659128189087,0.032240282744169235,-0.04373769834637642,0.009616407565772533,586,202404,11,6,False,Left,Back,Left,Centre,78
<_io.BytesIO object at 0x00000254334ED6D0>,1059028056,0.13259747624397278,-0.09223609417676926,0.6061108112335205,0.16296815872192383,-0.011584073305130005,0.6475970149040222,0.11480887979269028,-0.06848502159118652,-1365,202405,11,6,False,Left,Back,Left,Centre,78
<_io.BytesIO object at 0x00000254334ED270>,464207651,-4.8956820204176496e-29,9.914945874300595e-34,6.30735757337921e-15,-2.6868750969174623e-29,2.051669107587251e-40,6.979497708007332e-39,9.183549615799121e-41,-2.9680034471790684e-18,16016,202405,11,6,False,Left,Back,Left,Centre,78
<_io.BytesIO object at 0x00000254334ED450>,1021126577,-0.020511634647846222,-0.06390520930290222,-0.0908074676990509,0.04850226640701294,0.9926316738128662,0.0015236198669299483,1.8367239361444675e-40,2.4882594789636144e+29,16100,202405,11,6,False,Left,Back,Left,Centre,78
<_io.BytesIO object at 0x00000254334ED680>,1039860779,0.267769455909729,-0.016102813184261322,-0.18103790283203125,-0.3806596100330353,0.9066775441169739,0.0,0.0,0.0,0,202405,11,6,False,Left,Back,Left,Centre,78
<_io.BytesIO object at 0x00000254334EDBD0>,0,0.0,1.401298464324817e-44,3.643376007244524e-43,9.183689745645554e-41,0.326752632856369,0.03225584328174591,-0.0437236949801445,0.009618113748729229,586,202405,11,6,False,Left,Back,Left,Centre,78
<_io.BytesIO object at 0x000002543068B540>,1059046786,0.1348734050989151,-0.08650870621204376,0.6070261597633362,0.16518810391426086,-0.005602320656180382,0.6484190821647644,0.11700787395238876,-0.06306857615709305,13096,202406,11,6,False,Left,Back,Left,Centre,78
<_io.BytesIO object at 0x000002543068BEF0>,2386837284,-1.4284900202786734e+30,8183480.5,-3.1632726366044503e-32,-4.42370007451413e-27,2.0531124450055057e-40,6.979497708007332e-39,9.183549615799121e-41,-6.432156443212343e-21,16016,202406,11,6,False,Left,Back,Left,Centre,78
<_io.BytesIO object at 0x000002543068B310>,1021117670,-0.02050306834280491,-0.06392350792884827,-0.09085368365049362,0.0487859733402729,0.992612361907959,0.0015274605248123407,1.8367239361444675e-40,2.4882594789636144e+29,16100,202406,11,6,False,Left,Back,Left,Centre,78
<_io.BytesIO object at 0x000002543068B9A0>,1039860779,0.267769455909729,-0.016102813184261322,-0.18103790283203125,-0.3806596100330353,0.9066775441169739,0.0,0.0,0.0,0,202406,11,6,False,Left,Back,Left,Centre,78
<_io.BytesIO object at 0x000002543068BC20>,0,0.0,1.401298464324817e-44,3.643376007244524e-43,9.183689745645554e-41,0.32671457529067993,0.03226574510335922,-0.04370833933353424,0.009619656018912792,586,202406,11,6,False,Left,Back,Left,Centre,78
<_io.BytesIO object at 0x00000254334DEF90>,1059063663,0.13725952804088593,-0.0807453989982605,0.6081116795539856,0.16721978783607483,0.0006590413395315409,0.6495370268821716,0.11920564621686935,-0.057268477976322174,28758,202407,11,6,False,Left,Back,Left,Centre,78
<_io.BytesIO object at 0x00000254334DED60>,792346404,2.613136053085327,-3.5644611872639636e-29,-1.213681607907575e-25,-680487552.0,2.054093353930533e-40,6.979497708007332e-39,9.183549615799121e-41,-1.5509636485369269e-24,16016,202407,11,6,False,Left,Back,Left,Centre,78
<_io.BytesIO object at 0x00000254334C8400>,1021100193,-0.020502740517258644,-0.06355199217796326,-0.09104730188846588,0.04888588935136795,0.9926135540008545,0.0015097109135240316,1.8367239361444675e-40,2.4882594789636144e+29,16100,202407,11,6,False,Left,Back,Left,Centre,78
<_io.BytesIO object at 0x00000254334C8310>,1039860779,0.267769455909729,-0.016102813184261322,-0.18103790283203125,-0.3806596100330353,0.9066775441169739,0.0,0.0,0.0,0,202407,11,6,False,Left,Back,Left,Centre,78
<_io.BytesIO object at 0x00000254334C8220>,0,0.0,1.401298464324817e-44,3.643376007244524e-43,9.183689745645554e-41,0.32667064666748047,0.03227296844124794,-0.0436982698738575,0.009621189907193184,586,202407,11,6,False,Left,Back,Left,Centre,78
<_io.BytesIO object at 0x000002543345B900>,1059083651,0.1396310031414032,-0.0745197981595993,0.6091558337211609,0.16912813484668732,0.00721033476293087,0.6506255269050598,0.12136172503232956,-0.05119544640183449,-22373,202408,11,6,False,Left,Back,Left,Centre,78
<_io.BytesIO object at 0x000002543345B310>,2316779300,1.006984734179934e-29,-121729728512.0,1.5143893482096374e-15,-3.5955013156933e-19,2.0547799901780523e-40,6.979497708007332e-39,9.183549615799121e-41,-1.001853349630685e-28,16016,202408,11,6,False,Left,Back,Left,Centre,78
<_io.BytesIO object at 0x000002543345B720>,1021081725,-0.020489683374762535,-0.06380730122327805,-0.09094884991645813,0.04918266087770462,0.9925916194915771,0.0015216886531561613,1.8367239361444675e-40,2.4882594789636144e+29,16100,202408,11,6,False,Left,Back,Left,Centre,78
<_io.BytesIO object at 0x000002543345B540>,1039860779,0.267769455909729,-0.016102813184261322,-0.18103790283203125,-0.3806596100330353,0.9066775441169739,0.0,0.0,0.0,0,202408,11,6,False,Left,Back,Left,Centre,78
<_io.BytesIO object at 0x000002543345BE50>,0,0.0,1.401298464324817e-44,3.643376007244524e-43,9.183689745645554e-41,0.3266238272190094,0.03226381167769432,-0.04369131103157997,0.009622959420084953,586,202408,11,6,False,Left,Back,Left,Centre,78
<_io.BytesIO object at 0x00000254334B1F90>,1059102912,0.14193487167358398,-0.06818439811468124,0.6104474663734436,0.17092584073543549,0.014149073511362076,0.6517504453659058,0.12331225723028183,-0.045039962977170944,-5483,202409,11,6,False,Left,Back,Left,Centre,78
<_io.BytesIO object at 0x00000254334BC220>,3429449508,-4.0005192938293894e+33,1.1419494154696657e-33,1.2131239837728557e+33,8.08125620589429e-22,2.055494652394858e-40,6.979497708007332e-39,9.183549615799121e-41,-8.281498760865114e-33,16016,202409,11,6,False,Left,Back,Left,Centre,78
<_io.BytesIO object at 0x00000254334BC090>,1021073765,-0.020468713715672493,-0.06379816681146622,-0.09093216806650162,0.04988986998796463,0.9925583600997925,0.001530300360172987,1.8367239361444675e-40,2.4882594789636144e+29,16100,202409,11,6,False,Left,Back,Left,Centre,78
<_io.BytesIO object at 0x00000254334BC180>,1039860779,0.267769455909729,-0.016102813184261322,-0.18103790283203125,-0.3806596100330353,0.9066775441169739,0.0,0.0,0.0,0,202409,11,6,False,Left,Back,Left,Centre,78
<_io.BytesIO object at 0x00000254334BC770>,0,0.0,1.401298464324817e-44,3.643376007244524e-43,9.183689745645554e-41,0.32652029395103455,0.032298311591148376,-0.04367687925696373,0.009624671190977097,586,202409,11,6,False,Left,Back,Left,Centre,78
<_io.BytesIO object at 0x0000025433443F90>,1059124250,0.14409850537776947,-0.06169909983873367,0.6115179061889648,0.17250093817710876,0.021307405084371567,0.6528134346008301,0.12538248300552368,-0.038704726845026016,7283,202410,11,6,False,Left,Back,Left,Centre,78
<_io.BytesIO object at 0x0000025433443040>,237780773,5.167983744748367e-21,0.02706769108772278,9.780041646376398e+26,-0.0032385410740971565,2.0558589899955824e-40,6.979497708007332e-39,9.183549615799121e-41,-2.1158898314801175e-37,16016,202410,11,6,False,Left,Back,Left,Centre,78
<_io.BytesIO object at 0x0000025433443130>,1021062500,-0.020444367080926895,-0.06391637027263641,-0.09091701358556747,0.050323233008384705,0.9925302863121033,0.0015293169999495149,1.8367239361444675e-40,2.4882594789636144e+29,16100,202410,11,6,False,Left,Back,Left,Centre,78
<_io.BytesIO object at 0x0000025433443B80>,1039860779,0.267769455909729,-0.016102813184261322,-0.18103790283203125,-0.3806596100330353,0.9066775441169739,0.0,0.0,0.0,0,202410,11,6,False,Left,Back,Left,Centre,78
<_io.BytesIO object at 0x0000025433443220>,0,0.0,1.401298464324817e-44,3.643376007244524e-43,9.183689745645554e-41,0.3264487385749817,0.0323052816092968,-0.043646421283483505,0.009626390412449837,586,202410,11,6,False,Left,Back,Left,Centre,78
<_io.BytesIO object at 0x00000254334CFA40>,1059141946,0.14630356431007385,-0.05512462183833122,0.612722635269165,0.17406582832336426,0.028629424050450325,0.6538487672805786,0.12736694514751434,-0.03238485008478165,21083,202411,11,6,False,Left,Back,Left,Centre,78
<_io.BytesIO object at 0x00000254334CFCC0>,135348005,-2.219632810884775e-11,2.1574195392370817e+33,2.4662596051207857e-26,3.521355651514568e-08,2.056223327596307e-40,6.979497708007332e-39,9.183549615799121e-41,3.206243310145256e+35,16016,202411,11,6,False,Left,Back,Left,Centre,78
<_io.BytesIO object at 0x00000254334CF400>,1021058737,-0.02041517198085785,-0.06405969709157944,-0.09083248674869537,0.05077095702290535,0.9925059676170349,0.0015283578541129827,1.8367239361444675e-40,2.4882594789636144e+29,16100,202411,11,6,False,Left,Back,Left,Centre,78
<_io.BytesIO object at 0x00000254334CFE00>,1039860779,0.267769455909729,-0.016102813184261322,-0.18103790283203125,-0.3806596100330353,0.9066775441169739,0.0,0.0,0.0,0,202411,11,6,False,Left,Back,Left,Centre,78
<_io.BytesIO object at 0x00000254334CF7C0>,0,0.0,1.401298464324817e-44,3.643376007244524e-43,9.183689745645554e-41,0.3263656795024872,0.032326601445674896,-0.04361601173877716,0.009628184139728546,586,202411,11,6,False,Left,Back,Left,Centre,78
<_io.BytesIO object at 0x00000254334B88B0>,1059159549,0.14847616851329803,-0.048447199165821075,0.6135385632514954,0.17533671855926514,0.03603167086839676,0.6548244953155518,0.129414364695549,-0.025876881554722786,-27481,202412,11,6,False,Left,Back,Left,Centre,78
<_io.BytesIO object at 0x00000254334B85E0>,141967141,-2.2335093690092527e+33,-2.7443419980954786e-08,-2.0688485053593064e-19,-7.593272255419727e+35,2.056573652212388e-40,6.979497708007332e-39,9.183549615799121e-41,4.258513735141708e+30,16016,202412,11,6,False,Left,Back,Left,Centre,78
<_io.BytesIO object at 0x00000254334B8BD0>,1021058931,-0.020380645990371704,-0.06431364268064499,-0.09069451689720154,0.05119312182068825,0.9924805164337158,0.001530522364191711,1.8367239361444675e-40,2.4882594789636144e+29,16100,202412,11,6,False,Left,Back,Left,Centre,78
<_io.BytesIO object at 0x00000254334B86D0>,1039860779,0.267769455909729,-0.016102813184261322,-0.18103790283203125,-0.3806596100330353,0.9066775441169739,0.0,0.0,0.0,0,202412,11,6,False,Left,Back,Left,Centre,78
<_io.BytesIO object at 0x00000254334B8040>,0,0.0,1.401298464324817e-44,3.643376007244524e-43,9.183689745645554e-41,0.3262779414653778,0.03235362097620964,-0.04358549416065216,0.00962972640991211,586,202412,11,6,False,Left,Back,Left,Centre,78
<_io.BytesIO object at 0x000002542B185680>,1059176719,0.150453582406044,-0.041731446981430054,0.6142355799674988,0.17659452557563782,0.04329738765954971,0.655807614326477,0.13129621744155884,-0.01932787336409092,-11657,202413,11,6,False,Left,Back,Left,Centre,78
<_io.BytesIO object at 0x000002542B185360>,3605085989,1.4786879499512308e-35,-1.551201153082808e+32,1.939532962461268e-35,7.867076066876298e+31,2.0569520027977557e-40,6.979497708007332e-39,9.183549615799121e-41,6.195744825524975e+24,16016,202413,11,6,False,Left,Back,Left,Centre,78
<_io.BytesIO object at 0x000002542B185630>,1021050665,-0.020343581214547157,-0.06447555124759674,-0.09067317843437195,0.051765065640211105,0.99244225025177,0.0015135492430999875,1.8367239361444675e-40,2.4882594789636144e+29,16100,202413,11,6,False,Left,Back,Left,Centre,78
<_io.BytesIO object at 0x000002542B1858B0>,1039860779,0.267769455909729,-0.016102813184261322,-0.18103790283203125,-0.3806596100330353,0.9066775441169739,0.0,0.0,0.0,0,202413,11,6,False,Left,Back,Left,Centre,78
<_io.BytesIO object at 0x000002542B1851D0>,0,0.0,1.401298464324817e-44,3.643376007244524e-43,9.183689745645554e-41,0.32617422938346863,0.032364968210458755,-0.04353717714548111,0.00963127613067627,586,202413,11,6,False,Left,Back,Left,Centre,78
<_io.BytesIO object at 0x00000254334B8360>,1059193301,0.15226738154888153,-0.03495676815509796,0.6146524548530579,0.17788584530353546,0.05071382597088814,0.6565992832183838,0.13300253450870514,-0.01291077584028244,9065,202414,11,6,False,Left,Back,Left,Centre,78
<_io.BytesIO object at 0x00000254334C8F90>,2629713702,8.204621622098784e-07,0.008772874251008034,4.159368761534457e+31,8.936662075937264e+23,2.0573303533831234e-40,6.979497708007332e-39,9.183549615799121e-41,2.501839664996858e+20,16016,202414,11,6,False,Left,Back,Left,Centre,78
<_io.BytesIO object at 0x00000254334B89F0>,1021048834,-0.020303018391132355,-0.06480881571769714,-0.09049287438392639,0.05209507793188095,0.9924197793006897,0.0015139251481741667,1.8367239361444675e-40,2.4882594789636144e+29,16100,202414,11,6,False,Left,Back,Left,Centre,78
<_io.BytesIO object at 0x00000254334B86D0>,1039860779,0.267769455909729,-0.016102813184261322,-0.18103790283203125,-0.3806596100330353,0.9066775441169739,0.0,0.0,0.0,0,202414,11,6,False,Left,Back,Left,Centre,78
<_io.BytesIO object at 0x00000254334B87C0>,0,0.0,1.401298464324817e-44,3.643376007244524e-43,9.183689745645554e-41,0.32610023021698,0.0323641374707222,-0.0435120090842247,0.009632817469537258,586,202414,11,6,False,Left,Back,Left,Centre,78
<_io.BytesIO object at 0x00000254334DE5E0>,1059207923,0.1539342850446701,-0.027993708848953247,0.61473548412323,0.17916114628314972,0.05789151042699814,0.6575867533683777,0.13483063876628876,-0.0058750370517373085,28227,202415,11,6,False,Left,Back,Left,Centre,78
<_io.BytesIO object at 0x00000254334DE400>,29703974,0.10705136507749557,-2.5237376984024875e-34,-1.504627711312878e-08,2.5585085822533632e+17,2.057526535168129e-40,6.979497708007332e-39,9.183549615799121e-41,3126736191488.0,16016,202415,11,6,False,Left,Back,Left,Centre,78
<_io.BytesIO object at 0x00000254334DE680>,1021035729,-0.02029632031917572,-0.06517922133207321,-0.09049013257026672,0.05293331295251846,0.9923514723777771,0.0015200788620859385,1.8367239361444675e-40,2.4882594789636144e+29,16100,202415,11,6,False,Left,Back,Left,Centre,78
<_io.BytesIO object at 0x00000254334DED60>,1039860779,0.267769455909729,-0.016102813184261322,-0.18103790283203125,-0.3806596100330353,0.9066775441169739,0.0,0.0,0.0,0,202415,11,6,False,Left,Back,Left,Centre,78
<_io.BytesIO object at 0x00000254334DECC0>,0,0.0,1.401298464324817e-44,3.643376007244524e-43,9.183689745645554e-41,0.3259822726249695,0.03239874541759491,-0.0434190072119236,0.009633781388401985,586,202415,11,6,False,Left,Back,Left,Centre,78
<_io.BytesIO object at 0x00000254334436D0>,1059219643,0.15531916916370392,-0.02096530981361866,0.6146180629730225,0.18021753430366516,0.06512637436389923,0.6584714651107788,0.13645341992378235,0.0008844560943543911,-12964,202416,11,6,False,Left,Back,Left,Centre,78
<_io.BytesIO object at 0x0000025433443540>,1424572198,1.66600348086434e-25,-12660372406272.0,4.0744621519637344e-33,-1.2456761442906271e-21,2.0577227169531344e-40,6.979497708007332e-39,9.183549615799121e-41,937984.0,16016,202416,11,6,False,Left,Back,Left,Centre,78
<_io.BytesIO object at 0x0000025433443A40>,1021039425,-0.020253093913197517,-0.06541578471660614,-0.09022119641304016,0.05328869819641113,0.9923412799835205,0.001517155091278255,1.8367239361444675e-40,2.4882594789636144e+29,16100,202416,11,6,False,Left,Back,Left,Centre,78
<_io.BytesIO object at 0x0000025433443220>,1039860779,0.267769455909729,-0.016102813184261322,-0.18103790283203125,-0.3806596100330353,0.9066775441169739,0.0,0.0,0.0,0,202416,11,6,False,Left,Back,Left,Centre,78
<_io.BytesIO object at 0x0000025433443A90>,0,0.0,1.401298464324817e-44,3.643376007244524e-43,9.183689745645554e-41,0.32588645815849304,0.032413631677627563,-0.043394625186920166,0.009634820744395256,586,202416,11,6,False,Left,Back,Left,Centre,78
<_io.BytesIO object at 0x000002543068B310>,1059233063,0.15666843950748444,-0.01394825428724289,0.6145901083946228,0.1812918484210968,0.07228746265172958,0.6593685746192932,0.1379641592502594,0.007719922345131636,13873,202417,11,6,False,Left,Back,Left,Centre,78
<_io.BytesIO object at 0x000002543068BEF0>,1415724839,2.457867925610096e+21,1.0504670524820285e-14,216316.46875,8.911681425081673e+20,2.057932911722783e-40,6.979497708007332e-39,9.183549615799121e-41,0.25,16016,202417,11,6,False,Left,Back,Left,Centre,78
<_io.BytesIO object at 0x000002543068B180>,1021082388,-0.020054513588547707,-0.06573911756277084,-0.09006547927856445,0.051659032702445984,0.9924203157424927,0.0015027716290205717,1.8367239361444675e-40,2.4882594789636144e+29,16100,202417,11,6,False,Left,Back,Left,Centre,78
<_io.BytesIO object at 0x000002543068B9A0>,1039860779,0.267769455909729,-0.016102813184261322,-0.18103790283203125,-0.3806596100330353,0.9066775441169739,0.0,0.0,0.0,0,202417,11,6,False,Left,Back,Left,Centre,78
<_io.BytesIO object at 0x000002543068B040>,0,0.0,1.401298464324817e-44,3.643376007244524e-43,9.183689745645554e-41,0.3257977068424225,0.03243369236588478,-0.043347422033548355,0.009636003524065018,586,202417,11,6,False,Left,Back,Left,Centre,78
<_io.BytesIO object at 0x00000254334BC220>,1059247284,0.15775521099567413,-0.006765083875507116,0.6145645976066589,0.18220199644565582,0.07942897826433182,0.6603960394859314,0.13929247856140137,0.014979460276663303,-28539,202418,11,6,False,Left,Back,Left,Centre,78
<_io.BytesIO object at 0x0000025433451180>,4086644519,-3.574109936256826e-37,1.7299817146140657e+34,2.714140845940191e+29,3.9673828637873436e+29,2.058143106492432e-40,6.979497708007332e-39,9.183549615799121e-41,4.2782630771398544e-09,16016,202418,11,6,False,Left,Back,Left,Centre,78
<_io.BytesIO object at 0x00000254334BCF90>,1021087963,-0.02006826177239418,-0.06661500036716461,-0.08969084918498993,0.05273323878645897,0.9923392534255981,0.0015101663302630186,1.8367239361444675e-40,2.4882594789636144e+29,16100,202418,11,6,False,Left,Back,Left,Centre,78
<_io.BytesIO object at 0x00000254334BC180>,1039860779,0.267769455909729,-0.016102813184261322,-0.18103790283203125,-0.3806596100330353,0.9066775441169739,0.0,0.0,0.0,0,202418,11,6,False,Left,Back,Left,Centre,78
<_io.BytesIO object at 0x00000254334BC900>,0,0.0,1.401298464324817e-44,3.643376007244524e-43,9.183689745645554e-41,0.325699120759964,0.03245185688138008,-0.043309323489665985,0.009637274779379368,586,202418,11,6,False,Left,Back,Left,Centre,78
<_io.BytesIO object at 0x000002543345B5E0>,1059258458,0.15881739556789398,0.0005672511761076748,0.6146828532218933,0.18302708864212036,0.08661037683486938,0.6614536046981812,0.1406416893005371,0.022118238732218742,-3630,202419,11,6,False,Left,Back,Left,Centre,78
<_io.BytesIO object at 0x000002543345B400>,780287783,-1.4909216148832556e-22,-90826408.0,0.0019473766442388296,-4.894021646273394e-11,2.0583533012620805e-40,6.979497708007332e-39,9.183549615799121e-41,5.551115123125783e-16,16016,202419,11,6,False,Left,Back,Left,Centre,78
<_io.BytesIO object at 0x000002543345BEF0>,1021076968,-0.02003689669072628,-0.06685437262058258,-0.08956168591976166,0.05347087234258652,0.9922953844070435,0.0015174858272075653,1.8367239361444675e-40,2.4882594789636144e+29,16100,202419,11,6,False,Left,Back,Left,Centre,78
<_io.BytesIO object at 0x000002543345B540>,1039860779,0.267769455909729,-0.016102813184261322,-0.18103790283203125,-0.3806596100330353,0.9066775441169739,0.0,0.0,0.0,0,202419,11,6,False,Left,Back,Left,Centre,78
<_io.BytesIO object at 0x000002543345B590>,0,0.0,1.401298464324817e-44,3.643376007244524e-43,9.183689745645554e-41,0.32560378313064575,0.032484013587236404,-0.04327351972460747,0.00963836070150137,586,202419,11,6,False,Left,Back,Left,Centre,78
<_io.BytesIO object at 0x00000254334B1450>,1059794075,0.0593692809343338,0.2859683036804199,2.802596928649634e-45,1.064986832886861e-43,1.401298464324817e-45,0.28040388226509094,0.026479048654437065,-0.020143307745456696,-15985,202450,11,6,False,Left,Back,Left,Centre,78
<_io.BytesIO object at 0x00000254334DE8B0>,1059846678,0.05580320581793785,0.30756694078445435,2.802596928649634e-45,1.064986832886861e-43,1.401298464324817e-45,0.2806965410709381,0.02649703435599804,-0.020230242982506752,-16618,202457,11,6,False,Left,Back,Left,Centre,78
<_io.BytesIO object at 0x00000254334430E0>,1059850069,0.05573897808790207,0.3102911412715912,2.802596928649634e-45,1.064986832886861e-43,1.401298464324817e-45,0.2806873321533203,0.02644907310605049,-0.020245125517249107,-9832,202458,11,6,False,Left,Back,Left,Centre,78
<_io.BytesIO object at 0x0000025433451F90>,1059849527,0.0558057576417923,0.3124612271785736,2.802596928649634e-45,1.064986832886861e-43,1.401298464324817e-45,0.2807016372680664,0.02644362300634384,-0.02025211974978447,18134,202459,11,6,False,Left,Back,Left,Centre,78
<_io.BytesIO object at 0x00000254334EF2C0>,1059848436,0.05571892485022545,0.31476789712905884,2.802596928649634e-45,1.064986832886861e-43,1.401298464324817e-45,0.2807207703590393,0.026455307379364967,-0.020247874781489372,-32430,202460,11,6,False,Left,Back,Left,Centre,78
<_io.BytesIO object at 0x00000254334DFEF0>,1059845809,0.05625550448894501,0.3185359239578247,2.802596928649634e-45,1.064986832886861e-43,1.401298464324817e-45,0.2807577848434448,0.026515603065490723,-0.02022683620452881,-29385,202462,11,6,False,Left,Back,Left,Centre,78
<_io.BytesIO object at 0x00000254334CF9F0>,1059852947,0.057134002447128296,0.3221476972103119,2.802596928649634e-45,1.064986832886861e-43,1.401298464324817e-45,0.28078505396842957,0.026520416140556335,-0.020215846598148346,-29381,202464,11,6,False,Left,Back,Left,Centre,78
<_io.BytesIO object at 0x0000025433434950>,1059868369,0.05874224379658699,0.32537445425987244,2.802596928649634e-45,1.064986832886861e-43,1.401298464324817e-45,0.28079766035079956,0.026525169610977173,-0.020222511142492294,-26901,202466,11,6,False,Left,Back,Left,Centre,78
<_io.BytesIO object at 0x00000254306BD770>,1060584506,0.14187538623809814,0.2643110454082489,2.802596928649634e-45,1.064986832886861e-43,1.401298464324817e-45,0.2808659076690674,0.0265771746635437,-0.02011450193822384,-32329,202477,11,6,False,Left,Back,Left,Centre,78
<_io.BytesIO object at 0x0000025433443E50>,1060797970,0.09950801730155945,0.2759430706501007,2.802596928649634e-45,1.064986832886861e-43,1.401298464324817e-45,0.280874639749527,0.02658214420080185,-0.020100433379411697,-1555,202478,11,6,False,Left,Back,Left,Centre,78
<_io.BytesIO object at 0x00000254334EFDB0>,1061052430,0.1445198357105255,0.26164475083351135,2.802596928649634e-45,1.064986832886861e-43,1.401298464324817e-45,0.2809009552001953,0.02661096677184105,-0.020009292289614677,12712,202482,11,6,False,Left,Back,Left,Centre,78
<_io.BytesIO object at 0x00000254334B85E0>,1061115464,0.14356575906276703,0.26234170794487,2.802596928649634e-45,1.064986832886861e-43,1.401298464324817e-45,0.2809196710586548,0.026613684371113777,-0.019984528422355652,14014,202483,11,6,False,Left,Back,Left,Centre,78
<_io.BytesIO object at 0x00000254334DFEA0>,1061183451,0.14252156019210815,0.26284360885620117,2.802596928649634e-45,1.064986832886861e-43,1.401298464324817e-45,0.2809421420097351,0.02662033960223198,-0.019964398816227913,18294,202484,11,6,False,Left,Back,Left,Centre,78
<_io.BytesIO object at 0x00000254306BD450>,1061246123,0.14101342856884003,0.2636050283908844,2.802596928649634e-45,1.064986832886861e-43,1.401298464324817e-45,0.28096625208854675,0.026619989424943924,-0.01995498687028885,25984,202485,11,6,False,Left,Back,Left,Centre,78
<_io.BytesIO object at 0x00000254334CF450>,1061308659,0.14040888845920563,0.26367926597595215,2.802596928649634e-45,1.064986832886861e-43,1.401298464324817e-45,0.28099143505096436,0.0266290120780468,-0.01994485966861248,-2258,202486,11,6,False,Left,Back,Left,Centre,78
<_io.BytesIO object at 0x00000254334BD310>,1060872880,0.06366707384586334,0.26908382773399353,0.7858679890632629,0.11671604961156845,0.35680314898490906,0.7695938944816589,0.09029744565486908,0.27092042565345764,2,202489,11,6,False,Left,Back,Left,Centre,78
<_io.BytesIO object at 0x00000254334BDE50>,4980736,9.183549615799121e-41,-5.754486901365635e+26,0.0023840998765081167,3.5934885797806217e+24,-1.6053835878621477e-25,1.631511582258566e+30,-1.0483849872641623e-16,-4652772968366080.0,16253,202489,11,6,False,Left,Back,Left,Centre,78
<_io.BytesIO object at 0x00000254334BD180>,986952462,1.8367239361444675e-40,1.0783618310962492e+27,2.10199347471836e+30,14927.423828125,3.613031965624125e-12,-1.7074928970739478e-10,128124.734375,-1.0986515697197774e-08,16170,202489,11,6,False,Left,Back,Left,Centre,78
<_io.BytesIO object at 0x00000254334B13B0>,1061811756,0.11343169212341309,0.3568994998931885,0.7728303670883179,0.08910337835550308,0.2701977789402008,2.802596928649634e-45,1.064986832886861e-43,1.401298464324817e-45,-4276,202490,11,6,False,Left,Back,Left,Centre,78
<_io.BytesIO object at 0x00000254334B15E0>,880950927,1.9712672634665604e+29,2.9684291056404006e-25,-0.8896116614341736,83420562587648.0,-1321522782273536.0,1.2989217215718179e-23,1.129362484337943e-40,2.802596928649634e-45,27743,202490,11,6,False,Left,Back,Left,Centre,78
<_io.BytesIO object at 0x0000025433451CC0>,1061870917,0.11092063039541245,0.3569275736808777,0.7759031653404236,0.08788120001554489,0.2695431709289551,2.802596928649634e-45,1.064986832886861e-43,1.401298464324817e-45,-3607,202491,11,6,False,Left,Back,Left,Centre,78
<_io.BytesIO object at 0x0000025433451AE0>,998325903,2.284784303837686e+32,0.051205288618803024,1.6781150842093277e-25,-1589.9290771484375,-409545499213824.0,2.162072429720239e+34,1.1293344583686566e-40,2.802596928649634e-45,27743,202491,11,6,False,Left,Back,Left,Centre,78
<_io.BytesIO object at 0x00000254334EFE50>,1061927829,0.1084628701210022,0.3568400740623474,2.802596928649634e-45,1.064986832886861e-43,1.401298464324817e-45,0.2811560332775116,0.026646820828318596,-0.019960397854447365,-1885,202492,11,6,False,Left,Back,Left,Centre,78
<_io.BytesIO object at 0x00000254334B8450>,1061978544,0.10634861141443253,0.3566635847091675,2.802596928649634e-45,1.064986832886861e-43,1.401298464324817e-45,0.28117743134498596,0.026655610650777817,-0.019973695278167725,-9834,202493,11,6,False,Left,Back,Left,Centre,78
<_io.BytesIO object at 0x00000254334BCD60>,1062024574,0.10457877069711685,0.3563404083251953,2.802596928649634e-45,1.064986832886861e-43,1.401298464324817e-45,0.281197726726532,0.026663988828659058,-0.019980285316705704,10600,202494,11,6,False,Left,Back,Left,Centre,78
<_io.BytesIO object at 0x000002543345B5E0>,1062062556,0.10345396399497986,0.35624614357948303,2.802596928649634e-45,1.064986832886861e-43,1.401298464324817e-45,0.2812329828739166,0.02666178159415722,-0.019986921921372414,5736,202495,11,6,False,Left,Back,Left,Centre,78
<_io.BytesIO object at 0x00000254334CFCC0>,1062095030,0.1029144823551178,0.3561317026615143,2.802596928649634e-45,1.064986832886861e-43,1.401298464324817e-45,0.2812800109386444,0.02667374536395073,-0.019989408552646637,-13507,202496,11,6,False,Left,Back,Left,Centre,78
<_io.BytesIO object at 0x000002543345B4A0>,1062122585,0.10279473662376404,0.3558709919452667,2.802596928649634e-45,1.064986832886861e-43,1.401298464324817e-45,0.28132379055023193,0.026717113330960274,-0.01998678222298622,-2210,202497,11,6,False,Left,Back,Left,Centre,78
<_io.BytesIO object at 0x00000254334BCB30>,1062143920,0.10316014289855957,0.3554670512676239,2.802596928649634e-45,1.064986832886861e-43,1.401298464324817e-45,0.2813722491264343,0.026720603927969933,-0.019981397315859795,3518,202498,11,6,False,Left,Back,Left,Centre,78
<_io.BytesIO object at 0x00000254334B1C20>,1062161246,0.10377532988786697,0.355185329914093,2.802596928649634e-45,1.064986832886861e-43,1.401298464324817e-45,0.28142544627189636,0.026715461164712906,-0.01997644454240799,-7197,202499,11,6,False,Left,Back,Left,Centre,78
<_io.BytesIO object at 0x00000254334EF130>,1062175754,0.10464776307344437,0.3545820713043213,2.802596928649634e-45,1.064986832886861e-43,1.401298464324817e-45,0.2814769744873047,0.026697788387537003,-0.019942961633205414,17455,202500,11,6,False,Left,Back,Left,Centre,78
<_io.BytesIO object at 0x00000254334CFA40>,1062185085,0.10570535808801651,0.35373935103416443,2.802596928649634e-45,1.064986832886861e-43,1.401298464324817e-45,0.2815096974372864,0.026722367852926254,-0.01991431601345539,10245,202501,11,6,False,Left,Back,Left,Centre,78
<_io.BytesIO object at 0x00000254334EF4A0>,1062195453,0.10723517835140228,0.3529362082481384,2.802596928649634e-45,1.064986832886861e-43,1.401298464324817e-45,0.2815602123737335,0.026742326095700264,-0.01987413316965103,10457,202502,11,6,False,Left,Back,Left,Centre,78
<_io.BytesIO object at 0x00000254334B8B80>,1062202144,0.10909973829984665,0.3519403338432312,2.802596928649634e-45,1.064986832886861e-43,1.401298464324817e-45,0.2815922498703003,0.026776492595672607,-0.01984243094921112,26675,202503,11,6,False,Left,Back,Left,Centre,78
<_io.BytesIO object at 0x00000254334DF9A0>,1062205939,0.11126063019037247,0.350699782371521,2.802596928649634e-45,1.064986832886861e-43,1.401298464324817e-45,0.2816113829612732,0.02680191397666931,-0.019811205565929413,6183,202504,11,6,False,Left,Back,Left,Centre,78
<_io.BytesIO object at 0x000002543345B540>,1062204901,0.11364017426967621,0.3493026793003082,2.802596928649634e-45,1.064986832886861e-43,1.401298464324817e-45,0.28163376450538635,0.026815831661224365,-0.019789723679423332,-23655,202505,11,6,False,Left,Back,Left,Centre,78
<_io.BytesIO object at 0x0000025433434E00>,1062205979,0.11653875559568405,0.34778380393981934,2.802596928649634e-45,1.064986832886861e-43,1.401298464324817e-45,0.28164950013160706,0.026834992691874504,-0.01975966989994049,-22533,202506,11,6,False,Left,Back,Left,Centre,78
<_io.BytesIO object at 0x0000025433443E50>,1062200641,0.1196170449256897,0.34586289525032043,2.802596928649634e-45,1.064986832886861e-43,1.401298464324817e-45,0.2816718518733978,0.026832617819309235,-0.01974896527826786,-25920,202507,11,6,False,Left,Back,Left,Centre,78
<_io.BytesIO object at 0x00000254334BD0E0>,1062195127,0.12309520691633224,0.34378206729888916,0.7940946221351624,0.13533952832221985,0.25262200832366943,2.802596928649634e-45,1.064986832886861e-43,1.401298464324817e-45,14615,202508,11,6,False,Left,Back,Left,Centre,78
<_io.BytesIO object at 0x00000254334BDD60>,4029496976,-2.1200992913316422e-20,4.3212700913120375e-25,3.036249908178884e-14,1.3718956664263436e+21,-2.814559276717048e+18,-1.4413456828490773e-22,1.1290962376297214e-40,2.802596928649634e-45,27743,202508,11,6,False,Left,Back,Left,Centre,78
<_io.BytesIO object at 0x000002542B1856D0>,1062185877,0.12675870954990387,0.3412778079509735,0.7938547134399414,0.13754211366176605,0.25021788477897644,2.802596928649634e-45,1.064986832886861e-43,1.401298464324817e-45,15465,202509,11,6,False,Left,Back,Left,Centre,78
<_io.BytesIO object at 0x000002542B1855E0>,3634249360,-2.3806021938984422e-23,-0.0003599869378376752,-1.8319533391787093e-24,3.789770306935015e+26,-1.407279638358524e+18,0.0008096618694253266,1.1290962376297214e-40,2.802596928649634e-45,27743,202509,11,6,False,Left,Back,Left,Centre,78
<_io.BytesIO object at 0x00000254334EF4F0>,1062174197,0.1307191401720047,0.33844274282455444,0.7930482625961304,0.13991792500019073,0.2477249801158905,2.802596928649634e-45,1.064986832886861e-43,1.401298464324817e-45,16502,202510,11,6,False,Left,Back,Left,Centre,78
<_io.BytesIO object at 0x00000254334EF590>,311574160,-1.6719965036171434e-36,-0.2077508121728897,-7.699059927968925e+25,227269648.0,-1.1314817150599823e+18,-2.458582062810383e+20,1.1290682116604349e-40,2.802596928649634e-45,27743,202510,11,6,False,Left,Back,Left,Centre,78
<_io.BytesIO object at 0x00000254334EFE00>,1062160327,0.13498836755752563,0.3354092836380005,0.7919461727142334,0.14204908907413483,0.2449258416891098,2.802596928649634e-45,1.064986832886861e-43,1.401298464324817e-45,18652,202511,11,6,False,Left,Back,Left,Centre,78
<_io.BytesIO object at 0x00000254334EF9F0>,2027044496,-4.027879052335528e-29,2.04469108020868e-16,3.844774722913163e+20,3.2775788757197943e-28,-1.3203788847357362e+19,-3.3977413234763077e-26,1.1290401856911484e-40,2.802596928649634e-45,27743,202511,11,6,False,Left,Back,Left,Centre,78
<_io.BytesIO object at 0x00000254334B19F0>,1062141306,0.1388348639011383,0.33227765560150146,2.802596928649634e-45,1.064986832886861e-43,1.401298464324817e-45,0.28183236718177795,0.026921140030026436,-0.01972014829516411,2028,202512,11,6,False,Left,Back,Left,Centre,78
<_io.BytesIO object at 0x00000254334BCC70>,1062101193,0.14327846467494965,0.32889947295188904,2.802596928649634e-45,1.064986832886861e-43,1.401298464324817e-45,0.28186291456222534,0.02691556140780449,-0.019721971824765205,-31419,202513,11,6,False,Left,Back,Left,Centre,78
<_io.BytesIO object at 0x0000025433451770>,1062060410,0.1471906155347824,0.32537445425987244,2.802596928649634e-45,1.064986832886861e-43,1.401298464324817e-45,0.2818971574306488,0.026918400079011917,-0.01970537006855011,25889,202514,11,6,False,Left,Back,Left,Centre,78
<_io.BytesIO object at 0x00000254334435E0>,1061717216,0.16256709396839142,0.2172844111919403,2.802596928649634e-45,1.064986832886861e-43,1.401298464324817e-45,0.28193196654319763,0.026947395876049995,-0.019694726914167404,-10708,202517,11,6,False,Left,Back,Left,Centre,78
<_io.BytesIO object at 0x00000254334BD590>,1061679606,0.16572526097297668,0.21146078407764435,2.802596928649634e-45,1.064986832886861e-43,1.401298464324817e-45,0.2819311022758484,0.026956893503665924,-0.019688453525304794,22572,202518,11,6,False,Left,Back,Left,Centre,78
<_io.BytesIO object at 0x000002543068B6D0>,1061639521,0.16917212307453156,0.20505961775779724,2.802596928649634e-45,1.064986832886861e-43,1.401298464324817e-45,0.28192734718322754,0.026981336995959282,-0.019683904945850372,6386,202519,11,6,False,Left,Back,Left,Centre,78
<_io.BytesIO object at 0x00000254334EF7C0>,1061593485,0.17259907722473145,0.19833607971668243,2.802596928649634e-45,1.064986832886861e-43,1.401298464324817e-45,0.28194326162338257,0.02699182741343975,-0.019670486450195312,-10911,202520,11,6,False,Left,Back,Left,Centre,78
<_io.BytesIO object at 0x00000254334B11D0>,1061545115,0.17600072920322418,0.19092145562171936,2.802596928649634e-45,1.064986832886861e-43,1.401298464324817e-45,0.2819649875164032,0.026990965008735657,-0.01965468004345894,29613,202521,11,6,False,Left,Back,Left,Centre,78
<_io.BytesIO object at 0x000002542B1852C0>,1061489963,0.17894747853279114,0.18313190340995789,0.7789371013641357,0.14494335651397705,0.19609631597995758,2.802596928649634e-45,1.064986832886861e-43,1.401298464324817e-45,24649,202522,11,6,False,Left,Back,Left,Centre,78
<_io.BytesIO object at 0x000002542B185270>,929447568,-1066907.625,2546237001695232.0,-2.4388927333894944e+26,3.0382617313082734e+31,-2.2250395654369009e+21,-368.4960021972656,1.1289280818140024e-40,2.802596928649634e-45,27743,202522,11,6,False,Left,Back,Left,Centre,78
<_io.BytesIO object at 0x00000254334BCA90>,1061435646,0.18184888362884521,0.17509129643440247,0.776651918888092,0.14730781316757202,0.18898485600948334,2.802596928649634e-45,1.064986832886861e-43,1.401298464324817e-45,25294,202523,11,6,False,Left,Back,Left,Centre,78
<_io.BytesIO object at 0x00000254334BC040>,1444036240,5.094623191364805e+35,-3.1249425388996186e+35,5.350330926062826e-17,-0.07799867540597916,-5.985572135151541e+21,4.633452229614777e-24,1.1289280818140024e-40,2.802596928649634e-45,27743,202523,11,6,False,Left,Back,Left,Centre,78
<_io.BytesIO object at 0x000002543345BC70>,1061377436,0.18429724872112274,0.16667607426643372,0.7747560143470764,0.15061737596988678,0.1811438947916031,0.779477059841156,0.20016805827617645,0.251232385635376,2,202524,11,6,False,Left,Back,Left,Centre,78
<_io.BytesIO object at 0x000002543345B040>,4980736,9.183549615799121e-41,5.9029581035870565e+22,4.6663450492833626e+27,1.1939112198464737e-17,-404198400.0,654.9618530273438,4.697111556922404e-35,-1.3004161938430817e+22,16253,202524,11,6,False,Left,Back,Left,Centre,78
<_io.BytesIO object at 0x000002543345B5E0>,984763470,1.8367239361444675e-40,1.0783618310962492e+27,2.10199347471836e+30,14927.423828125,3.613031965624125e-12,-1.7074928970739478e-10,128124.734375,-1.0986515697197774e-08,16170,202524,11,6,False,Left,Back,Left,Centre,78
<_io.BytesIO object at 0x0000025433434B80>,1061314109,0.1863606572151184,0.15804645419120789,0.7726514339447021,0.15356917679309845,0.17295414209365845,0.7759800553321838,0.20544447004795074,0.24426335096359253,2,202525,11,6,False,Left,Back,Left,Centre,78
<_io.BytesIO object at 0x00000254334347C0>,4980736,9.183549615799121e-41,4.627919153212252e+23,5.146718481203622e+35,-5.092197589478166e+37,1.3906461417094773e+28,-4.527824873164018e-35,-0.06969789415597916,-1.7800314271695393e+22,16253,202525,11,6,False,Left,Back,Left,Centre,78
<_io.BytesIO object at 0x0000025433434F90>,984693721,1.8367239361444675e-40,1.0783618310962492e+27,2.10199347471836e+30,14927.423828125,3.613031965624125e-12,-1.7074928970739478e-10,128124.734375,-1.0986515697197774e-08,16170,202525,11,6,False,Left,Back,Left,Centre,78
<_io.BytesIO object at 0x00000254334B8F40>,1061250962,0.18812967836856842,0.14898040890693665,0.7704821825027466,0.15647561848163605,0.16456426680088043,0.7718724608421326,0.20965057611465454,0.2348463237285614,2,202526,11,6,False,Left,Back,Left,Centre,78
<_io.BytesIO object at 0x00000254334B8E00>,4980736,9.183549615799121e-41,3.0789829468310087e+24,-6.852306291746403e-19,663697216.0,-1.913765781908133e-32,-1.3343448741764963e-11,298478.15625,-5.335867720812325e+24,16253,202526,11,6,False,Left,Back,Left,Centre,78
<_io.BytesIO object at 0x00000254334B8130>,984798318,1.8367239361444675e-40,1.0783618310962492e+27,2.10199347471836e+30,14927.423828125,3.613031965624125e-12,-1.7074928970739478e-10,128124.734375,-1.0986515697197774e-08,16170,202526,11,6,False,Left,Back,Left,Centre,78
<_io.BytesIO object at 0x00000254334B1CC0>,1061187851,0.18965518474578857,0.13984301686286926,0.7682235836982727,0.15906855463981628,0.1560785323381424,0.7675868272781372,0.21333809196949005,0.22542300820350647,2,202527,11,6,False,Left,Back,Left,Centre,78
<_io.BytesIO object at 0x00000254334B17C0>,4980736,9.183549615799121e-41,1.5772704052784615e+24,-5.73332386011316e-08,0.011855331249535084,5.396911163755725e+16,-3.2303192615509033,1.4551800718362635e-35,-9.00042411151917e+24,16253,202527,11,6,False,Left,Back,Left,Centre,78
<_io.BytesIO object at 0x00000254334B1720>,984654966,1.8367239361444675e-40,1.0783618310962492e+27,2.10199347471836e+30,14927.423828125,3.613031965624125e-12,-1.7074928970739478e-10,128124.734375,-1.0986515697197774e-08,16170,202527,11,6,False,Left,Back,Left,Centre,78
<_io.BytesIO object at 0x00000254334BC400>,1061122652,0.19072610139846802,0.13064724206924438,0.7656896710395813,0.16102440655231476,0.14707033336162567,0.7633693814277649,0.21709564328193665,0.2161022424697876,2,202528,11,6,False,Left,Back,Left,Centre,78
<_io.BytesIO object at 0x00000254334BC4F0>,4980736,9.183549615799121e-41,2.625635764475523e+24,-2023704576.0,77719272.0,2.6100736280128803e-17,-1.0765211354166683e-31,3.072734118769566e-24,-3.826843235785411e+25,16253,202528,11,6,False,Left,Back,Left,Centre,78
<_io.BytesIO object at 0x00000254334BCB80>,984551769,1.8367239361444675e-40,1.0783618310962492e+27,2.10199347471836e+30,14927.423828125,3.613031965624125e-12,-1.7074928970739478e-10,128124.734375,-1.0986515697197774e-08,16170,202528,11,6,False,Left,Back,Left,Centre,78
<_io.BytesIO object at 0x000002543345B270>,1061058967,0.19144923985004425,0.12123584747314453,0.7635403871536255,0.1632031947374344,0.13853958249092102,0.7585810422897339,0.22004561126232147,0.20590820908546448,-21465,202529,11,6,False,Left,Back,Left,Centre,78
<_io.BytesIO object at 0x000002543345BD10>,2283618109,-1.0572358351847424e+16,2.0594182880949674e-40,6.979497708007332e-39,9.183549615799121e-41,2.8688376383433095e+23,-7.77782744637473e+36,2.3078834178394698e-30,1.9723553992670224e-35,-17011,202529,11,6,False,Left,Back,Left,Centre,78
<_io.BytesIO object at 0x000002543345BEF0>,3183865095,0.0469401590526104,0.991824209690094,0.0013389314990490675,1.8367239361444675e-40,1.0783618310962492e+27,2.10199347471836e+30,14927.423828125,3.613031965624125e-12,-16985,202529,11,6,False,Left,Back,Left,Centre,78
<_io.BytesIO object at 0x000002543345B220>,1046392635,-0.7081295251846313,0.6667821407318115,0.0,0.0,0.0,0.0,0.0,8.265194654219209e-40,0,202529,11,6,False,Left,Back,Left,Centre,78
<_io.BytesIO object at 0x000002543345B310>,1060993760,0.19182640314102173,0.11179159581661224,0.7606137990951538,0.16469164192676544,0.1293584406375885,0.7535119652748108,0.2223932445049286,0.19563759863376617,23344,202530,11,6,False,Left,Back,Left,Centre,78
<_io.BytesIO object at 0x000002543345B860>,957431613,2.4585993742221035e-05,2.0593061842178214e-40,6.979497708007332e-39,9.183549615799121e-41,3.8015050187100644e+23,5.151765063329358e-38,-1.130178658460844e+30,-6.615060369916249e-32,-17012,202530,11,6,False,Left,Back,Left,Centre,78
<_io.BytesIO object at 0x000002543345BAE0>,3183882048,0.04710908606648445,0.9918199777603149,0.001335244975052774,1.8367239361444675e-40,1.0783618310962492e+27,2.10199347471836e+30,14927.423828125,3.613031965624125e-12,-16985,202530,11,6,False,Left,Back,Left,Centre,78
<_io.BytesIO object at 0x000002543345B900>,1046392635,-0.7081295251846313,0.6667821407318115,0.0,0.0,0.0,0.0,0.0,8.265194654219209e-40,0,202530,11,6,False,Left,Back,Left,Centre,78
<_io.BytesIO object at 0x00000254334BC9A0>,1060930684,0.19200801849365234,0.10211174935102463,0.7579339742660522,0.16601112484931946,0.12015509605407715,0.7485600113868713,0.2244725078344345,0.18499602377414703,4394,202531,11,6,False,Left,Back,Left,Centre,78
<_io.BytesIO object at 0x00000254334BCEA0>,3097509693,2.1107096610531796e+27,2.059180067356032e-40,6.979497708007332e-39,9.183549615799121e-41,2.1250649172913403e+24,1.4081592559814453,-105.11888122558594,4.1905649725835995e+20,-17012,202531,11,6,False,Left,Back,Left,Centre,78
<_io.BytesIO object at 0x00000254334BC400>,3183894920,0.04692938178777695,0.9918246865272522,0.001326073077507317,1.8367239361444675e-40,1.0783618310962492e+27,2.10199347471836e+30,14927.423828125,3.613031965624125e-12,-16985,202531,11,6,False,Left,Back,Left,Centre,78
<_io.BytesIO object at 0x00000254334BC4F0>,1046392635,-0.7081295251846313,0.6667821407318115,0.0,0.0,0.0,0.0,0.0,8.265194654219209e-40,0,202531,11,6,False,Left,Back,Left,Centre,78
<_io.BytesIO object at 0x00000254334B1E50>,1060864759,0.19155848026275635,0.0924147516489029,0.7551143765449524,0.16701996326446533,0.1108371913433075,0.7435389757156372,0.22601844370365143,0.17461396753787994,-13972,202532,11,6,False,Left,Back,Left,Centre,78
<_io.BytesIO object at 0x00000254334B1400>,4093132604,-1.113441523680485e+34,-3.2604913412022993e+19,-3.8054864346687734e+18,1.5624464172733878e+26,2.0601609762810596e-40,6.979497708007332e-39,9.183549615799121e-41,4.6279191532122523e+24,16016,202532,11,6,False,Left,Back,Left,Centre,78
<_io.BytesIO object at 0x00000254334B1180>,1021211679,-0.019355252385139465,-0.06854309141635895,-0.09686450660228729,0.04670695215463638,0.9918354749679565,0.001324437907896936,1.8367239361444675e-40,1.0783618310962492e+27,16194,202532,11,6,False,Left,Back,Left,Centre,78
<_io.BytesIO object at 0x00000254334B1CC0>,1035104724,0.2993653118610382,-0.08162783086299896,0.2174653261899948,-0.7081295251846313,0.6667821407318115,0.0,0.0,0.0,0,202532,11,6,False,Left,Back,Left,Centre,78
<_io.BytesIO object at 0x00000254334B14A0>,0,0.0,1.401298464324817e-44,3.643376007244524e-43,9.183689745645554e-41,0.3264210820198059,0.032060299068689346,-0.041816290467977524,0.009463036432862282,586,202532,11,6,False,Left,Back,Left,Centre,78
<_io.BytesIO object at 0x00000254334CF450>,1060803055,0.1909472793340683,0.0825619027018547,0.7527046799659729,0.16785560548305511,0.1013936921954155,0.7384176850318909,0.22698552906513214,0.16413414478302002,-29622,202533,11,6,False,Left,Back,Left,Centre,78
<_io.BytesIO object at 0x00000254334CF770>,264191804,-7995376900505600.0,-2.2310107916608184e-35,4.2252757373527286e-29,-577210855456768.0,2.0600348594192703e-40,6.979497708007332e-39,9.183549615799121e-41,5.742397643169489e+25,16016,202533,11,6,False,Left,Back,Left,Centre,78
<_io.BytesIO object at 0x00000254334CFC70>,1021211853,-0.019346587359905243,-0.06823461502790451,-0.0970008373260498,0.04665740579366684,0.9918457865715027,0.0013165734708309174,1.8367239361444675e-40,1.0783618310962492e+27,16194,202533,11,6,False,Left,Back,Left,Centre,78
<_io.BytesIO object at 0x00000254334CF8B0>,1035104724,0.2993653118610382,-0.08162783086299896,0.2174653261899948,-0.7081295251846313,0.6667821407318115,0.0,0.0,0.0,0,202533,11,6,False,Left,Back,Left,Centre,78
<_io.BytesIO object at 0x00000254334CF090>,0,0.0,1.401298464324817e-44,3.643376007244524e-43,9.183689745645554e-41,0.3264541029930115,0.032053060829639435,-0.0418090894818306,0.00946041475981474,586,202533,11,6,False,Left,Back,Left,Centre,78
<_io.BytesIO object at 0x00000254334436D0>,1060743668,0.18994362652301788,0.07284590601921082,0.7500777244567871,0.16816440224647522,0.09186745434999466,0.7333977222442627,0.22755613923072815,0.15351782739162445,19374,202534,11,6,False,Left,Back,Left,Centre,78
<_io.BytesIO object at 0x00000254334435E0>,3651616572,3.648334298703764e+31,4.388062065914492e+19,-1.2005151539540293e-08,-32606366203904.0,2.059894729572838e-40,6.979497708007332e-39,9.183549615799121e-41,6.01440595258278e+25,16016,202534,11,6,False,Left,Back,Left,Centre,78
<_io.BytesIO object at 0x0000025433443130>,1021221201,-0.019326811656355858,-0.06812288612127304,-0.09705764800310135,0.046739306300878525,0.9918439984321594,0.0013202524278312922,1.8367239361444675e-40,1.0783618310962492e+27,16194,202534,11,6,False,Left,Back,Left,Centre,78
<_io.BytesIO object at 0x0000025433443F90>,1035104724,0.2993653118610382,-0.08162783086299896,0.2174653261899948,-0.7081295251846313,0.6667821407318115,0.0,0.0,0.0,0,202534,11,6,False,Left,Back,Left,Centre,78
<_io.BytesIO object at 0x0000025433443D10>,0,0.0,1.401298464324817e-44,3.643376007244524e-43,9.183689745645554e-41,0.3264523148536682,0.03211516886949539,-0.0417821928858757,0.009458190761506557,586,202534,11,6,False,Left,Back,Left,Centre,78
<_io.BytesIO object at 0x00000254334B8A90>,1060686519,0.18858826160430908,0.06295030564069748,0.7476717233657837,0.1682308465242386,0.08228953927755356,0.728597104549408,0.22757263481616974,0.14310215413570404,1497,202535,11,6,False,Left,Back,Left,Centre,78
<_io.BytesIO object at 0x00000254334B8270>,1523007292,-2.3778114108683767e+20,1.6735652956484655e-31,2.9051535128169205e+25,2.2663904075873743e-37,2.0597686127110486e-40,6.979497708007332e-39,9.183549615799121e-41,3.0676492672721215e+25,16016,202535,11,6,False,Left,Back,Left,Centre,78
<_io.BytesIO object at 0x00000254334CF090>,1021217630,-0.019304106011986732,-0.0678071603178978,-0.09709432721138,0.04677624627947807,0.9918603301048279,0.00131507427431643,1.8367239361444675e-40,1.0783618310962492e+27,16194,202535,11,6,False,Left,Back,Left,Centre,78
<_io.BytesIO object at 0x00000254334CF400>,1035104724,0.2993653118610382,-0.08162783086299896,0.2174653261899948,-0.7081295251846313,0.6667821407318115,0.0,0.0,0.0,0,202535,11,6,False,Left,Back,Left,Centre,78
<_io.BytesIO object at 0x00000254334CF180>,0,0.0,1.401298464324817e-44,3.643376007244524e-43,9.183689745645554e-41,0.32645294070243835,0.032120946794748306,-0.04176851361989975,0.00945598166435957,586,202535,11,6,False,Left,Back,Left,Centre,78
<_io.BytesIO object at 0x00000254334DF360>,1060630693,0.18698155879974365,0.053015608340501785,0.744998574256897,0.1676878035068512,0.07266297191381454,0.723859965801239,0.22711005806922913,0.1327085644006729,-18253,202536,11,6,False,Left,Back,Left,Centre,78
<_io.BytesIO object at 0x00000254334DFD10>,2753838907,0.0004892053548246622,-3.7701561165538744e-13,-1087403443879936.0,-1.2360508473867602e-37,2.059628482864616e-40,6.979497708007332e-39,9.183549615799121e-41,1.0351427330450262e+25,16016,202536,11,6,False,Left,Back,Left,Centre,78
<_io.BytesIO object at 0x00000254334DF040>,1021217722,-0.019284311681985855,-0.06779319047927856,-0.09705540537834167,0.04654783755540848,0.9918758869171143,0.001305108773522079,1.8367239361444675e-40,1.0783618310962492e+27,16194,202536,11,6,False,Left,Back,Left,Centre,78
<_io.BytesIO object at 0x00000254334DF8B0>,1035104724,0.2993653118610382,-0.08162783086299896,0.2174653261899948,-0.7081295251846313,0.6667821407318115,0.0,0.0,0.0,0,202536,11,6,False,Left,Back,Left,Centre,78
<_io.BytesIO object at 0x00000254334DF5E0>,0,0.0,1.401298464324817e-44,3.643376007244524e-43,9.183689745645554e-41,0.32646626234054565,0.03207632899284363,-0.041735853999853134,0.009453635662794113,586,202536,11,6,False,Left,Back,Left,Centre,78
<_io.BytesIO object at 0x00000254334BC950>,1060578886,0.1851252168416977,0.043185148388147354,0.7426114082336426,0.16716118156909943,0.06319817900657654,0.7192692756652832,0.2262217104434967,0.12238018214702606,27503,202537,11,6,False,Left,Back,Left,Centre,78
<_io.BytesIO object at 0x00000254306BD4A0>,2089893691,-1.0601663175231715e-25,2.6112888917850796e-06,-4.897229744659074e+30,-4.613610532648953e+24,2.0594883530181836e-40,6.979497708007332e-39,9.183549615799121e-41,3.022314549036573e+24,16016,202537,11,6,False,Left,Back,Left,Centre,78
<_io.BytesIO object at 0x00000254334BC9F0>,1021219489,-0.019277814775705338,-0.06762224435806274,-0.09707193821668625,0.04650912806391716,0.9918877482414246,0.0013077451149001718,1.8367239361444675e-40,1.0783618310962492e+27,16194,202537,11,6,False,Left,Back,Left,Centre,78
<_io.BytesIO object at 0x00000254334BCF40>,1035104724,0.2993653118610382,-0.08162783086299896,0.2174653261899948,-0.7081295251846313,0.6667821407318115,0.0,0.0,0.0,0,202537,11,6,False,Left,Back,Left,Centre,78
<_io.BytesIO object at 0x00000254334BC310>,0,0.0,1.401298464324817e-44,3.643376007244524e-43,9.183689745645554e-41,0.3264937698841095,0.03208984062075615,-0.04173879697918892,0.009456058964133263,586,202537,11,6,False,Left,Back,Left,Centre,78
<_io.BytesIO object at 0x000002543345B540>,1060531102,0.1829780787229538,0.03351897746324539,0.7400123476982117,0.16586795449256897,0.05370965972542763,0.7150172591209412,0.22485999763011932,0.11227979511022568,-1527,202538,11,6,False,Left,Back,Left,Centre,78
<_io.BytesIO object at 0x00000254334DE810>,66993978,-1.2620263586448572e-18,-5.8708272263174877e-05,-6.044524510075156e-29,5906186.0,2.0593622361563944e-40,6.979497708007332e-39,9.183549615799121e-41,1.2042034531317595e+24,16016,202538,11,6,False,Left,Back,Left,Centre,78
<_io.BytesIO object at 0x000002543345BD60>,1021221476,-0.019276421517133713,-0.06745758652687073,-0.09706571698188782,0.04667619988322258,0.9918917417526245,0.0013046874664723873,1.8367239361444675e-40,1.0783618310962492e+27,16194,202538,11,6,False,Left,Back,Left,Centre,78
<_io.BytesIO object at 0x000002543345BB80>,1035104724,0.2993653118610382,-0.08162783086299896,0.2174653261899948,-0.7081295251846313,0.6667821407318115,0.0,0.0,0.0,0,202538,11,6,False,Left,Back,Left,Centre,78
<_io.BytesIO object at 0x000002543345B630>,0,0.0,1.401298464324817e-44,3.643376007244524e-43,9.183689745645554e-41,0.3264840245246887,0.03211226314306259,-0.041728369891643524,0.00945829413831234,586,202538,11,6,False,Left,Back,Left,Centre,78
<_io.BytesIO object at 0x00000254334DE0E0>,1060485802,0.18084946274757385,0.02399001643061638,0.7375829815864563,0.1642034351825714,0.04446157440543175,0.7108437418937683,0.22308194637298584,0.10235319286584854,-28581,202539,11,6,False,Left,Back,Left,Centre,78
<_io.BytesIO object at 0x00000254334DEF40>,1241792314,-0.012771129608154297,7.717911054173909e-13,-1.2235200906951813e+20,-3.291643894303212e-14,2.059222106309962e-40,6.979497708007332e-39,9.183549615799121e-41,7.850934277770785e+22,16016,202539,11,6,False,Left,Back,Left,Centre,78
<_io.BytesIO object at 0x00000254334DE180>,1021233298,-0.0192793607711792,-0.06739765405654907,-0.09690872579813004,0.047089602798223495,0.991891622543335,0.0013076072791591287,1.8367239361444675e-40,1.0783618310962492e+27,16194,202539,11,6,False,Left,Back,Left,Centre,78
<_io.BytesIO object at 0x00000254334DE7C0>,1035104724,0.2993653118610382,-0.08162783086299896,0.2174653261899948,-0.7081295251846313,0.6667821407318115,0.0,0.0,0.0,0,202539,11,6,False,Left,Back,Left,Centre,78
<_io.BytesIO object at 0x00000254334DE3B0>,0,0.0,1.401298464324817e-44,3.643376007244524e-43,9.183689745645554e-41,0.32637104392051697,0.03222062066197395,-0.041754815727472305,0.009455488063395023,586,202539,11,6,False,Left,Back,Left,Centre,78
<_io.BytesIO object at 0x00000254306BD130>,1060440740,0.17823775112628937,0.014666033908724785,0.7350068092346191,0.16245253384113312,0.03522323817014694,0.7066961526870728,0.22088052332401276,0.09261512756347656,9285,202540,11,6,False,Left,Back,Left,Centre,78
<_io.BytesIO object at 0x00000254306BD720>,2732670778,-1.9475208368759642e-32,-3.1057937015855683e-25,-2.5219751478289254e-06,-4.030538548249751e-06,2.059053950494243e-40,6.979497708007332e-39,9.183549615799121e-41,4.604307320797904e+22,16016,202540,11,6,False,Left,Back,Left,Centre,78
<_io.BytesIO object at 0x00000254306BDF40>,1021230563,-0.01926816627383232,-0.06711912155151367,-0.09690035879611969,0.04691688343882561,0.9919195175170898,0.0012984095374122262,1.8367239361444675e-40,1.0783618310962492e+27,16194,202540,11,6,False,Left,Back,Left,Centre,78
<_io.BytesIO object at 0x00000254306BD180>,1035104724,0.2993653118610382,-0.08162783086299896,0.2174653261899948,-0.7081295251846313,0.6667821407318115,0.0,0.0,0.0,0,202540,11,6,False,Left,Back,Left,Centre,78
<_io.BytesIO object at 0x00000254306BD5E0>,0,0.0,1.401298464324817e-44,3.643376007244524e-43,9.183689745645554e-41,0.32641083002090454,0.03215973824262619,-0.04173094779253006,0.009453817270696163,586,202540,11,6,False,Left,Back,Left,Centre,78
<_io.BytesIO object at 0x00000254334DFD60>,1060394598,0.17544454336166382,0.00533997593447566,0.7323998212814331,0.160129114985466,0.026113271713256836,0.7026230096817017,0.21844610571861267,0.0830366313457489,-22266,202541,11,6,False,Left,Back,Left,Centre,78
<_io.BytesIO object at 0x00000254334DFEA0>,3295362873,-0.00011360266216797754,-7.11297893312123e+36,0.060851287096738815,-4.101325035095215,2.0587877037860212e-40,6.979497708007332e-39,9.183549615799121e-41,2.8924494707576577e+23,16016,202541,11,6,False,Left,Back,Left,Centre,78
<_io.BytesIO object at 0x000002543068BB80>,1021231080,-0.019259227439761162,-0.06690768897533417,-0.09680148959159851,0.046683475375175476,0.9919543862342834,0.0012933050747960806,1.8367239361444675e-40,1.0783618310962492e+27,16194,202541,11,6,False,Left,Back,Left,Centre,78
<_io.BytesIO object at 0x000002543068B6D0>,1035104724,0.2993653118610382,-0.08162783086299896,0.2174653261899948,-0.7081295251846313,0.6667821407318115,0.0,0.0,0.0,0,202541,11,6,False,Left,Back,Left,Centre,78
<_io.BytesIO object at 0x000002543068B360>,0,0.0,1.401298464324817e-44,3.643376007244524e-43,9.183689745645554e-41,0.32645151019096375,0.03213060647249222,-0.04174337908625603,0.00945223867893219,586,202541,11,6,False,Left,Back,Left,Centre,78
<_io.BytesIO object at 0x00000254334B87C0>,1060349291,0.17251251637935638,-0.003864842467010021,0.7297982573509216,0.157802551984787,0.01706734299659729,0.6986315846443176,0.21558436751365662,0.07368497550487518,11105,202542,11,6,False,Left,Back,Left,Centre,78
<_io.BytesIO object at 0x00000254334B8D60>,2949070649,-2.473434326279167e-13,40197613944832.0,1629460864.0,-6.09478491438685e-14,2.0585214570777995e-40,6.979497708007332e-39,9.183549615799121e-41,2.939673135586354e+23,16016,202542,11,6,False,Left,Back,Left,Centre,78
<_io.BytesIO object at 0x00000254334B8CC0>,1021237356,-0.01925320364534855,-0.06695014238357544,-0.09667713940143585,0.04652080684900284,0.9919713735580444,0.0012885957257822156,1.8367239361444675e-40,1.0783618310962492e+27,16194,202542,11,6,False,Left,Back,Left,Centre,78
<_io.BytesIO object at 0x00000254334B8C20>,1035104724,0.2993653118610382,-0.08162783086299896,0.2174653261899948,-0.7081295251846313,0.6667821407318115,0.0,0.0,0.0,0,202542,11,6,False,Left,Back,Left,Centre,78
<_io.BytesIO object at 0x00000254334B89A0>,0,0.0,1.401298464324817e-44,3.643376007244524e-43,9.183689745645554e-41,0.3264220952987671,0.032121382653713226,-0.041735850274562836,0.009450668469071388,586,202542,11,6,False,Left,Back,Left,Centre,78
<_io.BytesIO object at 0x00000254334439A0>,1060305264,0.16961486637592316,-0.013104625046253204,0.7272907495498657,0.15530015528202057,0.008137284778058529,0.6948713064193726,0.2123817503452301,0.06445664912462234,-22007,202543,11,6,False,Left,Back,Left,Centre,78
<_io.BytesIO object at 0x0000025433443680>,434716472,-8.494862004275441e+28,-8.824197449130988e-12,-4.1593789165113415e+31,-7.372222377255473e-31,2.058255210369578e-40,6.979497708007332e-39,9.183549615799121e-41,2.53118843481813e+24,16016,202543,11,6,False,Left,Back,Left,Centre,78
<_io.BytesIO object at 0x00000254334434F0>,1021243992,-0.019232867285609245,-0.0667373463511467,-0.09663694351911545,0.046403903514146805,0.991995096206665,0.001278817537240684,1.8367239361444675e-40,1.0783618310962492e+27,16194,202543,11,6,False,Left,Back,Left,Centre,78
<_io.BytesIO object at 0x0000025433443220>,1035104724,0.2993653118610382,-0.08162783086299896,0.2174653261899948,-0.7081295251846313,0.6667821407318115,0.0,0.0,0.0,0,202543,11,6,False,Left,Back,Left,Centre,78
<_io.BytesIO object at 0x0000025433443EA0>,0,0.0,1.401298464324817e-44,3.643376007244524e-43,9.183689745645554e-41,0.32643553614616394,0.03211251646280289,-0.041719697415828705,0.00944798905402422,586,202543,11,6,False,Left,Back,Left,Centre,78
<_io.BytesIO object at 0x000002542B185090>,1060265793,0.16678227484226227,-0.022134842351078987,0.7247622609138489,0.1526331901550293,-0.0006466390332207084,0.6908682584762573,0.2089296579360962,0.05558924004435539,10925,202544,11,6,False,Left,Back,Left,Centre,78
<_io.BytesIO object at 0x00000254334CF4A0>,268123960,3663466332160.0,2.2215458523450727e-35,491251264.0,-1.6756734888545566e-10,2.057988963661356e-40,6.979497708007332e-39,9.183549615799121e-41,6.01440595258278e+25,16016,202544,11,6,False,Left,Back,Left,Centre,78
<_io.BytesIO object at 0x000002542B185130>,1021243753,-0.01921321637928486,-0.06661447882652283,-0.09653068333864212,0.04622640460729599,0.992021918296814,0.001289038686081767,1.8367239361444675e-40,1.0783618310962492e+27,16194,202544,11,6,False,Left,Back,Left,Centre,78
<_io.BytesIO object at 0x000002542B185540>,1035104724,0.2993653118610382,-0.08162783086299896,0.2174653261899948,-0.7081295251846313,0.6667821407318115,0.0,0.0,0.0,0,202544,11,6,False,Left,Back,Left,Centre,78
<_io.BytesIO object at 0x000002542B1852C0>,0,0.0,1.401298464324817e-44,3.643376007244524e-43,9.183689745645554e-41,0.32641831040382385,0.032128628343343735,-0.041730042546987534,0.009444929659366608,586,202544,11,6,False,Left,Back,Left,Centre,78
<_io.BytesIO object at 0x00000254334EF2C0>,1060224693,0.16368448734283447,-0.030983105301856995,0.7223668098449707,0.14986228942871094,-0.009338583797216415,0.6868027448654175,0.20516368746757507,0.04702221602201462,-21650,202545,11,6,False,Left,Back,Left,Centre,78
<_io.BytesIO object at 0x00000254334B1EF0>,3842981687,-2.8038747678595006e+33,2.2994356395625677e+17,22313273344.0,-5.016854015463241e+35,2.0577227169531344e-40,6.979497708007332e-39,9.183549615799121e-41,2.490387188406136e+26,16016,202545,11,6,False,Left,Back,Left,Centre,78
<_io.BytesIO object at 0x00000254334EF0E0>,1021249592,-0.019180184230208397,-0.06614675372838974,-0.09642224758863449,0.04626273736357689,0.9920620918273926,0.0012922591995447874,1.8367239361444675e-40,1.0783618310962492e+27,16194,202545,11,6,False,Left,Back,Left,Centre,78
<_io.BytesIO object at 0x00000254334EFD10>,1035104724,0.2993653118610382,-0.08162783086299896,0.2174653261899948,-0.7081295251846313,0.6667821407318115,0.0,0.0,0.0,0,202545,11,6,False,Left,Back,Left,Centre,78
<_io.BytesIO object at 0x00000254334EF900>,0,0.0,1.401298464324817e-44,3.643376007244524e-43,9.183689745645554e-41,0.326443076133728,0.032125309109687805,-0.04171096161007881,0.009442363865673542,586,202545,11,6,False,Left,Back,Left,Centre,78
<_io.BytesIO object at 0x0000025433451450>,1060186549,0.1605578362941742,-0.03960595652461052,0.7199908494949341,0.14691276848316193,-0.017642950639128685,0.6831229329109192,0.20127303898334503,0.03861524909734726,10960,202546,11,6,False,Left,Back,Left,Centre,78
<_io.BytesIO object at 0x0000025433451AE0>,1602371383,-3.2566995105250023e-19,-1.2957254635353349e-15,1.5098093451108824e-19,1.3389056551769713e+32,2.057470483229556e-40,6.979497708007332e-39,9.183549615799121e-41,8.172338540594893e+26,16016,202546,11,6,False,Left,Back,Left,Centre,78
<_io.BytesIO object at 0x0000025433451310>,1021256518,-0.01916130632162094,-0.06583967059850693,-0.09625052660703659,0.046008653938770294,0.9921109676361084,0.0012858372647315264,1.8367239361444675e-40,1.0783618310962492e+27,16194,202546,11,6,False,Left,Back,Left,Centre,78
<_io.BytesIO object at 0x0000025433451EF0>,1035104724,0.2993653118610382,-0.08162783086299896,0.2174653261899948,-0.7081295251846313,0.6667821407318115,0.0,0.0,0.0,0,202546,11,6,False,Left,Back,Left,Centre,78
<_io.BytesIO object at 0x0000025433451A40>,0,0.0,1.401298464324817e-44,3.643376007244524e-43,9.183689745645554e-41,0.32644253969192505,0.0321374237537384,-0.04171985387802124,0.009439671412110329,586,202546,11,6,False,Left,Back,Left,Centre,78
<_io.BytesIO object at 0x0000025430684B80>,1060147437,0.15738102793693542,-0.047937314957380295,0.7176916599273682,0.1438598334789276,-0.02606051042675972,0.6796085238456726,0.19737039506435394,0.03054836578667164,-21156,202547,11,6,False,Left,Back,Left,Centre,78
<_io.BytesIO object at 0x00000254306844A0>,3718594358,-4.9819157040359014e+17,-6.254646987471954e+34,-2.715512085922138e-31,5.020992522051472e-18,2.0571201586134747e-40,6.979497708007332e-39,9.183549615799121e-41,1.2255606388925265e+29,16016,202547,11,6,False,Left,Back,Left,Centre,78
<_io.BytesIO object at 0x00000254334C8180>,1021266178,-0.019157078117132187,-0.06573222577571869,-0.09615474194288254,0.04571305960416794,0.9921411275863647,0.0013094897149130702,1.8367239361444675e-40,1.0783618310962492e+27,16194,202547,11,6,False,Left,Back,Left,Centre,78
<_io.BytesIO object at 0x00000254334C8C20>,1035104724,0.2993653118610382,-0.08162783086299896,0.2174653261899948,-0.7081295251846313,0.6667821407318115,0.0,0.0,0.0,0,202547,11,6,False,Left,Back,Left,Centre,78
<_io.BytesIO object at 0x00000254334C81D0>,0,0.0,1.401298464324817e-44,3.643376007244524e-43,9.183689745645554e-41,0.32656875252723694,0.03219308331608772,-0.04177701100707054,0.009442096576094627,586,202547,11,6,False,Left,Back,Left,Centre,78
<_io.BytesIO object at 0x0000025433451EF0>,1060109530,0.1540963351726532,-0.05606952682137489,0.7154524326324463,0.1408342868089676,-0.034017834812402725,0.6761704087257385,0.1930978000164032,0.02278744801878929,13140,202548,11,6,False,Left,Back,Left,Centre,78
<_io.BytesIO object at 0x00000254334514F0>,2346008374,nan,155379.015625,-3139.948974609375,-1.1437174037431068e-35,2.056629704150961e-40,6.979497708007332e-39,9.183549615799121e-41,6.981981821569545e+29,16016,202548,11,6,False,Left,Back,Left,Centre,78
<_io.BytesIO object at 0x0000025433451BD0>,1021263772,-0.019158944487571716,-0.06551192700862885,-0.09609238803386688,0.045873403549194336,0.9921543002128601,0.0013176192296668887,1.8367239361444675e-40,1.0783618310962492e+27,16194,202548,11,6,False,Left,Back,Left,Centre,78
<_io.BytesIO object at 0x0000025433451D60>,1035104724,0.2993653118610382,-0.08162783086299896,0.2174653261899948,-0.7081295251846313,0.6667821407318115,0.0,0.0,0.0,0,202548,11,6,False,Left,Back,Left,Centre,78
<_io.BytesIO object at 0x0000025433451B80>,0,0.0,1.401298464324817e-44,3.643376007244524e-43,9.183689745645554e-41,0.3265748918056488,0.03221811354160309,-0.04179755598306656,0.009444570168852806,586,202548,11,6,False,Left,Back,Left,Centre,78
<_io.BytesIO object at 0x00000254334B1180>,1060074893,0.15078683197498322,-0.06380821764469147,0.713340699672699,0.13749457895755768,-0.041599858552217484,0.6727763414382935,0.18879665434360504,0.01516750268638134,-18973,202549,11,6,False,Left,Back,Left,Centre,78
<_io.BytesIO object at 0x00000254334B1090>,3326623541,1.3827076156193398e-19,-1.0497438421991356e-12,-2.0128587695752634e+30,8881418797056.0,2.0561532626730906e-40,6.979497708007332e-39,9.183549615799121e-41,4.75368975085586e+30,16016,202549,11,6,False,Left,Back,Left,Centre,78
<_io.BytesIO object at 0x00000254334B1EA0>,1021276504,-0.019146911799907684,-0.0656273365020752,-0.09595462679862976,0.04551032930612564,0.9921767115592957,0.001319739269092679,1.8367239361444675e-40,1.0783618310962492e+27,16194,202549,11,6,False,Left,Back,Left,Centre,78
<_io.BytesIO object at 0x00000254334B1D60>,1035104724,0.2993653118610382,-0.08162783086299896,0.2174653261899948,-0.7081295251846313,0.6667821407318115,0.0,0.0,0.0,0,202549,11,6,False,Left,Back,Left,Centre,78
<_io.BytesIO object at 0x00000254334DF770>,0,0.0,1.401298464324817e-44,3.643376007244524e-43,9.183689745645554e-41,0.32659217715263367,0.032224372029304504,-0.04180585965514183,0.009446951560676098,586,202549,11,6,False,Left,Back,Left,Centre,78
<_io.BytesIO object at 0x00000254334CF400>,1060039914,0.147624209523201,-0.07131271809339523,0.7111298441886902,0.13429145514965057,-0.04905574768781662,0.66977858543396,0.1846470981836319,0.008004605770111084,15925,202550,11,6,False,Left,Back,Left,Centre,78
<_io.BytesIO object at 0x00000254334CF180>,2118598453,6.313729468468822e+18,4.4062516126448745e-30,4.8042840228620735e-18,2201147787968512.0,2.0556908341798634e-40,6.979497708007332e-39,9.183549615799121e-41,6.718548181209616e+31,16016,202550,11,6,False,Left,Back,Left,Centre,78
<_io.BytesIO object at 0x00000254334CF1D0>,1021276105,-0.0191473551094532,-0.06537364423274994,-0.09589019417762756,0.045557744801044464,0.992197573184967,0.0013242473360151052,1.8367239361444675e-40,1.0783618310962492e+27,16194,202550,11,6,False,Left,Back,Left,Centre,78
<_io.BytesIO object at 0x00000254334CF7C0>,1035104724,0.2993653118610382,-0.08162783086299896,0.2174653261899948,-0.7081295251846313,0.6667821407318115,0.0,0.0,0.0,0,202550,11,6,False,Left,Back,Left,Centre,78
<_io.BytesIO object at 0x00000254334CF9F0>,0,0.0,1.401298464324817e-44,3.643376007244524e-43,9.183689745645554e-41,0.3266083598136902,0.0322413295507431,-0.041823096573352814,0.00944932084530592,586,202550,11,6,False,Left,Back,Left,Centre,78
<_io.BytesIO object at 0x00000254306BD4A0>,1060002682,0.1444036066532135,-0.07863909006118774,0.7088800668716431,0.13097615540027618,-0.05643898993730545,0.6669325828552246,0.1805763989686966,0.0008938832907006145,-15150,202551,11,6,False,Left,Back,Left,Centre,78
<_io.BytesIO object at 0x0000025433443A40>,2831630132,-1.5148566663601974e+21,nan,2131.948486328125,160246726656.0,2.0549481459937712e-40,6.979497708007332e-39,9.183549615799121e-41,8.802565767984825e+33,16016,202551,11,6,False,Left,Back,Left,Centre,78
<_io.BytesIO object at 0x00000254306BDEF0>,1021276438,-0.019162166863679886,-0.06511997431516647,-0.09585729241371155,0.045724693685770035,0.9922096729278564,0.001339387847110629,1.8367239361444675e-40,1.0783618310962492e+27,16194,202551,11,6,False,Left,Back,Left,Centre,78
<_io.BytesIO object at 0x00000254306BD630>,1035104724,0.2993653118610382,-0.08162783086299896,0.2174653261899948,-0.7081295251846313,0.6667821407318115,0.0,0.0,0.0,0,202551,11,6,False,Left,Back,Left,Centre,78
<_io.BytesIO object at 0x00000254306BDC70>,0,0.0,1.401298464324817e-44,3.643376007244524e-43,9.183689745645554e-41,0.3266258239746094,0.03227868676185608,-0.04184475541114807,0.009451670572161674,586,202551,11,6,False,Left,Back,Left,Centre,78
<_io.BytesIO object at 0x00000254334B8CC0>,1059965414,0.1412665992975235,-0.08562895655632019,0.7066351175308228,0.12766462564468384,-0.0634818822145462,0.6641691327095032,0.17638708651065826,-0.005936688277870417,14197,202552,11,6,False,Left,Back,Left,Centre,78
<_io.BytesIO object at 0x00000254334B8950>,2979086132,-638776594399232.0,-3.3787001105174194e+26,1.6325129814452703e+22,-3.26037946640767e-10,2.0540653279612466e-40,6.979497708007332e-39,9.183549615799121e-41,2.1184571182822097e+37,16016,202552,11,6,False,Left,Back,Left,Centre,78
<_io.BytesIO object at 0x00000254334B8590>,1021266508,-0.01914914697408676,-0.06487233936786652,-0.09588842839002609,0.04524567723274231,0.9922448992729187,0.0013397029833868146,1.8367239361444675e-40,1.0783618310962492e+27,16194,202552,11,6,False,Left,Back,Left,Centre,78
<_io.BytesIO object at 0x00000254334B8C70>,1035104724,0.2993653118610382,-0.08162783086299896,0.2174653261899948,-0.7081295251846313,0.6667821407318115,0.0,0.0,0.0,0,202552,11,6,False,Left,Back,Left,Centre,78
<_io.BytesIO object at 0x00000254334B8900>,0,0.0,1.401298464324817e-44,3.643376007244524e-43,9.183689745645554e-41,0.3266793191432953,0.03226512297987938,-0.04188014194369316,0.009454154409468174,586,202552,11,6,False,Left,Back,Left,Centre,78
<_io.BytesIO object at 0x000002543068B900>,1059928804,0.13814403116703033,-0.09249351918697357,0.7044199109077454,0.12457289546728134,-0.0702531635761261,0.6616745591163635,0.1723126918077469,-0.012534082867205143,-21948,202553,11,6,False,Left,Back,Left,Centre,78
<_io.BytesIO object at 0x000002542B1856D0>,2671722291,2.15189646950735e-20,686079082496.0,3.990338573185106e+24,-57661.7265625,2.0527060684508515e-40,6.979497708007332e-39,9.183549615799121e-41,-1.2037062152420224e-35,16016,202553,11,6,False,Left,Back,Left,Centre,78
<_io.BytesIO object at 0x000002543068BC70>,1021265151,-0.019163649529218674,-0.06490062177181244,-0.09581883996725082,0.044826533645391464,0.9922687411308289,0.001343920361250639,1.8367239361444675e-40,1.0783618310962492e+27,16194,202553,11,6,False,Left,Back,Left,Centre,78
<_io.BytesIO object at 0x000002543068B810>,1035104724,0.2993653118610382,-0.08162783086299896,0.2174653261899948,-0.7081295251846313,0.6667821407318115,0.0,0.0,0.0,0,202553,11,6,False,Left,Back,Left,Centre,78
<_io.BytesIO object at 0x000002543068B720>,0,0.0,1.401298464324817e-44,3.643376007244524e-43,9.183689745645554e-41,0.32675063610076904,0.03223969414830208,-0.04190479591488838,0.009456628002226353,586,202553,11,6,False,Left,Back,Left,Centre,78
<_io.BytesIO object at 0x00000254334EFD10>,1059891393,0.1352142095565796,-0.09862527996301651,0.7021579146385193,0.12135258316993713,-0.07678335160017014,0.6593996286392212,0.16826672852039337,-0.018676649779081345,4964,202554,11,6,False,Left,Back,Left,Centre,78
<_io.BytesIO object at 0x00000254334EFAE0>,2220113715,-1.233742001205209e-16,-2.524142837501131e-05,3.302147413210673e+32,-4.972797030577717e-26,2.0501697182304236e-40,6.979497708007332e-39,9.183549615799121e-41,-3.374229262566437e-31,16016,202554,11,6,False,Left,Back,Left,Centre,78
<_io.BytesIO object at 0x00000254334EF040>,1021261566,-0.019174963235855103,-0.0648067444562912,-0.09576176851987839,0.04439288750290871,0.9922999143600464,0.0013387163635343313,1.8367239361444675e-40,1.0783618310962492e+27,16194,202554,11,6,False,Left,Back,Left,Centre,78
<_io.BytesIO object at 0x00000254334EF450>,1035104724,0.2993653118610382,-0.08162783086299896,0.2174653261899948,-0.7081295251846313,0.6667821407318115,0.0,0.0,0.0,0,202554,11,6,False,Left,Back,Left,Centre,78
<_io.BytesIO object at 0x00000254334EFBD0>,0,0.0,1.401298464324817e-44,3.643376007244524e-43,9.183689745645554e-41,0.32682597637176514,0.03217589855194092,-0.04191932454705238,0.009458795189857483,586,202554,11,6,False,Left,Back,Left,Centre,78
<_io.BytesIO object at 0x00000254334DE180>,1059853813,0.13202187418937683,-0.10502628237009048,0.6999658942222595,0.11805643141269684,-0.08298105746507645,0.6572083830833435,0.16411688923835754,-0.024522781372070312,-29800,202555,11,6,False,Left,Back,Left,Centre,78
<_io.BytesIO object at 0x00000254334DE3B0>,3724492594,-1.7593810694748675e-26,2.285336184548281e-16,-2.4282916808222864e+31,1.0351706894546048e+29,2.508338264126066e-40,6.979497708007332e-39,9.183549615799121e-41,-3.308722450212111e-24,16016,202555,11,6,False,Left,Back,Left,Centre,78
<_io.BytesIO object at 0x00000254334DE810>,1021266364,-0.019154738634824753,-0.06434313952922821,-0.09556908160448074,0.043393783271312714,0.9923927783966064,0.0013252717908471823,1.8367239361444675e-40,1.0783618310962492e+27,16194,202555,11,6,False,Left,Back,Left,Centre,78
<_io.BytesIO object at 0x00000254334DE130>,1035104724,0.2993653118610382,-0.08162783086299896,0.2174653261899948,-0.7081295251846313,0.6667821407318115,0.0,0.0,0.0,0,202555,11,6,False,Left,Back,Left,Centre,78
<_io.BytesIO object at 0x00000254334DE0E0>,0,0.0,1.401298464324817e-44,3.643376007244524e-43,9.183689745645554e-41,0.3269115388393402,0.03211873024702072,-0.04194886237382889,0.009460663422942162,586,202555,11,6,False,Left,Back,Left,Centre,78
<_io.BytesIO object at 0x000002543345BB80>,1059820886,0.1292184591293335,-0.11083021759986877,0.697953999042511,0.11503996700048447,-0.08875072002410889,0.6548594832420349,0.1602563112974167,-0.02996249310672283,3022,202556,11,6,False,Left,Back,Left,Centre,78
<_io.BytesIO object at 0x000002543345B540>,618938162,6.320376057862847e-29,-1.6203749279416448e-24,2.0863873087176704e+16,-2.541824423928504e+22,2.51146315970151e-40,6.979497708007332e-39,9.183549615799121e-41,-6.061579528788587e-21,16016,202556,11,6,False,Left,Back,Left,Centre,78
<_io.BytesIO object at 0x000002543345BD60>,1021269573,-0.019186876714229584,-0.06422337144613266,-0.095622718334198,0.04332999512553215,0.992398202419281,0.001339021953754127,1.8367239361444675e-40,1.0783618310962492e+27,16194,202556,11,6,False,Left,Back,Left,Centre,78
<_io.BytesIO object at 0x000002543345B270>,1035104724,0.2993653118610382,-0.08162783086299896,0.2174653261899948,-0.7081295251846313,0.6667821407318115,0.0,0.0,0.0,0,202556,11,6,False,Left,Back,Left,Centre,78
<_io.BytesIO object at 0x000002543345B950>,0,0.0,1.401298464324817e-44,3.643376007244524e-43,9.183689745645554e-41,0.32696533203125,0.03213471546769142,-0.041998326778411865,0.00946308858692646,586,202556,11,6,False,Left,Back,Left,Centre,78
<_io.BytesIO object at 0x00000254334EFF90>,1059787906,0.12644465267658234,-0.11623789370059967,0.6961266398429871,0.11224095523357391,-0.09394234418869019,0.6526702046394348,0.15655125677585602,-0.03515464439988136,-30315,202557,11,6,False,Left,Back,Left,Centre,78
<_io.BytesIO object at 0x00000254334BCAE0>,3067625265,-2.624179034333611e-36,9.207045020725165e-30,5578645.0,4.912343137628337e-34,2.5128784711504782e-40,6.979497708007332e-39,9.183549615799121e-41,-4.2500725161431774e-16,16016,202557,11,6,False,Left,Back,Left,Centre,78
<_io.BytesIO object at 0x00000254334EF360>,1021262729,-0.019241193309426308,-0.06343313306570053,-0.09580592066049576,0.04339771345257759,0.9924283623695374,0.0013400795869529247,1.8367239361444675e-40,1.0783618310962492e+27,16194,202557,11,6,False,Left,Back,Left,Centre,78
<_io.BytesIO object at 0x00000254334EFEF0>,1035104724,0.2993653118610382,-0.08162783086299896,0.2174653261899948,-0.7081295251846313,0.6667821407318115,0.0,0.0,0.0,0,202557,11,6,False,Left,Back,Left,Centre,78
<_io.BytesIO object at 0x00000254334EFBD0>,0,0.0,1.401298464324817e-44,3.643376007244524e-43,9.183689745645554e-41,0.32702216506004333,0.03213414549827576,-0.042033176869153976,0.009465421549975872,586,202557,11,6,False,Left,Back,Left,Centre,78
<_io.BytesIO object at 0x000002543068B450>,1059757810,0.12388766556978226,-0.12138207256793976,0.6942864060401917,0.10944434255361557,-0.0991663858294487,0.6506996750831604,0.1529444009065628,-0.040046509355306625,3176,202558,11,6,False,Left,Back,Left,Centre,78
<_io.BytesIO object at 0x000002543068B6D0>,2775007025,8.537791472917888e-06,-4.567854232544296e-33,3.902563646694186e+20,-3.8318824768066406,2.513551094413354e-40,6.979497708007332e-39,9.183549615799121e-41,-3.2862601528904634e-13,16016,202558,11,6,False,Left,Back,Left,Centre,78
<_io.BytesIO object at 0x000002543068BA90>,1021259805,-0.01927179843187332,-0.06324316561222076,-0.09582211077213287,0.04323755204677582,0.9924460053443909,0.0013447789242491126,1.8367239361444675e-40,1.0783618310962492e+27,16194,202558,11,6,False,Left,Back,Left,Centre,78
<_io.BytesIO object at 0x000002543068BE00>,1035104724,0.2993653118610382,-0.08162783086299896,0.2174653261899948,-0.7081295251846313,0.6667821407318115,0.0,0.0,0.0,0,202558,11,6,False,Left,Back,Left,Centre,78
<_io.BytesIO object at 0x000002543068B7C0>,0,0.0,1.401298464324817e-44,3.643376007244524e-43,9.183689745645554e-41,0.32706311345100403,0.03212721273303032,-0.04207001253962517,0.009467743337154388,586,202558,11,6,False,Left,Back,Left,Centre,78
<_io.BytesIO object at 0x00000254334B8E00>,1059727502,0.12139679491519928,-0.12613090872764587,0.6923230886459351,0.10639473795890808,-0.10421536862850189,0.6488834619522095,0.14949102699756622,-0.04461873695254326,-28108,202559,11,6,False,Left,Back,Left,Centre,78
<_io.BytesIO object at 0x00000254334B8220>,3723509552,150198320.0,8.269048071637998e-33,-5.851074053335578e+27,-34530211659776.0,2.514167665737657e-40,6.979497708007332e-39,9.183549615799121e-41,-9.677023626863956e-10,16016,202559,11,6,False,Left,Back,Left,Centre,78
<_io.BytesIO object at 0x00000254334B89A0>,1021273710,-0.019301190972328186,-0.06342095136642456,-0.09544134140014648,0.04318681359291077,0.9924734830856323,0.001366502488963306,1.8367239361444675e-40,1.0783618310962492e+27,16194,202559,11,6,False,Left,Back,Left,Centre,78
<_io.BytesIO object at 0x00000254334B8EA0>,1035104724,0.2993653118610382,-0.08162783086299896,0.2174653261899948,-0.7081295251846313,0.6667821407318115,0.0,0.0,0.0,0,202559,11,6,False,Left,Back,Left,Centre,78
<_io.BytesIO object at 0x00000254334B8900>,0,0.0,1.401298464324817e-44,3.643376007244524e-43,9.183689745645554e-41,0.3270988464355469,0.03212347999215126,-0.04211078956723213,0.00947005394846201,586,202559,11,6,False,Left,Back,Left,Centre,78
<_io.BytesIO object at 0x00000254334C8180>,1059696914,0.1189824715256691,-0.1304880827665329,0.6904764771461487,0.10361918807029724,-0.10864875465631485,0.647452175617218,0.14619126915931702,-0.04881787300109863,3385,202560,11,6,False,Left,Back,Left,Centre,78
<_io.BytesIO object at 0x00000254334C8400>,2094743344,-1.9212181845418286e-10,-4.1826759578485264e-33,-0.6689324378967285,-9.909286724507638e-09,2.514728185123387e-40,6.979497708007332e-39,9.183549615799121e-41,-2.5779008865356445e-06,16016,202560,11,6,False,Left,Back,Left,Centre,78
<_io.BytesIO object at 0x00000254334C8900>,1021276208,-0.019339900463819504,-0.063158318400383,-0.0954069197177887,0.04293772950768471,0.992504358291626,0.0013647647574543953,1.8367239361444675e-40,1.0783618310962492e+27,16194,202560,11,6,False,Left,Back,Left,Centre,78
<_io.BytesIO object at 0x00000254334C8270>,1035104724,0.2993653118610382,-0.08162783086299896,0.2174653261899948,-0.7081295251846313,0.6667821407318115,0.0,0.0,0.0,0,202560,11,6,False,Left,Back,Left,Centre,78
<_io.BytesIO object at 0x00000254334C8090>,0,0.0,1.401298464324817e-44,3.643376007244524e-43,9.183689745645554e-41,0.3271474540233612,0.03212190791964531,-0.04216476157307625,0.0094724977388978,586,202560,11,6,False,Left,Back,Left,Centre,78
<_io.BytesIO object at 0x00000254334B8130>,1059667296,0.11670784652233124,-0.13465312123298645,0.6886787414550781,0.10094960778951645,-0.11294060200452805,0.6462516784667969,0.14319105446338654,-0.05273827537894249,-32427,202561,11,6,False,Left,Back,Left,Centre,78
<_io.BytesIO object at 0x00000254334B8E00>,152190767,-6.2880191505076954e-12,6.911595116119964e-35,-6.074772553629113e+26,4.486487446871081e+17,2.515008444816252e-40,6.979497708007332e-39,9.183549615799121e-41,-0.03369140625,16016,202561,11,6,False,Left,Back,Left,Centre,78
<_io.BytesIO object at 0x00000254334BD8B0>,1021258115,-0.019450433552265167,-0.06332740187644958,-0.09529466181993484,0.04277594015002251,0.9925113916397095,0.0013755480758845806,1.8367239361444675e-40,1.0783618310962492e+27,16194,202561,11,6,False,Left,Back,Left,Centre,78
<_io.BytesIO object at 0x00000254334B8450>,1035104724,0.2993653118610382,-0.08162783086299896,0.2174653261899948,-0.7081295251846313,0.6667821407318115,0.0,0.0,0.0,0,202561,11,6,False,Left,Back,Left,Centre,78
<_io.BytesIO object at 0x00000254334BDEF0>,0,0.0,1.401298464324817e-44,3.643376007244524e-43,9.183689745645554e-41,0.3272092342376709,0.03211640566587448,-0.04221745580434799,0.009474932216107845,586,202561,11,6,False,Left,Back,Left,Centre,78
<_io.BytesIO object at 0x000002543068BA40>,1059636667,0.1144421398639679,-0.13853062689304352,0.6868804097175598,0.09818056225776672,-0.11693549156188965,0.6452727317810059,0.14028382301330566,-0.05655426159501076,-2752,202562,11,6,False,Left,Back,Left,Centre,78
<_io.BytesIO object at 0x000002543068B450>,242695982,-3.411336401720978e+34,-2.661509640346492e-31,7.661623477519272e-23,-393707.28125,2.5152606785398304e-40,6.979497708007332e-39,9.183549615799121e-41,-95232.0,16016,202562,11,6,False,Left,Back,Left,Centre,78
<_io.BytesIO object at 0x000002543068B630>,1021254077,-0.019527286291122437,-0.06270255893468857,-0.09541380405426025,0.042963430285453796,0.9925314784049988,0.0013745971955358982,1.8367239361444675e-40,1.0783618310962492e+27,16194,202562,11,6,False,Left,Back,Left,Centre,78
<_io.BytesIO object at 0x000002543068B040>,1035104724,0.2993653118610382,-0.08162783086299896,0.2174653261899948,-0.7081295251846313,0.6667821407318115,0.0,0.0,0.0,0,202562,11,6,False,Left,Back,Left,Centre,78
<_io.BytesIO object at 0x000002543068B4F0>,0,0.0,1.401298464324817e-44,3.643376007244524e-43,9.183689745645554e-41,0.32727640867233276,0.03212031349539757,-0.042289573699235916,0.00947719719260931,586,202562,11,6,False,Left,Back,Left,Centre,78
<_io.BytesIO object at 0x00000254334BC900>,1059606765,0.11230451613664627,-0.14200104773044586,0.6851418614387512,0.09565971791744232,-0.12073951959609985,0.6444317698478699,0.1375454217195511,-0.060035474598407745,26474,202563,11,6,False,Left,Back,Left,Centre,78
<_io.BytesIO object at 0x00000254334EF9A0>,1898200878,-59.55991744995117,2.7750584264833307e-22,8.946645272410325e-20,-1.250155122480832e+32,2.5154988992787656e-40,6.979497708007332e-39,9.183549615799121e-41,-220117073920.0,16016,202563,11,6,False,Left,Back,Left,Centre,78
<_io.BytesIO object at 0x00000254334BC6D0>,1021255266,-0.01958911120891571,-0.06256566196680069,-0.09537345916032791,0.0427948459982872,0.992551326751709,0.0013844642089679837,1.8367239361444675e-40,1.0783618310962492e+27,16194,202563,11,6,False,Left,Back,Left,Centre,78
<_io.BytesIO object at 0x00000254334BC9A0>,1035104724,0.2993653118610382,-0.08162783086299896,0.2174653261899948,-0.7081295251846313,0.6667821407318115,0.0,0.0,0.0,0,202563,11,6,False,Left,Back,Left,Centre,78
<_io.BytesIO object at 0x00000254334BC220>,0,0.0,1.401298464324817e-44,3.643376007244524e-43,9.183689745645554e-41,0.3273613750934601,0.032113805413246155,-0.04236508905887604,0.009479355067014694,586,202563,11,6,False,Left,Back,Left,Centre,78
<_io.BytesIO object at 0x000002543345B720>,1059577264,0.11026705801486969,-0.1452065259218216,0.6834153532981873,0.09307672083377838,-0.12422892451286316,0.6436309218406677,0.13498878479003906,-0.06323942542076111,-8806,202564,11,6,False,Left,Back,Left,Centre,78
<_io.BytesIO object at 0x000002543345B680>,3794943789,-157023469568.0,-3.012681588643318e-07,-7.79362664805244e+21,-6.584219997709973e-38,2.5157231070330576e-40,6.979497708007332e-39,9.183549615799121e-41,-6.917529027641082e+18,16016,202564,11,6,False,Left,Back,Left,Centre,78
<_io.BytesIO object at 0x000002543345BDB0>,1021269242,-0.019640302285552025,-0.06215512007474899,-0.09541413187980652,0.042274024337530136,0.9925954937934875,0.001377616892568767,1.8367239361444675e-40,1.0783618310962492e+27,16194,202564,11,6,False,Left,Back,Left,Centre,78
<_io.BytesIO object at 0x000002543345B270>,1035104724,0.2993653118610382,-0.08162783086299896,0.2174653261899948,-0.7081295251846313,0.6667821407318115,0.0,0.0,0.0,0,202564,11,6,False,Left,Back,Left,Centre,78
<_io.BytesIO object at 0x000002543345B540>,0,0.0,1.401298464324817e-44,3.643376007244524e-43,9.183689745645554e-41,0.32745569944381714,0.03210508078336716,-0.042425818741321564,0.009481360204517841,586,202564,11,6,False,Left,Back,Left,Centre,78
<_io.BytesIO object at 0x00000254334BC3B0>,1059547629,0.10801336169242859,-0.14822238683700562,0.6817536950111389,0.09065500646829605,-0.12744666635990143,0.6430538892745972,0.1324751377105713,-0.06635505706071854,22605,202565,11,6,False,Left,Back,Left,Centre,78
<_io.BytesIO object at 0x00000254334BC400>,4043915053,-1.5005887643582128e-09,632184893341696.0,-1.0255124686516023e+33,2.3426227713518807e+38,2.515919288818063e-40,6.979497708007332e-39,9.183549615799121e-41,-1.7287639220489197e+26,16016,202565,11,6,False,Left,Back,Left,Centre,78
<_io.BytesIO object at 0x00000254334BCF40>,1021256291,-0.019702952355146408,-0.062032923102378845,-0.09537909179925919,0.041299495846033096,0.9926475286483765,0.0013831495307385921,1.8367239361444675e-40,1.0783618310962492e+27,16194,202565,11,6,False,Left,Back,Left,Centre,78
<_io.BytesIO object at 0x00000254334BCAE0>,1035104724,0.2993653118610382,-0.08162783086299896,0.2174653261899948,-0.7081295251846313,0.6667821407318115,0.0,0.0,0.0,0,202565,11,6,False,Left,Back,Left,Centre,78
<_io.BytesIO object at 0x00000254334EF1D0>,0,0.0,1.401298464324817e-44,3.643376007244524e-43,9.183689745645554e-41,0.32763954997062683,0.031980715692043304,-0.04255347698926926,0.009483289904892445,586,202565,11,6,False,Left,Back,Left,Centre,78
<_io.BytesIO object at 0x000002542B1852C0>,1059520883,0.10588904470205307,-0.15081852674484253,0.6800462603569031,0.08842217177152634,-0.13033218681812286,0.6424197554588318,0.1300077736377716,-0.06916794925928116,-10138,202566,11,6,False,Left,Back,Left,Centre,78
<_io.BytesIO object at 0x000002542B1856D0>,1725054764,-1.1957808523426805e+35,-3.0139214458015102e+38,9.139591384602657e+32,3903939674112.0,2.5161014576184253e-40,6.979497708007332e-39,9.183549615799121e-41,-1.9978173459596895e+33,16016,202566,11,6,False,Left,Back,Left,Centre,78
<_io.BytesIO object at 0x000002542B1857C0>,1021257169,-0.019758250564336777,-0.06194816157221794,-0.09530724585056305,0.04072942957282066,0.9926833510398865,0.0013927387772127986,1.8367239361444675e-40,1.0783618310962492e+27,16194,202566,11,6,False,Left,Back,Left,Centre,78
<_io.BytesIO object at 0x000002542B185310>,1035104724,0.2993653118610382,-0.08162783086299896,0.2174653261899948,-0.7081295251846313,0.6667821407318115,0.0,0.0,0.0,0,202566,11,6,False,Left,Back,Left,Centre,78
<_io.BytesIO object at 0x000002542B1851D0>,0,0.0,1.401298464324817e-44,3.643376007244524e-43,9.183689745645554e-41,0.32774657011032104,0.03193633258342743,-0.04264238476753235,0.009485241957008839,586,202566,11,6,False,Left,Back,Left,Centre,78
<_io.BytesIO object at 0x00000254334437C0>,1059494136,0.10398279875516891,-0.15344761312007904,0.6782236099243164,0.08562028408050537,-0.1333649456501007,0.642037034034729,0.12780916690826416,-0.07180420309305191,23477,202567,11,6,False,Left,Back,Left,Centre,78
<_io.BytesIO object at 0x00000254334435E0>,2979086124,0.028959846124053,-2.373016334215189e-14,-3225363712.0,1.2510642547955212e-27,2.5162696134341443e-40,6.979497708007332e-39,9.183549615799121e-41,2.9938371747505135e-38,16017,202567,11,6,False,Left,Back,Left,Centre,78
<_io.BytesIO object at 0x00000254306BD770>,1021258393,-0.01980036497116089,-0.06181507557630539,-0.09537069499492645,0.040231045335531235,0.992705762386322,0.0013798611471429467,1.8367239361444675e-40,1.0783618310962492e+27,16194,202567,11,6,False,Left,Back,Left,Centre,78
<_io.BytesIO object at 0x00000254306BD5E0>,1035104724,0.2993653118610382,-0.08162783086299896,0.2174653261899948,-0.7081295251846313,0.6667821407318115,0.0,0.0,0.0,0,202567,11,6,False,Left,Back,Left,Centre,78
<_io.BytesIO object at 0x00000254306BDB30>,0,0.0,1.401298464324817e-44,3.643376007244524e-43,9.183689745645554e-41,0.32780906558036804,0.03187088295817375,-0.04263648763298988,0.009481512010097504,586,202567,11,6,False,Left,Back,Left,Centre,78
<_io.BytesIO object at 0x00000254334B11D0>,1059467163,0.10192471742630005,-0.15557809174060822,0.6767361760139465,0.08325665444135666,-0.13578952848911285,0.6418388485908508,0.12564513087272644,-0.07420260459184647,-7916,202568,11,6,False,Left,Back,Left,Centre,78
<_io.BytesIO object at 0x00000254334B19F0>,2802728747,8.093013774997769e-28,2036270464.0,-5644178.5,1.7774149267587495e+25,2.5164097432805768e-40,6.979497708007332e-39,9.183549615799121e-41,8.813055425515991e-31,16017,202568,11,6,False,Left,Back,Left,Centre,78
<_io.BytesIO object at 0x00000254334B1810>,1021270466,-0.019876785576343536,-0.06168612837791443,-0.09534774720668793,0.03969268128275871,0.9927377104759216,0.0013882259372621775,1.8367239361444675e-40,1.0783618310962492e+27,16194,202568,11,6,False,Left,Back,Left,Centre,78
<_io.BytesIO object at 0x00000254334B1DB0>,1035104724,0.2993653118610382,-0.08162783086299896,0.2174653261899948,-0.7081295251846313,0.6667821407318115,0.0,0.0,0.0,0,202568,11,6,False,Left,Back,Left,Centre,78
<_io.BytesIO object at 0x00000254334B1BD0>,0,0.0,1.401298464324817e-44,3.643376007244524e-43,9.183689745645554e-41,0.32792356610298157,0.031840093433856964,-0.04273888096213341,0.00947858951985836,586,202568,11,6,False,Left,Back,Left,Centre,78
<_io.BytesIO object at 0x00000254334C8680>,1059445176,0.10028493404388428,-0.15757115185260773,0.6752643585205078,0.08109624683856964,-0.1379714459180832,0.6416749358177185,0.12380821257829666,-0.07639316469430923,28509,202569,11,6,False,Left,Back,Left,Centre,78
<_io.BytesIO object at 0x00000254334C86D0>,1336688427,-2.485412050309096e-17,nan,-11353892.0,-5.968048971682904e-11,2.5165218471577227e-40,6.979497708007332e-39,9.183549615799121e-41,3.8116482626443515e-21,16017,202569,11,6,False,Left,Back,Left,Centre,78
<_io.BytesIO object at 0x00000254334C8220>,1021296393,-0.01993829384446144,-0.06152918562293053,-0.09541631489992142,0.03936676308512688,0.992753803730011,0.0013840962201356888,1.8367239361444675e-40,1.0783618310962492e+27,16194,202569,11,6,False,Left,Back,Left,Centre,78
<_io.BytesIO object at 0x00000254334C8A40>,1035104724,0.2993653118610382,-0.08162783086299896,0.2174653261899948,-0.7081295251846313,0.6667821407318115,0.0,0.0,0.0,0,202569,11,6,False,Left,Back,Left,Centre,78
<_io.BytesIO object at 0x00000254334C8F90>,0,0.0,1.401298464324817e-44,3.643376007244524e-43,9.183689745645554e-41,0.32801201939582825,0.03185803443193436,-0.042805928736925125,0.009476586245000362,586,202569,11,6,False,Left,Back,Left,Centre,78
<_io.BytesIO object at 0x0000025433443450>,1059422535,0.09855428338050842,-0.15943649411201477,0.6738879680633545,0.07922526448965073,-0.13993939757347107,0.641494870185852,0.12201077491044998,-0.07841543108224869,2314,202570,11,6,False,Left,Back,Left,Centre,78
<_io.BytesIO object at 0x00000254334438B0>,3173203755,-1.8003702908408417e+31,-0.0002028869785135612,3.2534092197155785e+28,-2.0990723920419715e+22,2.5165778990962957e-40,6.979497708007332e-39,9.183549615799121e-41,1.6583956430338276e-15,16017,202570,11,6,False,Left,Back,Left,Centre,78
<_io.BytesIO object at 0x00000254334B8810>,1021311062,-0.019979584962129593,-0.061197396367788315,-0.09550125896930695,0.03884023055434227,0.9927869439125061,0.0013712119543924928,1.8367239361444675e-40,1.0783618310962492e+27,16194,202570,11,6,False,Left,Back,Left,Centre,78
<_io.BytesIO object at 0x0000025433443E50>,1035104724,0.2993653118610382,-0.08162783086299896,0.2174653261899948,-0.7081295251846313,0.6667821407318115,0.0,0.0,0.0,0,202570,11,6,False,Left,Back,Left,Centre,78
<_io.BytesIO object at 0x00000254334B8950>,0,0.0,1.401298464324817e-44,3.643376007244524e-43,9.183689745645554e-41,0.32811567187309265,0.03185306116938591,-0.04282674938440323,0.009474915452301502,586,202570,11,6,False,Left,Back,Left,Centre,78
<_io.BytesIO object at 0x000002543068B310>,1059400768,0.09718503057956696,-0.16100676357746124,0.6726897358894348,0.0774560272693634,-0.1418561190366745,0.6413073539733887,0.12042675167322159,-0.08025012165307999,-23356,202571,11,6,False,Left,Back,Left,Centre,78
<_io.BytesIO object at 0x000002543068B090>,1899380522,6.146080937646465e-34,2.00831780294162e+37,-5.419182965327347e-15,-7.077829523478024e-26,2.5166339510348687e-40,6.979497708007332e-39,9.183549615799121e-41,2.1827872842550278e-10,16017,202571,11,6,False,Left,Back,Left,Centre,78
<_io.BytesIO object at 0x000002543068B4F0>,1021319530,-0.020013077184557915,-0.06116066128015518,-0.09556920826435089,0.03842834010720253,0.9927986860275269,0.0013741154689341784,1.8367239361444675e-40,1.0783618310962492e+27,16194,202571,11,6,False,Left,Back,Left,Centre,78
<_io.BytesIO object at 0x000002543068B8B0>,1035104724,0.2993653118610382,-0.08162783086299896,0.2174653261899948,-0.7081295251846313,0.6667821407318115,0.0,0.0,0.0,0,202571,11,6,False,Left,Back,Left,Centre,78
<_io.BytesIO object at 0x000002543068B040>,0,0.0,1.401298464324817e-44,3.643376007244524e-43,9.183689745645554e-41,0.32820531725883484,0.03183833137154579,-0.042865727096796036,0.009473556652665138,586,202571,11,6,False,Left,Back,Left,Centre,78
<_io.BytesIO object at 0x0000025433451310>,1059382553,0.09595578908920288,-0.16245432198047638,0.6716009378433228,0.0758751928806305,-0.1434713453054428,0.6411671042442322,0.11909768730401993,-0.08190131932497025,21679,202572,11,6,False,Left,Back,Left,Centre,78
<_io.BytesIO object at 0x0000025433451900>,2879602474,-6407.63134765625,650209.1875,-1.0433784805454774e+21,-2.217919050070098e+18,2.5166759899887985e-40,6.979497708007332e-39,9.183549615799121e-41,0.00016689300537109375,16017,202572,11,6,False,Left,Back,Left,Centre,78
<_io.BytesIO object at 0x0000025433451DB0>,1021328013,-0.020047245547175407,-0.061130087822675705,-0.0956769660115242,0.03789447247982025,0.9928106665611267,0.001369399018585682,1.8367239361444675e-40,1.0783618310962492e+27,16194,202572,11,6,False,Left,Back,Left,Centre,78
<_io.BytesIO object at 0x00000254334518B0>,1035104724,0.2993653118610382,-0.08162783086299896,0.2174653261899948,-0.7081295251846313,0.6667821407318115,0.0,0.0,0.0,0,202572,11,6,False,Left,Back,Left,Centre,78
<_io.BytesIO object at 0x0000025433451090>,0,0.0,1.401298464324817e-44,3.643376007244524e-43,9.183689745645554e-41,0.32830169796943665,0.03182384371757507,-0.04288442060351372,0.009472493082284927,586,202572,11,6,False,Left,Back,Left,Centre,78
<_io.BytesIO object at 0x00000254334DE130>,1059366273,0.09482090175151825,-0.16361846029758453,0.6707215905189514,0.07467089593410492,-0.14477911591529846,0.6410064101219177,0.11789105832576752,-0.08330614119768143,2451,202573,11,6,False,Left,Back,Left,Centre,78
<_io.BytesIO object at 0x00000254334DEF90>,2585673514,15547656.0,6.1024388364692085e-27,2.6930999629388693e-16,-1.7574931787667225e-10,2.5167180289427282e-40,6.979497708007332e-39,9.183549615799121e-41,300.0,16017,202573,11,6,False,Left,Back,Left,Centre,78
<_io.BytesIO object at 0x0000025433434B30>,1021328749,-0.020073775202035904,-0.06091931834816933,-0.09576288610696793,0.037676505744457245,0.9928237199783325,0.0013859396567568183,1.8367239361444675e-40,1.0783618310962492e+27,16194,202573,11,6,False,Left,Back,Left,Centre,78
<_io.BytesIO object at 0x0000025433434B80>,1035104724,0.2993653118610382,-0.08162783086299896,0.2174653261899948,-0.7081295251846313,0.6667821407318115,0.0,0.0,0.0,0,202573,11,6,False,Left,Back,Left,Centre,78
<_io.BytesIO object at 0x0000025433434BD0>,0,0.0,1.401298464324817e-44,3.643376007244524e-43,9.183689745645554e-41,0.3284069299697876,0.03184325620532036,-0.04292083904147148,0.009471597149968147,586,202573,11,6,False,Left,Back,Left,Centre,78
<_io.BytesIO object at 0x00000254334DF810>,1059353181,0.09391491115093231,-0.16473063826560974,0.6698217988014221,0.07337607443332672,-0.14587949216365814,0.6409654021263123,0.1169402152299881,-0.08459202200174332,-14272,202574,11,6,False,Left,Back,Left,Centre,78
<_io.BytesIO object at 0x00000254334DF180>,935411497,-1.5224087770340988e-23,-6.9442812450565e+18,9.649797478634677e+20,9.480945787584313e-39,2.516760067896658e-40,6.979497708007332e-39,9.183549615799121e-41,246415360.0,16017,202574,11,6,False,Left,Back,Left,Centre,78
<_io.BytesIO object at 0x00000254334DF040>,1021338330,-0.02010328322649002,-0.060967881232500076,-0.09592770040035248,0.03728406876325607,0.992819607257843,0.0013895357260480523,1.8367239361444675e-40,1.0783618310962492e+27,16194,202574,11,6,False,Left,Back,Left,Centre,78
<_io.BytesIO object at 0x00000254334DF630>,1035104724,0.2993653118610382,-0.08162783086299896,0.2174653261899948,-0.7081295251846313,0.6667821407318115,0.0,0.0,0.0,0,202574,11,6,False,Left,Back,Left,Centre,78
<_io.BytesIO object at 0x00000254334DFBD0>,0,0.0,1.401298464324817e-44,3.643376007244524e-43,9.183689745645554e-41,0.3285018503665924,0.03183797746896744,-0.04293206334114075,0.00947079062461853,586,202574,11,6,False,Left,Back,Left,Centre,78
<_io.BytesIO object at 0x00000254334B8F40>,1059341584,0.09320817142724991,-0.1654413938522339,0.6691110730171204,0.07247082889080048,-0.14684399962425232,0.6409257650375366,0.11631985753774643,-0.08555800467729568,-30190,202575,11,6,False,Left,Back,Left,Centre,78
<_io.BytesIO object at 0x00000254334CF0E0>,3249684265,-1.8555510905571282e-07,-1.2350395151017324e-09,2.209927576854097e+35,6.726815694789828e-27,2.5167880938659445e-40,6.979497708007332e-39,9.183549615799121e-41,59098749992960.0,16017,202575,11,6,False,Left,Back,Left,Centre,78
<_io.BytesIO object at 0x00000254334B84F0>,1021353703,-0.020128553733229637,-0.06126634404063225,-0.09601331502199173,0.036692552268505096,0.9928150177001953,0.001409098505973816,1.8367239361444675e-40,1.0783618310962492e+27,16194,202575,11,6,False,Left,Back,Left,Centre,78
<_io.BytesIO object at 0x00000254334B87C0>,1035104724,0.2993653118610382,-0.08162783086299896,0.2174653261899948,-0.7081295251846313,0.6667821407318115,0.0,0.0,0.0,0,202575,11,6,False,Left,Back,Left,Centre,78
<_io.BytesIO object at 0x00000254334B8180>,0,0.0,1.401298464324817e-44,3.643376007244524e-43,9.183689745645554e-41,0.3285972476005554,0.0318324901163578,-0.04295644164085388,0.0094699552282691,586,202575,11,6,False,Left,Back,Left,Centre,78
<_io.BytesIO object at 0x00000254334BD860>,1059331543,0.09257785230875015,-0.16632208228111267,0.6685217618942261,0.07180139422416687,-0.14770103991031647,0.6408429145812988,0.11584769189357758,-0.08653080463409424,23510,202576,11,6,False,Left,Back,Left,Centre,78
<_io.BytesIO object at 0x00000254334BD950>,3591913257,-1.745694754929413e-14,-3.982434811454269e-35,1.195828983451408e+35,-0.015334367752075195,2.5168021068505877e-40,6.979497708007332e-39,9.183549615799121e-41,1.1961560610296037e+19,16017,202576,11,6,False,Left,Back,Left,Centre,78
<_io.BytesIO object at 0x00000254334BD360>,1021378159,-0.020147215574979782,-0.06176496669650078,-0.0959400087594986,0.03578456863760948,0.9928243160247803,0.0014257257571443915,1.8367239361444675e-40,1.0783618310962492e+27,16194,202576,11,6,False,Left,Back,Left,Centre,78
<_io.BytesIO object at 0x00000254334BD220>,1035104724,0.2993653118610382,-0.08162783086299896,0.2174653261899948,-0.7081295251846313,0.6667821407318115,0.0,0.0,0.0,0,202576,11,6,False,Left,Back,Left,Centre,78
<_io.BytesIO object at 0x00000254334BD310>,0,0.0,1.401298464324817e-44,3.643376007244524e-43,9.183689745645554e-41,0.32869696617126465,0.03182315453886986,-0.042989589273929596,0.009468823671340942,586,202576,11,6,False,Left,Back,Left,Centre,78
<_io.BytesIO object at 0x000002543345BEA0>,1059322597,0.09207718819379807,-0.16703759133815765,0.6679152250289917,0.07136045396327972,-0.14839546382427216,0.6407538056373596,0.1155659556388855,-0.08752590417861938,13542,202577,11,6,False,Left,Back,Left,Centre,78
<_io.BytesIO object at 0x00000254334BD720>,373964585,1.1827932767673266e+35,1.2976501622153042e+25,1.5964956938941235e+18,2.5151861980822606e-15,2.516830132819874e-40,6.979497708007332e-39,9.183549615799121e-41,8.235807146124661e+24,16017,202577,11,6,False,Left,Back,Left,Centre,78
<_io.BytesIO object at 0x00000254334BD400>,1021380809,-0.020179469138383865,-0.06196437403559685,-0.0961647555232048,0.03534046933054924,0.9928060173988342,0.0014334199950098991,1.8367239361444675e-40,1.0783618310962492e+27,16194,202577,11,6,False,Left,Back,Left,Centre,78
<_io.BytesIO object at 0x00000254334BDA40>,1035104724,0.2993653118610382,-0.08162783086299896,0.2174653261899948,-0.7081295251846313,0.6667821407318115,0.0,0.0,0.0,0,202577,11,6,False,Left,Back,Left,Centre,78
<_io.BytesIO object at 0x00000254334BDF90>,0,0.0,1.401298464324817e-44,3.643376007244524e-43,9.183689745645554e-41,0.3288337290287018,0.03182048723101616,-0.04301786050200462,0.009467684663832188,586,202577,11,6,False,Left,Back,Left,Centre,78
<_io.BytesIO object at 0x00000254334B8180>,1059314134,0.0917927697300911,-0.16774004697799683,0.6674771308898926,0.07107182592153549,-0.14906877279281616,0.6405695080757141,0.11558494716882706,-0.08836658298969269,6512,202578,11,6,False,Left,Back,Left,Centre,78
<_io.BytesIO object at 0x00000254334B8450>,3904388905,1.9306097449531325e-36,52099176.0,-3.265048981826175e+18,2.463129646912421e-07,2.5168441458045174e-40,6.979497708007332e-39,9.183549615799121e-41,8.021851454569264e+29,16017,202578,11,6,False,Left,Back,Left,Centre,78
<_io.BytesIO object at 0x00000254334B8D10>,1021376484,-0.020218264311552048,-0.06219471991062164,-0.09628375619649887,0.03517286479473114,0.9927861094474792,0.0014436685014516115,1.8367239361444675e-40,1.0783618310962492e+27,16194,202578,11,6,False,Left,Back,Left,Centre,78
<_io.BytesIO object at 0x00000254334B8540>,1035104724,0.2993653118610382,-0.08162783086299896,0.2174653261899948,-0.7081295251846313,0.6667821407318115,0.0,0.0,0.0,0,202578,11,6,False,Left,Back,Left,Centre,78
<_io.BytesIO object at 0x00000254334B8720>,0,0.0,1.401298464324817e-44,3.643376007244524e-43,9.183689745645554e-41,0.3289220631122589,0.03178797662258148,-0.043050214648246765,0.00946645624935627,586,202578,11,6,False,Left,Back,Left,Centre,78
