_io,pos_x,pos_y,pos_z,frame,trial_num,block_num,practicing,left_right_hand,palm_back_hand,target_loc,distractor_loc,participant_id
<_io.BytesIO object at 0x000001D278BE3630>,0.27992749214172363,0.03524554893374443,0.048767417669296265,309305,2,7,True,Right,Front,Centre,Left,79
_io,pos_x,pos_y,pos_z,frame,trial_num,block_num,practicing,left_right_hand,palm_back_hand,target_loc,distractor_loc,participant_id
<_io.BytesIO object at 0x000001D278BE3A40>,0.23239342868328094,0.05674600601196289,-0.04251404106616974,309305,2,7,True,Right,Front,Centre,Left,79
_io,pos_x,pos_y,pos_z,frame,trial_num,block_num,practicing,left_right_hand,palm_back_hand,target_loc,distractor_loc,participant_id
<_io.BytesIO object at 0x000001D278BE39F0>,0.21192090213298798,0.00031868554651737213,-0.056857287883758545,309305,2,7,True,Right,Front,Centre,Left,79
_io,pos_x,pos_y,pos_z,frame,trial_num,block_num,practicing,left_right_hand,palm_back_hand,target_loc,distractor_loc,participant_id
<_io.BytesIO object at 0x000001D278BE3BD0>,0.18407583236694336,-0.011027390137314796,0.010663246735930443,309305,2,7,True,Right,Front,Centre,Left,79
_io,pos_x,pos_y,pos_z,frame,trial_num,block_num,practicing,left_right_hand,palm_back_hand,target_loc,distractor_loc,participant_id
<_io.BytesIO object at 0x000001D27B99A0E0>,0.28400319814682007,0.05126253142952919,-0.05207643657922745,309305,2,7,True,Right,Front,Centre,Left,79
<_io.BytesIO object at 0x000001D278BE3C70>,0.27992749214172363,0.03524554893374443,0.048767417669296265,309306,2,7,True,Right,Front,Centre,Left,79
<_io.BytesIO object at 0x000001D278BE3A40>,0.23239342868328094,0.05674600601196289,-0.04251404106616974,309306,2,7,True,Right,Front,Centre,Left,79
<_io.BytesIO object at 0x000001D278BE35E0>,0.21192090213298798,0.00031868554651737213,-0.056857287883758545,309306,2,7,True,Right,Front,Centre,Left,79
<_io.BytesIO object at 0x000001D278BE3090>,0.18407583236694336,-0.011027390137314796,0.010663246735930443,309306,2,7,True,Right,Front,Centre,Left,79
<_io.BytesIO object at 0x000001D27B99AE00>,0.28400319814682007,0.05126253142952919,-0.05207643657922745,309306,2,7,True,Right,Front,Centre,Left,79
<_io.BytesIO object at 0x000001D27B99A900>,0.27992749214172363,0.03524554893374443,0.048767417669296265,309307,2,7,True,Right,Front,Centre,Left,79
<_io.BytesIO object at 0x000001D27B99A360>,0.23239342868328094,0.05674600601196289,-0.04251404106616974,309307,2,7,True,Right,Front,Centre,Left,79
<_io.BytesIO object at 0x000001D27B99AA90>,0.21192090213298798,0.00031868554651737213,-0.056857287883758545,309307,2,7,True,Right,Front,Centre,Left,79
<_io.BytesIO object at 0x000001D27B99A3B0>,0.18407583236694336,-0.011027390137314796,0.010663246735930443,309307,2,7,True,Right,Front,Centre,Left,79
<_io.BytesIO object at 0x000001D278BE30E0>,0.28400319814682007,0.05126253142952919,-0.05207643657922745,309307,2,7,True,Right,Front,Centre,Left,79
<_io.BytesIO object at 0x000001D27B99A720>,0.27992749214172363,0.03524554893374443,0.048767417669296265,309308,2,7,True,Right,Front,Centre,Left,79
<_io.BytesIO object at 0x000001D27B99A5E0>,0.23239342868328094,0.05674600601196289,-0.04251404106616974,309308,2,7,True,Right,Front,Centre,Left,79
<_io.BytesIO object at 0x000001D27B99A540>,0.21192090213298798,0.00031868554651737213,-0.056857287883758545,309308,2,7,True,Right,Front,Centre,Left,79
<_io.BytesIO object at 0x000001D278BE3B30>,0.18407583236694336,-0.011027390137314796,0.010663246735930443,309308,2,7,True,Right,Front,Centre,Left,79
<_io.BytesIO object at 0x000001D278BE3360>,0.28400319814682007,0.05126253142952919,-0.05207643657922745,309308,2,7,True,Right,Front,Centre,Left,79
<_io.BytesIO object at 0x000001D278BE3270>,0.27992749214172363,0.03524554893374443,0.048767417669296265,309309,2,7,True,Right,Front,Centre,Left,79
<_io.BytesIO object at 0x000001D278BE3D10>,0.23239342868328094,0.05674600601196289,-0.04251404106616974,309309,2,7,True,Right,Front,Centre,Left,79
<_io.BytesIO object at 0x000001D278BE3540>,0.21192090213298798,0.00031868554651737213,-0.056857287883758545,309309,2,7,True,Right,Front,Centre,Left,79
<_io.BytesIO object at 0x000001D278BE3360>,0.18407583236694336,-0.011027390137314796,0.010663246735930443,309309,2,7,True,Right,Front,Centre,Left,79
<_io.BytesIO object at 0x000001D27B99AA40>,0.28400319814682007,0.05126253142952919,-0.05207643657922745,309309,2,7,True,Right,Front,Centre,Left,79
<_io.BytesIO object at 0x000001D27B99AA90>,0.27992749214172363,0.03524554893374443,0.048767417669296265,309310,2,7,True,Right,Front,Centre,Left,79
<_io.BytesIO object at 0x000001D27B99AAE0>,0.23239342868328094,0.05674600601196289,-0.04251404106616974,309310,2,7,True,Right,Front,Centre,Left,79
<_io.BytesIO object at 0x000001D27B99AF40>,0.21192090213298798,0.00031868554651737213,-0.056857287883758545,309310,2,7,True,Right,Front,Centre,Left,79
<_io.BytesIO object at 0x000001D27B99A900>,0.18407583236694336,-0.011027390137314796,0.010663246735930443,309310,2,7,True,Right,Front,Centre,Left,79
<_io.BytesIO object at 0x000001D278BE38B0>,0.28400319814682007,0.05126253142952919,-0.05207643657922745,309310,2,7,True,Right,Front,Centre,Left,79
<_io.BytesIO object at 0x000001D278BE3810>,0.27992749214172363,0.03524554893374443,0.048767417669296265,309311,2,7,True,Right,Front,Centre,Left,79
<_io.BytesIO object at 0x000001D278BE3130>,0.23239342868328094,0.05674600601196289,-0.04251404106616974,309311,2,7,True,Right,Front,Centre,Left,79
<_io.BytesIO object at 0x000001D278BE3590>,0.21192090213298798,0.00031868554651737213,-0.056857287883758545,309311,2,7,True,Right,Front,Centre,Left,79
<_io.BytesIO object at 0x000001D278BE38B0>,0.18407583236694336,-0.011027390137314796,0.010663246735930443,309311,2,7,True,Right,Front,Centre,Left,79
<_io.BytesIO object at 0x000001D27B99A770>,0.28400319814682007,0.05126253142952919,-0.05207643657922745,309311,2,7,True,Right,Front,Centre,Left,79
<_io.BytesIO object at 0x000001D278BE3900>,0.27992749214172363,0.03524554893374443,0.048767417669296265,309312,2,7,True,Right,Front,Centre,Left,79
<_io.BytesIO object at 0x000001D278BE39A0>,0.23239342868328094,0.05674600601196289,-0.04251404106616974,309312,2,7,True,Right,Front,Centre,Left,79
<_io.BytesIO object at 0x000001D278BE3C20>,0.21192090213298798,0.00031868554651737213,-0.056857287883758545,309312,2,7,True,Right,Front,Centre,Left,79
<_io.BytesIO object at 0x000001D278BE39F0>,0.18407583236694336,-0.011027390137314796,0.010663246735930443,309312,2,7,True,Right,Front,Centre,Left,79
<_io.BytesIO object at 0x000001D27B99A720>,0.28400319814682007,0.05126253142952919,-0.05207643657922745,309312,2,7,True,Right,Front,Centre,Left,79
<_io.BytesIO object at 0x000001D278BE3B30>,0.27992749214172363,0.03524554893374443,0.048767417669296265,309313,2,7,True,Right,Front,Centre,Left,79
<_io.BytesIO object at 0x000001D278BE3BD0>,0.23239342868328094,0.05674600601196289,-0.04251404106616974,309313,2,7,True,Right,Front,Centre,Left,79
<_io.BytesIO object at 0x000001D278BE3900>,0.21192090213298798,0.00031868554651737213,-0.056857287883758545,309313,2,7,True,Right,Front,Centre,Left,79
<_io.BytesIO object at 0x000001D278BE3950>,0.18407583236694336,-0.011027390137314796,0.010663246735930443,309313,2,7,True,Right,Front,Centre,Left,79
<_io.BytesIO object at 0x000001D27B99A450>,0.28400319814682007,0.05126253142952919,-0.05207643657922745,309313,2,7,True,Right,Front,Centre,Left,79
<_io.BytesIO object at 0x000001D27B99A220>,0.27992749214172363,0.03524554893374443,0.048767417669296265,309314,2,7,True,Right,Front,Centre,Left,79
<_io.BytesIO object at 0x000001D27B99A8B0>,0.23239342868328094,0.05674600601196289,-0.04251404106616974,309314,2,7,True,Right,Front,Centre,Left,79
<_io.BytesIO object at 0x000001D27B99A400>,0.21192090213298798,0.00031868554651737213,-0.056857287883758545,309314,2,7,True,Right,Front,Centre,Left,79
<_io.BytesIO object at 0x000001D27B99A5E0>,0.18407583236694336,-0.011027390137314796,0.010663246735930443,309314,2,7,True,Right,Front,Centre,Left,79
<_io.BytesIO object at 0x000001D278BE30E0>,0.28400319814682007,0.05126253142952919,-0.05207643657922745,309314,2,7,True,Right,Front,Centre,Left,79
<_io.BytesIO object at 0x000001D278BE35E0>,0.27992749214172363,0.03524554893374443,0.048767417669296265,309315,2,7,True,Right,Front,Centre,Left,79
<_io.BytesIO object at 0x000001D278BE3040>,0.23239342868328094,0.05674600601196289,-0.04251404106616974,309315,2,7,True,Right,Front,Centre,Left,79
<_io.BytesIO object at 0x000001D278BE3360>,0.21192090213298798,0.00031868554651737213,-0.056857287883758545,309315,2,7,True,Right,Front,Centre,Left,79
<_io.BytesIO object at 0x000001D27B99AB30>,0.18407583236694336,-0.011027390137314796,0.010663246735930443,309315,2,7,True,Right,Front,Centre,Left,79
<_io.BytesIO object at 0x000001D27B99A8B0>,0.28400319814682007,0.05126253142952919,-0.05207643657922745,309315,2,7,True,Right,Front,Centre,Left,79
<_io.BytesIO object at 0x000001D278BE3860>,0.27992749214172363,0.03524554893374443,0.048767417669296265,309316,2,7,True,Right,Front,Centre,Left,79
<_io.BytesIO object at 0x000001D278BE3770>,0.23239342868328094,0.05674600601196289,-0.04251404106616974,309316,2,7,True,Right,Front,Centre,Left,79
<_io.BytesIO object at 0x000001D278BE3220>,0.21192090213298798,0.00031868554651737213,-0.056857287883758545,309316,2,7,True,Right,Front,Centre,Left,79
<_io.BytesIO object at 0x000001D278BE3950>,0.18407583236694336,-0.011027390137314796,0.010663246735930443,309316,2,7,True,Right,Front,Centre,Left,79
<_io.BytesIO object at 0x000001D27B99AD10>,0.28400319814682007,0.05126253142952919,-0.05207643657922745,309316,2,7,True,Right,Front,Centre,Left,79
<_io.BytesIO object at 0x000001D278BE3D60>,0.27992749214172363,0.03524554893374443,0.048767417669296265,309317,2,7,True,Right,Front,Centre,Left,79
<_io.BytesIO object at 0x000001D278BE3810>,0.23239342868328094,0.05674600601196289,-0.04251404106616974,309317,2,7,True,Right,Front,Centre,Left,79
<_io.BytesIO object at 0x000001D278BE3B80>,0.21192090213298798,0.00031868554651737213,-0.056857287883758545,309317,2,7,True,Right,Front,Centre,Left,79
<_io.BytesIO object at 0x000001D278BE3180>,0.18407583236694336,-0.011027390137314796,0.010663246735930443,309317,2,7,True,Right,Front,Centre,Left,79
<_io.BytesIO object at 0x000001D27B99AF90>,0.28400319814682007,0.05126253142952919,-0.05207643657922745,309317,2,7,True,Right,Front,Centre,Left,79
<_io.BytesIO object at 0x000001D27B99A900>,0.27992749214172363,0.03524554893374443,0.048767417669296265,309318,2,7,True,Right,Front,Centre,Left,79
<_io.BytesIO object at 0x000001D27B99A810>,0.23239342868328094,0.05674600601196289,-0.04251404106616974,309318,2,7,True,Right,Front,Centre,Left,79
<_io.BytesIO object at 0x000001D27B99A270>,0.21192090213298798,0.00031868554651737213,-0.056857287883758545,309318,2,7,True,Right,Front,Centre,Left,79
<_io.BytesIO object at 0x000001D27B99AC20>,0.18407583236694336,-0.011027390137314796,0.010663246735930443,309318,2,7,True,Right,Front,Centre,Left,79
<_io.BytesIO object at 0x000001D278BE3B30>,0.28400319814682007,0.05126253142952919,-0.05207643657922745,309318,2,7,True,Right,Front,Centre,Left,79
<_io.BytesIO object at 0x000001D27B99AD60>,0.27992749214172363,0.03524554893374443,0.048767417669296265,309319,2,7,True,Right,Front,Centre,Left,79
<_io.BytesIO object at 0x000001D27B99A770>,0.23239342868328094,0.05674600601196289,-0.04251404106616974,309319,2,7,True,Right,Front,Centre,Left,79
<_io.BytesIO object at 0x000001D27B99A4A0>,0.21192090213298798,0.00031868554651737213,-0.056857287883758545,309319,2,7,True,Right,Front,Centre,Left,79
<_io.BytesIO object at 0x000001D278BE3C20>,0.18407583236694336,-0.011027390137314796,0.010663246735930443,309319,2,7,True,Right,Front,Centre,Left,79
<_io.BytesIO object at 0x000001D278BE3D10>,0.28400319814682007,0.05126253142952919,-0.05207643657922745,309319,2,7,True,Right,Front,Centre,Left,79
<_io.BytesIO object at 0x000001D278BE3E00>,0.27992749214172363,0.03524554893374443,0.048767417669296265,309320,2,7,True,Right,Front,Centre,Left,79
<_io.BytesIO object at 0x000001D278BE3090>,0.23239342868328094,0.05674600601196289,-0.04251404106616974,309320,2,7,True,Right,Front,Centre,Left,79
<_io.BytesIO object at 0x000001D278BE3220>,0.21192090213298798,0.00031868554651737213,-0.056857287883758545,309320,2,7,True,Right,Front,Centre,Left,79
<_io.BytesIO object at 0x000001D278BE37C0>,0.18407583236694336,-0.011027390137314796,0.010663246735930443,309320,2,7,True,Right,Front,Centre,Left,79
<_io.BytesIO object at 0x000001D27B99A7C0>,0.28400319814682007,0.05126253142952919,-0.05207643657922745,309320,2,7,True,Right,Front,Centre,Left,79
<_io.BytesIO object at 0x000001D278BE3630>,0.27992749214172363,0.03524554893374443,0.048767417669296265,309321,2,7,True,Right,Front,Centre,Left,79
<_io.BytesIO object at 0x000001D278BE3770>,0.23239342868328094,0.05674600601196289,-0.04251404106616974,309321,2,7,True,Right,Front,Centre,Left,79
<_io.BytesIO object at 0x000001D278BE38B0>,0.21192090213298798,0.00031868554651737213,-0.056857287883758545,309321,2,7,True,Right,Front,Centre,Left,79
<_io.BytesIO object at 0x000001D278BE3040>,0.18407583236694336,-0.011027390137314796,0.010663246735930443,309321,2,7,True,Right,Front,Centre,Left,79
<_io.BytesIO object at 0x000001D27B99AF90>,0.28400319814682007,0.05126253142952919,-0.05207643657922745,309321,2,7,True,Right,Front,Centre,Left,79
<_io.BytesIO object at 0x000001D27B99AF90>,0.27992749214172363,0.03524554893374443,0.048767417669296265,309322,2,7,True,Right,Front,Centre,Left,79
<_io.BytesIO object at 0x000001D27B99A0E0>,0.23239342868328094,0.05674600601196289,-0.04251404106616974,309322,2,7,True,Right,Front,Centre,Left,79
<_io.BytesIO object at 0x000001D27B99ACC0>,0.21192090213298798,0.00031868554651737213,-0.056857287883758545,309322,2,7,True,Right,Front,Centre,Left,79
<_io.BytesIO object at 0x000001D27B99A590>,0.18407583236694336,-0.011027390137314796,0.010663246735930443,309322,2,7,True,Right,Front,Centre,Left,79
<_io.BytesIO object at 0x000001D278BE31D0>,0.28400319814682007,0.05126253142952919,-0.05207643657922745,309322,2,7,True,Right,Front,Centre,Left,79
<_io.BytesIO object at 0x000001D27B99A360>,0.27992749214172363,0.03524554893374443,0.048767417669296265,309323,2,7,True,Right,Front,Centre,Left,79
<_io.BytesIO object at 0x000001D27B99A7C0>,0.23239342868328094,0.05674600601196289,-0.04251404106616974,309323,2,7,True,Right,Front,Centre,Left,79
<_io.BytesIO object at 0x000001D27B99ACC0>,0.21192090213298798,0.00031868554651737213,-0.056857287883758545,309323,2,7,True,Right,Front,Centre,Left,79
<_io.BytesIO object at 0x000001D27B99AF40>,0.18407583236694336,-0.011027390137314796,0.010663246735930443,309323,2,7,True,Right,Front,Centre,Left,79
<_io.BytesIO object at 0x000001D278BE3A90>,0.28400319814682007,0.05126253142952919,-0.05207643657922745,309323,2,7,True,Right,Front,Centre,Left,79
<_io.BytesIO object at 0x000001D278BE3DB0>,0.27992749214172363,0.03524554893374443,0.048767417669296265,309324,2,7,True,Right,Front,Centre,Left,79
<_io.BytesIO object at 0x000001D278BE3540>,0.23239342868328094,0.05674600601196289,-0.04251404106616974,309324,2,7,True,Right,Front,Centre,Left,79
<_io.BytesIO object at 0x000001D278BE34F0>,0.21192090213298798,0.00031868554651737213,-0.056857287883758545,309324,2,7,True,Right,Front,Centre,Left,79
<_io.BytesIO object at 0x000001D27B99A220>,0.18407583236694336,-0.011027390137314796,0.010663246735930443,309324,2,7,True,Right,Front,Centre,Left,79
<_io.BytesIO object at 0x000001D27B99AF90>,0.28400319814682007,0.05126253142952919,-0.05207643657922745,309324,2,7,True,Right,Front,Centre,Left,79
<_io.BytesIO object at 0x000001D278BE3810>,0.27992749214172363,0.03524554893374443,0.048767417669296265,309325,2,7,True,Right,Front,Centre,Left,79
<_io.BytesIO object at 0x000001D278BE3590>,0.23239342868328094,0.05674600601196289,-0.04251404106616974,309325,2,7,True,Right,Front,Centre,Left,79
<_io.BytesIO object at 0x000001D278BE3630>,0.21192090213298798,0.00031868554651737213,-0.056857287883758545,309325,2,7,True,Right,Front,Centre,Left,79
<_io.BytesIO object at 0x000001D278BE3E50>,0.18407583236694336,-0.011027390137314796,0.010663246735930443,309325,2,7,True,Right,Front,Centre,Left,79
<_io.BytesIO object at 0x000001D27B99A7C0>,0.28400319814682007,0.05126253142952919,-0.05207643657922745,309325,2,7,True,Right,Front,Centre,Left,79
<_io.BytesIO object at 0x000001D27B99ABD0>,0.27992749214172363,0.03524554893374443,0.048767417669296265,309326,2,7,True,Right,Front,Centre,Left,79
<_io.BytesIO object at 0x000001D27B99AEF0>,0.23239342868328094,0.05674600601196289,-0.04251404106616974,309326,2,7,True,Right,Front,Centre,Left,79
<_io.BytesIO object at 0x000001D27B99A2C0>,0.21192090213298798,0.00031868554651737213,-0.056857287883758545,309326,2,7,True,Right,Front,Centre,Left,79
<_io.BytesIO object at 0x000001D27B99A9A0>,0.18407583236694336,-0.011027390137314796,0.010663246735930443,309326,2,7,True,Right,Front,Centre,Left,79
<_io.BytesIO object at 0x000001D278BE34F0>,0.28400319814682007,0.05126253142952919,-0.05207643657922745,309326,2,7,True,Right,Front,Centre,Left,79
<_io.BytesIO object at 0x000001D278BE3270>,0.27992749214172363,0.03524554893374443,0.048767417669296265,309327,2,7,True,Right,Front,Centre,Left,79
<_io.BytesIO object at 0x000001D278BE3A90>,0.23239342868328094,0.05674600601196289,-0.04251404106616974,309327,2,7,True,Right,Front,Centre,Left,79
<_io.BytesIO object at 0x000001D278BE3680>,0.21192090213298798,0.00031868554651737213,-0.056857287883758545,309327,2,7,True,Right,Front,Centre,Left,79
<_io.BytesIO object at 0x000001D278BE3A40>,0.18407583236694336,-0.011027390137314796,0.010663246735930443,309327,2,7,True,Right,Front,Centre,Left,79
<_io.BytesIO object at 0x000001D278BE3180>,0.28400319814682007,0.05126253142952919,-0.05207643657922745,309327,2,7,True,Right,Front,Centre,Left,79
<_io.BytesIO object at 0x000001D27B99AF90>,0.27992749214172363,0.03524554893374443,0.048767417669296265,309328,2,7,True,Right,Front,Centre,Left,79
<_io.BytesIO object at 0x000001D27B99AF40>,0.23239342868328094,0.05674600601196289,-0.04251404106616974,309328,2,7,True,Right,Front,Centre,Left,79
<_io.BytesIO object at 0x000001D27B99A900>,0.21192090213298798,0.00031868554651737213,-0.056857287883758545,309328,2,7,True,Right,Front,Centre,Left,79
<_io.BytesIO object at 0x000001D27B99A400>,0.18407583236694336,-0.011027390137314796,0.010663246735930443,309328,2,7,True,Right,Front,Centre,Left,79
<_io.BytesIO object at 0x000001D278BE3540>,0.28400319814682007,0.05126253142952919,-0.05207643657922745,309328,2,7,True,Right,Front,Centre,Left,79
<_io.BytesIO object at 0x000001D278BE3A40>,0.27992749214172363,0.03524554893374443,0.048767417669296265,309329,2,7,True,Right,Front,Centre,Left,79
<_io.BytesIO object at 0x000001D278BE35E0>,0.23239342868328094,0.05674600601196289,-0.04251404106616974,309329,2,7,True,Right,Front,Centre,Left,79
<_io.BytesIO object at 0x000001D27B99A900>,0.21192090213298798,0.00031868554651737213,-0.056857287883758545,309329,2,7,True,Right,Front,Centre,Left,79
<_io.BytesIO object at 0x000001D27B99A4F0>,0.18407583236694336,-0.011027390137314796,0.010663246735930443,309329,2,7,True,Right,Front,Centre,Left,79
<_io.BytesIO object at 0x000001D27B99A9A0>,0.28400319814682007,0.05126253142952919,-0.05207643657922745,309329,2,7,True,Right,Front,Centre,Left,79
<_io.BytesIO object at 0x000001D27B99A9F0>,0.27992749214172363,0.03524554893374443,0.048767417669296265,309330,2,7,True,Right,Front,Centre,Left,79
<_io.BytesIO object at 0x000001D27B99AF40>,0.23239342868328094,0.05674600601196289,-0.04251404106616974,309330,2,7,True,Right,Front,Centre,Left,79
<_io.BytesIO object at 0x000001D27B99AE50>,0.21192090213298798,0.00031868554651737213,-0.056857287883758545,309330,2,7,True,Right,Front,Centre,Left,79
<_io.BytesIO object at 0x000001D27B99A450>,0.18407583236694336,-0.011027390137314796,0.010663246735930443,309330,2,7,True,Right,Front,Centre,Left,79
<_io.BytesIO object at 0x000001D278BE3A90>,0.28400319814682007,0.05126253142952919,-0.05207643657922745,309330,2,7,True,Right,Front,Centre,Left,79
<_io.BytesIO object at 0x000001D278BE33B0>,0.27992749214172363,0.03524554893374443,0.048767417669296265,309331,2,7,True,Right,Front,Centre,Left,79
<_io.BytesIO object at 0x000001D278BE3AE0>,0.23239342868328094,0.05674600601196289,-0.04251404106616974,309331,2,7,True,Right,Front,Centre,Left,79
<_io.BytesIO object at 0x000001D27B99A1D0>,0.21192090213298798,0.00031868554651737213,-0.056857287883758545,309331,2,7,True,Right,Front,Centre,Left,79
<_io.BytesIO object at 0x000001D27B99A810>,0.18407583236694336,-0.011027390137314796,0.010663246735930443,309331,2,7,True,Right,Front,Centre,Left,79
<_io.BytesIO object at 0x000001D27B99AD60>,0.28400319814682007,0.05126253142952919,-0.05207643657922745,309331,2,7,True,Right,Front,Centre,Left,79
<_io.BytesIO object at 0x000001D278BE3450>,0.27992749214172363,0.03524554893374443,0.048767417669296265,309332,2,7,True,Right,Front,Centre,Left,79
<_io.BytesIO object at 0x000001D278BE3CC0>,0.23239342868328094,0.05674600601196289,-0.04251404106616974,309332,2,7,True,Right,Front,Centre,Left,79
<_io.BytesIO object at 0x000001D278BE33B0>,0.21192090213298798,0.00031868554651737213,-0.056857287883758545,309332,2,7,True,Right,Front,Centre,Left,79
<_io.BytesIO object at 0x000001D27B99A4A0>,0.18407583236694336,-0.011027390137314796,0.010663246735930443,309332,2,7,True,Right,Front,Centre,Left,79
<_io.BytesIO object at 0x000001D27B99ACC0>,0.28400319814682007,0.05126253142952919,-0.05207643657922745,309332,2,7,True,Right,Front,Centre,Left,79
<_io.BytesIO object at 0x000001D27B99AA40>,0.27992749214172363,0.03524554893374443,0.048767417669296265,309333,2,7,True,Right,Front,Centre,Left,79
<_io.BytesIO object at 0x000001D27B99AAE0>,0.23239342868328094,0.05674600601196289,-0.04251404106616974,309333,2,7,True,Right,Front,Centre,Left,79
<_io.BytesIO object at 0x000001D27B99A1D0>,0.21192090213298798,0.00031868554651737213,-0.056857287883758545,309333,2,7,True,Right,Front,Centre,Left,79
<_io.BytesIO object at 0x000001D27B99A5E0>,0.18407583236694336,-0.011027390137314796,0.010663246735930443,309333,2,7,True,Right,Front,Centre,Left,79
<_io.BytesIO object at 0x000001D278BE34A0>,0.28400319814682007,0.05126253142952919,-0.05207643657922745,309333,2,7,True,Right,Front,Centre,Left,79
<_io.BytesIO object at 0x000001D27B935540>,0.27992749214172363,0.03524554893374443,0.048767417669296265,309334,2,7,True,Right,Front,Centre,Left,79
<_io.BytesIO object at 0x000001D27B935130>,0.23239342868328094,0.05674600601196289,-0.04251404106616974,309334,2,7,True,Right,Front,Centre,Left,79
<_io.BytesIO object at 0x000001D278BE3DB0>,0.21192090213298798,0.00031868554651737213,-0.056857287883758545,309334,2,7,True,Right,Front,Centre,Left,79
<_io.BytesIO object at 0x000001D278BE34F0>,0.18407583236694336,-0.011027390137314796,0.010663246735930443,309334,2,7,True,Right,Front,Centre,Left,79
<_io.BytesIO object at 0x000001D278BE3900>,0.28400319814682007,0.05126253142952919,-0.05207643657922745,309334,2,7,True,Right,Front,Centre,Left,79
<_io.BytesIO object at 0x000001D278BE3A40>,0.27992749214172363,0.03524554893374443,0.048767417669296265,309335,2,7,True,Right,Front,Centre,Left,79
<_io.BytesIO object at 0x000001D278BE3DB0>,0.23239342868328094,0.05674600601196289,-0.04251404106616974,309335,2,7,True,Right,Front,Centre,Left,79
<_io.BytesIO object at 0x000001D27B935C20>,0.21192090213298798,0.00031868554651737213,-0.056857287883758545,309335,2,7,True,Right,Front,Centre,Left,79
<_io.BytesIO object at 0x000001D27B935540>,0.18407583236694336,-0.011027390137314796,0.010663246735930443,309335,2,7,True,Right,Front,Centre,Left,79
<_io.BytesIO object at 0x000001D27B9355E0>,0.28400319814682007,0.05126253142952919,-0.05207643657922745,309335,2,7,True,Right,Front,Centre,Left,79
<_io.BytesIO object at 0x000001D27B935630>,0.27992749214172363,0.03524554893374443,0.048767417669296265,309336,2,7,True,Right,Front,Centre,Left,79
<_io.BytesIO object at 0x000001D27B935A40>,0.23239342868328094,0.05674600601196289,-0.04251404106616974,309336,2,7,True,Right,Front,Centre,Left,79
<_io.BytesIO object at 0x000001D278BE31D0>,0.21192090213298798,0.00031868554651737213,-0.056857287883758545,309336,2,7,True,Right,Front,Centre,Left,79
<_io.BytesIO object at 0x000001D278BE3270>,0.18407583236694336,-0.011027390137314796,0.010663246735930443,309336,2,7,True,Right,Front,Centre,Left,79
<_io.BytesIO object at 0x000001D278BE3AE0>,0.28400319814682007,0.05126253142952919,-0.05207643657922745,309336,2,7,True,Right,Front,Centre,Left,79
<_io.BytesIO object at 0x000001D278BE3450>,0.27992749214172363,0.03524554893374443,0.048767417669296265,309337,2,7,True,Right,Front,Centre,Left,79
<_io.BytesIO object at 0x000001D278BE3CC0>,0.23239342868328094,0.05674600601196289,-0.04251404106616974,309337,2,7,True,Right,Front,Centre,Left,79
<_io.BytesIO object at 0x000001D278BE3F40>,0.21192090213298798,0.00031868554651737213,-0.056857287883758545,309337,2,7,True,Right,Front,Centre,Left,79
<_io.BytesIO object at 0x000001D278BE37C0>,0.18407583236694336,-0.011027390137314796,0.010663246735930443,309337,2,7,True,Right,Front,Centre,Left,79
<_io.BytesIO object at 0x000001D27B935680>,0.28400319814682007,0.05126253142952919,-0.05207643657922745,309337,2,7,True,Right,Front,Centre,Left,79
<_io.BytesIO object at 0x000001D27B935270>,0.27992749214172363,0.03524554893374443,0.048767417669296265,309338,2,7,True,Right,Front,Centre,Left,79
<_io.BytesIO object at 0x000001D27B935A40>,0.23239342868328094,0.05674600601196289,-0.04251404106616974,309338,2,7,True,Right,Front,Centre,Left,79
<_io.BytesIO object at 0x000001D278BE31D0>,0.21192090213298798,0.00031868554651737213,-0.056857287883758545,309338,2,7,True,Right,Front,Centre,Left,79
<_io.BytesIO object at 0x000001D278BE35E0>,0.18407583236694336,-0.011027390137314796,0.010663246735930443,309338,2,7,True,Right,Front,Centre,Left,79
<_io.BytesIO object at 0x000001D278BE3860>,0.28400319814682007,0.05126253142952919,-0.05207643657922745,309338,2,7,True,Right,Front,Centre,Left,79
<_io.BytesIO object at 0x000001D278BE3590>,0.27992749214172363,0.03524554893374443,0.048767417669296265,309339,2,7,True,Right,Front,Centre,Left,79
<_io.BytesIO object at 0x000001D278BE34F0>,0.23239342868328094,0.05674600601196289,-0.04251404106616974,309339,2,7,True,Right,Front,Centre,Left,79
<_io.BytesIO object at 0x000001D278BE3DB0>,0.21192090213298798,0.00031868554651737213,-0.056857287883758545,309339,2,7,True,Right,Front,Centre,Left,79
<_io.BytesIO object at 0x000001D278BE3810>,0.18407583236694336,-0.011027390137314796,0.010663246735930443,309339,2,7,True,Right,Front,Centre,Left,79
<_io.BytesIO object at 0x000001D27B935810>,0.28400319814682007,0.05126253142952919,-0.05207643657922745,309339,2,7,True,Right,Front,Centre,Left,79
<_io.BytesIO object at 0x000001D27B935090>,0.27992749214172363,0.03524554893374443,0.048767417669296265,309340,2,7,True,Right,Front,Centre,Left,79
<_io.BytesIO object at 0x000001D27B9350E0>,0.23239342868328094,0.05674600601196289,-0.04251404106616974,309340,2,7,True,Right,Front,Centre,Left,79
<_io.BytesIO object at 0x000001D27B9358B0>,0.21192090213298798,0.00031868554651737213,-0.056857287883758545,309340,2,7,True,Right,Front,Centre,Left,79
<_io.BytesIO object at 0x000001D278BE37C0>,0.18407583236694336,-0.011027390137314796,0.010663246735930443,309340,2,7,True,Right,Front,Centre,Left,79
<_io.BytesIO object at 0x000001D278BE3130>,0.28400319814682007,0.05126253142952919,-0.05207643657922745,309340,2,7,True,Right,Front,Centre,Left,79
<_io.BytesIO object at 0x000001D27B935090>,0.27992749214172363,0.03524554893374443,0.048767417669296265,309341,2,7,True,Right,Front,Centre,Left,79
<_io.BytesIO object at 0x000001D27B935860>,0.23239342868328094,0.05674600601196289,-0.04251404106616974,309341,2,7,True,Right,Front,Centre,Left,79
<_io.BytesIO object at 0x000001D278BE3950>,0.21192090213298798,0.00031868554651737213,-0.056857287883758545,309341,2,7,True,Right,Front,Centre,Left,79
<_io.BytesIO object at 0x000001D278BE3270>,0.18407583236694336,-0.011027390137314796,0.010663246735930443,309341,2,7,True,Right,Front,Centre,Left,79
<_io.BytesIO object at 0x000001D278BE37C0>,0.28400319814682007,0.05126253142952919,-0.05207643657922745,309341,2,7,True,Right,Front,Centre,Left,79
<_io.BytesIO object at 0x000001D27B99A590>,0.27992749214172363,0.03524554893374443,0.048767417669296265,309342,2,7,True,Right,Front,Centre,Left,79
<_io.BytesIO object at 0x000001D27B99A900>,0.23239342868328094,0.05674600601196289,-0.04251404106616974,309342,2,7,True,Right,Front,Centre,Left,79
<_io.BytesIO object at 0x000001D27B99A3B0>,0.21192090213298798,0.00031868554651737213,-0.056857287883758545,309342,2,7,True,Right,Front,Centre,Left,79
<_io.BytesIO object at 0x000001D27B92C9F0>,0.18407583236694336,-0.011027390137314796,0.010663246735930443,309342,2,7,True,Right,Front,Centre,Left,79
<_io.BytesIO object at 0x000001D27B92C2C0>,0.28400319814682007,0.05126253142952919,-0.05207643657922745,309342,2,7,True,Right,Front,Centre,Left,79
<_io.BytesIO object at 0x000001D27BA344A0>,0.27992749214172363,0.03524554893374443,0.048767417669296265,309343,2,7,True,Right,Front,Centre,Left,79
<_io.BytesIO object at 0x000001D27BA342C0>,0.23239342868328094,0.05674600601196289,-0.04251404106616974,309343,2,7,True,Right,Front,Centre,Left,79
<_io.BytesIO object at 0x000001D27BA34C70>,0.21192090213298798,0.00031868554651737213,-0.056857287883758545,309343,2,7,True,Right,Front,Centre,Left,79
<_io.BytesIO object at 0x000001D27BA34A90>,0.18407583236694336,-0.011027390137314796,0.010663246735930443,309343,2,7,True,Right,Front,Centre,Left,79
<_io.BytesIO object at 0x000001D27BA349A0>,0.28400319814682007,0.05126253142952919,-0.05207643657922745,309343,2,7,True,Right,Front,Centre,Left,79
<_io.BytesIO object at 0x000001D27B92E7C0>,0.27992749214172363,0.03524554893374443,0.048767417669296265,309344,2,7,True,Right,Front,Centre,Left,79
<_io.BytesIO object at 0x000001D27B92ECC0>,0.23239342868328094,0.05674600601196289,-0.04251404106616974,309344,2,7,True,Right,Front,Centre,Left,79
<_io.BytesIO object at 0x000001D278BEAF40>,0.21192090213298798,0.00031868554651737213,-0.056857287883758545,309344,2,7,True,Right,Front,Centre,Left,79
<_io.BytesIO object at 0x000001D278BEA9F0>,0.18407583236694336,-0.011027390137314796,0.010663246735930443,309344,2,7,True,Right,Front,Centre,Left,79
<_io.BytesIO object at 0x000001D278BEA5E0>,0.28400319814682007,0.05126253142952919,-0.05207643657922745,309344,2,7,True,Right,Front,Centre,Left,79
<_io.BytesIO object at 0x000001D27BA34270>,0.27992749214172363,0.03524554893374443,0.048767417669296265,309345,2,7,True,Right,Front,Centre,Left,79
<_io.BytesIO object at 0x000001D27B959220>,0.23239342868328094,0.05674600601196289,-0.04251404106616974,309345,2,7,True,Right,Front,Centre,Left,79
<_io.BytesIO object at 0x000001D27B959E50>,0.21192090213298798,0.00031868554651737213,-0.056857287883758545,309345,2,7,True,Right,Front,Centre,Left,79
<_io.BytesIO object at 0x000001D27B959F90>,0.18407583236694336,-0.011027390137314796,0.010663246735930443,309345,2,7,True,Right,Front,Centre,Left,79
<_io.BytesIO object at 0x000001D27B9592C0>,0.28400319814682007,0.05126253142952919,-0.05207643657922745,309345,2,7,True,Right,Front,Centre,Left,79
<_io.BytesIO object at 0x000001D27B99AD60>,0.27992749214172363,0.03524554893374443,0.048767417669296265,309346,2,7,True,Right,Front,Centre,Left,79
<_io.BytesIO object at 0x000001D27B935E00>,0.23239342868328094,0.05674600601196289,-0.04251404106616974,309346,2,7,True,Right,Front,Centre,Left,79
<_io.BytesIO object at 0x000001D27B935F40>,0.21192090213298798,0.00031868554651737213,-0.056857287883758545,309346,2,7,True,Right,Front,Centre,Left,79
<_io.BytesIO object at 0x000001D27B935DB0>,0.18407583236694336,-0.011027390137314796,0.010663246735930443,309346,2,7,True,Right,Front,Centre,Left,79
<_io.BytesIO object at 0x000001D27B935770>,0.28400319814682007,0.05126253142952919,-0.05207643657922745,309346,2,7,True,Right,Front,Centre,Left,79
<_io.BytesIO object at 0x000001D278B9F4A0>,0.27992749214172363,0.03524554893374443,0.048767417669296265,309347,2,7,True,Right,Front,Centre,Left,79
<_io.BytesIO object at 0x000001D278B9F950>,0.23239342868328094,0.05674600601196289,-0.04251404106616974,309347,2,7,True,Right,Front,Centre,Left,79
<_io.BytesIO object at 0x000001D278B9F9A0>,0.21192090213298798,0.00031868554651737213,-0.056857287883758545,309347,2,7,True,Right,Front,Centre,Left,79
<_io.BytesIO object at 0x000001D27B944270>,0.18407583236694336,-0.011027390137314796,0.010663246735930443,309347,2,7,True,Right,Front,Centre,Left,79
<_io.BytesIO object at 0x000001D27B944F40>,0.28400319814682007,0.05126253142952919,-0.05207643657922745,309347,2,7,True,Right,Front,Centre,Left,79
<_io.BytesIO object at 0x000001D27B921CC0>,0.27992749214172363,0.03524554893374443,0.048767417669296265,309348,2,7,True,Right,Front,Centre,Left,79
<_io.BytesIO object at 0x000001D27B921EF0>,0.23239342868328094,0.05674600601196289,-0.04251404106616974,309348,2,7,True,Right,Front,Centre,Left,79
<_io.BytesIO object at 0x000001D27B928180>,0.21192090213298798,0.00031868554651737213,-0.056857287883758545,309348,2,7,True,Right,Front,Centre,Left,79
<_io.BytesIO object at 0x000001D27B928900>,0.18407583236694336,-0.011027390137314796,0.010663246735930443,309348,2,7,True,Right,Front,Centre,Left,79
<_io.BytesIO object at 0x000001D27B928DB0>,0.28400319814682007,0.05126253142952919,-0.05207643657922745,309348,2,7,True,Right,Front,Centre,Left,79
<_io.BytesIO object at 0x000001D27B944220>,0.27992749214172363,0.03524554893374443,0.048767417669296265,309349,2,7,True,Right,Front,Centre,Left,79
<_io.BytesIO object at 0x000001D27B944540>,0.23239342868328094,0.05674600601196289,-0.04251404106616974,309349,2,7,True,Right,Front,Centre,Left,79
<_io.BytesIO object at 0x000001D27B944DB0>,0.21192090213298798,0.00031868554651737213,-0.056857287883758545,309349,2,7,True,Right,Front,Centre,Left,79
<_io.BytesIO object at 0x000001D27B9440E0>,0.18407583236694336,-0.011027390137314796,0.010663246735930443,309349,2,7,True,Right,Front,Centre,Left,79
<_io.BytesIO object at 0x000001D278B9FF90>,0.28400319814682007,0.05126253142952919,-0.05207643657922745,309349,2,7,True,Right,Front,Centre,Left,79
<_io.BytesIO object at 0x000001D27B935B30>,0.27992749214172363,0.03524554893374443,0.048767417669296265,309350,2,7,True,Right,Front,Centre,Left,79
<_io.BytesIO object at 0x000001D27B935450>,0.23239342868328094,0.05674600601196289,-0.04251404106616974,309350,2,7,True,Right,Front,Centre,Left,79
<_io.BytesIO object at 0x000001D27B935720>,0.21192090213298798,0.00031868554651737213,-0.056857287883758545,309350,2,7,True,Right,Front,Centre,Left,79
<_io.BytesIO object at 0x000001D27B935CC0>,0.18407583236694336,-0.011027390137314796,0.010663246735930443,309350,2,7,True,Right,Front,Centre,Left,79
<_io.BytesIO object at 0x000001D27B935C20>,0.28400319814682007,0.05126253142952919,-0.05207643657922745,309350,2,7,True,Right,Front,Centre,Left,79
<_io.BytesIO object at 0x000001D27B959B80>,0.27992749214172363,0.03524554893374443,0.048767417669296265,309351,2,7,True,Right,Front,Centre,Left,79
<_io.BytesIO object at 0x000001D27B959EF0>,0.23239342868328094,0.05674600601196289,-0.04251404106616974,309351,2,7,True,Right,Front,Centre,Left,79
<_io.BytesIO object at 0x000001D27B959720>,0.21192090213298798,0.00031868554651737213,-0.056857287883758545,309351,2,7,True,Right,Front,Centre,Left,79
<_io.BytesIO object at 0x000001D27B9592C0>,0.18407583236694336,-0.011027390137314796,0.010663246735930443,309351,2,7,True,Right,Front,Centre,Left,79
<_io.BytesIO object at 0x000001D27B9597C0>,0.28400319814682007,0.05126253142952919,-0.05207643657922745,309351,2,7,True,Right,Front,Centre,Left,79
<_io.BytesIO object at 0x000001D278BEA630>,0.27992749214172363,0.03524554893374443,0.048767417669296265,309352,2,7,True,Right,Front,Centre,Left,79
<_io.BytesIO object at 0x000001D278BEAF90>,0.23239342868328094,0.05674600601196289,-0.04251404106616974,309352,2,7,True,Right,Front,Centre,Left,79
<_io.BytesIO object at 0x000001D278BEA860>,0.21192090213298798,0.00031868554651737213,-0.056857287883758545,309352,2,7,True,Right,Front,Centre,Left,79
<_io.BytesIO object at 0x000001D278BEA310>,0.18407583236694336,-0.011027390137314796,0.010663246735930443,309352,2,7,True,Right,Front,Centre,Left,79
<_io.BytesIO object at 0x000001D278BEAAE0>,0.28400319814682007,0.05126253142952919,-0.05207643657922745,309352,2,7,True,Right,Front,Centre,Left,79
<_io.BytesIO object at 0x000001D27B94A680>,0.27992749214172363,0.03524554893374443,0.048767417669296265,309353,2,7,True,Right,Front,Centre,Left,79
<_io.BytesIO object at 0x000001D27B94AA90>,0.23239342868328094,0.05674600601196289,-0.04251404106616974,309353,2,7,True,Right,Front,Centre,Left,79
<_io.BytesIO object at 0x000001D27B94AC20>,0.21192090213298798,0.00031868554651737213,-0.056857287883758545,309353,2,7,True,Right,Front,Centre,Left,79
<_io.BytesIO object at 0x000001D27BA346D0>,0.18407583236694336,-0.011027390137314796,0.010663246735930443,309353,2,7,True,Right,Front,Centre,Left,79
<_io.BytesIO object at 0x000001D27BA349A0>,0.28400319814682007,0.05126253142952919,-0.05207643657922745,309353,2,7,True,Right,Front,Centre,Left,79
<_io.BytesIO object at 0x000001D27B92C220>,0.27992749214172363,0.03524554893374443,0.048767417669296265,309354,2,7,True,Right,Front,Centre,Left,79
<_io.BytesIO object at 0x000001D27B92CCC0>,0.23239342868328094,0.05674600601196289,-0.04251404106616974,309354,2,7,True,Right,Front,Centre,Left,79
<_io.BytesIO object at 0x000001D27B92C9F0>,0.21192090213298798,0.00031868554651737213,-0.056857287883758545,309354,2,7,True,Right,Front,Centre,Left,79
<_io.BytesIO object at 0x000001D27B92C040>,0.18407583236694336,-0.011027390137314796,0.010663246735930443,309354,2,7,True,Right,Front,Centre,Left,79
<_io.BytesIO object at 0x000001D27B99AEF0>,0.28400319814682007,0.05126253142952919,-0.05207643657922745,309354,2,7,True,Right,Front,Centre,Left,79
<_io.BytesIO object at 0x000001D27B92E7C0>,0.27992749214172363,0.03524554893374443,0.048767417669296265,309355,2,7,True,Right,Front,Centre,Left,79
<_io.BytesIO object at 0x000001D27B92E040>,0.23239342868328094,0.05674600601196289,-0.04251404106616974,309355,2,7,True,Right,Front,Centre,Left,79
<_io.BytesIO object at 0x000001D27B92E3B0>,0.21192090213298798,0.00031868554651737213,-0.056857287883758545,309355,2,7,True,Right,Front,Centre,Left,79
<_io.BytesIO object at 0x000001D27B92E540>,0.18407583236694336,-0.011027390137314796,0.010663246735930443,309355,2,7,True,Right,Front,Centre,Left,79
<_io.BytesIO object at 0x000001D27B92EE50>,0.28400319814682007,0.05126253142952919,-0.05207643657922745,309355,2,7,True,Right,Front,Centre,Left,79
<_io.BytesIO object at 0x000001D27B97C3B0>,0.27992749214172363,0.03524554893374443,0.048767417669296265,309356,2,7,True,Right,Front,Centre,Left,79
<_io.BytesIO object at 0x000001D27B97CB30>,0.23239342868328094,0.05674600601196289,-0.04251404106616974,309356,2,7,True,Right,Front,Centre,Left,79
<_io.BytesIO object at 0x000001D27B97CCC0>,0.21192090213298798,0.00031868554651737213,-0.056857287883758545,309356,2,7,True,Right,Front,Centre,Left,79
<_io.BytesIO object at 0x000001D27B97C9A0>,0.18407583236694336,-0.011027390137314796,0.010663246735930443,309356,2,7,True,Right,Front,Centre,Left,79
<_io.BytesIO object at 0x000001D27B9281D0>,0.28400319814682007,0.05126253142952919,-0.05207643657922745,309356,2,7,True,Right,Front,Centre,Left,79
<_io.BytesIO object at 0x000001D27B9449F0>,0.27992749214172363,0.03524554893374443,0.048767417669296265,309358,2,7,True,Right,Front,Centre,Left,79
<_io.BytesIO object at 0x000001D27B944720>,0.23239342868328094,0.05674600601196289,-0.04251404106616974,309358,2,7,True,Right,Front,Centre,Left,79
<_io.BytesIO object at 0x000001D27B9445E0>,0.21192090213298798,0.00031868554651737213,-0.056857287883758545,309358,2,7,True,Right,Front,Centre,Left,79
<_io.BytesIO object at 0x000001D27B944B30>,0.18407583236694336,-0.011027390137314796,0.010663246735930443,309358,2,7,True,Right,Front,Centre,Left,79
<_io.BytesIO object at 0x000001D27B9440E0>,0.28400319814682007,0.05126253142952919,-0.05207643657922745,309358,2,7,True,Right,Front,Centre,Left,79
<_io.BytesIO object at 0x000001D278BE3B30>,0.27992749214172363,0.03524554893374443,0.048767417669296265,309359,2,7,True,Right,Front,Centre,Left,79
<_io.BytesIO object at 0x000001D27B935540>,0.23239342868328094,0.05674600601196289,-0.04251404106616974,309359,2,7,True,Right,Front,Centre,Left,79
<_io.BytesIO object at 0x000001D27B935400>,0.21192090213298798,0.00031868554651737213,-0.056857287883758545,309359,2,7,True,Right,Front,Centre,Left,79
<_io.BytesIO object at 0x000001D27B935A90>,0.18407583236694336,-0.011027390137314796,0.010663246735930443,309359,2,7,True,Right,Front,Centre,Left,79
<_io.BytesIO object at 0x000001D27B935720>,0.28400319814682007,0.05126253142952919,-0.05207643657922745,309359,2,7,True,Right,Front,Centre,Left,79
<_io.BytesIO object at 0x000001D273695090>,0.27992749214172363,0.03524554893374443,0.048767417669296265,309360,2,7,True,Right,Front,Centre,Left,79
<_io.BytesIO object at 0x000001D27B959F90>,0.23239342868328094,0.05674600601196289,-0.04251404106616974,309360,2,7,True,Right,Front,Centre,Left,79
<_io.BytesIO object at 0x000001D27B959A40>,0.21192090213298798,0.00031868554651737213,-0.056857287883758545,309360,2,7,True,Right,Front,Centre,Left,79
<_io.BytesIO object at 0x000001D27B9593B0>,0.18407583236694336,-0.011027390137314796,0.010663246735930443,309360,2,7,True,Right,Front,Centre,Left,79
<_io.BytesIO object at 0x000001D27B9598B0>,0.28400319814682007,0.05126253142952919,-0.05207643657922745,309360,2,7,True,Right,Front,Centre,Left,79
<_io.BytesIO object at 0x000001D27BA341D0>,0.27992749214172363,0.03524554893374443,0.048767417669296265,309361,2,7,True,Right,Front,Centre,Left,79
<_io.BytesIO object at 0x000001D278BEA770>,0.23239342868328094,0.05674600601196289,-0.04251404106616974,309361,2,7,True,Right,Front,Centre,Left,79
<_io.BytesIO object at 0x000001D278BEA900>,0.21192090213298798,0.00031868554651737213,-0.056857287883758545,309361,2,7,True,Right,Front,Centre,Left,79
<_io.BytesIO object at 0x000001D278BEA6D0>,0.18407583236694336,-0.011027390137314796,0.010663246735930443,309361,2,7,True,Right,Front,Centre,Left,79
<_io.BytesIO object at 0x000001D278BEA0E0>,0.28400319814682007,0.05126253142952919,-0.05207643657922745,309361,2,7,True,Right,Front,Centre,Left,79
<_io.BytesIO object at 0x000001D27B928F90>,0.27992749214172363,0.03524554893374443,0.048767417669296265,309362,2,7,True,Right,Front,Centre,Left,79
<_io.BytesIO object at 0x000001D27B928770>,0.23239342868328094,0.05674600601196289,-0.04251404106616974,309362,2,7,True,Right,Front,Centre,Left,79
<_io.BytesIO object at 0x000001D278BEA9A0>,0.21192090213298798,0.00031868554651737213,-0.056857287883758545,309362,2,7,True,Right,Front,Centre,Left,79
<_io.BytesIO object at 0x000001D278BEA3B0>,0.18407583236694336,-0.011027390137314796,0.010663246735930443,309362,2,7,True,Right,Front,Centre,Left,79
<_io.BytesIO object at 0x000001D278BEAAE0>,0.28400319814682007,0.05126253142952919,-0.05207643657922745,309362,2,7,True,Right,Front,Centre,Left,79
<_io.BytesIO object at 0x000001D27B94A4A0>,0.27992749214172363,0.03524554893374443,0.048767417669296265,309363,2,7,True,Right,Front,Centre,Left,79
<_io.BytesIO object at 0x000001D27B959DB0>,0.23239342868328094,0.05674600601196289,-0.04251404106616974,309363,2,7,True,Right,Front,Centre,Left,79
<_io.BytesIO object at 0x000001D27B959400>,0.21192090213298798,0.00031868554651737213,-0.056857287883758545,309363,2,7,True,Right,Front,Centre,Left,79
<_io.BytesIO object at 0x000001D27B9590E0>,0.18407583236694336,-0.011027390137314796,0.010663246735930443,309363,2,7,True,Right,Front,Centre,Left,79
<_io.BytesIO object at 0x000001D27B959D10>,0.28400319814682007,0.05126253142952919,-0.05207643657922745,309363,2,7,True,Right,Front,Centre,Left,79
<_io.BytesIO object at 0x000001D27B99A040>,0.27992749214172363,0.03524554893374443,0.048767417669296265,309364,2,7,True,Right,Front,Centre,Left,79
<_io.BytesIO object at 0x000001D27B99AA90>,0.23239342868328094,0.05674600601196289,-0.04251404106616974,309364,2,7,True,Right,Front,Centre,Left,79
<_io.BytesIO object at 0x000001D27B935DB0>,0.21192090213298798,0.00031868554651737213,-0.056857287883758545,309364,2,7,True,Right,Front,Centre,Left,79
<_io.BytesIO object at 0x000001D27B935E00>,0.18407583236694336,-0.011027390137314796,0.010663246735930443,309364,2,7,True,Right,Front,Centre,Left,79
<_io.BytesIO object at 0x000001D27B935C20>,0.28400319814682007,0.05126253142952919,-0.05207643657922745,309364,2,7,True,Right,Front,Centre,Left,79
<_io.BytesIO object at 0x000001D278B9F090>,0.27992749214172363,0.03524554893374443,0.048767417669296265,309365,2,7,True,Right,Front,Centre,Left,79
<_io.BytesIO object at 0x000001D278B9F770>,0.23239342868328094,0.05674600601196289,-0.04251404106616974,309365,2,7,True,Right,Front,Centre,Left,79
<_io.BytesIO object at 0x000001D278B9FD60>,0.21192090213298798,0.00031868554651737213,-0.056857287883758545,309365,2,7,True,Right,Front,Centre,Left,79
<_io.BytesIO object at 0x000001D278B9F1D0>,0.18407583236694336,-0.011027390137314796,0.010663246735930443,309365,2,7,True,Right,Front,Centre,Left,79
<_io.BytesIO object at 0x000001D27B9444A0>,0.28400319814682007,0.05126253142952919,-0.05207643657922745,309365,2,7,True,Right,Front,Centre,Left,79
<_io.BytesIO object at 0x000001D27B97C770>,0.27992749214172363,0.03524554893374443,0.048767417669296265,309366,2,7,True,Right,Front,Centre,Left,79
<_io.BytesIO object at 0x000001D27B97C4A0>,0.23239342868328094,0.05674600601196289,-0.04251404106616974,309366,2,7,True,Right,Front,Centre,Left,79
<_io.BytesIO object at 0x000001D27B944EF0>,0.21192090213298798,0.00031868554651737213,-0.056857287883758545,309366,2,7,True,Right,Front,Centre,Left,79
<_io.BytesIO object at 0x000001D27B944C70>,0.18407583236694336,-0.011027390137314796,0.010663246735930443,309366,2,7,True,Right,Front,Centre,Left,79
<_io.BytesIO object at 0x000001D27B944CC0>,0.28400319814682007,0.05126253142952919,-0.05207643657922745,309366,2,7,True,Right,Front,Centre,Left,79
<_io.BytesIO object at 0x000001D278BE3540>,0.27992749214172363,0.03524554893374443,0.048767417669296265,309367,2,7,True,Right,Front,Centre,Left,79
<_io.BytesIO object at 0x000001D278BE3090>,0.23239342868328094,0.05674600601196289,-0.04251404106616974,309367,2,7,True,Right,Front,Centre,Left,79
<_io.BytesIO object at 0x000001D278BE3360>,0.21192090213298798,0.00031868554651737213,-0.056857287883758545,309367,2,7,True,Right,Front,Centre,Left,79
<_io.BytesIO object at 0x000001D278BE34A0>,0.18407583236694336,-0.011027390137314796,0.010663246735930443,309367,2,7,True,Right,Front,Centre,Left,79
<_io.BytesIO object at 0x000001D278BE3E00>,0.28400319814682007,0.05126253142952919,-0.05207643657922745,309367,2,7,True,Right,Front,Centre,Left,79
<_io.BytesIO object at 0x000001D27B92C590>,0.27992749214172363,0.03524554893374443,0.048767417669296265,309368,2,7,True,Right,Front,Centre,Left,79
<_io.BytesIO object at 0x000001D273695630>,0.23239342868328094,0.05674600601196289,-0.04251404106616974,309368,2,7,True,Right,Front,Centre,Left,79
<_io.BytesIO object at 0x000001D2736951D0>,0.21192090213298798,0.00031868554651737213,-0.056857287883758545,309368,2,7,True,Right,Front,Centre,Left,79
<_io.BytesIO object at 0x000001D2736952C0>,0.18407583236694336,-0.011027390137314796,0.010663246735930443,309368,2,7,True,Right,Front,Centre,Left,79
<_io.BytesIO object at 0x000001D273695090>,0.28400319814682007,0.05126253142952919,-0.05207643657922745,309368,2,7,True,Right,Front,Centre,Left,79
<_io.BytesIO object at 0x000001D27BA34B80>,0.27992749214172363,0.03524554893374443,0.048767417669296265,309369,2,7,True,Right,Front,Centre,Left,79
<_io.BytesIO object at 0x000001D27BA34860>,0.23239342868328094,0.05674600601196289,-0.04251404106616974,309369,2,7,True,Right,Front,Centre,Left,79
<_io.BytesIO object at 0x000001D27BA340E0>,0.21192090213298798,0.00031868554651737213,-0.056857287883758545,309369,2,7,True,Right,Front,Centre,Left,79
<_io.BytesIO object at 0x000001D278BEA770>,0.18407583236694336,-0.011027390137314796,0.010663246735930443,309369,2,7,True,Right,Front,Centre,Left,79
<_io.BytesIO object at 0x000001D278BEA540>,0.28400319814682007,0.05126253142952919,-0.05207643657922745,309369,2,7,True,Right,Front,Centre,Left,79
<_io.BytesIO object at 0x000001D27B928A90>,0.27992749214172363,0.03524554893374443,0.048767417669296265,309370,2,7,True,Right,Front,Centre,Left,79
<_io.BytesIO object at 0x000001D27B928EA0>,0.23239342868328094,0.05674600601196289,-0.04251404106616974,309370,2,7,True,Right,Front,Centre,Left,79
<_io.BytesIO object at 0x000001D278B943B0>,0.21192090213298798,0.00031868554651737213,-0.056857287883758545,309370,2,7,True,Right,Front,Centre,Left,79
<_io.BytesIO object at 0x000001D278B94B80>,0.18407583236694336,-0.011027390137314796,0.010663246735930443,309370,2,7,True,Right,Front,Centre,Left,79
<_io.BytesIO object at 0x000001D278BEAD10>,0.28400319814682007,0.05126253142952919,-0.05207643657922745,309370,2,7,True,Right,Front,Centre,Left,79
<_io.BytesIO object at 0x000001D27B94A270>,0.27992749214172363,0.03524554893374443,0.048767417669296265,309371,2,7,True,Right,Front,Centre,Left,79
<_io.BytesIO object at 0x000001D27B959C20>,0.23239342868328094,0.05674600601196289,-0.04251404106616974,309371,2,7,True,Right,Front,Centre,Left,79
<_io.BytesIO object at 0x000001D27B9595E0>,0.21192090213298798,0.00031868554651737213,-0.056857287883758545,309371,2,7,True,Right,Front,Centre,Left,79
<_io.BytesIO object at 0x000001D27B959CC0>,0.18407583236694336,-0.011027390137314796,0.010663246735930443,309371,2,7,True,Right,Front,Centre,Left,79
<_io.BytesIO object at 0x000001D27B959C70>,0.28400319814682007,0.05126253142952919,-0.05207643657922745,309371,2,7,True,Right,Front,Centre,Left,79
<_io.BytesIO object at 0x000001D27B99A720>,0.27992749214172363,0.03524554893374443,0.048767417669296265,309372,2,7,True,Right,Front,Centre,Left,79
<_io.BytesIO object at 0x000001D27B99AA90>,0.23239342868328094,0.05674600601196289,-0.04251404106616974,309372,2,7,True,Right,Front,Centre,Left,79
<_io.BytesIO object at 0x000001D27B935E00>,0.21192090213298798,0.00031868554651737213,-0.056857287883758545,309372,2,7,True,Right,Front,Centre,Left,79
<_io.BytesIO object at 0x000001D27B935C70>,0.18407583236694336,-0.011027390137314796,0.010663246735930443,309372,2,7,True,Right,Front,Centre,Left,79
<_io.BytesIO object at 0x000001D27B935540>,0.28400319814682007,0.05126253142952919,-0.05207643657922745,309372,2,7,True,Right,Front,Centre,Left,79
<_io.BytesIO object at 0x000001D27B944B30>,0.27992749214172363,0.03524554893374443,0.048767417669296265,309373,2,7,True,Right,Front,Centre,Left,79
<_io.BytesIO object at 0x000001D27B9447C0>,0.23239342868328094,0.05674600601196289,-0.04251404106616974,309373,2,7,True,Right,Front,Centre,Left,79
<_io.BytesIO object at 0x000001D27B944F90>,0.21192090213298798,0.00031868554651737213,-0.056857287883758545,309373,2,7,True,Right,Front,Centre,Left,79
<_io.BytesIO object at 0x000001D27B944C70>,0.18407583236694336,-0.011027390137314796,0.010663246735930443,309373,2,7,True,Right,Front,Centre,Left,79
<_io.BytesIO object at 0x000001D27B944B80>,0.28400319814682007,0.05126253142952919,-0.05207643657922745,309373,2,7,True,Right,Front,Centre,Left,79
<_io.BytesIO object at 0x000001D278B9FCC0>,0.27992749214172363,0.03524554893374443,0.048767417669296265,309374,2,7,True,Right,Front,Centre,Left,79
<_io.BytesIO object at 0x000001D278BE3900>,0.23239342868328094,0.05674600601196289,-0.04251404106616974,309374,2,7,True,Right,Front,Centre,Left,79
<_io.BytesIO object at 0x000001D278BE3450>,0.21192090213298798,0.00031868554651737213,-0.056857287883758545,309374,2,7,True,Right,Front,Centre,Left,79
<_io.BytesIO object at 0x000001D278BE3CC0>,0.18407583236694336,-0.011027390137314796,0.010663246735930443,309374,2,7,True,Right,Front,Centre,Left,79
<_io.BytesIO object at 0x000001D278BE3D10>,0.28400319814682007,0.05126253142952919,-0.05207643657922745,309374,2,7,True,Right,Front,Centre,Left,79
<_io.BytesIO object at 0x000001D27B92C7C0>,0.27992749214172363,0.03524554893374443,0.048767417669296265,309375,2,7,True,Right,Front,Centre,Left,79
<_io.BytesIO object at 0x000001D27B92C0E0>,0.23239342868328094,0.05674600601196289,-0.04251404106616974,309375,2,7,True,Right,Front,Centre,Left,79
<_io.BytesIO object at 0x000001D27B92CDB0>,0.21192090213298798,0.00031868554651737213,-0.056857287883758545,309375,2,7,True,Right,Front,Centre,Left,79
<_io.BytesIO object at 0x000001D27B92C860>,0.18407583236694336,-0.011027390137314796,0.010663246735930443,309375,2,7,True,Right,Front,Centre,Left,79
<_io.BytesIO object at 0x000001D273695130>,0.28400319814682007,0.05126253142952919,-0.05207643657922745,309375,2,7,True,Right,Front,Centre,Left,79
<_io.BytesIO object at 0x000001D27B94A360>,0.27992749214172363,0.03524554893374443,0.048767417669296265,309376,2,7,True,Right,Front,Centre,Left,79
<_io.BytesIO object at 0x000001D27B94A860>,0.23239342868328094,0.05674600601196289,-0.04251404106616974,309376,2,7,True,Right,Front,Centre,Left,79
<_io.BytesIO object at 0x000001D27B94AE00>,0.21192090213298798,0.00031868554651737213,-0.056857287883758545,309376,2,7,True,Right,Front,Centre,Left,79
<_io.BytesIO object at 0x000001D27B94A1D0>,0.18407583236694336,-0.011027390137314796,0.010663246735930443,309376,2,7,True,Right,Front,Centre,Left,79
<_io.BytesIO object at 0x000001D27B94A040>,0.28400319814682007,0.05126253142952919,-0.05207643657922745,309376,2,7,True,Right,Front,Centre,Left,79
<_io.BytesIO object at 0x000001D278BEA180>,0.27992749214172363,0.03524554893374443,0.048767417669296265,309377,2,7,True,Right,Front,Centre,Left,79
<_io.BytesIO object at 0x000001D278BEAA90>,0.23239342868328094,0.05674600601196289,-0.04251404106616974,309377,2,7,True,Right,Front,Centre,Left,79
<_io.BytesIO object at 0x000001D278BEA220>,0.21192090213298798,0.00031868554651737213,-0.056857287883758545,309377,2,7,True,Right,Front,Centre,Left,79
<_io.BytesIO object at 0x000001D278BEABD0>,0.18407583236694336,-0.011027390137314796,0.010663246735930443,309377,2,7,True,Right,Front,Centre,Left,79
<_io.BytesIO object at 0x000001D278BEA590>,0.28400319814682007,0.05126253142952919,-0.05207643657922745,309377,2,7,True,Right,Front,Centre,Left,79
<_io.BytesIO object at 0x000001D27B9265E0>,0.27992749214172363,0.03524554893374443,0.048767417669296265,309378,2,7,True,Right,Front,Centre,Left,79
<_io.BytesIO object at 0x000001D27B926270>,0.23239342868328094,0.05674600601196289,-0.04251404106616974,309378,2,7,True,Right,Front,Centre,Left,79
<_io.BytesIO object at 0x000001D27B92E540>,0.21192090213298798,0.00031868554651737213,-0.056857287883758545,309378,2,7,True,Right,Front,Centre,Left,79
<_io.BytesIO object at 0x000001D27B92EDB0>,0.18407583236694336,-0.011027390137314796,0.010663246735930443,309378,2,7,True,Right,Front,Centre,Left,79
<_io.BytesIO object at 0x000001D27B92E810>,0.28400319814682007,0.05126253142952919,-0.05207643657922745,309378,2,7,True,Right,Front,Centre,Left,79
<_io.BytesIO object at 0x000001D27B944400>,0.27992749214172363,0.03524554893374443,0.048767417669296265,309379,2,7,True,Right,Front,Centre,Left,79
<_io.BytesIO object at 0x000001D27B944220>,0.23239342868328094,0.05674600601196289,-0.04251404106616974,309379,2,7,True,Right,Front,Centre,Left,79
<_io.BytesIO object at 0x000001D27B944D10>,0.21192090213298798,0.00031868554651737213,-0.056857287883758545,309379,2,7,True,Right,Front,Centre,Left,79
<_io.BytesIO object at 0x000001D27B944DB0>,0.18407583236694336,-0.011027390137314796,0.010663246735930443,309379,2,7,True,Right,Front,Centre,Left,79
<_io.BytesIO object at 0x000001D27B9446D0>,0.28400319814682007,0.05126253142952919,-0.05207643657922745,309379,2,7,True,Right,Front,Centre,Left,79
<_io.BytesIO object at 0x000001D27B959A90>,0.27992749214172363,0.03524554893374443,0.048767417669296265,309380,2,7,True,Right,Front,Centre,Left,79
<_io.BytesIO object at 0x000001D27B959C20>,0.23239342868328094,0.05674600601196289,-0.04251404106616974,309380,2,7,True,Right,Front,Centre,Left,79
<_io.BytesIO object at 0x000001D27B959B30>,0.21192090213298798,0.00031868554651737213,-0.056857287883758545,309380,2,7,True,Right,Front,Centre,Left,79
<_io.BytesIO object at 0x000001D27B9590E0>,0.18407583236694336,-0.011027390137314796,0.010663246735930443,309380,2,7,True,Right,Front,Centre,Left,79
<_io.BytesIO object at 0x000001D27B9596D0>,0.28400319814682007,0.05126253142952919,-0.05207643657922745,309380,2,7,True,Right,Front,Centre,Left,79
<_io.BytesIO object at 0x000001D27B99A220>,0.27992749214172363,0.03524554893374443,0.048767417669296265,309381,2,7,True,Right,Front,Centre,Left,79
<_io.BytesIO object at 0x000001D27B935900>,0.23239342868328094,0.05674600601196289,-0.04251404106616974,309381,2,7,True,Right,Front,Centre,Left,79
<_io.BytesIO object at 0x000001D27B935DB0>,0.21192090213298798,0.00031868554651737213,-0.056857287883758545,309381,2,7,True,Right,Front,Centre,Left,79
<_io.BytesIO object at 0x000001D27B935540>,0.18407583236694336,-0.011027390137314796,0.010663246735930443,309381,2,7,True,Right,Front,Centre,Left,79
<_io.BytesIO object at 0x000001D27B935F90>,0.28400319814682007,0.05126253142952919,-0.05207643657922745,309381,2,7,True,Right,Front,Centre,Left,79
<_io.BytesIO object at 0x000001D278B9FD10>,0.27992749214172363,0.03524554893374443,0.048767417669296265,309382,2,7,True,Right,Front,Centre,Left,79
<_io.BytesIO object at 0x000001D278BE3090>,0.23239342868328094,0.05674600601196289,-0.04251404106616974,309382,2,7,True,Right,Front,Centre,Left,79
<_io.BytesIO object at 0x000001D278BE3900>,0.21192090213298798,0.00031868554651737213,-0.056857287883758545,309382,2,7,True,Right,Front,Centre,Left,79
<_io.BytesIO object at 0x000001D278BE3B80>,0.18407583236694336,-0.011027390137314796,0.010663246735930443,309382,2,7,True,Right,Front,Centre,Left,79
<_io.BytesIO object at 0x000001D278BE32C0>,0.28400319814682007,0.05126253142952919,-0.05207643657922745,309382,2,7,True,Right,Front,Centre,Left,79
<_io.BytesIO object at 0x000001D27B959A40>,0.27992749214172363,0.03524554893374443,0.048767417669296265,309383,2,7,True,Right,Front,Centre,Left,79
<_io.BytesIO object at 0x000001D27B959E50>,0.23239342868328094,0.05674600601196289,-0.04251404106616974,309383,2,7,True,Right,Front,Centre,Left,79
<_io.BytesIO object at 0x000001D27B959630>,0.21192090213298798,0.00031868554651737213,-0.056857287883758545,309383,2,7,True,Right,Front,Centre,Left,79
<_io.BytesIO object at 0x000001D27B959D60>,0.18407583236694336,-0.011027390137314796,0.010663246735930443,309383,2,7,True,Right,Front,Centre,Left,79
<_io.BytesIO object at 0x000001D27B959E00>,0.28400319814682007,0.05126253142952919,-0.05207643657922745,309383,2,7,True,Right,Front,Centre,Left,79
<_io.BytesIO object at 0x000001D27B94A590>,0.27992749214172363,0.03524554893374443,0.048767417669296265,309384,2,7,True,Right,Front,Centre,Left,79
<_io.BytesIO object at 0x000001D27B944810>,0.23239342868328094,0.05674600601196289,-0.04251404106616974,309384,2,7,True,Right,Front,Centre,Left,79
<_io.BytesIO object at 0x000001D27B944630>,0.21192090213298798,0.00031868554651737213,-0.056857287883758545,309384,2,7,True,Right,Front,Centre,Left,79
<_io.BytesIO object at 0x000001D27B944AE0>,0.18407583236694336,-0.011027390137314796,0.010663246735930443,309384,2,7,True,Right,Front,Centre,Left,79
<_io.BytesIO object at 0x000001D27B944720>,0.28400319814682007,0.05126253142952919,-0.05207643657922745,309384,2,7,True,Right,Front,Centre,Left,79
<_io.BytesIO object at 0x000001D27B92E270>,0.27992749214172363,0.03524554893374443,0.048767417669296265,309385,2,7,True,Right,Front,Centre,Left,79
<_io.BytesIO object at 0x000001D27B92E9F0>,0.23239342868328094,0.05674600601196289,-0.04251404106616974,309385,2,7,True,Right,Front,Centre,Left,79
<_io.BytesIO object at 0x000001D27B92ECC0>,0.21192090213298798,0.00031868554651737213,-0.056857287883758545,309385,2,7,True,Right,Front,Centre,Left,79
<_io.BytesIO object at 0x000001D27B92E090>,0.18407583236694336,-0.011027390137314796,0.010663246735930443,309385,2,7,True,Right,Front,Centre,Left,79
<_io.BytesIO object at 0x000001D27B92EBD0>,0.28400319814682007,0.05126253142952919,-0.05207643657922745,309385,2,7,True,Right,Front,Centre,Left,79
<_io.BytesIO object at 0x000001D27B9585E0>,0.27992749214172363,0.03524554893374443,0.048767417669296265,309386,2,7,True,Right,Front,Centre,Left,79
<_io.BytesIO object at 0x000001D27B958270>,0.23239342868328094,0.05674600601196289,-0.04251404106616974,309386,2,7,True,Right,Front,Centre,Left,79
<_io.BytesIO object at 0x000001D27B99A4F0>,0.21192090213298798,0.00031868554651737213,-0.056857287883758545,309386,2,7,True,Right,Front,Centre,Left,79
<_io.BytesIO object at 0x000001D27B99A8B0>,0.18407583236694336,-0.011027390137314796,0.010663246735930443,309386,2,7,True,Right,Front,Centre,Left,79
<_io.BytesIO object at 0x000001D27B99AB80>,0.28400319814682007,0.05126253142952919,-0.05207643657922745,309386,2,7,True,Right,Front,Centre,Left,79
<_io.BytesIO object at 0x000001D27B97C2C0>,0.27992749214172363,0.03524554893374443,0.048767417669296265,309387,2,7,True,Right,Front,Centre,Left,79
<_io.BytesIO object at 0x000001D27B97C950>,0.23239342868328094,0.05674600601196289,-0.04251404106616974,309387,2,7,True,Right,Front,Centre,Left,79
<_io.BytesIO object at 0x000001D27B97C400>,0.21192090213298798,0.00031868554651737213,-0.056857287883758545,309387,2,7,True,Right,Front,Centre,Left,79
<_io.BytesIO object at 0x000001D27B97CA40>,0.18407583236694336,-0.011027390137314796,0.010663246735930443,309387,2,7,True,Right,Front,Centre,Left,79
<_io.BytesIO object at 0x000001D27B97C9F0>,0.28400319814682007,0.05126253142952919,-0.05207643657922745,309387,2,7,True,Right,Front,Centre,Left,79
<_io.BytesIO object at 0x000001D27BA34270>,0.27992749214172363,0.03524554893374443,0.048767417669296265,309388,2,7,True,Right,Front,Centre,Left,79
<_io.BytesIO object at 0x000001D27BA34040>,0.23239342868328094,0.05674600601196289,-0.04251404106616974,309388,2,7,True,Right,Front,Centre,Left,79
<_io.BytesIO object at 0x000001D27BA34360>,0.21192090213298798,0.00031868554651737213,-0.056857287883758545,309388,2,7,True,Right,Front,Centre,Left,79
<_io.BytesIO object at 0x000001D27BA34770>,0.18407583236694336,-0.011027390137314796,0.010663246735930443,309388,2,7,True,Right,Front,Centre,Left,79
<_io.BytesIO object at 0x000001D27BA34630>,0.28400319814682007,0.05126253142952919,-0.05207643657922745,309388,2,7,True,Right,Front,Centre,Left,79
<_io.BytesIO object at 0x000001D27B935400>,0.27992749214172363,0.03524554893374443,0.048767417669296265,309389,2,7,True,Right,Front,Centre,Left,79
<_io.BytesIO object at 0x000001D27B935180>,0.23239342868328094,0.05674600601196289,-0.04251404106616974,309389,2,7,True,Right,Front,Centre,Left,79
<_io.BytesIO object at 0x000001D278BE3BD0>,0.21192090213298798,0.00031868554651737213,-0.056857287883758545,309389,2,7,True,Right,Front,Centre,Left,79
<_io.BytesIO object at 0x000001D278BE3590>,0.18407583236694336,-0.011027390137314796,0.010663246735930443,309389,2,7,True,Right,Front,Centre,Left,79
<_io.BytesIO object at 0x000001D278BE3130>,0.28400319814682007,0.05126253142952919,-0.05207643657922745,309389,2,7,True,Right,Front,Centre,Left,79
<_io.BytesIO object at 0x000001D278B9FA40>,0.27992749214172363,0.03524554893374443,0.048767417669296265,309390,2,7,True,Right,Front,Centre,Left,79
<_io.BytesIO object at 0x000001D278B9F680>,0.23239342868328094,0.05674600601196289,-0.04251404106616974,309390,2,7,True,Right,Front,Centre,Left,79
<_io.BytesIO object at 0x000001D278B9F4A0>,0.21192090213298798,0.00031868554651737213,-0.056857287883758545,309390,2,7,True,Right,Front,Centre,Left,79
<_io.BytesIO object at 0x000001D278B9F8B0>,0.18407583236694336,-0.011027390137314796,0.010663246735930443,309390,2,7,True,Right,Front,Centre,Left,79
<_io.BytesIO object at 0x000001D278BE3B80>,0.28400319814682007,0.05126253142952919,-0.05207643657922745,309390,2,7,True,Right,Front,Centre,Left,79
<_io.BytesIO object at 0x000001D27B959360>,0.27992749214172363,0.03524554893374443,0.048767417669296265,309391,2,7,True,Right,Front,Centre,Left,79
<_io.BytesIO object at 0x000001D27B959540>,0.23239342868328094,0.05674600601196289,-0.04251404106616974,309391,2,7,True,Right,Front,Centre,Left,79
<_io.BytesIO object at 0x000001D27B9595E0>,0.21192090213298798,0.00031868554651737213,-0.056857287883758545,309391,2,7,True,Right,Front,Centre,Left,79
<_io.BytesIO object at 0x000001D27B959BD0>,0.18407583236694336,-0.011027390137314796,0.010663246735930443,309391,2,7,True,Right,Front,Centre,Left,79
<_io.BytesIO object at 0x000001D27BA34CC0>,0.28400319814682007,0.05126253142952919,-0.05207643657922745,309391,2,7,True,Right,Front,Centre,Left,79
<_io.BytesIO object at 0x000001D27B944E50>,0.27992749214172363,0.03524554893374443,0.048767417669296265,309392,2,7,True,Right,Front,Centre,Left,79
<_io.BytesIO object at 0x000001D27B944B30>,0.23239342868328094,0.05674600601196289,-0.04251404106616974,309392,2,7,True,Right,Front,Centre,Left,79
<_io.BytesIO object at 0x000001D27B944BD0>,0.21192090213298798,0.00031868554651737213,-0.056857287883758545,309392,2,7,True,Right,Front,Centre,Left,79
<_io.BytesIO object at 0x000001D27B944D60>,0.18407583236694336,-0.011027390137314796,0.010663246735930443,309392,2,7,True,Right,Front,Centre,Left,79
<_io.BytesIO object at 0x000001D27B9440E0>,0.28400319814682007,0.05126253142952919,-0.05207643657922745,309392,2,7,True,Right,Front,Centre,Left,79
<_io.BytesIO object at 0x000001D27B92E130>,0.27992749214172363,0.03524554893374443,0.048767417669296265,309393,2,7,True,Right,Front,Centre,Left,79
<_io.BytesIO object at 0x000001D27B92E360>,0.23239342868328094,0.05674600601196289,-0.04251404106616974,309393,2,7,True,Right,Front,Centre,Left,79
<_io.BytesIO object at 0x000001D27B99A950>,0.21192090213298798,0.00031868554651737213,-0.056857287883758545,309393,2,7,True,Right,Front,Centre,Left,79
<_io.BytesIO object at 0x000001D27B99A220>,0.18407583236694336,-0.011027390137314796,0.010663246735930443,309393,2,7,True,Right,Front,Centre,Left,79
<_io.BytesIO object at 0x000001D27B99AD60>,0.28400319814682007,0.05126253142952919,-0.05207643657922745,309393,2,7,True,Right,Front,Centre,Left,79
<_io.BytesIO object at 0x000001D27B92C090>,0.27992749214172363,0.03524554893374443,0.048767417669296265,309394,2,7,True,Right,Front,Centre,Left,79
<_io.BytesIO object at 0x000001D27B92CC70>,0.23239342868328094,0.05674600601196289,-0.04251404106616974,309394,2,7,True,Right,Front,Centre,Left,79
<_io.BytesIO object at 0x000001D27B92CB30>,0.21192090213298798,0.00031868554651737213,-0.056857287883758545,309394,2,7,True,Right,Front,Centre,Left,79
<_io.BytesIO object at 0x000001D27B99AC70>,0.18407583236694336,-0.011027390137314796,0.010663246735930443,309394,2,7,True,Right,Front,Centre,Left,79
<_io.BytesIO object at 0x000001D27B99AA90>,0.28400319814682007,0.05126253142952919,-0.05207643657922745,309394,2,7,True,Right,Front,Centre,Left,79
<_io.BytesIO object at 0x000001D27B97C680>,0.27992749214172363,0.03524554893374443,0.048767417669296265,309395,2,7,True,Right,Front,Centre,Left,79
<_io.BytesIO object at 0x000001D27B97C770>,0.23239342868328094,0.05674600601196289,-0.04251404106616974,309395,2,7,True,Right,Front,Centre,Left,79
<_io.BytesIO object at 0x000001D27B97C220>,0.21192090213298798,0.00031868554651737213,-0.056857287883758545,309395,2,7,True,Right,Front,Centre,Left,79
<_io.BytesIO object at 0x000001D27B97CD60>,0.18407583236694336,-0.011027390137314796,0.010663246735930443,309395,2,7,True,Right,Front,Centre,Left,79
<_io.BytesIO object at 0x000001D27B97CA40>,0.28400319814682007,0.05126253142952919,-0.05207643657922745,309395,2,7,True,Right,Front,Centre,Left,79
<_io.BytesIO object at 0x000001D27BA34540>,0.27992749214172363,0.03524554893374443,0.048767417669296265,309396,2,7,True,Right,Front,Centre,Left,79
<_io.BytesIO object at 0x000001D27BA34130>,0.23239342868328094,0.05674600601196289,-0.04251404106616974,309396,2,7,True,Right,Front,Centre,Left,79
<_io.BytesIO object at 0x000001D27BA34E00>,0.21192090213298798,0.00031868554651737213,-0.056857287883758545,309396,2,7,True,Right,Front,Centre,Left,79
<_io.BytesIO object at 0x000001D27BA34B80>,0.18407583236694336,-0.011027390137314796,0.010663246735930443,309396,2,7,True,Right,Front,Centre,Left,79
<_io.BytesIO object at 0x000001D27BA342C0>,0.28400319814682007,0.05126253142952919,-0.05207643657922745,309396,2,7,True,Right,Front,Centre,Left,79
<_io.BytesIO object at 0x000001D27B935810>,0.27992749214172363,0.03524554893374443,0.048767417669296265,309397,2,7,True,Right,Front,Centre,Left,79
<_io.BytesIO object at 0x000001D278BE35E0>,0.23239342868328094,0.05674600601196289,-0.04251404106616974,309397,2,7,True,Right,Front,Centre,Left,79
<_io.BytesIO object at 0x000001D278BE39F0>,0.21192090213298798,0.00031868554651737213,-0.056857287883758545,309397,2,7,True,Right,Front,Centre,Left,79
<_io.BytesIO object at 0x000001D278BE3630>,0.18407583236694336,-0.011027390137314796,0.010663246735930443,309397,2,7,True,Right,Front,Centre,Left,79
<_io.BytesIO object at 0x000001D278BE3DB0>,0.28400319814682007,0.05126253142952919,-0.05207643657922745,309397,2,7,True,Right,Front,Centre,Left,79
<_io.BytesIO object at 0x000001D27B9215E0>,0.27992749214172363,0.03524554893374443,0.048767417669296265,309398,2,7,True,Right,Front,Centre,Left,79
<_io.BytesIO object at 0x000001D27B9212C0>,0.23239342868328094,0.05674600601196289,-0.04251404106616974,309398,2,7,True,Right,Front,Centre,Left,79
<_io.BytesIO object at 0x000001D278B9F360>,0.21192090213298798,0.00031868554651737213,-0.056857287883758545,309398,2,7,True,Right,Front,Centre,Left,79
<_io.BytesIO object at 0x000001D278B9F860>,0.18407583236694336,-0.011027390137314796,0.010663246735930443,309398,2,7,True,Right,Front,Centre,Left,79
<_io.BytesIO object at 0x000001D278B9FF90>,0.28400319814682007,0.05126253142952919,-0.05207643657922745,309398,2,7,True,Right,Front,Centre,Left,79
<_io.BytesIO object at 0x000001D2736954F0>,0.27992749214172363,0.03524554893374443,0.048767417669296265,309399,2,7,True,Right,Front,Centre,Left,79
<_io.BytesIO object at 0x000001D27B959D60>,0.23239342868328094,0.05674600601196289,-0.04251404106616974,309399,2,7,True,Right,Front,Centre,Left,79
<_io.BytesIO object at 0x000001D27B959630>,0.21192090213298798,0.00031868554651737213,-0.056857287883758545,309399,2,7,True,Right,Front,Centre,Left,79
<_io.BytesIO object at 0x000001D27B9592C0>,0.18407583236694336,-0.011027390137314796,0.010663246735930443,309399,2,7,True,Right,Front,Centre,Left,79
<_io.BytesIO object at 0x000001D27B959B30>,0.28400319814682007,0.05126253142952919,-0.05207643657922745,309399,2,7,True,Right,Front,Centre,Left,79
<_io.BytesIO object at 0x000001D27B94A3B0>,0.27992749214172363,0.03524554893374443,0.048767417669296265,309400,2,7,True,Right,Front,Centre,Left,79
<_io.BytesIO object at 0x000001D27B9444A0>,0.23239342868328094,0.05674600601196289,-0.04251404106616974,309400,2,7,True,Right,Front,Centre,Left,79
<_io.BytesIO object at 0x000001D27B9446D0>,0.21192090213298798,0.00031868554651737213,-0.056857287883758545,309400,2,7,True,Right,Front,Centre,Left,79
<_io.BytesIO object at 0x000001D27B944040>,0.18407583236694336,-0.011027390137314796,0.010663246735930443,309400,2,7,True,Right,Front,Centre,Left,79
<_io.BytesIO object at 0x000001D27B944B80>,0.28400319814682007,0.05126253142952919,-0.05207643657922745,309400,2,7,True,Right,Front,Centre,Left,79
<_io.BytesIO object at 0x000001D27B99A630>,0.27992749214172363,0.03524554893374443,0.048767417669296265,309401,2,7,True,Right,Front,Centre,Left,79
<_io.BytesIO object at 0x000001D27B99A4A0>,0.23239342868328094,0.05674600601196289,-0.04251404106616974,309401,2,7,True,Right,Front,Centre,Left,79
<_io.BytesIO object at 0x000001D27B99AB30>,0.21192090213298798,0.00031868554651737213,-0.056857287883758545,309401,2,7,True,Right,Front,Centre,Left,79
<_io.BytesIO object at 0x000001D27B99A900>,0.18407583236694336,-0.011027390137314796,0.010663246735930443,309401,2,7,True,Right,Front,Centre,Left,79
<_io.BytesIO object at 0x000001D27B99A6D0>,0.28400319814682007,0.05126253142952919,-0.05207643657922745,309401,2,7,True,Right,Front,Centre,Left,79
<_io.BytesIO object at 0x000001D27B92CA40>,0.27992749214172363,0.03524554893374443,0.048767417669296265,309402,2,7,True,Right,Front,Centre,Left,79
<_io.BytesIO object at 0x000001D27B92C810>,0.23239342868328094,0.05674600601196289,-0.04251404106616974,309402,2,7,True,Right,Front,Centre,Left,79
<_io.BytesIO object at 0x000001D278BEAD60>,0.21192090213298798,0.00031868554651737213,-0.056857287883758545,309402,2,7,True,Right,Front,Centre,Left,79
<_io.BytesIO object at 0x000001D278BEAF90>,0.18407583236694336,-0.011027390137314796,0.010663246735930443,309402,2,7,True,Right,Front,Centre,Left,79
<_io.BytesIO object at 0x000001D278BEA3B0>,0.28400319814682007,0.05126253142952919,-0.05207643657922745,309402,2,7,True,Right,Front,Centre,Left,79
<_io.BytesIO object at 0x000001D27B97CB80>,0.27992749214172363,0.03524554893374443,0.048767417669296265,309403,2,7,True,Right,Front,Centre,Left,79
<_io.BytesIO object at 0x000001D27B97C450>,0.23239342868328094,0.05674600601196289,-0.04251404106616974,309403,2,7,True,Right,Front,Centre,Left,79
<_io.BytesIO object at 0x000001D27B97CD10>,0.21192090213298798,0.00031868554651737213,-0.056857287883758545,309403,2,7,True,Right,Front,Centre,Left,79
<_io.BytesIO object at 0x000001D27B97C180>,0.18407583236694336,-0.011027390137314796,0.010663246735930443,309403,2,7,True,Right,Front,Centre,Left,79
<_io.BytesIO object at 0x000001D27B97CC70>,0.28400319814682007,0.05126253142952919,-0.05207643657922745,309403,2,7,True,Right,Front,Centre,Left,79
<_io.BytesIO object at 0x000001D27BA342C0>,0.27992749214172363,0.03524554893374443,0.048767417669296265,309404,2,7,True,Right,Front,Centre,Left,79
<_io.BytesIO object at 0x000001D27BA349A0>,0.23239342868328094,0.05674600601196289,-0.04251404106616974,309404,2,7,True,Right,Front,Centre,Left,79
<_io.BytesIO object at 0x000001D27BA349F0>,0.21192090213298798,0.00031868554651737213,-0.056857287883758545,309404,2,7,True,Right,Front,Centre,Left,79
<_io.BytesIO object at 0x000001D27BA346D0>,0.18407583236694336,-0.011027390137314796,0.010663246735930443,309404,2,7,True,Right,Front,Centre,Left,79
<_io.BytesIO object at 0x000001D27BA34A40>,0.28400319814682007,0.05126253142952919,-0.05207643657922745,309404,2,7,True,Right,Front,Centre,Left,79
<_io.BytesIO object at 0x000001D278BE3E50>,0.27992749214172363,0.03524554893374443,0.048767417669296265,309405,2,7,True,Right,Front,Centre,Left,79
<_io.BytesIO object at 0x000001D278BE32C0>,0.23239342868328094,0.05674600601196289,-0.04251404106616974,309405,2,7,True,Right,Front,Centre,Left,79
<_io.BytesIO object at 0x000001D278BE3770>,0.21192090213298798,0.00031868554651737213,-0.056857287883758545,309405,2,7,True,Right,Front,Centre,Left,79
<_io.BytesIO object at 0x000001D278BE3A40>,0.18407583236694336,-0.011027390137314796,0.010663246735930443,309405,2,7,True,Right,Front,Centre,Left,79
<_io.BytesIO object at 0x000001D278B9F720>,0.28400319814682007,0.05126253142952919,-0.05207643657922745,309405,2,7,True,Right,Front,Centre,Left,79
<_io.BytesIO object at 0x000001D273695680>,0.27992749214172363,0.03524554893374443,0.048767417669296265,309406,2,7,True,Right,Front,Centre,Left,79
<_io.BytesIO object at 0x000001D2736951D0>,0.23239342868328094,0.05674600601196289,-0.04251404106616974,309406,2,7,True,Right,Front,Centre,Left,79
<_io.BytesIO object at 0x000001D278B9FD10>,0.21192090213298798,0.00031868554651737213,-0.056857287883758545,309406,2,7,True,Right,Front,Centre,Left,79
<_io.BytesIO object at 0x000001D278B9F1D0>,0.18407583236694336,-0.011027390137314796,0.010663246735930443,309406,2,7,True,Right,Front,Centre,Left,79
<_io.BytesIO object at 0x000001D278B9F6D0>,0.28400319814682007,0.05126253142952919,-0.05207643657922745,309406,2,7,True,Right,Front,Centre,Left,79
<_io.BytesIO object at 0x000001D27B959630>,0.27992749214172363,0.03524554893374443,0.048767417669296265,309407,2,7,True,Right,Front,Centre,Left,79
<_io.BytesIO object at 0x000001D27B959180>,0.23239342868328094,0.05674600601196289,-0.04251404106616974,309407,2,7,True,Right,Front,Centre,Left,79
<_io.BytesIO object at 0x000001D27B959EA0>,0.21192090213298798,0.00031868554651737213,-0.056857287883758545,309407,2,7,True,Right,Front,Centre,Left,79
<_io.BytesIO object at 0x000001D27B959950>,0.18407583236694336,-0.011027390137314796,0.010663246735930443,309407,2,7,True,Right,Front,Centre,Left,79
<_io.BytesIO object at 0x000001D27B959220>,0.28400319814682007,0.05126253142952919,-0.05207643657922745,309407,2,7,True,Right,Front,Centre,Left,79
<_io.BytesIO object at 0x000001D27B944DB0>,0.27992749214172363,0.03524554893374443,0.048767417669296265,309408,2,7,True,Right,Front,Centre,Left,79
<_io.BytesIO object at 0x000001D27B944D60>,0.23239342868328094,0.05674600601196289,-0.04251404106616974,309408,2,7,True,Right,Front,Centre,Left,79
<_io.BytesIO object at 0x000001D27B944630>,0.21192090213298798,0.00031868554651737213,-0.056857287883758545,309408,2,7,True,Right,Front,Centre,Left,79
<_io.BytesIO object at 0x000001D27B944E50>,0.18407583236694336,-0.011027390137314796,0.010663246735930443,309408,2,7,True,Right,Front,Centre,Left,79
<_io.BytesIO object at 0x000001D27B944A90>,0.28400319814682007,0.05126253142952919,-0.05207643657922745,309408,2,7,True,Right,Front,Centre,Left,79
<_io.BytesIO object at 0x000001D278BEA900>,0.27992749214172363,0.03524554893374443,0.048767417669296265,309409,2,7,True,Right,Front,Centre,Left,79
<_io.BytesIO object at 0x000001D278BEAEF0>,0.23239342868328094,0.05674600601196289,-0.04251404106616974,309409,2,7,True,Right,Front,Centre,Left,79
<_io.BytesIO object at 0x000001D278BEAAE0>,0.21192090213298798,0.00031868554651737213,-0.056857287883758545,309409,2,7,True,Right,Front,Centre,Left,79
<_io.BytesIO object at 0x000001D278BEA860>,0.18407583236694336,-0.011027390137314796,0.010663246735930443,309409,2,7,True,Right,Front,Centre,Left,79
<_io.BytesIO object at 0x000001D278BEAF90>,0.28400319814682007,0.05126253142952919,-0.05207643657922745,309409,2,7,True,Right,Front,Centre,Left,79
<_io.BytesIO object at 0x000001D27B9249F0>,0.27992749214172363,0.03524554893374443,0.048767417669296265,309410,2,7,True,Right,Front,Centre,Left,79
<_io.BytesIO object at 0x000001D27B924860>,0.23239342868328094,0.05674600601196289,-0.04251404106616974,309410,2,7,True,Right,Front,Centre,Left,79
<_io.BytesIO object at 0x000001D27B924590>,0.21192090213298798,0.00031868554651737213,-0.056857287883758545,309410,2,7,True,Right,Front,Centre,Left,79
<_io.BytesIO object at 0x000001D27B924400>,0.18407583236694336,-0.011027390137314796,0.010663246735930443,309410,2,7,True,Right,Front,Centre,Left,79
<_io.BytesIO object at 0x000001D27B924180>,0.28400319814682007,0.05126253142952919,-0.05207643657922745,309410,2,7,True,Right,Front,Centre,Left,79
<_io.BytesIO object at 0x000001D27B97C950>,0.27992749214172363,0.03524554893374443,0.048767417669296265,309411,2,7,True,Right,Front,Centre,Left,79
<_io.BytesIO object at 0x000001D27B97C220>,0.23239342868328094,0.05674600601196289,-0.04251404106616974,309411,2,7,True,Right,Front,Centre,Left,79
<_io.BytesIO object at 0x000001D27B97C7C0>,0.21192090213298798,0.00031868554651737213,-0.056857287883758545,309411,2,7,True,Right,Front,Centre,Left,79
<_io.BytesIO object at 0x000001D27B97CCC0>,0.18407583236694336,-0.011027390137314796,0.010663246735930443,309411,2,7,True,Right,Front,Centre,Left,79
<_io.BytesIO object at 0x000001D27B97C6D0>,0.28400319814682007,0.05126253142952919,-0.05207643657922745,309411,2,7,True,Right,Front,Centre,Left,79
<_io.BytesIO object at 0x000001D27B92EA90>,0.27992749214172363,0.03524554893374443,0.048767417669296265,309412,2,7,True,Right,Front,Centre,Left,79
<_io.BytesIO object at 0x000001D27B92E180>,0.23239342868328094,0.05674600601196289,-0.04251404106616974,309412,2,7,True,Right,Front,Centre,Left,79
<_io.BytesIO object at 0x000001D27B92EDB0>,0.21192090213298798,0.00031868554651737213,-0.056857287883758545,309412,2,7,True,Right,Front,Centre,Left,79
<_io.BytesIO object at 0x000001D27B92E540>,0.18407583236694336,-0.011027390137314796,0.010663246735930443,309412,2,7,True,Right,Front,Centre,Left,79
<_io.BytesIO object at 0x000001D27B944720>,0.28400319814682007,0.05126253142952919,-0.05207643657922745,309412,2,7,True,Right,Front,Centre,Left,79
<_io.BytesIO object at 0x000001D27B959360>,0.27992749214172363,0.03524554893374443,0.048767417669296265,309413,2,7,True,Right,Front,Centre,Left,79
<_io.BytesIO object at 0x000001D27B959B30>,0.23239342868328094,0.05674600601196289,-0.04251404106616974,309413,2,7,True,Right,Front,Centre,Left,79
<_io.BytesIO object at 0x000001D27B959DB0>,0.21192090213298798,0.00031868554651737213,-0.056857287883758545,309413,2,7,True,Right,Front,Centre,Left,79
<_io.BytesIO object at 0x000001D27B959810>,0.18407583236694336,-0.011027390137314796,0.010663246735930443,309413,2,7,True,Right,Front,Centre,Left,79
<_io.BytesIO object at 0x000001D27B959540>,0.28400319814682007,0.05126253142952919,-0.05207643657922745,309413,2,7,True,Right,Front,Centre,Left,79
<_io.BytesIO object at 0x000001D278BE3B80>,0.27992749214172363,0.03524554893374443,0.048767417669296265,309414,2,7,True,Right,Front,Centre,Left,79
<_io.BytesIO object at 0x000001D278BE3360>,0.23239342868328094,0.05674600601196289,-0.04251404106616974,309414,2,7,True,Right,Front,Centre,Left,79
<_io.BytesIO object at 0x000001D278B9FA90>,0.21192090213298798,0.00031868554651737213,-0.056857287883758545,309414,2,7,True,Right,Front,Centre,Left,79
<_io.BytesIO object at 0x000001D278B9F090>,0.18407583236694336,-0.011027390137314796,0.010663246735930443,309414,2,7,True,Right,Front,Centre,Left,79
<_io.BytesIO object at 0x000001D278B9F450>,0.28400319814682007,0.05126253142952919,-0.05207643657922745,309414,2,7,True,Right,Front,Centre,Left,79
<_io.BytesIO object at 0x000001D278B9F5E0>,0.27992749214172363,0.03524554893374443,0.048767417669296265,309415,2,7,True,Right,Front,Centre,Left,79
<_io.BytesIO object at 0x000001D278BE3860>,0.23239342868328094,0.05674600601196289,-0.04251404106616974,309415,2,7,True,Right,Front,Centre,Left,79
<_io.BytesIO object at 0x000001D278BE3A90>,0.21192090213298798,0.00031868554651737213,-0.056857287883758545,309415,2,7,True,Right,Front,Centre,Left,79
<_io.BytesIO object at 0x000001D278BE3450>,0.18407583236694336,-0.011027390137314796,0.010663246735930443,309415,2,7,True,Right,Front,Centre,Left,79
<_io.BytesIO object at 0x000001D278BE3E00>,0.28400319814682007,0.05126253142952919,-0.05207643657922745,309415,2,7,True,Right,Front,Centre,Left,79
<_io.BytesIO object at 0x000001D27B959D10>,0.27992749214172363,0.03524554893374443,0.048767417669296265,309416,2,7,True,Right,Front,Centre,Left,79
<_io.BytesIO object at 0x000001D27B959630>,0.23239342868328094,0.05674600601196289,-0.04251404106616974,309416,2,7,True,Right,Front,Centre,Left,79
<_io.BytesIO object at 0x000001D27B959C70>,0.21192090213298798,0.00031868554651737213,-0.056857287883758545,309416,2,7,True,Right,Front,Centre,Left,79
<_io.BytesIO object at 0x000001D27B959720>,0.18407583236694336,-0.011027390137314796,0.010663246735930443,309416,2,7,True,Right,Front,Centre,Left,79
<_io.BytesIO object at 0x000001D27B959220>,0.28400319814682007,0.05126253142952919,-0.05207643657922745,309416,2,7,True,Right,Front,Centre,Left,79
<_io.BytesIO object at 0x000001D27B944720>,0.27992749214172363,0.03524554893374443,0.048767417669296265,309417,2,7,True,Right,Front,Centre,Left,79
<_io.BytesIO object at 0x000001D27B92EC70>,0.23239342868328094,0.05674600601196289,-0.04251404106616974,309417,2,7,True,Right,Front,Centre,Left,79
<_io.BytesIO object at 0x000001D27B92EE00>,0.21192090213298798,0.00031868554651737213,-0.056857287883758545,309417,2,7,True,Right,Front,Centre,Left,79
<_io.BytesIO object at 0x000001D27B92E180>,0.18407583236694336,-0.011027390137314796,0.010663246735930443,309417,2,7,True,Right,Front,Centre,Left,79
<_io.BytesIO object at 0x000001D27B92E1D0>,0.28400319814682007,0.05126253142952919,-0.05207643657922745,309417,2,7,True,Right,Front,Centre,Left,79
<_io.BytesIO object at 0x000001D27B97C360>,0.27992749214172363,0.03524554893374443,0.048767417669296265,309418,2,7,True,Right,Front,Centre,Left,79
<_io.BytesIO object at 0x000001D27B97C400>,0.23239342868328094,0.05674600601196289,-0.04251404106616974,309418,2,7,True,Right,Front,Centre,Left,79
<_io.BytesIO object at 0x000001D27B97C6D0>,0.21192090213298798,0.00031868554651737213,-0.056857287883758545,309418,2,7,True,Right,Front,Centre,Left,79
<_io.BytesIO object at 0x000001D27B97C180>,0.18407583236694336,-0.011027390137314796,0.010663246735930443,309418,2,7,True,Right,Front,Centre,Left,79
<_io.BytesIO object at 0x000001D27B97CD60>,0.28400319814682007,0.05126253142952919,-0.05207643657922745,309418,2,7,True,Right,Front,Centre,Left,79
<_io.BytesIO object at 0x000001D27B924630>,0.27992749214172363,0.03524554893374443,0.048767417669296265,309419,2,7,True,Right,Front,Centre,Left,79
<_io.BytesIO object at 0x000001D27B921090>,0.23239342868328094,0.05674600601196289,-0.04251404106616974,309419,2,7,True,Right,Front,Centre,Left,79
<_io.BytesIO object at 0x000001D27B921A90>,0.21192090213298798,0.00031868554651737213,-0.056857287883758545,309419,2,7,True,Right,Front,Centre,Left,79
<_io.BytesIO object at 0x000001D27B921040>,0.18407583236694336,-0.011027390137314796,0.010663246735930443,309419,2,7,True,Right,Front,Centre,Left,79
<_io.BytesIO object at 0x000001D27B9214A0>,0.28400319814682007,0.05126253142952919,-0.05207643657922745,309419,2,7,True,Right,Front,Centre,Left,79
<_io.BytesIO object at 0x000001D27B97CCC0>,0.27992749214172363,0.03524554893374443,0.048767417669296265,309420,2,7,True,Right,Front,Centre,Left,79
<_io.BytesIO object at 0x000001D27B97C8B0>,0.23239342868328094,0.05674600601196289,-0.04251404106616974,309420,2,7,True,Right,Front,Centre,Left,79
<_io.BytesIO object at 0x000001D27B97C360>,0.21192090213298798,0.00031868554651737213,-0.056857287883758545,309420,2,7,True,Right,Front,Centre,Left,79
<_io.BytesIO object at 0x000001D278BEA8B0>,0.18407583236694336,-0.011027390137314796,0.010663246735930443,309420,2,7,True,Right,Front,Centre,Left,79
<_io.BytesIO object at 0x000001D278BEA090>,0.28400319814682007,0.05126253142952919,-0.05207643657922745,309420,2,7,True,Right,Front,Centre,Left,79
<_io.BytesIO object at 0x000001D27B92EB80>,0.27992749214172363,0.03524554893374443,0.048767417669296265,309421,2,7,True,Right,Front,Centre,Left,79
<_io.BytesIO object at 0x000001D27B92EC70>,0.23239342868328094,0.05674600601196289,-0.04251404106616974,309421,2,7,True,Right,Front,Centre,Left,79
<_io.BytesIO object at 0x000001D27B944270>,0.21192090213298798,0.00031868554651737213,-0.056857287883758545,309421,2,7,True,Right,Front,Centre,Left,79
<_io.BytesIO object at 0x000001D27B944D10>,0.18407583236694336,-0.011027390137314796,0.010663246735930443,309421,2,7,True,Right,Front,Centre,Left,79
<_io.BytesIO object at 0x000001D27B9447C0>,0.28400319814682007,0.05126253142952919,-0.05207643657922745,309421,2,7,True,Right,Front,Centre,Left,79
<_io.BytesIO object at 0x000001D27B9590E0>,0.27992749214172363,0.03524554893374443,0.048767417669296265,309422,2,7,True,Right,Front,Centre,Left,79
<_io.BytesIO object at 0x000001D27B959180>,0.23239342868328094,0.05674600601196289,-0.04251404106616974,309422,2,7,True,Right,Front,Centre,Left,79
<_io.BytesIO object at 0x000001D27B959DB0>,0.21192090213298798,0.00031868554651737213,-0.056857287883758545,309422,2,7,True,Right,Front,Centre,Left,79
<_io.BytesIO object at 0x000001D27B959540>,0.18407583236694336,-0.011027390137314796,0.010663246735930443,309422,2,7,True,Right,Front,Centre,Left,79
<_io.BytesIO object at 0x000001D27B959310>,0.28400319814682007,0.05126253142952919,-0.05207643657922745,309422,2,7,True,Right,Front,Centre,Left,79
<_io.BytesIO object at 0x000001D278B9F4A0>,0.27992749214172363,0.03524554893374443,0.048767417669296265,309423,2,7,True,Right,Front,Centre,Left,79
<_io.BytesIO object at 0x000001D278B9F4F0>,0.23239342868328094,0.05674600601196289,-0.04251404106616974,309423,2,7,True,Right,Front,Centre,Left,79
<_io.BytesIO object at 0x000001D278B9F860>,0.21192090213298798,0.00031868554651737213,-0.056857287883758545,309423,2,7,True,Right,Front,Centre,Left,79
<_io.BytesIO object at 0x000001D278B9FC20>,0.18407583236694336,-0.011027390137314796,0.010663246735930443,309423,2,7,True,Right,Front,Centre,Left,79
<_io.BytesIO object at 0x000001D27B935E50>,0.28400319814682007,0.05126253142952919,-0.05207643657922745,309423,2,7,True,Right,Front,Centre,Left,79
<_io.BytesIO object at 0x000001D278B9F680>,0.27992749214172363,0.03524554893374443,0.048767417669296265,309424,2,7,True,Right,Front,Centre,Left,79
<_io.BytesIO object at 0x000001D278BE31D0>,0.23239342868328094,0.05674600601196289,-0.04251404106616974,309424,2,7,True,Right,Front,Centre,Left,79
<_io.BytesIO object at 0x000001D278BE3040>,0.21192090213298798,0.00031868554651737213,-0.056857287883758545,309424,2,7,True,Right,Front,Centre,Left,79
<_io.BytesIO object at 0x000001D278BE3900>,0.18407583236694336,-0.011027390137314796,0.010663246735930443,309424,2,7,True,Right,Front,Centre,Left,79
<_io.BytesIO object at 0x000001D278BE30E0>,0.28400319814682007,0.05126253142952919,-0.05207643657922745,309424,2,7,True,Right,Front,Centre,Left,79
<_io.BytesIO object at 0x000001D27BA34950>,0.27992749214172363,0.03524554893374443,0.048767417669296265,309425,2,7,True,Right,Front,Centre,Left,79
<_io.BytesIO object at 0x000001D27BA349A0>,0.23239342868328094,0.05674600601196289,-0.04251404106616974,309425,2,7,True,Right,Front,Centre,Left,79
<_io.BytesIO object at 0x000001D27BA34900>,0.21192090213298798,0.00031868554651737213,-0.056857287883758545,309425,2,7,True,Right,Front,Centre,Left,79
<_io.BytesIO object at 0x000001D27BA34DB0>,0.18407583236694336,-0.011027390137314796,0.010663246735930443,309425,2,7,True,Right,Front,Centre,Left,79
<_io.BytesIO object at 0x000001D27BA34680>,0.28400319814682007,0.05126253142952919,-0.05207643657922745,309425,2,7,True,Right,Front,Centre,Left,79
<_io.BytesIO object at 0x000001D27B92E3B0>,0.27992749214172363,0.03524554893374443,0.048767417669296265,309426,2,7,True,Right,Front,Centre,Left,79
<_io.BytesIO object at 0x000001D27B92EAE0>,0.23239342868328094,0.05674600601196289,-0.04251404106616974,309426,2,7,True,Right,Front,Centre,Left,79
<_io.BytesIO object at 0x000001D27B99A400>,0.21192090213298798,0.00031868554651737213,-0.056857287883758545,309426,2,7,True,Right,Front,Centre,Left,79
<_io.BytesIO object at 0x000001D27B99A0E0>,0.18407583236694336,-0.011027390137314796,0.010663246735930443,309426,2,7,True,Right,Front,Centre,Left,79
<_io.BytesIO object at 0x000001D27B99A4A0>,0.28400319814682007,0.05126253142952919,-0.05207643657922745,309426,2,7,True,Right,Front,Centre,Left,79
<_io.BytesIO object at 0x000001D27B935F90>,0.27992749214172363,0.03524554893374443,0.048767417669296265,309427,2,7,True,Right,Front,Centre,Left,79
<_io.BytesIO object at 0x000001D27B97C360>,0.23239342868328094,0.05674600601196289,-0.04251404106616974,309427,2,7,True,Right,Front,Centre,Left,79
<_io.BytesIO object at 0x000001D27B97C400>,0.21192090213298798,0.00031868554651737213,-0.056857287883758545,309427,2,7,True,Right,Front,Centre,Left,79
<_io.BytesIO object at 0x000001D27B97C540>,0.18407583236694336,-0.011027390137314796,0.010663246735930443,309427,2,7,True,Right,Front,Centre,Left,79
<_io.BytesIO object at 0x000001D27B97C040>,0.28400319814682007,0.05126253142952919,-0.05207643657922745,309427,2,7,True,Right,Front,Centre,Left,79
<_io.BytesIO object at 0x000001D27B921BD0>,0.27992749214172363,0.03524554893374443,0.048767417669296265,309428,2,7,True,Right,Front,Centre,Left,79
<_io.BytesIO object at 0x000001D27B921040>,0.23239342868328094,0.05674600601196289,-0.04251404106616974,309428,2,7,True,Right,Front,Centre,Left,79
<_io.BytesIO object at 0x000001D27B9214A0>,0.21192090213298798,0.00031868554651737213,-0.056857287883758545,309428,2,7,True,Right,Front,Centre,Left,79
<_io.BytesIO object at 0x000001D27B921DB0>,0.18407583236694336,-0.011027390137314796,0.010663246735930443,309428,2,7,True,Right,Front,Centre,Left,79
<_io.BytesIO object at 0x000001D27B921F90>,0.28400319814682007,0.05126253142952919,-0.05207643657922745,309428,2,7,True,Right,Front,Centre,Left,79
<_io.BytesIO object at 0x000001D27B97C270>,0.27992749214172363,0.03524554893374443,0.048767417669296265,309429,2,7,True,Right,Front,Centre,Left,79
<_io.BytesIO object at 0x000001D27B97C590>,0.23239342868328094,0.05674600601196289,-0.04251404106616974,309429,2,7,True,Right,Front,Centre,Left,79
<_io.BytesIO object at 0x000001D27B97C310>,0.21192090213298798,0.00031868554651737213,-0.056857287883758545,309429,2,7,True,Right,Front,Centre,Left,79
<_io.BytesIO object at 0x000001D27B97C040>,0.18407583236694336,-0.011027390137314796,0.010663246735930443,309429,2,7,True,Right,Front,Centre,Left,79
<_io.BytesIO object at 0x000001D27B97C180>,0.28400319814682007,0.05126253142952919,-0.05207643657922745,309429,2,7,True,Right,Front,Centre,Left,79
<_io.BytesIO object at 0x000001D27B99AF90>,0.27992749214172363,0.03524554893374443,0.048767417669296265,309430,2,7,True,Right,Front,Centre,Left,79
<_io.BytesIO object at 0x000001D27B99A310>,0.23239342868328094,0.05674600601196289,-0.04251404106616974,309430,2,7,True,Right,Front,Centre,Left,79
<_io.BytesIO object at 0x000001D27B99A630>,0.21192090213298798,0.00031868554651737213,-0.056857287883758545,309430,2,7,True,Right,Front,Centre,Left,79
<_io.BytesIO object at 0x000001D27B99A720>,0.18407583236694336,-0.011027390137314796,0.010663246735930443,309430,2,7,True,Right,Front,Centre,Left,79
<_io.BytesIO object at 0x000001D27B99A4F0>,0.28400319814682007,0.05126253142952919,-0.05207643657922745,309430,2,7,True,Right,Front,Centre,Left,79
<_io.BytesIO object at 0x000001D27BA34AE0>,0.27992749214172363,0.03524554893374443,0.048767417669296265,309431,2,7,True,Right,Front,Centre,Left,79
<_io.BytesIO object at 0x000001D27BA34EF0>,0.23239342868328094,0.05674600601196289,-0.04251404106616974,309431,2,7,True,Right,Front,Centre,Left,79
<_io.BytesIO object at 0x000001D27BA34F40>,0.21192090213298798,0.00031868554651737213,-0.056857287883758545,309431,2,7,True,Right,Front,Centre,Left,79
<_io.BytesIO object at 0x000001D27BA34680>,0.18407583236694336,-0.011027390137314796,0.010663246735930443,309431,2,7,True,Right,Front,Centre,Left,79
<_io.BytesIO object at 0x000001D27BA34220>,0.28400319814682007,0.05126253142952919,-0.05207643657922745,309431,2,7,True,Right,Front,Centre,Left,79
<_io.BytesIO object at 0x000001D278BE35E0>,0.27992749214172363,0.03524554893374443,0.048767417669296265,309432,2,7,True,Right,Front,Centre,Left,79
<_io.BytesIO object at 0x000001D278BE3090>,0.23239342868328094,0.05674600601196289,-0.04251404106616974,309432,2,7,True,Right,Front,Centre,Left,79
<_io.BytesIO object at 0x000001D278BE3F90>,0.21192090213298798,0.00031868554651737213,-0.056857287883758545,309432,2,7,True,Right,Front,Centre,Left,79
<_io.BytesIO object at 0x000001D278BE30E0>,0.18407583236694336,-0.011027390137314796,0.010663246735930443,309432,2,7,True,Right,Front,Centre,Left,79
<_io.BytesIO object at 0x000001D278BE3DB0>,0.28400319814682007,0.05126253142952919,-0.05207643657922745,309432,2,7,True,Right,Front,Centre,Left,79
<_io.BytesIO object at 0x000001D278B9F770>,0.27992749214172363,0.03524554893374443,0.048767417669296265,309433,2,7,True,Right,Front,Centre,Left,79
<_io.BytesIO object at 0x000001D278BE3180>,0.23239342868328094,0.05674600601196289,-0.04251404106616974,309433,2,7,True,Right,Front,Centre,Left,79
<_io.BytesIO object at 0x000001D278BE3680>,0.21192090213298798,0.00031868554651737213,-0.056857287883758545,309433,2,7,True,Right,Front,Centre,Left,79
<_io.BytesIO object at 0x000001D278BE37C0>,0.18407583236694336,-0.011027390137314796,0.010663246735930443,309433,2,7,True,Right,Front,Centre,Left,79
<_io.BytesIO object at 0x000001D278BE30E0>,0.28400319814682007,0.05126253142952919,-0.05207643657922745,309433,2,7,True,Right,Front,Centre,Left,79
<_io.BytesIO object at 0x000001D27BA34B80>,0.27992749214172363,0.03524554893374443,0.048767417669296265,309434,2,7,True,Right,Front,Centre,Left,79
<_io.BytesIO object at 0x000001D27BA342C0>,0.23239342868328094,0.05674600601196289,-0.04251404106616974,309434,2,7,True,Right,Front,Centre,Left,79
<_io.BytesIO object at 0x000001D27BA34540>,0.21192090213298798,0.00031868554651737213,-0.056857287883758545,309434,2,7,True,Right,Front,Centre,Left,79
<_io.BytesIO object at 0x000001D27BA340E0>,0.18407583236694336,-0.011027390137314796,0.010663246735930443,309434,2,7,True,Right,Front,Centre,Left,79
<_io.BytesIO object at 0x000001D27BA34680>,0.28400319814682007,0.05126253142952919,-0.05207643657922745,309434,2,7,True,Right,Front,Centre,Left,79
<_io.BytesIO object at 0x000001D27B92E9F0>,0.27992749214172363,0.03524554893374443,0.048767417669296265,309435,2,7,True,Right,Front,Centre,Left,79
<_io.BytesIO object at 0x000001D27B92EAE0>,0.23239342868328094,0.05674600601196289,-0.04251404106616974,309435,2,7,True,Right,Front,Centre,Left,79
<_io.BytesIO object at 0x000001D27B99A9A0>,0.21192090213298798,0.00031868554651737213,-0.056857287883758545,309435,2,7,True,Right,Front,Centre,Left,79
<_io.BytesIO object at 0x000001D27B99AB80>,0.18407583236694336,-0.011027390137314796,0.010663246735930443,309435,2,7,True,Right,Front,Centre,Left,79
<_io.BytesIO object at 0x000001D27B99A720>,0.28400319814682007,0.05126253142952919,-0.05207643657922745,309435,2,7,True,Right,Front,Centre,Left,79
<_io.BytesIO object at 0x000001D27B935770>,0.27992749214172363,0.03524554893374443,0.048767417669296265,309436,2,7,True,Right,Front,Centre,Left,79
<_io.BytesIO object at 0x000001D27B97CCC0>,0.23239342868328094,0.05674600601196289,-0.04251404106616974,309436,2,7,True,Right,Front,Centre,Left,79
<_io.BytesIO object at 0x000001D27B97CE50>,0.21192090213298798,0.00031868554651737213,-0.056857287883758545,309436,2,7,True,Right,Front,Centre,Left,79
<_io.BytesIO object at 0x000001D27B97C180>,0.18407583236694336,-0.011027390137314796,0.010663246735930443,309436,2,7,True,Right,Front,Centre,Left,79
<_io.BytesIO object at 0x000001D27B97C220>,0.28400319814682007,0.05126253142952919,-0.05207643657922745,309436,2,7,True,Right,Front,Centre,Left,79
<_io.BytesIO object at 0x000001D27B921AE0>,0.27992749214172363,0.03524554893374443,0.048767417669296265,309437,2,7,True,Right,Front,Centre,Left,79
<_io.BytesIO object at 0x000001D27B921A90>,0.23239342868328094,0.05674600601196289,-0.04251404106616974,309437,2,7,True,Right,Front,Centre,Left,79
<_io.BytesIO object at 0x000001D27B921D60>,0.21192090213298798,0.00031868554651737213,-0.056857287883758545,309437,2,7,True,Right,Front,Centre,Left,79
<_io.BytesIO object at 0x000001D27B9214A0>,0.18407583236694336,-0.011027390137314796,0.010663246735930443,309437,2,7,True,Right,Front,Centre,Left,79
<_io.BytesIO object at 0x000001D27B9269F0>,0.28400319814682007,0.05126253142952919,-0.05207643657922745,309437,2,7,True,Right,Front,Centre,Left,79
<_io.BytesIO object at 0x000001D27B97C4F0>,0.27992749214172363,0.03524554893374443,0.048767417669296265,309438,2,7,True,Right,Front,Centre,Left,79
<_io.BytesIO object at 0x000001D27B97CAE0>,0.23239342868328094,0.05674600601196289,-0.04251404106616974,309438,2,7,True,Right,Front,Centre,Left,79
<_io.BytesIO object at 0x000001D27B97C8B0>,0.21192090213298798,0.00031868554651737213,-0.056857287883758545,309438,2,7,True,Right,Front,Centre,Left,79
<_io.BytesIO object at 0x000001D27B97C770>,0.18407583236694336,-0.011027390137314796,0.010663246735930443,309438,2,7,True,Right,Front,Centre,Left,79
<_io.BytesIO object at 0x000001D27B97CBD0>,0.28400319814682007,0.05126253142952919,-0.05207643657922745,309438,2,7,True,Right,Front,Centre,Left,79
<_io.BytesIO object at 0x000001D27B99A1D0>,0.27992749214172363,0.03524554893374443,0.048767417669296265,309439,2,7,True,Right,Front,Centre,Left,79
<_io.BytesIO object at 0x000001D27B99ACC0>,0.23239342868328094,0.05674600601196289,-0.04251404106616974,309439,2,7,True,Right,Front,Centre,Left,79
<_io.BytesIO object at 0x000001D27B99A630>,0.21192090213298798,0.00031868554651737213,-0.056857287883758545,309439,2,7,True,Right,Front,Centre,Left,79
<_io.BytesIO object at 0x000001D27B99A8B0>,0.18407583236694336,-0.011027390137314796,0.010663246735930443,309439,2,7,True,Right,Front,Centre,Left,79
<_io.BytesIO object at 0x000001D27B99A900>,0.28400319814682007,0.05126253142952919,-0.05207643657922745,309439,2,7,True,Right,Front,Centre,Left,79
<_io.BytesIO object at 0x000001D27B959590>,0.27992749214172363,0.03524554893374443,0.048767417669296265,309440,2,7,True,Right,Front,Centre,Left,79
<_io.BytesIO object at 0x000001D27B959900>,0.23239342868328094,0.05674600601196289,-0.04251404106616974,309440,2,7,True,Right,Front,Centre,Left,79
<_io.BytesIO object at 0x000001D27B959090>,0.21192090213298798,0.00031868554651737213,-0.056857287883758545,309440,2,7,True,Right,Front,Centre,Left,79
<_io.BytesIO object at 0x000001D27B9593B0>,0.18407583236694336,-0.011027390137314796,0.010663246735930443,309440,2,7,True,Right,Front,Centre,Left,79
<_io.BytesIO object at 0x000001D27B959B80>,0.28400319814682007,0.05126253142952919,-0.05207643657922745,309440,2,7,True,Right,Front,Centre,Left,79
<_io.BytesIO object at 0x000001D27B944DB0>,0.27992749214172363,0.03524554893374443,0.048767417669296265,309441,2,7,True,Right,Front,Centre,Left,79
<_io.BytesIO object at 0x000001D27B944860>,0.23239342868328094,0.05674600601196289,-0.04251404106616974,309441,2,7,True,Right,Front,Centre,Left,79
<_io.BytesIO object at 0x000001D27B944950>,0.21192090213298798,0.00031868554651737213,-0.056857287883758545,309441,2,7,True,Right,Front,Centre,Left,79
<_io.BytesIO object at 0x000001D27B944310>,0.18407583236694336,-0.011027390137314796,0.010663246735930443,309441,2,7,True,Right,Front,Centre,Left,79
<_io.BytesIO object at 0x000001D27B944A40>,0.28400319814682007,0.05126253142952919,-0.05207643657922745,309441,2,7,True,Right,Front,Centre,Left,79
<_io.BytesIO object at 0x000001D27B9440E0>,0.27992749214172363,0.03524554893374443,0.048767417669296265,309442,2,7,True,Right,Front,Centre,Left,79
<_io.BytesIO object at 0x000001D27B944900>,0.23239342868328094,0.05674600601196289,-0.04251404106616974,309442,2,7,True,Right,Front,Centre,Left,79
<_io.BytesIO object at 0x000001D278BE3860>,0.21192090213298798,0.00031868554651737213,-0.056857287883758545,309442,2,7,True,Right,Front,Centre,Left,79
<_io.BytesIO object at 0x000001D278BE3540>,0.18407583236694336,-0.011027390137314796,0.010663246735930443,309442,2,7,True,Right,Front,Centre,Left,79
<_io.BytesIO object at 0x000001D278BE3180>,0.28400319814682007,0.05126253142952919,-0.05207643657922745,309442,2,7,True,Right,Front,Centre,Left,79
<_io.BytesIO object at 0x000001D27B959400>,0.27992749214172363,0.03524554893374443,0.048767417669296265,309443,2,7,True,Right,Front,Centre,Left,79
<_io.BytesIO object at 0x000001D27B959590>,0.23239342868328094,0.05674600601196289,-0.04251404106616974,309443,2,7,True,Right,Front,Centre,Left,79
<_io.BytesIO object at 0x000001D27B959DB0>,0.21192090213298798,0.00031868554651737213,-0.056857287883758545,309443,2,7,True,Right,Front,Centre,Left,79
<_io.BytesIO object at 0x000001D27BA34E50>,0.18407583236694336,-0.011027390137314796,0.010663246735930443,309443,2,7,True,Right,Front,Centre,Left,79
<_io.BytesIO object at 0x000001D27BA34B80>,0.28400319814682007,0.05126253142952919,-0.05207643657922745,309443,2,7,True,Right,Front,Centre,Left,79
<_io.BytesIO object at 0x000001D27B99A0E0>,0.27992749214172363,0.03524554893374443,0.048767417669296265,309444,2,7,True,Right,Front,Centre,Left,79
<_io.BytesIO object at 0x000001D27B99A450>,0.23239342868328094,0.05674600601196289,-0.04251404106616974,309444,2,7,True,Right,Front,Centre,Left,79
<_io.BytesIO object at 0x000001D27B99A1D0>,0.21192090213298798,0.00031868554651737213,-0.056857287883758545,309444,2,7,True,Right,Front,Centre,Left,79
<_io.BytesIO object at 0x000001D27B99A270>,0.18407583236694336,-0.011027390137314796,0.010663246735930443,309444,2,7,True,Right,Front,Centre,Left,79
<_io.BytesIO object at 0x000001D27B99A540>,0.28400319814682007,0.05126253142952919,-0.05207643657922745,309444,2,7,True,Right,Front,Centre,Left,79
<_io.BytesIO object at 0x000001D27B97C7C0>,0.27992749214172363,0.03524554893374443,0.048767417669296265,309445,2,7,True,Right,Front,Centre,Left,79
<_io.BytesIO object at 0x000001D27B97C590>,0.23239342868328094,0.05674600601196289,-0.04251404106616974,309445,2,7,True,Right,Front,Centre,Left,79
<_io.BytesIO object at 0x000001D27B97CD60>,0.21192090213298798,0.00031868554651737213,-0.056857287883758545,309445,2,7,True,Right,Front,Centre,Left,79
<_io.BytesIO object at 0x000001D27B97C720>,0.18407583236694336,-0.011027390137314796,0.010663246735930443,309445,2,7,True,Right,Front,Centre,Left,79
<_io.BytesIO object at 0x000001D27B97CC70>,0.28400319814682007,0.05126253142952919,-0.05207643657922745,309445,2,7,True,Right,Front,Centre,Left,79
<_io.BytesIO object at 0x000001D27B9214A0>,0.27992749214172363,0.03524554893374443,0.048767417669296265,309446,2,7,True,Right,Front,Centre,Left,79
<_io.BytesIO object at 0x000001D27B9218B0>,0.23239342868328094,0.05674600601196289,-0.04251404106616974,309446,2,7,True,Right,Front,Centre,Left,79
<_io.BytesIO object at 0x000001D278B9FF90>,0.21192090213298798,0.00031868554651737213,-0.056857287883758545,309446,2,7,True,Right,Front,Centre,Left,79
<_io.BytesIO object at 0x000001D278B9F860>,0.18407583236694336,-0.011027390137314796,0.010663246735930443,309446,2,7,True,Right,Front,Centre,Left,79
<_io.BytesIO object at 0x000001D278B9FE50>,0.28400319814682007,0.05126253142952919,-0.05207643657922745,309446,2,7,True,Right,Front,Centre,Left,79
<_io.BytesIO object at 0x000001D273695360>,0.27992749214172363,0.03524554893374443,0.048767417669296265,309447,2,7,True,Right,Front,Centre,Left,79
<_io.BytesIO object at 0x000001D2736951D0>,0.23239342868328094,0.05674600601196289,-0.04251404106616974,309447,2,7,True,Right,Front,Centre,Left,79
<_io.BytesIO object at 0x000001D27B92CC20>,0.21192090213298798,0.00031868554651737213,-0.056857287883758545,309447,2,7,True,Right,Front,Centre,Left,79
<_io.BytesIO object at 0x000001D27B92C040>,0.18407583236694336,-0.011027390137314796,0.010663246735930443,309447,2,7,True,Right,Front,Centre,Left,79
<_io.BytesIO object at 0x000001D27B92C270>,0.28400319814682007,0.05126253142952919,-0.05207643657922745,309447,2,7,True,Right,Front,Centre,Left,79
<_io.BytesIO object at 0x000001D27B935270>,0.27992749214172363,0.03524554893374443,0.048767417669296265,309448,2,7,True,Right,Front,Centre,Left,79
<_io.BytesIO object at 0x000001D27B935180>,0.23239342868328094,0.05674600601196289,-0.04251404106616974,309448,2,7,True,Right,Front,Centre,Left,79
<_io.BytesIO object at 0x000001D27B99A630>,0.21192090213298798,0.00031868554651737213,-0.056857287883758545,309448,2,7,True,Right,Front,Centre,Left,79
<_io.BytesIO object at 0x000001D27B99AB30>,0.18407583236694336,-0.011027390137314796,0.010663246735930443,309448,2,7,True,Right,Front,Centre,Left,79
<_io.BytesIO object at 0x000001D27B99AD60>,0.28400319814682007,0.05126253142952919,-0.05207643657922745,309448,2,7,True,Right,Front,Centre,Left,79
<_io.BytesIO object at 0x000001D27BA34680>,0.27992749214172363,0.03524554893374443,0.048767417669296265,309449,2,7,True,Right,Front,Centre,Left,79
<_io.BytesIO object at 0x000001D27BA34540>,0.23239342868328094,0.05674600601196289,-0.04251404106616974,309449,2,7,True,Right,Front,Centre,Left,79
<_io.BytesIO object at 0x000001D27BA34220>,0.21192090213298798,0.00031868554651737213,-0.056857287883758545,309449,2,7,True,Right,Front,Centre,Left,79
<_io.BytesIO object at 0x000001D27BA34E50>,0.18407583236694336,-0.011027390137314796,0.010663246735930443,309449,2,7,True,Right,Front,Centre,Left,79
<_io.BytesIO object at 0x000001D27B959A90>,0.28400319814682007,0.05126253142952919,-0.05207643657922745,309449,2,7,True,Right,Front,Centre,Left,79
<_io.BytesIO object at 0x000001D278BE3B80>,0.27992749214172363,0.03524554893374443,0.048767417669296265,309450,2,7,True,Right,Front,Centre,Left,79
<_io.BytesIO object at 0x000001D278BE30E0>,0.23239342868328094,0.05674600601196289,-0.04251404106616974,309450,2,7,True,Right,Front,Centre,Left,79
<_io.BytesIO object at 0x000001D278BE3680>,0.21192090213298798,0.00031868554651737213,-0.056857287883758545,309450,2,7,True,Right,Front,Centre,Left,79
<_io.BytesIO object at 0x000001D278BE3DB0>,0.18407583236694336,-0.011027390137314796,0.010663246735930443,309450,2,7,True,Right,Front,Centre,Left,79
<_io.BytesIO object at 0x000001D278BE3860>,0.28400319814682007,0.05126253142952919,-0.05207643657922745,309450,2,7,True,Right,Front,Centre,Left,79
<_io.BytesIO object at 0x000001D27B926540>,0.27992749214172363,0.03524554893374443,0.048767417669296265,309451,2,7,True,Right,Front,Centre,Left,79
<_io.BytesIO object at 0x000001D27B926310>,0.23239342868328094,0.05674600601196289,-0.04251404106616974,309451,2,7,True,Right,Front,Centre,Left,79
<_io.BytesIO object at 0x000001D27B926720>,0.21192090213298798,0.00031868554651737213,-0.056857287883758545,309451,2,7,True,Right,Front,Centre,Left,79
<_io.BytesIO object at 0x000001D27B944E00>,0.18407583236694336,-0.011027390137314796,0.010663246735930443,309451,2,7,True,Right,Front,Centre,Left,79
<_io.BytesIO object at 0x000001D27B9443B0>,0.28400319814682007,0.05126253142952919,-0.05207643657922745,309451,2,7,True,Right,Front,Centre,Left,79
<_io.BytesIO object at 0x000001D278BE33B0>,0.27992749214172363,0.03524554893374443,0.048767417669296265,309452,2,7,True,Right,Front,Centre,Left,79
<_io.BytesIO object at 0x000001D278BE34A0>,0.23239342868328094,0.05674600601196289,-0.04251404106616974,309452,2,7,True,Right,Front,Centre,Left,79
<_io.BytesIO object at 0x000001D27B94A130>,0.21192090213298798,0.00031868554651737213,-0.056857287883758545,309452,2,7,True,Right,Front,Centre,Left,79
<_io.BytesIO object at 0x000001D27B94AF90>,0.18407583236694336,-0.011027390137314796,0.010663246735930443,309452,2,7,True,Right,Front,Centre,Left,79
<_io.BytesIO object at 0x000001D27B94A3B0>,0.28400319814682007,0.05126253142952919,-0.05207643657922745,309452,2,7,True,Right,Front,Centre,Left,79
<_io.BytesIO object at 0x000001D27BA34630>,0.27992749214172363,0.03524554893374443,0.048767417669296265,309453,2,7,True,Right,Front,Centre,Left,79
<_io.BytesIO object at 0x000001D27BA346D0>,0.23239342868328094,0.05674600601196289,-0.04251404106616974,309453,2,7,True,Right,Front,Centre,Left,79
<_io.BytesIO object at 0x000001D27BA34A40>,0.21192090213298798,0.00031868554651737213,-0.056857287883758545,309453,2,7,True,Right,Front,Centre,Left,79
<_io.BytesIO object at 0x000001D27BA342C0>,0.18407583236694336,-0.011027390137314796,0.010663246735930443,309453,2,7,True,Right,Front,Centre,Left,79
<_io.BytesIO object at 0x000001D278B94360>,0.28400319814682007,0.05126253142952919,-0.05207643657922745,309453,2,7,True,Right,Front,Centre,Left,79
<_io.BytesIO object at 0x000001D27B97C7C0>,0.27992749214172363,0.03524554893374443,0.048767417669296265,309454,2,7,True,Right,Front,Centre,Left,79
<_io.BytesIO object at 0x000001D27B97C450>,0.23239342868328094,0.05674600601196289,-0.04251404106616974,309454,2,7,True,Right,Front,Centre,Left,79
<_io.BytesIO object at 0x000001D27B97C680>,0.21192090213298798,0.00031868554651737213,-0.056857287883758545,309454,2,7,True,Right,Front,Centre,Left,79
<_io.BytesIO object at 0x000001D27B97C9F0>,0.18407583236694336,-0.011027390137314796,0.010663246735930443,309454,2,7,True,Right,Front,Centre,Left,79
<_io.BytesIO object at 0x000001D27B97C360>,0.28400319814682007,0.05126253142952919,-0.05207643657922745,309454,2,7,True,Right,Front,Centre,Left,79
<_io.BytesIO object at 0x000001D273695310>,0.27992749214172363,0.03524554893374443,0.048767417669296265,309455,2,7,True,Right,Front,Centre,Left,79
<_io.BytesIO object at 0x000001D2736952C0>,0.23239342868328094,0.05674600601196289,-0.04251404106616974,309455,2,7,True,Right,Front,Centre,Left,79
<_io.BytesIO object at 0x000001D273695090>,0.21192090213298798,0.00031868554651737213,-0.056857287883758545,309455,2,7,True,Right,Front,Centre,Left,79
<_io.BytesIO object at 0x000001D2736954A0>,0.18407583236694336,-0.011027390137314796,0.010663246735930443,309455,2,7,True,Right,Front,Centre,Left,79
<_io.BytesIO object at 0x000001D27B921770>,0.28400319814682007,0.05126253142952919,-0.05207643657922745,309455,2,7,True,Right,Front,Centre,Left,79
<_io.BytesIO object at 0x000001D278B9F770>,0.27992749214172363,0.03524554893374443,0.048767417669296265,309456,2,7,True,Right,Front,Centre,Left,79
<_io.BytesIO object at 0x000001D278B9F7C0>,0.23239342868328094,0.05674600601196289,-0.04251404106616974,309456,2,7,True,Right,Front,Centre,Left,79
<_io.BytesIO object at 0x000001D278B9FB30>,0.21192090213298798,0.00031868554651737213,-0.056857287883758545,309456,2,7,True,Right,Front,Centre,Left,79
<_io.BytesIO object at 0x000001D278B9F540>,0.18407583236694336,-0.011027390137314796,0.010663246735930443,309456,2,7,True,Right,Front,Centre,Left,79
<_io.BytesIO object at 0x000001D278B9F4F0>,0.28400319814682007,0.05126253142952919,-0.05207643657922745,309456,2,7,True,Right,Front,Centre,Left,79
<_io.BytesIO object at 0x000001D27B935450>,0.27992749214172363,0.03524554893374443,0.048767417669296265,309457,2,7,True,Right,Front,Centre,Left,79
<_io.BytesIO object at 0x000001D27B935C70>,0.23239342868328094,0.05674600601196289,-0.04251404106616974,309457,2,7,True,Right,Front,Centre,Left,79
<_io.BytesIO object at 0x000001D27B92C7C0>,0.21192090213298798,0.00031868554651737213,-0.056857287883758545,309457,2,7,True,Right,Front,Centre,Left,79
<_io.BytesIO object at 0x000001D27B92C360>,0.18407583236694336,-0.011027390137314796,0.010663246735930443,309457,2,7,True,Right,Front,Centre,Left,79
<_io.BytesIO object at 0x000001D27B92C5E0>,0.28400319814682007,0.05126253142952919,-0.05207643657922745,309457,2,7,True,Right,Front,Centre,Left,79
<_io.BytesIO object at 0x000001D27B99AA40>,0.27992749214172363,0.03524554893374443,0.048767417669296265,309458,2,7,True,Right,Front,Centre,Left,79
<_io.BytesIO object at 0x000001D27B99A900>,0.23239342868328094,0.05674600601196289,-0.04251404106616974,309458,2,7,True,Right,Front,Centre,Left,79
<_io.BytesIO object at 0x000001D27B99A950>,0.21192090213298798,0.00031868554651737213,-0.056857287883758545,309458,2,7,True,Right,Front,Centre,Left,79
<_io.BytesIO object at 0x000001D27B92EDB0>,0.18407583236694336,-0.011027390137314796,0.010663246735930443,309458,2,7,True,Right,Front,Centre,Left,79
<_io.BytesIO object at 0x000001D27B92E220>,0.28400319814682007,0.05126253142952919,-0.05207643657922745,309458,2,7,True,Right,Front,Centre,Left,79
<_io.BytesIO object at 0x000001D27B94A810>,0.27992749214172363,0.03524554893374443,0.048767417669296265,309459,2,7,True,Right,Front,Centre,Left,79
<_io.BytesIO object at 0x000001D27B94AD60>,0.23239342868328094,0.05674600601196289,-0.04251404106616974,309459,2,7,True,Right,Front,Centre,Left,79
<_io.BytesIO object at 0x000001D27B94A040>,0.21192090213298798,0.00031868554651737213,-0.056857287883758545,309459,2,7,True,Right,Front,Centre,Left,79
<_io.BytesIO object at 0x000001D27B94A090>,0.18407583236694336,-0.011027390137314796,0.010663246735930443,309459,2,7,True,Right,Front,Centre,Left,79
<_io.BytesIO object at 0x000001D27B94A770>,0.28400319814682007,0.05126253142952919,-0.05207643657922745,309459,2,7,True,Right,Front,Centre,Left,79
<_io.BytesIO object at 0x000001D278BE35E0>,0.27992749214172363,0.03524554893374443,0.048767417669296265,309460,2,7,True,Right,Front,Centre,Left,79
<_io.BytesIO object at 0x000001D278BEA3B0>,0.23239342868328094,0.05674600601196289,-0.04251404106616974,309460,2,7,True,Right,Front,Centre,Left,79
<_io.BytesIO object at 0x000001D278BEAA40>,0.21192090213298798,0.00031868554651737213,-0.056857287883758545,309460,2,7,True,Right,Front,Centre,Left,79
<_io.BytesIO object at 0x000001D278BEA310>,0.18407583236694336,-0.011027390137314796,0.010663246735930443,309460,2,7,True,Right,Front,Centre,Left,79
<_io.BytesIO object at 0x000001D278BEADB0>,0.28400319814682007,0.05126253142952919,-0.05207643657922745,309460,2,7,True,Right,Front,Centre,Left,79
<_io.BytesIO object at 0x000001D27B944220>,0.27992749214172363,0.03524554893374443,0.048767417669296265,309461,2,7,True,Right,Front,Centre,Left,79
<_io.BytesIO object at 0x000001D27B944270>,0.23239342868328094,0.05674600601196289,-0.04251404106616974,309461,2,7,True,Right,Front,Centre,Left,79
<_io.BytesIO object at 0x000001D27B944E50>,0.21192090213298798,0.00031868554651737213,-0.056857287883758545,309461,2,7,True,Right,Front,Centre,Left,79
<_io.BytesIO object at 0x000001D27B944770>,0.18407583236694336,-0.011027390137314796,0.010663246735930443,309461,2,7,True,Right,Front,Centre,Left,79
<_io.BytesIO object at 0x000001D27B944A90>,0.28400319814682007,0.05126253142952919,-0.05207643657922745,309461,2,7,True,Right,Front,Centre,Left,79
<_io.BytesIO object at 0x000001D27B959D10>,0.27992749214172363,0.03524554893374443,0.048767417669296265,309462,2,7,True,Right,Front,Centre,Left,79
<_io.BytesIO object at 0x000001D27B959900>,0.23239342868328094,0.05674600601196289,-0.04251404106616974,309462,2,7,True,Right,Front,Centre,Left,79
<_io.BytesIO object at 0x000001D27B959E00>,0.21192090213298798,0.00031868554651737213,-0.056857287883758545,309462,2,7,True,Right,Front,Centre,Left,79
<_io.BytesIO object at 0x000001D27B9596D0>,0.18407583236694336,-0.011027390137314796,0.010663246735930443,309462,2,7,True,Right,Front,Centre,Left,79
<_io.BytesIO object at 0x000001D27B959770>,0.28400319814682007,0.05126253142952919,-0.05207643657922745,309462,2,7,True,Right,Front,Centre,Left,79
<_io.BytesIO object at 0x000001D27B92ED10>,0.27992749214172363,0.03524554893374443,0.048767417669296265,309463,2,7,True,Right,Front,Centre,Left,79
<_io.BytesIO object at 0x000001D27B92EB80>,0.23239342868328094,0.05674600601196289,-0.04251404106616974,309463,2,7,True,Right,Front,Centre,Left,79
<_io.BytesIO object at 0x000001D27B92E590>,0.21192090213298798,0.00031868554651737213,-0.056857287883758545,309463,2,7,True,Right,Front,Centre,Left,79
<_io.BytesIO object at 0x000001D27B92E540>,0.18407583236694336,-0.011027390137314796,0.010663246735930443,309463,2,7,True,Right,Front,Centre,Left,79
<_io.BytesIO object at 0x000001D27B92E1D0>,0.28400319814682007,0.05126253142952919,-0.05207643657922745,309463,2,7,True,Right,Front,Centre,Left,79
<_io.BytesIO object at 0x000001D27B97CA90>,0.27992749214172363,0.03524554893374443,0.048767417669296265,309464,2,7,True,Right,Front,Centre,Left,79
<_io.BytesIO object at 0x000001D27B92C130>,0.23239342868328094,0.05674600601196289,-0.04251404106616974,309464,2,7,True,Right,Front,Centre,Left,79
<_io.BytesIO object at 0x000001D27B92CC70>,0.21192090213298798,0.00031868554651737213,-0.056857287883758545,309464,2,7,True,Right,Front,Centre,Left,79
<_io.BytesIO object at 0x000001D27B92C950>,0.18407583236694336,-0.011027390137314796,0.010663246735930443,309464,2,7,True,Right,Front,Centre,Left,79
<_io.BytesIO object at 0x000001D27B92C400>,0.28400319814682007,0.05126253142952919,-0.05207643657922745,309464,2,7,True,Right,Front,Centre,Left,79
<_io.BytesIO object at 0x000001D27B9213B0>,0.27992749214172363,0.03524554893374443,0.048767417669296265,309465,2,7,True,Right,Front,Centre,Left,79
<_io.BytesIO object at 0x000001D27B921BD0>,0.23239342868328094,0.05674600601196289,-0.04251404106616974,309465,2,7,True,Right,Front,Centre,Left,79
<_io.BytesIO object at 0x000001D27B921590>,0.21192090213298798,0.00031868554651737213,-0.056857287883758545,309465,2,7,True,Right,Front,Centre,Left,79
<_io.BytesIO object at 0x000001D27B9215E0>,0.18407583236694336,-0.011027390137314796,0.010663246735930443,309465,2,7,True,Right,Front,Centre,Left,79
<_io.BytesIO object at 0x000001D278B9FBD0>,0.28400319814682007,0.05126253142952919,-0.05207643657922745,309465,2,7,True,Right,Front,Centre,Left,79
<_io.BytesIO object at 0x000001D27B935400>,0.27992749214172363,0.03524554893374443,0.048767417669296265,309466,2,7,True,Right,Front,Centre,Left,79
<_io.BytesIO object at 0x000001D27B935220>,0.23239342868328094,0.05674600601196289,-0.04251404106616974,309466,2,7,True,Right,Front,Centre,Left,79
<_io.BytesIO object at 0x000001D27B92C360>,0.21192090213298798,0.00031868554651737213,-0.056857287883758545,309466,2,7,True,Right,Front,Centre,Left,79
<_io.BytesIO object at 0x000001D27B92CDB0>,0.18407583236694336,-0.011027390137314796,0.010663246735930443,309466,2,7,True,Right,Front,Centre,Left,79
<_io.BytesIO object at 0x000001D27B92C5E0>,0.28400319814682007,0.05126253142952919,-0.05207643657922745,309466,2,7,True,Right,Front,Centre,Left,79
<_io.BytesIO object at 0x000001D27B99AEF0>,0.27992749214172363,0.03524554893374443,0.048767417669296265,309467,2,7,True,Right,Front,Centre,Left,79
<_io.BytesIO object at 0x000001D27B99A950>,0.23239342868328094,0.05674600601196289,-0.04251404106616974,309467,2,7,True,Right,Front,Centre,Left,79
<_io.BytesIO object at 0x000001D27B92E360>,0.21192090213298798,0.00031868554651737213,-0.056857287883758545,309467,2,7,True,Right,Front,Centre,Left,79
<_io.BytesIO object at 0x000001D27B92E7C0>,0.18407583236694336,-0.011027390137314796,0.010663246735930443,309467,2,7,True,Right,Front,Centre,Left,79
<_io.BytesIO object at 0x000001D27B92E630>,0.28400319814682007,0.05126253142952919,-0.05207643657922745,309467,2,7,True,Right,Front,Centre,Left,79
<_io.BytesIO object at 0x000001D27B94A860>,0.27992749214172363,0.03524554893374443,0.048767417669296265,309468,2,7,True,Right,Front,Centre,Left,79
<_io.BytesIO object at 0x000001D27B94AEF0>,0.23239342868328094,0.05674600601196289,-0.04251404106616974,309468,2,7,True,Right,Front,Centre,Left,79
<_io.BytesIO object at 0x000001D27B94ADB0>,0.21192090213298798,0.00031868554651737213,-0.056857287883758545,309468,2,7,True,Right,Front,Centre,Left,79
<_io.BytesIO object at 0x000001D27B94A400>,0.18407583236694336,-0.011027390137314796,0.010663246735930443,309468,2,7,True,Right,Front,Centre,Left,79
<_io.BytesIO object at 0x000001D27B94A270>,0.28400319814682007,0.05126253142952919,-0.05207643657922745,309468,2,7,True,Right,Front,Centre,Left,79
<_io.BytesIO object at 0x000001D278BEADB0>,0.27992749214172363,0.03524554893374443,0.048767417669296265,309469,2,7,True,Right,Front,Centre,Left,79
<_io.BytesIO object at 0x000001D278BEA310>,0.23239342868328094,0.05674600601196289,-0.04251404106616974,309469,2,7,True,Right,Front,Centre,Left,79
<_io.BytesIO object at 0x000001D278BEABD0>,0.21192090213298798,0.00031868554651737213,-0.056857287883758545,309469,2,7,True,Right,Front,Centre,Left,79
<_io.BytesIO object at 0x000001D278BEA8B0>,0.18407583236694336,-0.011027390137314796,0.010663246735930443,309469,2,7,True,Right,Front,Centre,Left,79
<_io.BytesIO object at 0x000001D278BEAA90>,0.28400319814682007,0.05126253142952919,-0.05207643657922745,309469,2,7,True,Right,Front,Centre,Left,79
<_io.BytesIO object at 0x000001D27B9260E0>,0.27992749214172363,0.03524554893374443,0.048767417669296265,309470,2,7,True,Right,Front,Centre,Left,79
<_io.BytesIO object at 0x000001D27B944270>,0.23239342868328094,0.05674600601196289,-0.04251404106616974,309470,2,7,True,Right,Front,Centre,Left,79
<_io.BytesIO object at 0x000001D27B944BD0>,0.21192090213298798,0.00031868554651737213,-0.056857287883758545,309470,2,7,True,Right,Front,Centre,Left,79
<_io.BytesIO object at 0x000001D27B944D10>,0.18407583236694336,-0.011027390137314796,0.010663246735930443,309470,2,7,True,Right,Front,Centre,Left,79
<_io.BytesIO object at 0x000001D27B944770>,0.28400319814682007,0.05126253142952919,-0.05207643657922745,309470,2,7,True,Right,Front,Centre,Left,79
<_io.BytesIO object at 0x000001D27B959C70>,0.27992749214172363,0.03524554893374443,0.048767417669296265,309471,2,7,True,Right,Front,Centre,Left,79
<_io.BytesIO object at 0x000001D27B959B30>,0.23239342868328094,0.05674600601196289,-0.04251404106616974,309471,2,7,True,Right,Front,Centre,Left,79
<_io.BytesIO object at 0x000001D27B959360>,0.21192090213298798,0.00031868554651737213,-0.056857287883758545,309471,2,7,True,Right,Front,Centre,Left,79
<_io.BytesIO object at 0x000001D27B959720>,0.18407583236694336,-0.011027390137314796,0.010663246735930443,309471,2,7,True,Right,Front,Centre,Left,79
<_io.BytesIO object at 0x000001D27B959900>,0.28400319814682007,0.05126253142952919,-0.05207643657922745,309471,2,7,True,Right,Front,Centre,Left,79
<_io.BytesIO object at 0x000001D278B94A40>,0.27992749214172363,0.03524554893374443,0.048767417669296265,309472,2,7,True,Right,Front,Centre,Left,79
<_io.BytesIO object at 0x000001D278B949F0>,0.23239342868328094,0.05674600601196289,-0.04251404106616974,309472,2,7,True,Right,Front,Centre,Left,79
<_io.BytesIO object at 0x000001D27B92EB80>,0.21192090213298798,0.00031868554651737213,-0.056857287883758545,309472,2,7,True,Right,Front,Centre,Left,79
<_io.BytesIO object at 0x000001D27B92E400>,0.18407583236694336,-0.011027390137314796,0.010663246735930443,309472,2,7,True,Right,Front,Centre,Left,79
<_io.BytesIO object at 0x000001D27B92E2C0>,0.28400319814682007,0.05126253142952919,-0.05207643657922745,309472,2,7,True,Right,Front,Centre,Left,79
<_io.BytesIO object at 0x000001D27B97C900>,0.27992749214172363,0.03524554893374443,0.048767417669296265,309473,2,7,True,Right,Front,Centre,Left,79
<_io.BytesIO object at 0x000001D27B92C720>,0.23239342868328094,0.05674600601196289,-0.04251404106616974,309473,2,7,True,Right,Front,Centre,Left,79
<_io.BytesIO object at 0x000001D27B92C860>,0.21192090213298798,0.00031868554651737213,-0.056857287883758545,309473,2,7,True,Right,Front,Centre,Left,79
<_io.BytesIO object at 0x000001D27B92C540>,0.18407583236694336,-0.011027390137314796,0.010663246735930443,309473,2,7,True,Right,Front,Centre,Left,79
<_io.BytesIO object at 0x000001D27B92C950>,0.28400319814682007,0.05126253142952919,-0.05207643657922745,309473,2,7,True,Right,Front,Centre,Left,79
<_io.BytesIO object at 0x000001D27B9211D0>,0.27992749214172363,0.03524554893374443,0.048767417669296265,309474,2,7,True,Right,Front,Centre,Left,79
<_io.BytesIO object at 0x000001D27B921C20>,0.23239342868328094,0.05674600601196289,-0.04251404106616974,309474,2,7,True,Right,Front,Centre,Left,79
<_io.BytesIO object at 0x000001D27B921590>,0.21192090213298798,0.00031868554651737213,-0.056857287883758545,309474,2,7,True,Right,Front,Centre,Left,79
<_io.BytesIO object at 0x000001D27B921EF0>,0.18407583236694336,-0.011027390137314796,0.010663246735930443,309474,2,7,True,Right,Front,Centre,Left,79
<_io.BytesIO object at 0x000001D278B9F950>,0.28400319814682007,0.05126253142952919,-0.05207643657922745,309474,2,7,True,Right,Front,Centre,Left,79
<_io.BytesIO object at 0x000001D273695680>,0.27992749214172363,0.03524554893374443,0.048767417669296265,309475,2,7,True,Right,Front,Centre,Left,79
<_io.BytesIO object at 0x000001D273695540>,0.23239342868328094,0.05674600601196289,-0.04251404106616974,309475,2,7,True,Right,Front,Centre,Left,79
<_io.BytesIO object at 0x000001D27B935E50>,0.21192090213298798,0.00031868554651737213,-0.056857287883758545,309475,2,7,True,Right,Front,Centre,Left,79
<_io.BytesIO object at 0x000001D27B935630>,0.18407583236694336,-0.011027390137314796,0.010663246735930443,309475,2,7,True,Right,Front,Centre,Left,79
<_io.BytesIO object at 0x000001D27B935900>,0.28400319814682007,0.05126253142952919,-0.05207643657922745,309475,2,7,True,Right,Front,Centre,Left,79
<_io.BytesIO object at 0x000001D27B97CD10>,0.27992749214172363,0.03524554893374443,0.048767417669296265,309476,2,7,True,Right,Front,Centre,Left,79
<_io.BytesIO object at 0x000001D27B99A450>,0.23239342868328094,0.05674600601196289,-0.04251404106616974,309476,2,7,True,Right,Front,Centre,Left,79
<_io.BytesIO object at 0x000001D27B99A220>,0.21192090213298798,0.00031868554651737213,-0.056857287883758545,309476,2,7,True,Right,Front,Centre,Left,79
<_io.BytesIO object at 0x000001D27B99A270>,0.18407583236694336,-0.011027390137314796,0.010663246735930443,309476,2,7,True,Right,Front,Centre,Left,79
<_io.BytesIO object at 0x000001D27B99A040>,0.28400319814682007,0.05126253142952919,-0.05207643657922745,309476,2,7,True,Right,Front,Centre,Left,79
<_io.BytesIO object at 0x000001D27BA344A0>,0.27992749214172363,0.03524554893374443,0.048767417669296265,309477,2,7,True,Right,Front,Centre,Left,79
<_io.BytesIO object at 0x000001D27BA34450>,0.23239342868328094,0.05674600601196289,-0.04251404106616974,309477,2,7,True,Right,Front,Centre,Left,79
<_io.BytesIO object at 0x000001D27B94ACC0>,0.21192090213298798,0.00031868554651737213,-0.056857287883758545,309477,2,7,True,Right,Front,Centre,Left,79
<_io.BytesIO object at 0x000001D27B94A810>,0.18407583236694336,-0.011027390137314796,0.010663246735930443,309477,2,7,True,Right,Front,Centre,Left,79
<_io.BytesIO object at 0x000001D27B94A040>,0.28400319814682007,0.05126253142952919,-0.05207643657922745,309477,2,7,True,Right,Front,Centre,Left,79
<_io.BytesIO object at 0x000001D27B959310>,0.27992749214172363,0.03524554893374443,0.048767417669296265,309478,2,7,True,Right,Front,Centre,Left,79
<_io.BytesIO object at 0x000001D278BE3F40>,0.23239342868328094,0.05674600601196289,-0.04251404106616974,309478,2,7,True,Right,Front,Centre,Left,79
<_io.BytesIO object at 0x000001D278BE3A90>,0.21192090213298798,0.00031868554651737213,-0.056857287883758545,309478,2,7,True,Right,Front,Centre,Left,79
<_io.BytesIO object at 0x000001D278BE3540>,0.18407583236694336,-0.011027390137314796,0.010663246735930443,309478,2,7,True,Right,Front,Centre,Left,79
<_io.BytesIO object at 0x000001D278BE3950>,0.28400319814682007,0.05126253142952919,-0.05207643657922745,309478,2,7,True,Right,Front,Centre,Left,79
<_io.BytesIO object at 0x000001D27B944270>,0.27992749214172363,0.03524554893374443,0.048767417669296265,309479,2,7,True,Right,Front,Centre,Left,79
<_io.BytesIO object at 0x000001D27B926860>,0.23239342868328094,0.05674600601196289,-0.04251404106616974,309479,2,7,True,Right,Front,Centre,Left,79
<_io.BytesIO object at 0x000001D27B926DB0>,0.21192090213298798,0.00031868554651737213,-0.056857287883758545,309479,2,7,True,Right,Front,Centre,Left,79
<_io.BytesIO object at 0x000001D27B926590>,0.18407583236694336,-0.011027390137314796,0.010663246735930443,309479,2,7,True,Right,Front,Centre,Left,79
<_io.BytesIO object at 0x000001D27B926B80>,0.28400319814682007,0.05126253142952919,-0.05207643657922745,309479,2,7,True,Right,Front,Centre,Left,79
<_io.BytesIO object at 0x000001D278BE3540>,0.27992749214172363,0.03524554893374443,0.048767417669296265,309480,2,7,True,Right,Front,Centre,Left,79
<_io.BytesIO object at 0x000001D278BE3F90>,0.23239342868328094,0.05674600601196289,-0.04251404106616974,309480,2,7,True,Right,Front,Centre,Left,79
<_io.BytesIO object at 0x000001D27B959360>,0.21192090213298798,0.00031868554651737213,-0.056857287883758545,309480,2,7,True,Right,Front,Centre,Left,79
<_io.BytesIO object at 0x000001D27B959810>,0.18407583236694336,-0.011027390137314796,0.010663246735930443,309480,2,7,True,Right,Front,Centre,Left,79
<_io.BytesIO object at 0x000001D27B959F90>,0.28400319814682007,0.05126253142952919,-0.05207643657922745,309480,2,7,True,Right,Front,Centre,Left,79
<_io.BytesIO object at 0x000001D27B92EA90>,0.27992749214172363,0.03524554893374443,0.048767417669296265,309481,2,7,True,Right,Front,Centre,Left,79
<_io.BytesIO object at 0x000001D27B92EF90>,0.23239342868328094,0.05674600601196289,-0.04251404106616974,309481,2,7,True,Right,Front,Centre,Left,79
<_io.BytesIO object at 0x000001D27B92EDB0>,0.21192090213298798,0.00031868554651737213,-0.056857287883758545,309481,2,7,True,Right,Front,Centre,Left,79
<_io.BytesIO object at 0x000001D27B92E860>,0.18407583236694336,-0.011027390137314796,0.010663246735930443,309481,2,7,True,Right,Front,Centre,Left,79
<_io.BytesIO object at 0x000001D27B92E680>,0.28400319814682007,0.05126253142952919,-0.05207643657922745,309481,2,7,True,Right,Front,Centre,Left,79
<_io.BytesIO object at 0x000001D27B935F40>,0.27992749214172363,0.03524554893374443,0.048767417669296265,309482,2,7,True,Right,Front,Centre,Left,79
<_io.BytesIO object at 0x000001D27B9214F0>,0.23239342868328094,0.05674600601196289,-0.04251404106616974,309482,2,7,True,Right,Front,Centre,Left,79
<_io.BytesIO object at 0x000001D27B921220>,0.21192090213298798,0.00031868554651737213,-0.056857287883758545,309482,2,7,True,Right,Front,Centre,Left,79
<_io.BytesIO object at 0x000001D27B921720>,0.18407583236694336,-0.011027390137314796,0.010663246735930443,309482,2,7,True,Right,Front,Centre,Left,79
<_io.BytesIO object at 0x000001D27B9217C0>,0.28400319814682007,0.05126253142952919,-0.05207643657922745,309482,2,7,True,Right,Front,Centre,Left,79
<_io.BytesIO object at 0x000001D27B94A720>,0.27992749214172363,0.03524554893374443,0.048767417669296265,309483,2,7,True,Right,Front,Centre,Left,79
<_io.BytesIO object at 0x000001D27B94ACC0>,0.23239342868328094,0.05674600601196289,-0.04251404106616974,309483,2,7,True,Right,Front,Centre,Left,79
<_io.BytesIO object at 0x000001D278B9FCC0>,0.21192090213298798,0.00031868554651737213,-0.056857287883758545,309483,2,7,True,Right,Front,Centre,Left,79
<_io.BytesIO object at 0x000001D278B9FBD0>,0.18407583236694336,-0.011027390137314796,0.010663246735930443,309483,2,7,True,Right,Front,Centre,Left,79
<_io.BytesIO object at 0x000001D278B9F7C0>,0.28400319814682007,0.05126253142952919,-0.05207643657922745,309483,2,7,True,Right,Front,Centre,Left,79
<_io.BytesIO object at 0x000001D27B92C4A0>,0.27992749214172363,0.03524554893374443,0.048767417669296265,309484,2,7,True,Right,Front,Centre,Left,79
<_io.BytesIO object at 0x000001D27B92C900>,0.23239342868328094,0.05674600601196289,-0.04251404106616974,309484,2,7,True,Right,Front,Centre,Left,79
<_io.BytesIO object at 0x000001D27B92C6D0>,0.21192090213298798,0.00031868554651737213,-0.056857287883758545,309484,2,7,True,Right,Front,Centre,Left,79
<_io.BytesIO object at 0x000001D278B9FAE0>,0.18407583236694336,-0.011027390137314796,0.010663246735930443,309484,2,7,True,Right,Front,Centre,Left,79
<_io.BytesIO object at 0x000001D278B9FB30>,0.28400319814682007,0.05126253142952919,-0.05207643657922745,309484,2,7,True,Right,Front,Centre,Left,79
<_io.BytesIO object at 0x000001D27B97C590>,0.27992749214172363,0.03524554893374443,0.048767417669296265,309485,2,7,True,Right,Front,Centre,Left,79
<_io.BytesIO object at 0x000001D27B97C6D0>,0.23239342868328094,0.05674600601196289,-0.04251404106616974,309485,2,7,True,Right,Front,Centre,Left,79
<_io.BytesIO object at 0x000001D27B97C450>,0.21192090213298798,0.00031868554651737213,-0.056857287883758545,309485,2,7,True,Right,Front,Centre,Left,79
<_io.BytesIO object at 0x000001D27B97C770>,0.18407583236694336,-0.011027390137314796,0.010663246735930443,309485,2,7,True,Right,Front,Centre,Left,79
<_io.BytesIO object at 0x000001D27B9212C0>,0.28400319814682007,0.05126253142952919,-0.05207643657922745,309485,2,7,True,Right,Front,Centre,Left,79
<_io.BytesIO object at 0x000001D273695360>,0.27992749214172363,0.03524554893374443,0.048767417669296265,309486,2,7,True,Right,Front,Centre,Left,79
<_io.BytesIO object at 0x000001D27B99AC70>,0.23239342868328094,0.05674600601196289,-0.04251404106616974,309486,2,7,True,Right,Front,Centre,Left,79
<_io.BytesIO object at 0x000001D27B99AC20>,0.21192090213298798,0.00031868554651737213,-0.056857287883758545,309486,2,7,True,Right,Front,Centre,Left,79
<_io.BytesIO object at 0x000001D27B99A590>,0.18407583236694336,-0.011027390137314796,0.010663246735930443,309486,2,7,True,Right,Front,Centre,Left,79
<_io.BytesIO object at 0x000001D27B99AB30>,0.28400319814682007,0.05126253142952919,-0.05207643657922745,309486,2,7,True,Right,Front,Centre,Left,79
<_io.BytesIO object at 0x000001D27BA34F40>,0.27992749214172363,0.03524554893374443,0.048767417669296265,309487,2,7,True,Right,Front,Centre,Left,79
<_io.BytesIO object at 0x000001D27BA34040>,0.23239342868328094,0.05674600601196289,-0.04251404106616974,309487,2,7,True,Right,Front,Centre,Left,79
<_io.BytesIO object at 0x000001D27B9599F0>,0.21192090213298798,0.00031868554651737213,-0.056857287883758545,309487,2,7,True,Right,Front,Centre,Left,79
<_io.BytesIO object at 0x000001D27B959860>,0.18407583236694336,-0.011027390137314796,0.010663246735930443,309487,2,7,True,Right,Front,Centre,Left,79
<_io.BytesIO object at 0x000001D27B959DB0>,0.28400319814682007,0.05126253142952919,-0.05207643657922745,309487,2,7,True,Right,Front,Centre,Left,79
<_io.BytesIO object at 0x000001D278BEA540>,0.27992749214172363,0.03524554893374443,0.048767417669296265,309488,2,7,True,Right,Front,Centre,Left,79
<_io.BytesIO object at 0x000001D278BEA2C0>,0.23239342868328094,0.05674600601196289,-0.04251404106616974,309488,2,7,True,Right,Front,Centre,Left,79
<_io.BytesIO object at 0x000001D278BEA5E0>,0.21192090213298798,0.00031868554651737213,-0.056857287883758545,309488,2,7,True,Right,Front,Centre,Left,79
<_io.BytesIO object at 0x000001D278BEA810>,0.18407583236694336,-0.011027390137314796,0.010663246735930443,309488,2,7,True,Right,Front,Centre,Left,79
<_io.BytesIO object at 0x000001D278BEA180>,0.28400319814682007,0.05126253142952919,-0.05207643657922745,309488,2,7,True,Right,Front,Centre,Left,79
<_io.BytesIO object at 0x000001D278BE3810>,0.27992749214172363,0.03524554893374443,0.048767417669296265,309489,2,7,True,Right,Front,Centre,Left,79
<_io.BytesIO object at 0x000001D278B943B0>,0.23239342868328094,0.05674600601196289,-0.04251404106616974,309489,2,7,True,Right,Front,Centre,Left,79
<_io.BytesIO object at 0x000001D27B959590>,0.21192090213298798,0.00031868554651737213,-0.056857287883758545,309489,2,7,True,Right,Front,Centre,Left,79
<_io.BytesIO object at 0x000001D27B9591D0>,0.18407583236694336,-0.011027390137314796,0.010663246735930443,309489,2,7,True,Right,Front,Centre,Left,79
<_io.BytesIO object at 0x000001D27B959810>,0.28400319814682007,0.05126253142952919,-0.05207643657922745,309489,2,7,True,Right,Front,Centre,Left,79
<_io.BytesIO object at 0x000001D27B99AB30>,0.27992749214172363,0.03524554893374443,0.048767417669296265,309490,2,7,True,Right,Front,Centre,Left,79
<_io.BytesIO object at 0x000001D27B99A1D0>,0.23239342868328094,0.05674600601196289,-0.04251404106616974,309490,2,7,True,Right,Front,Centre,Left,79
<_io.BytesIO object at 0x000001D27B99A450>,0.21192090213298798,0.00031868554651737213,-0.056857287883758545,309490,2,7,True,Right,Front,Centre,Left,79
<_io.BytesIO object at 0x000001D27B99A3B0>,0.18407583236694336,-0.011027390137314796,0.010663246735930443,309490,2,7,True,Right,Front,Centre,Left,79
<_io.BytesIO object at 0x000001D2736956D0>,0.28400319814682007,0.05126253142952919,-0.05207643657922745,309490,2,7,True,Right,Front,Centre,Left,79
<_io.BytesIO object at 0x000001D27B97CD10>,0.27992749214172363,0.03524554893374443,0.048767417669296265,309491,2,7,True,Right,Front,Centre,Left,79
<_io.BytesIO object at 0x000001D27B97CDB0>,0.23239342868328094,0.05674600601196289,-0.04251404106616974,309491,2,7,True,Right,Front,Centre,Left,79
<_io.BytesIO object at 0x000001D27B97CEA0>,0.21192090213298798,0.00031868554651737213,-0.056857287883758545,309491,2,7,True,Right,Front,Centre,Left,79
<_io.BytesIO object at 0x000001D27B97C090>,0.18407583236694336,-0.011027390137314796,0.010663246735930443,309491,2,7,True,Right,Front,Centre,Left,79
<_io.BytesIO object at 0x000001D27B97CB30>,0.28400319814682007,0.05126253142952919,-0.05207643657922745,309491,2,7,True,Right,Front,Centre,Left,79
<_io.BytesIO object at 0x000001D27BA34DB0>,0.27992749214172363,0.03524554893374443,0.048767417669296265,309492,2,7,True,Right,Front,Centre,Left,79
<_io.BytesIO object at 0x000001D27BA34F40>,0.23239342868328094,0.05674600601196289,-0.04251404106616974,309492,2,7,True,Right,Front,Centre,Left,79
<_io.BytesIO object at 0x000001D27BA340E0>,0.21192090213298798,0.00031868554651737213,-0.056857287883758545,309492,2,7,True,Right,Front,Centre,Left,79
<_io.BytesIO object at 0x000001D27BA34BD0>,0.18407583236694336,-0.011027390137314796,0.010663246735930443,309492,2,7,True,Right,Front,Centre,Left,79
<_io.BytesIO object at 0x000001D27BA34220>,0.28400319814682007,0.05126253142952919,-0.05207643657922745,309492,2,7,True,Right,Front,Centre,Left,79
<_io.BytesIO object at 0x000001D27B9444A0>,0.27992749214172363,0.03524554893374443,0.048767417669296265,309493,2,7,True,Right,Front,Centre,Left,79
<_io.BytesIO object at 0x000001D27B93A040>,0.23239342868328094,0.05674600601196289,-0.04251404106616974,309493,2,7,True,Right,Front,Centre,Left,79
<_io.BytesIO object at 0x000001D27B93A220>,0.21192090213298798,0.00031868554651737213,-0.056857287883758545,309493,2,7,True,Right,Front,Centre,Left,79
<_io.BytesIO object at 0x000001D27B93A400>,0.18407583236694336,-0.011027390137314796,0.010663246735930443,309493,2,7,True,Right,Front,Centre,Left,79
<_io.BytesIO object at 0x000001D27B9446D0>,0.28400319814682007,0.05126253142952919,-0.05207643657922745,309493,2,7,True,Right,Front,Centre,Left,79
<_io.BytesIO object at 0x000001D27BA34360>,0.27992749214172363,0.03524554893374443,0.048767417669296265,309494,2,7,True,Right,Front,Centre,Left,79
<_io.BytesIO object at 0x000001D27BA34680>,0.23239342868328094,0.05674600601196289,-0.04251404106616974,309494,2,7,True,Right,Front,Centre,Left,79
<_io.BytesIO object at 0x000001D27BA34A90>,0.21192090213298798,0.00031868554651737213,-0.056857287883758545,309494,2,7,True,Right,Front,Centre,Left,79
<_io.BytesIO object at 0x000001D27BA34310>,0.18407583236694336,-0.011027390137314796,0.010663246735930443,309494,2,7,True,Right,Front,Centre,Left,79
<_io.BytesIO object at 0x000001D278B9FCC0>,0.28400319814682007,0.05126253142952919,-0.05207643657922745,309494,2,7,True,Right,Front,Centre,Left,79
<_io.BytesIO object at 0x000001D27B97CC70>,0.27992749214172363,0.03524554893374443,0.048767417669296265,309495,2,7,True,Right,Front,Centre,Left,79
<_io.BytesIO object at 0x000001D27B97CE50>,0.23239342868328094,0.05674600601196289,-0.04251404106616974,309495,2,7,True,Right,Front,Centre,Left,79
<_io.BytesIO object at 0x000001D27B97C450>,0.21192090213298798,0.00031868554651737213,-0.056857287883758545,309495,2,7,True,Right,Front,Centre,Left,79
<_io.BytesIO object at 0x000001D27B97C8B0>,0.18407583236694336,-0.011027390137314796,0.010663246735930443,309495,2,7,True,Right,Front,Centre,Left,79
<_io.BytesIO object at 0x000001D27B921950>,0.28400319814682007,0.05126253142952919,-0.05207643657922745,309495,2,7,True,Right,Front,Centre,Left,79
<_io.BytesIO object at 0x000001D27B99A220>,0.27992749214172363,0.03524554893374443,0.048767417669296265,309496,2,7,True,Right,Front,Centre,Left,79
<_io.BytesIO object at 0x000001D27B99A310>,0.23239342868328094,0.05674600601196289,-0.04251404106616974,309496,2,7,True,Right,Front,Centre,Left,79
<_io.BytesIO object at 0x000001D27B99A130>,0.21192090213298798,0.00031868554651737213,-0.056857287883758545,309496,2,7,True,Right,Front,Centre,Left,79
<_io.BytesIO object at 0x000001D27B99A0E0>,0.18407583236694336,-0.011027390137314796,0.010663246735930443,309496,2,7,True,Right,Front,Centre,Left,79
<_io.BytesIO object at 0x000001D27B99A400>,0.28400319814682007,0.05126253142952919,-0.05207643657922745,309496,2,7,True,Right,Front,Centre,Left,79
<_io.BytesIO object at 0x000001D278B94B80>,0.27992749214172363,0.03524554893374443,0.048767417669296265,309497,2,7,True,Right,Front,Centre,Left,79
<_io.BytesIO object at 0x000001D278B94D10>,0.23239342868328094,0.05674600601196289,-0.04251404106616974,309497,2,7,True,Right,Front,Centre,Left,79
<_io.BytesIO object at 0x000001D278BE3D60>,0.21192090213298798,0.00031868554651737213,-0.056857287883758545,309497,2,7,True,Right,Front,Centre,Left,79
<_io.BytesIO object at 0x000001D278BE3F40>,0.18407583236694336,-0.011027390137314796,0.010663246735930443,309497,2,7,True,Right,Front,Centre,Left,79
<_io.BytesIO object at 0x000001D278BE3450>,0.28400319814682007,0.05126253142952919,-0.05207643657922745,309497,2,7,True,Right,Front,Centre,Left,79
<_io.BytesIO object at 0x000001D278BEAF40>,0.27992749214172363,0.03524554893374443,0.048767417669296265,309498,2,7,True,Right,Front,Centre,Left,79
<_io.BytesIO object at 0x000001D278BEA450>,0.23239342868328094,0.05674600601196289,-0.04251404106616974,309498,2,7,True,Right,Front,Centre,Left,79
<_io.BytesIO object at 0x000001D278BEAB30>,0.21192090213298798,0.00031868554651737213,-0.056857287883758545,309498,2,7,True,Right,Front,Centre,Left,79
<_io.BytesIO object at 0x000001D278BEAE00>,0.18407583236694336,-0.011027390137314796,0.010663246735930443,309498,2,7,True,Right,Front,Centre,Left,79
<_io.BytesIO object at 0x000001D278BE31D0>,0.28400319814682007,0.05126253142952919,-0.05207643657922745,309498,2,7,True,Right,Front,Centre,Left,79
<_io.BytesIO object at 0x000001D27B92E130>,0.27992749214172363,0.03524554893374443,0.048767417669296265,309499,2,7,True,Right,Front,Centre,Left,79
<_io.BytesIO object at 0x000001D27B92E450>,0.23239342868328094,0.05674600601196289,-0.04251404106616974,309499,2,7,True,Right,Front,Centre,Left,79
<_io.BytesIO object at 0x000001D27B92E9F0>,0.21192090213298798,0.00031868554651737213,-0.056857287883758545,309499,2,7,True,Right,Front,Centre,Left,79
<_io.BytesIO object at 0x000001D27B92E630>,0.18407583236694336,-0.011027390137314796,0.010663246735930443,309499,2,7,True,Right,Front,Centre,Left,79
<_io.BytesIO object at 0x000001D27B92E4A0>,0.28400319814682007,0.05126253142952919,-0.05207643657922745,309499,2,7,True,Right,Front,Centre,Left,79
<_io.BytesIO object at 0x000001D27B935C20>,0.27992749214172363,0.03524554893374443,0.048767417669296265,309500,2,7,True,Right,Front,Centre,Left,79
<_io.BytesIO object at 0x000001D27B97C9F0>,0.23239342868328094,0.05674600601196289,-0.04251404106616974,309500,2,7,True,Right,Front,Centre,Left,79
<_io.BytesIO object at 0x000001D27B97C8B0>,0.21192090213298798,0.00031868554651737213,-0.056857287883758545,309500,2,7,True,Right,Front,Centre,Left,79
<_io.BytesIO object at 0x000001D27B97CA40>,0.18407583236694336,-0.011027390137314796,0.010663246735930443,309500,2,7,True,Right,Front,Centre,Left,79
<_io.BytesIO object at 0x000001D27B97CEA0>,0.28400319814682007,0.05126253142952919,-0.05207643657922745,309500,2,7,True,Right,Front,Centre,Left,79
<_io.BytesIO object at 0x000001D278B9FF40>,0.27992749214172363,0.03524554893374443,0.048767417669296265,309501,2,7,True,Right,Front,Centre,Left,79
<_io.BytesIO object at 0x000001D278B9FD60>,0.23239342868328094,0.05674600601196289,-0.04251404106616974,309501,2,7,True,Right,Front,Centre,Left,79
<_io.BytesIO object at 0x000001D27B921220>,0.21192090213298798,0.00031868554651737213,-0.056857287883758545,309501,2,7,True,Right,Front,Centre,Left,79
<_io.BytesIO object at 0x000001D27B921090>,0.18407583236694336,-0.011027390137314796,0.010663246735930443,309501,2,7,True,Right,Front,Centre,Left,79
<_io.BytesIO object at 0x000001D27B921BD0>,0.28400319814682007,0.05126253142952919,-0.05207643657922745,309501,2,7,True,Right,Front,Centre,Left,79
<_io.BytesIO object at 0x000001D27B92C900>,0.27992749214172363,0.03524554893374443,0.048767417669296265,309502,2,7,True,Right,Front,Centre,Left,79
<_io.BytesIO object at 0x000001D27B92C220>,0.23239342868328094,0.05674600601196289,-0.04251404106616974,309502,2,7,True,Right,Front,Centre,Left,79
<_io.BytesIO object at 0x000001D27B92C360>,0.21192090213298798,0.00031868554651737213,-0.056857287883758545,309502,2,7,True,Right,Front,Centre,Left,79
<_io.BytesIO object at 0x000001D27B944540>,0.18407583236694336,-0.011027390137314796,0.010663246735930443,309502,2,7,True,Right,Front,Centre,Left,79
<_io.BytesIO object at 0x000001D27B944D60>,0.28400319814682007,0.05126253142952919,-0.05207643657922745,309502,2,7,True,Right,Front,Centre,Left,79
<_io.BytesIO object at 0x000001D27B9213B0>,0.27992749214172363,0.03524554893374443,0.048767417669296265,309503,2,7,True,Right,Front,Centre,Left,79
<_io.BytesIO object at 0x000001D27B921AE0>,0.23239342868328094,0.05674600601196289,-0.04251404106616974,309503,2,7,True,Right,Front,Centre,Left,79
<_io.BytesIO object at 0x000001D27B921860>,0.21192090213298798,0.00031868554651737213,-0.056857287883758545,309503,2,7,True,Right,Front,Centre,Left,79
<_io.BytesIO object at 0x000001D27B921770>,0.18407583236694336,-0.011027390137314796,0.010663246735930443,309503,2,7,True,Right,Front,Centre,Left,79
<_io.BytesIO object at 0x000001D27B921720>,0.28400319814682007,0.05126253142952919,-0.05207643657922745,309503,2,7,True,Right,Front,Centre,Left,79
<_io.BytesIO object at 0x000001D27B97C2C0>,0.27992749214172363,0.03524554893374443,0.048767417669296265,309504,2,7,True,Right,Front,Centre,Left,79
<_io.BytesIO object at 0x000001D27B97C360>,0.23239342868328094,0.05674600601196289,-0.04251404106616974,309504,2,7,True,Right,Front,Centre,Left,79
<_io.BytesIO object at 0x000001D27B97C1D0>,0.21192090213298798,0.00031868554651737213,-0.056857287883758545,309504,2,7,True,Right,Front,Centre,Left,79
<_io.BytesIO object at 0x000001D27B97CB30>,0.18407583236694336,-0.011027390137314796,0.010663246735930443,309504,2,7,True,Right,Front,Centre,Left,79
<_io.BytesIO object at 0x000001D27B97C7C0>,0.28400319814682007,0.05126253142952919,-0.05207643657922745,309504,2,7,True,Right,Front,Centre,Left,79
<_io.BytesIO object at 0x000001D27B99A720>,0.27992749214172363,0.03524554893374443,0.048767417669296265,309505,2,7,True,Right,Front,Centre,Left,79
<_io.BytesIO object at 0x000001D27B99A5E0>,0.23239342868328094,0.05674600601196289,-0.04251404106616974,309505,2,7,True,Right,Front,Centre,Left,79
<_io.BytesIO object at 0x000001D27B99A4F0>,0.21192090213298798,0.00031868554651737213,-0.056857287883758545,309505,2,7,True,Right,Front,Centre,Left,79
<_io.BytesIO object at 0x000001D27B92E310>,0.18407583236694336,-0.011027390137314796,0.010663246735930443,309505,2,7,True,Right,Front,Centre,Left,79
<_io.BytesIO object at 0x000001D27B92EEA0>,0.28400319814682007,0.05126253142952919,-0.05207643657922745,309505,2,7,True,Right,Front,Centre,Left,79
<_io.BytesIO object at 0x000001D278BE3F90>,0.27992749214172363,0.03524554893374443,0.048767417669296265,309506,2,7,True,Right,Front,Centre,Left,79
<_io.BytesIO object at 0x000001D278BE3360>,0.23239342868328094,0.05674600601196289,-0.04251404106616974,309506,2,7,True,Right,Front,Centre,Left,79
<_io.BytesIO object at 0x000001D278BE3950>,0.21192090213298798,0.00031868554651737213,-0.056857287883758545,309506,2,7,True,Right,Front,Centre,Left,79
<_io.BytesIO object at 0x000001D278BE3C20>,0.18407583236694336,-0.011027390137314796,0.010663246735930443,309506,2,7,True,Right,Front,Centre,Left,79
<_io.BytesIO object at 0x000001D278BE3270>,0.28400319814682007,0.05126253142952919,-0.05207643657922745,309506,2,7,True,Right,Front,Centre,Left,79
<_io.BytesIO object at 0x000001D27B93AB30>,0.27992749214172363,0.03524554893374443,0.048767417669296265,309507,2,7,True,Right,Front,Centre,Left,79
<_io.BytesIO object at 0x000001D27B93A810>,0.23239342868328094,0.05674600601196289,-0.04251404106616974,309507,2,7,True,Right,Front,Centre,Left,79
<_io.BytesIO object at 0x000001D278BEA8B0>,0.21192090213298798,0.00031868554651737213,-0.056857287883758545,309507,2,7,True,Right,Front,Centre,Left,79
<_io.BytesIO object at 0x000001D278BEA0E0>,0.18407583236694336,-0.011027390137314796,0.010663246735930443,309507,2,7,True,Right,Front,Centre,Left,79
<_io.BytesIO object at 0x000001D278BEAE50>,0.28400319814682007,0.05126253142952919,-0.05207643657922745,309507,2,7,True,Right,Front,Centre,Left,79
<_io.BytesIO object at 0x000001D27B9599F0>,0.27992749214172363,0.03524554893374443,0.048767417669296265,309508,2,7,True,Right,Front,Centre,Left,79
<_io.BytesIO object at 0x000001D27B959D60>,0.23239342868328094,0.05674600601196289,-0.04251404106616974,309508,2,7,True,Right,Front,Centre,Left,79
<_io.BytesIO object at 0x000001D27B92EEF0>,0.21192090213298798,0.00031868554651737213,-0.056857287883758545,309508,2,7,True,Right,Front,Centre,Left,79
<_io.BytesIO object at 0x000001D27B92EB80>,0.18407583236694336,-0.011027390137314796,0.010663246735930443,309508,2,7,True,Right,Front,Centre,Left,79
<_io.BytesIO object at 0x000001D27B92E400>,0.28400319814682007,0.05126253142952919,-0.05207643657922745,309508,2,7,True,Right,Front,Centre,Left,79
<_io.BytesIO object at 0x000001D27B935A40>,0.27992749214172363,0.03524554893374443,0.048767417669296265,309509,2,7,True,Right,Front,Centre,Left,79
<_io.BytesIO object at 0x000001D27B935770>,0.23239342868328094,0.05674600601196289,-0.04251404106616974,309509,2,7,True,Right,Front,Centre,Left,79
<_io.BytesIO object at 0x000001D27B9358B0>,0.21192090213298798,0.00031868554651737213,-0.056857287883758545,309509,2,7,True,Right,Front,Centre,Left,79
<_io.BytesIO object at 0x000001D27B935090>,0.18407583236694336,-0.011027390137314796,0.010663246735930443,309509,2,7,True,Right,Front,Centre,Left,79
<_io.BytesIO object at 0x000001D27B935C20>,0.28400319814682007,0.05126253142952919,-0.05207643657922745,309509,2,7,True,Right,Front,Centre,Left,79
<_io.BytesIO object at 0x000001D278B9F810>,0.27992749214172363,0.03524554893374443,0.048767417669296265,309510,2,7,True,Right,Front,Centre,Left,79
<_io.BytesIO object at 0x000001D278B9F2C0>,0.23239342868328094,0.05674600601196289,-0.04251404106616974,309510,2,7,True,Right,Front,Centre,Left,79
<_io.BytesIO object at 0x000001D278B9FDB0>,0.21192090213298798,0.00031868554651737213,-0.056857287883758545,309510,2,7,True,Right,Front,Centre,Left,79
<_io.BytesIO object at 0x000001D278B9FB30>,0.18407583236694336,-0.011027390137314796,0.010663246735930443,309510,2,7,True,Right,Front,Centre,Left,79
<_io.BytesIO object at 0x000001D278B9FAE0>,0.28400319814682007,0.05126253142952919,-0.05207643657922745,309510,2,7,True,Right,Front,Centre,Left,79
<_io.BytesIO object at 0x000001D27B92C040>,0.27992749214172363,0.03524554893374443,0.048767417669296265,309511,2,7,True,Right,Front,Centre,Left,79
<_io.BytesIO object at 0x000001D27B92C130>,0.23239342868328094,0.05674600601196289,-0.04251404106616974,309511,2,7,True,Right,Front,Centre,Left,79
<_io.BytesIO object at 0x000001D27B92CBD0>,0.21192090213298798,0.00031868554651737213,-0.056857287883758545,309511,2,7,True,Right,Front,Centre,Left,79
<_io.BytesIO object at 0x000001D27B92CEA0>,0.18407583236694336,-0.011027390137314796,0.010663246735930443,309511,2,7,True,Right,Front,Centre,Left,79
<_io.BytesIO object at 0x000001D27B92C540>,0.28400319814682007,0.05126253142952919,-0.05207643657922745,309511,2,7,True,Right,Front,Centre,Left,79
<_io.BytesIO object at 0x000001D27B92C220>,0.27992749214172363,0.03524554893374443,0.048767417669296265,309512,2,7,True,Right,Front,Centre,Left,79
<_io.BytesIO object at 0x000001D27BA34720>,0.23239342868328094,0.05674600601196289,-0.04251404106616974,309512,2,7,True,Right,Front,Centre,Left,79
<_io.BytesIO object at 0x000001D27BA346D0>,0.21192090213298798,0.00031868554651737213,-0.056857287883758545,309512,2,7,True,Right,Front,Centre,Left,79
<_io.BytesIO object at 0x000001D27BA349F0>,0.18407583236694336,-0.011027390137314796,0.010663246735930443,309512,2,7,True,Right,Front,Centre,Left,79
<_io.BytesIO object at 0x000001D27BA349A0>,0.28400319814682007,0.05126253142952919,-0.05207643657922745,309512,2,7,True,Right,Front,Centre,Left,79
<_io.BytesIO object at 0x000001D278B9F8B0>,0.27992749214172363,0.03524554893374443,0.048767417669296265,309513,2,7,True,Right,Front,Centre,Left,79
<_io.BytesIO object at 0x000001D27B94A950>,0.23239342868328094,0.05674600601196289,-0.04251404106616974,309513,2,7,True,Right,Front,Centre,Left,79
<_io.BytesIO object at 0x000001D27B94A630>,0.21192090213298798,0.00031868554651737213,-0.056857287883758545,309513,2,7,True,Right,Front,Centre,Left,79
<_io.BytesIO object at 0x000001D27B94A130>,0.18407583236694336,-0.011027390137314796,0.010663246735930443,309513,2,7,True,Right,Front,Centre,Left,79
<_io.BytesIO object at 0x000001D27B94A590>,0.28400319814682007,0.05126253142952919,-0.05207643657922745,309513,2,7,True,Right,Front,Centre,Left,79
<_io.BytesIO object at 0x000001D273695900>,0.27992749214172363,0.03524554893374443,0.048767417669296265,309514,2,7,True,Right,Front,Centre,Left,79
<_io.BytesIO object at 0x000001D2736950E0>,0.23239342868328094,0.05674600601196289,-0.04251404106616974,309514,2,7,True,Right,Front,Centre,Left,79
<_io.BytesIO object at 0x000001D273695180>,0.21192090213298798,0.00031868554651737213,-0.056857287883758545,309514,2,7,True,Right,Front,Centre,Left,79
<_io.BytesIO object at 0x000001D2736954A0>,0.18407583236694336,-0.011027390137314796,0.010663246735930443,309514,2,7,True,Right,Front,Centre,Left,79
<_io.BytesIO object at 0x000001D27B99ABD0>,0.28400319814682007,0.05126253142952919,-0.05207643657922745,309514,2,7,True,Right,Front,Centre,Left,79
<_io.BytesIO object at 0x000001D27B9444A0>,0.27992749214172363,0.03524554893374443,0.048767417669296265,309515,2,7,True,Right,Front,Centre,Left,79
<_io.BytesIO object at 0x000001D27B944F90>,0.23239342868328094,0.05674600601196289,-0.04251404106616974,309515,2,7,True,Right,Front,Centre,Left,79
<_io.BytesIO object at 0x000001D27B959950>,0.21192090213298798,0.00031868554651737213,-0.056857287883758545,309515,2,7,True,Right,Front,Centre,Left,79
<_io.BytesIO object at 0x000001D27B9594F0>,0.18407583236694336,-0.011027390137314796,0.010663246735930443,309515,2,7,True,Right,Front,Centre,Left,79
<_io.BytesIO object at 0x000001D27B959090>,0.28400319814682007,0.05126253142952919,-0.05207643657922745,309515,2,7,True,Right,Front,Centre,Left,79
<_io.BytesIO object at 0x000001D278BEABD0>,0.27992749214172363,0.03524554893374443,0.048767417669296265,309516,2,7,True,Right,Front,Centre,Left,79
<_io.BytesIO object at 0x000001D278BEA180>,0.23239342868328094,0.05674600601196289,-0.04251404106616974,309516,2,7,True,Right,Front,Centre,Left,79
<_io.BytesIO object at 0x000001D27B93A360>,0.21192090213298798,0.00031868554651737213,-0.056857287883758545,309516,2,7,True,Right,Front,Centre,Left,79
<_io.BytesIO object at 0x000001D27B93A4F0>,0.18407583236694336,-0.011027390137314796,0.010663246735930443,309516,2,7,True,Right,Front,Centre,Left,79
<_io.BytesIO object at 0x000001D278BEA950>,0.28400319814682007,0.05126253142952919,-0.05207643657922745,309516,2,7,True,Right,Front,Centre,Left,79
<_io.BytesIO object at 0x000001D27B9599F0>,0.27992749214172363,0.03524554893374443,0.048767417669296265,309517,2,7,True,Right,Front,Centre,Left,79
<_io.BytesIO object at 0x000001D27B959950>,0.23239342868328094,0.05674600601196289,-0.04251404106616974,309517,2,7,True,Right,Front,Centre,Left,79
<_io.BytesIO object at 0x000001D27B944C20>,0.21192090213298798,0.00031868554651737213,-0.056857287883758545,309517,2,7,True,Right,Front,Centre,Left,79
<_io.BytesIO object at 0x000001D27B944A40>,0.18407583236694336,-0.011027390137314796,0.010663246735930443,309517,2,7,True,Right,Front,Centre,Left,79
<_io.BytesIO object at 0x000001D27B9445E0>,0.28400319814682007,0.05126253142952919,-0.05207643657922745,309517,2,7,True,Right,Front,Centre,Left,79
<_io.BytesIO object at 0x000001D2736954A0>,0.27992749214172363,0.03524554893374443,0.048767417669296265,309518,2,7,True,Right,Front,Centre,Left,79
<_io.BytesIO object at 0x000001D2736958B0>,0.23239342868328094,0.05674600601196289,-0.04251404106616974,309518,2,7,True,Right,Front,Centre,Left,79
<_io.BytesIO object at 0x000001D2736956D0>,0.21192090213298798,0.00031868554651737213,-0.056857287883758545,309518,2,7,True,Right,Front,Centre,Left,79
<_io.BytesIO object at 0x000001D27B935AE0>,0.18407583236694336,-0.011027390137314796,0.010663246735930443,309518,2,7,True,Right,Front,Centre,Left,79
<_io.BytesIO object at 0x000001D27B935180>,0.28400319814682007,0.05126253142952919,-0.05207643657922745,309518,2,7,True,Right,Front,Centre,Left,79
<_io.BytesIO object at 0x000001D27B9219A0>,0.27992749214172363,0.03524554893374443,0.048767417669296265,309519,2,7,True,Right,Front,Centre,Left,79
<_io.BytesIO object at 0x000001D27B921EF0>,0.23239342868328094,0.05674600601196289,-0.04251404106616974,309519,2,7,True,Right,Front,Centre,Left,79
<_io.BytesIO object at 0x000001D27B921630>,0.21192090213298798,0.00031868554651737213,-0.056857287883758545,309519,2,7,True,Right,Front,Centre,Left,79
<_io.BytesIO object at 0x000001D27B921BD0>,0.18407583236694336,-0.011027390137314796,0.010663246735930443,309519,2,7,True,Right,Front,Centre,Left,79
<_io.BytesIO object at 0x000001D27B921360>,0.28400319814682007,0.05126253142952919,-0.05207643657922745,309519,2,7,True,Right,Front,Centre,Left,79
<_io.BytesIO object at 0x000001D27B92C310>,0.27992749214172363,0.03524554893374443,0.048767417669296265,309520,2,7,True,Right,Front,Centre,Left,79
<_io.BytesIO object at 0x000001D27B92C720>,0.23239342868328094,0.05674600601196289,-0.04251404106616974,309520,2,7,True,Right,Front,Centre,Left,79
<_io.BytesIO object at 0x000001D27B92C270>,0.21192090213298798,0.00031868554651737213,-0.056857287883758545,309520,2,7,True,Right,Front,Centre,Left,79
<_io.BytesIO object at 0x000001D27B92C180>,0.18407583236694336,-0.011027390137314796,0.010663246735930443,309520,2,7,True,Right,Front,Centre,Left,79
<_io.BytesIO object at 0x000001D27B92C8B0>,0.28400319814682007,0.05126253142952919,-0.05207643657922745,309520,2,7,True,Right,Front,Centre,Left,79
<_io.BytesIO object at 0x000001D27B94A770>,0.27992749214172363,0.03524554893374443,0.048767417669296265,309521,2,7,True,Right,Front,Centre,Left,79
<_io.BytesIO object at 0x000001D27B94A9A0>,0.23239342868328094,0.05674600601196289,-0.04251404106616974,309521,2,7,True,Right,Front,Centre,Left,79
<_io.BytesIO object at 0x000001D27B94A680>,0.21192090213298798,0.00031868554651737213,-0.056857287883758545,309521,2,7,True,Right,Front,Centre,Left,79
<_io.BytesIO object at 0x000001D27B94A0E0>,0.18407583236694336,-0.011027390137314796,0.010663246735930443,309521,2,7,True,Right,Front,Centre,Left,79
<_io.BytesIO object at 0x000001D27BA348B0>,0.28400319814682007,0.05126253142952919,-0.05207643657922745,309521,2,7,True,Right,Front,Centre,Left,79
<_io.BytesIO object at 0x000001D278B9F630>,0.27992749214172363,0.03524554893374443,0.048767417669296265,309522,2,7,True,Right,Front,Centre,Left,79
<_io.BytesIO object at 0x000001D278B9F360>,0.23239342868328094,0.05674600601196289,-0.04251404106616974,309522,2,7,True,Right,Front,Centre,Left,79
<_io.BytesIO object at 0x000001D278B9FC70>,0.21192090213298798,0.00031868554651737213,-0.056857287883758545,309522,2,7,True,Right,Front,Centre,Left,79
<_io.BytesIO object at 0x000001D27B97C770>,0.18407583236694336,-0.011027390137314796,0.010663246735930443,309522,2,7,True,Right,Front,Centre,Left,79
<_io.BytesIO object at 0x000001D27B97CA90>,0.28400319814682007,0.05126253142952919,-0.05207643657922745,309522,2,7,True,Right,Front,Centre,Left,79
<_io.BytesIO object at 0x000001D27B99AA40>,0.27992749214172363,0.03524554893374443,0.048767417669296265,309523,2,7,True,Right,Front,Centre,Left,79
<_io.BytesIO object at 0x000001D27B99A680>,0.23239342868328094,0.05674600601196289,-0.04251404106616974,309523,2,7,True,Right,Front,Centre,Left,79
<_io.BytesIO object at 0x000001D27B99AB30>,0.21192090213298798,0.00031868554651737213,-0.056857287883758545,309523,2,7,True,Right,Front,Centre,Left,79
<_io.BytesIO object at 0x000001D27B99A720>,0.18407583236694336,-0.011027390137314796,0.010663246735930443,309523,2,7,True,Right,Front,Centre,Left,79
<_io.BytesIO object at 0x000001D27B99A400>,0.28400319814682007,0.05126253142952919,-0.05207643657922745,309523,2,7,True,Right,Front,Centre,Left,79
<_io.BytesIO object at 0x000001D27B959EA0>,0.27992749214172363,0.03524554893374443,0.048767417669296265,309524,2,7,True,Right,Front,Centre,Left,79
<_io.BytesIO object at 0x000001D27B9590E0>,0.23239342868328094,0.05674600601196289,-0.04251404106616974,309524,2,7,True,Right,Front,Centre,Left,79
<_io.BytesIO object at 0x000001D27B959A40>,0.21192090213298798,0.00031868554651737213,-0.056857287883758545,309524,2,7,True,Right,Front,Centre,Left,79
<_io.BytesIO object at 0x000001D27B959360>,0.18407583236694336,-0.011027390137314796,0.010663246735930443,309524,2,7,True,Right,Front,Centre,Left,79
<_io.BytesIO object at 0x000001D27B9594A0>,0.28400319814682007,0.05126253142952919,-0.05207643657922745,309524,2,7,True,Right,Front,Centre,Left,79
<_io.BytesIO object at 0x000001D27B93A2C0>,0.27992749214172363,0.03524554893374443,0.048767417669296265,309525,2,7,True,Right,Front,Centre,Left,79
<_io.BytesIO object at 0x000001D278BEAF90>,0.23239342868328094,0.05674600601196289,-0.04251404106616974,309525,2,7,True,Right,Front,Centre,Left,79
<_io.BytesIO object at 0x000001D278BEA950>,0.21192090213298798,0.00031868554651737213,-0.056857287883758545,309525,2,7,True,Right,Front,Centre,Left,79
<_io.BytesIO object at 0x000001D278BEA1D0>,0.18407583236694336,-0.011027390137314796,0.010663246735930443,309525,2,7,True,Right,Front,Centre,Left,79
<_io.BytesIO object at 0x000001D278BEAA40>,0.28400319814682007,0.05126253142952919,-0.05207643657922745,309525,2,7,True,Right,Front,Centre,Left,79
<_io.BytesIO object at 0x000001D27B9440E0>,0.27992749214172363,0.03524554893374443,0.048767417669296265,309526,2,7,True,Right,Front,Centre,Left,79
<_io.BytesIO object at 0x000001D27B92E950>,0.23239342868328094,0.05674600601196289,-0.04251404106616974,309526,2,7,True,Right,Front,Centre,Left,79
<_io.BytesIO object at 0x000001D27B92EEF0>,0.21192090213298798,0.00031868554651737213,-0.056857287883758545,309526,2,7,True,Right,Front,Centre,Left,79
<_io.BytesIO object at 0x000001D27B92E400>,0.18407583236694336,-0.011027390137314796,0.010663246735930443,309526,2,7,True,Right,Front,Centre,Left,79
<_io.BytesIO object at 0x000001D27B92E6D0>,0.28400319814682007,0.05126253142952919,-0.05207643657922745,309526,2,7,True,Right,Front,Centre,Left,79
<_io.BytesIO object at 0x000001D27B935C70>,0.27992749214172363,0.03524554893374443,0.048767417669296265,309527,2,7,True,Right,Front,Centre,Left,79
<_io.BytesIO object at 0x000001D27B935400>,0.23239342868328094,0.05674600601196289,-0.04251404106616974,309527,2,7,True,Right,Front,Centre,Left,79
<_io.BytesIO object at 0x000001D27B97C860>,0.21192090213298798,0.00031868554651737213,-0.056857287883758545,309527,2,7,True,Right,Front,Centre,Left,79
<_io.BytesIO object at 0x000001D27B97C5E0>,0.18407583236694336,-0.011027390137314796,0.010663246735930443,309527,2,7,True,Right,Front,Centre,Left,79
<_io.BytesIO object at 0x000001D27B97C450>,0.28400319814682007,0.05126253142952919,-0.05207643657922745,309527,2,7,True,Right,Front,Centre,Left,79
<_io.BytesIO object at 0x000001D27BA34B30>,0.27992749214172363,0.03524554893374443,0.048767417669296265,309528,2,7,True,Right,Front,Centre,Left,79
<_io.BytesIO object at 0x000001D27BA34630>,0.23239342868328094,0.05674600601196289,-0.04251404106616974,309528,2,7,True,Right,Front,Centre,Left,79
<_io.BytesIO object at 0x000001D27BA344A0>,0.21192090213298798,0.00031868554651737213,-0.056857287883758545,309528,2,7,True,Right,Front,Centre,Left,79
<_io.BytesIO object at 0x000001D27BA34CC0>,0.18407583236694336,-0.011027390137314796,0.010663246735930443,309528,2,7,True,Right,Front,Centre,Left,79
<_io.BytesIO object at 0x000001D27BA34A40>,0.28400319814682007,0.05126253142952919,-0.05207643657922745,309528,2,7,True,Right,Front,Centre,Left,79
<_io.BytesIO object at 0x000001D27B92C310>,0.27992749214172363,0.03524554893374443,0.048767417669296265,309529,2,7,True,Right,Front,Centre,Left,79
<_io.BytesIO object at 0x000001D27B92C900>,0.23239342868328094,0.05674600601196289,-0.04251404106616974,309529,2,7,True,Right,Front,Centre,Left,79
<_io.BytesIO object at 0x000001D27B92C130>,0.21192090213298798,0.00031868554651737213,-0.056857287883758545,309529,2,7,True,Right,Front,Centre,Left,79
<_io.BytesIO object at 0x000001D27B92CA40>,0.18407583236694336,-0.011027390137314796,0.010663246735930443,309529,2,7,True,Right,Front,Centre,Left,79
<_io.BytesIO object at 0x000001D27B92CEF0>,0.28400319814682007,0.05126253142952919,-0.05207643657922745,309529,2,7,True,Right,Front,Centre,Left,79
<_io.BytesIO object at 0x000001D27B94A450>,0.27992749214172363,0.03524554893374443,0.048767417669296265,309530,2,7,True,Right,Front,Centre,Left,79
<_io.BytesIO object at 0x000001D27B94AEA0>,0.23239342868328094,0.05674600601196289,-0.04251404106616974,309530,2,7,True,Right,Front,Centre,Left,79
<_io.BytesIO object at 0x000001D27B94A950>,0.21192090213298798,0.00031868554651737213,-0.056857287883758545,309530,2,7,True,Right,Front,Centre,Left,79
<_io.BytesIO object at 0x000001D27B94AA90>,0.18407583236694336,-0.011027390137314796,0.010663246735930443,309530,2,7,True,Right,Front,Centre,Left,79
<_io.BytesIO object at 0x000001D27B94A7C0>,0.28400319814682007,0.05126253142952919,-0.05207643657922745,309530,2,7,True,Right,Front,Centre,Left,79
<_io.BytesIO object at 0x000001D27B9214A0>,0.27992749214172363,0.03524554893374443,0.048767417669296265,309531,2,7,True,Right,Front,Centre,Left,79
<_io.BytesIO object at 0x000001D27B921F90>,0.23239342868328094,0.05674600601196289,-0.04251404106616974,309531,2,7,True,Right,Front,Centre,Left,79
<_io.BytesIO object at 0x000001D27B9216D0>,0.21192090213298798,0.00031868554651737213,-0.056857287883758545,309531,2,7,True,Right,Front,Centre,Left,79
<_io.BytesIO object at 0x000001D27B921B80>,0.18407583236694336,-0.011027390137314796,0.010663246735930443,309531,2,7,True,Right,Front,Centre,Left,79
<_io.BytesIO object at 0x000001D27B921C20>,0.28400319814682007,0.05126253142952919,-0.05207643657922745,309531,2,7,True,Right,Front,Centre,Left,79
<_io.BytesIO object at 0x000001D27B9358B0>,0.27992749214172363,0.03524554893374443,0.048767417669296265,309532,2,7,True,Right,Front,Centre,Left,79
<_io.BytesIO object at 0x000001D27B935310>,0.23239342868328094,0.05674600601196289,-0.04251404106616974,309532,2,7,True,Right,Front,Centre,Left,79
<_io.BytesIO object at 0x000001D27B935180>,0.21192090213298798,0.00031868554651737213,-0.056857287883758545,309532,2,7,True,Right,Front,Centre,Left,79
<_io.BytesIO object at 0x000001D27B935D60>,0.18407583236694336,-0.011027390137314796,0.010663246735930443,309532,2,7,True,Right,Front,Centre,Left,79
<_io.BytesIO object at 0x000001D2736950E0>,0.28400319814682007,0.05126253142952919,-0.05207643657922745,309532,2,7,True,Right,Front,Centre,Left,79
<_io.BytesIO object at 0x000001D27B9441D0>,0.27992749214172363,0.03524554893374443,0.048767417669296265,309533,2,7,True,Right,Front,Centre,Left,79
<_io.BytesIO object at 0x000001D27B944A40>,0.23239342868328094,0.05674600601196289,-0.04251404106616974,309533,2,7,True,Right,Front,Centre,Left,79
<_io.BytesIO object at 0x000001D27B944720>,0.21192090213298798,0.00031868554651737213,-0.056857287883758545,309533,2,7,True,Right,Front,Centre,Left,79
<_io.BytesIO object at 0x000001D27B944860>,0.18407583236694336,-0.011027390137314796,0.010663246735930443,309533,2,7,True,Right,Front,Centre,Left,79
<_io.BytesIO object at 0x000001D27B9443B0>,0.28400319814682007,0.05126253142952919,-0.05207643657922745,309533,2,7,True,Right,Front,Centre,Left,79
<_io.BytesIO object at 0x000001D27B959EA0>,0.27992749214172363,0.03524554893374443,0.048767417669296265,309534,2,7,True,Right,Front,Centre,Left,79
<_io.BytesIO object at 0x000001D27B9598B0>,0.23239342868328094,0.05674600601196289,-0.04251404106616974,309534,2,7,True,Right,Front,Centre,Left,79
<_io.BytesIO object at 0x000001D27B959860>,0.21192090213298798,0.00031868554651737213,-0.056857287883758545,309534,2,7,True,Right,Front,Centre,Left,79
<_io.BytesIO object at 0x000001D27B959130>,0.18407583236694336,-0.011027390137314796,0.010663246735930443,309534,2,7,True,Right,Front,Centre,Left,79
<_io.BytesIO object at 0x000001D27B92ECC0>,0.28400319814682007,0.05126253142952919,-0.05207643657922745,309534,2,7,True,Right,Front,Centre,Left,79
<_io.BytesIO object at 0x000001D27B97C590>,0.27992749214172363,0.03524554893374443,0.048767417669296265,309535,2,7,True,Right,Front,Centre,Left,79
<_io.BytesIO object at 0x000001D27B97C1D0>,0.23239342868328094,0.05674600601196289,-0.04251404106616974,309535,2,7,True,Right,Front,Centre,Left,79
<_io.BytesIO object at 0x000001D27B97C360>,0.21192090213298798,0.00031868554651737213,-0.056857287883758545,309535,2,7,True,Right,Front,Centre,Left,79
<_io.BytesIO object at 0x000001D27B97C770>,0.18407583236694336,-0.011027390137314796,0.010663246735930443,309535,2,7,True,Right,Front,Centre,Left,79
<_io.BytesIO object at 0x000001D27B97CEA0>,0.28400319814682007,0.05126253142952919,-0.05207643657922745,309535,2,7,True,Right,Front,Centre,Left,79
<_io.BytesIO object at 0x000001D278B9FAE0>,0.27992749214172363,0.03524554893374443,0.048767417669296265,309536,2,7,True,Right,Front,Centre,Left,79
<_io.BytesIO object at 0x000001D278B9F8B0>,0.23239342868328094,0.05674600601196289,-0.04251404106616974,309536,2,7,True,Right,Front,Centre,Left,79
<_io.BytesIO object at 0x000001D278B9F4A0>,0.21192090213298798,0.00031868554651737213,-0.056857287883758545,309536,2,7,True,Right,Front,Centre,Left,79
<_io.BytesIO object at 0x000001D27B99A8B0>,0.18407583236694336,-0.011027390137314796,0.010663246735930443,309536,2,7,True,Right,Front,Centre,Left,79
<_io.BytesIO object at 0x000001D27B99AB80>,0.28400319814682007,0.05126253142952919,-0.05207643657922745,309536,2,7,True,Right,Front,Centre,Left,79
<_io.BytesIO object at 0x000001D27BA34D10>,0.27992749214172363,0.03524554893374443,0.048767417669296265,309537,2,7,True,Right,Front,Centre,Left,79
<_io.BytesIO object at 0x000001D278BE3F40>,0.23239342868328094,0.05674600601196289,-0.04251404106616974,309537,2,7,True,Right,Front,Centre,Left,79
<_io.BytesIO object at 0x000001D278BE35E0>,0.21192090213298798,0.00031868554651737213,-0.056857287883758545,309537,2,7,True,Right,Front,Centre,Left,79
<_io.BytesIO object at 0x000001D278BE3CC0>,0.18407583236694336,-0.011027390137314796,0.010663246735930443,309537,2,7,True,Right,Front,Centre,Left,79
<_io.BytesIO object at 0x000001D278BE3B80>,0.28400319814682007,0.05126253142952919,-0.05207643657922745,309537,2,7,True,Right,Front,Centre,Left,79
<_io.BytesIO object at 0x000001D27B944F40>,0.27992749214172363,0.03524554893374443,0.048767417669296265,309538,2,7,True,Right,Front,Centre,Left,79
<_io.BytesIO object at 0x000001D27B9447C0>,0.23239342868328094,0.05674600601196289,-0.04251404106616974,309538,2,7,True,Right,Front,Centre,Left,79
<_io.BytesIO object at 0x000001D27B9441D0>,0.21192090213298798,0.00031868554651737213,-0.056857287883758545,309538,2,7,True,Right,Front,Centre,Left,79
<_io.BytesIO object at 0x000001D27B944B80>,0.18407583236694336,-0.011027390137314796,0.010663246735930443,309538,2,7,True,Right,Front,Centre,Left,79
<_io.BytesIO object at 0x000001D27B944E00>,0.28400319814682007,0.05126253142952919,-0.05207643657922745,309538,2,7,True,Right,Front,Centre,Left,79
<_io.BytesIO object at 0x000001D278BEA8B0>,0.27992749214172363,0.03524554893374443,0.048767417669296265,309539,2,7,True,Right,Front,Centre,Left,79
<_io.BytesIO object at 0x000001D278BEA4F0>,0.23239342868328094,0.05674600601196289,-0.04251404106616974,309539,2,7,True,Right,Front,Centre,Left,79
<_io.BytesIO object at 0x000001D278BEACC0>,0.21192090213298798,0.00031868554651737213,-0.056857287883758545,309539,2,7,True,Right,Front,Centre,Left,79
<_io.BytesIO object at 0x000001D27B99A5E0>,0.18407583236694336,-0.011027390137314796,0.010663246735930443,309539,2,7,True,Right,Front,Centre,Left,79
<_io.BytesIO object at 0x000001D27B99A130>,0.28400319814682007,0.05126253142952919,-0.05207643657922745,309539,2,7,True,Right,Front,Centre,Left,79
<_io.BytesIO object at 0x000001D27B921950>,0.27992749214172363,0.03524554893374443,0.048767417669296265,309540,2,7,True,Right,Front,Centre,Left,79
<_io.BytesIO object at 0x000001D27B921860>,0.23239342868328094,0.05674600601196289,-0.04251404106616974,309540,2,7,True,Right,Front,Centre,Left,79
<_io.BytesIO object at 0x000001D27B921A40>,0.21192090213298798,0.00031868554651737213,-0.056857287883758545,309540,2,7,True,Right,Front,Centre,Left,79
<_io.BytesIO object at 0x000001D27B921E50>,0.18407583236694336,-0.011027390137314796,0.010663246735930443,309540,2,7,True,Right,Front,Centre,Left,79
<_io.BytesIO object at 0x000001D27B9216D0>,0.28400319814682007,0.05126253142952919,-0.05207643657922745,309540,2,7,True,Right,Front,Centre,Left,79
<_io.BytesIO object at 0x000001D27B92E2C0>,0.27992749214172363,0.03524554893374443,0.048767417669296265,309541,2,7,True,Right,Front,Centre,Left,79
<_io.BytesIO object at 0x000001D27B92EE50>,0.23239342868328094,0.05674600601196289,-0.04251404106616974,309541,2,7,True,Right,Front,Centre,Left,79
<_io.BytesIO object at 0x000001D27B92E630>,0.21192090213298798,0.00031868554651737213,-0.056857287883758545,309541,2,7,True,Right,Front,Centre,Left,79
<_io.BytesIO object at 0x000001D27B92E4A0>,0.18407583236694336,-0.011027390137314796,0.010663246735930443,309541,2,7,True,Right,Front,Centre,Left,79
<_io.BytesIO object at 0x000001D27B92E540>,0.28400319814682007,0.05126253142952919,-0.05207643657922745,309541,2,7,True,Right,Front,Centre,Left,79
<_io.BytesIO object at 0x000001D27B92B220>,0.27992749214172363,0.03524554893374443,0.048767417669296265,309542,2,7,True,Right,Front,Centre,Left,79
<_io.BytesIO object at 0x000001D27B92B450>,0.23239342868328094,0.05674600601196289,-0.04251404106616974,309542,2,7,True,Right,Front,Centre,Left,79
<_io.BytesIO object at 0x000001D27B92B630>,0.21192090213298798,0.00031868554651737213,-0.056857287883758545,309542,2,7,True,Right,Front,Centre,Left,79
<_io.BytesIO object at 0x000001D27B92B810>,0.18407583236694336,-0.011027390137314796,0.010663246735930443,309542,2,7,True,Right,Front,Centre,Left,79
<_io.BytesIO object at 0x000001D27B92C720>,0.28400319814682007,0.05126253142952919,-0.05207643657922745,309542,2,7,True,Right,Front,Centre,Left,79
<_io.BytesIO object at 0x000001D27B92E900>,0.27992749214172363,0.03524554893374443,0.048767417669296265,309543,2,7,True,Right,Front,Centre,Left,79
<_io.BytesIO object at 0x000001D2736954F0>,0.23239342868328094,0.05674600601196289,-0.04251404106616974,309543,2,7,True,Right,Front,Centre,Left,79
<_io.BytesIO object at 0x000001D273695900>,0.21192090213298798,0.00031868554651737213,-0.056857287883758545,309543,2,7,True,Right,Front,Centre,Left,79
<_io.BytesIO object at 0x000001D273695540>,0.18407583236694336,-0.011027390137314796,0.010663246735930443,309543,2,7,True,Right,Front,Centre,Left,79
<_io.BytesIO object at 0x000001D2736950E0>,0.28400319814682007,0.05126253142952919,-0.05207643657922745,309543,2,7,True,Right,Front,Centre,Left,79
<_io.BytesIO object at 0x000001D27B94A180>,0.27992749214172363,0.03524554893374443,0.048767417669296265,309544,2,7,True,Right,Front,Centre,Left,79
<_io.BytesIO object at 0x000001D27B94AE50>,0.23239342868328094,0.05674600601196289,-0.04251404106616974,309544,2,7,True,Right,Front,Centre,Left,79
<_io.BytesIO object at 0x000001D27B94ACC0>,0.21192090213298798,0.00031868554651737213,-0.056857287883758545,309544,2,7,True,Right,Front,Centre,Left,79
<_io.BytesIO object at 0x000001D278B9FC20>,0.18407583236694336,-0.011027390137314796,0.010663246735930443,309544,2,7,True,Right,Front,Centre,Left,79
<_io.BytesIO object at 0x000001D278B9F9A0>,0.28400319814682007,0.05126253142952919,-0.05207643657922745,309544,2,7,True,Right,Front,Centre,Left,79
