_io,pos_x,pos_y,pos_z,frame,trial_num,block_num,practicing,left_right_hand,palm_back_hand,target_loc,distractor_loc,participant_id
<_io.BytesIO object at 0x00000258D7D60B30>,0.25943616032600403,0.04157457500696182,-0.053690146654844284,221769,59,4,False,Left,Front,Left,Centre,76
_io,pos_x,pos_y,pos_z,frame,trial_num,block_num,practicing,left_right_hand,palm_back_hand,target_loc,distractor_loc,participant_id
<_io.BytesIO object at 0x00000258DAB156D0>,0.2963205873966217,0.044079385697841644,0.02343815751373768,221769,59,4,False,Left,Front,Left,Centre,76
_io,pos_x,pos_y,pos_z,frame,trial_num,block_num,practicing,left_right_hand,palm_back_hand,target_loc,distractor_loc,participant_id
<_io.BytesIO object at 0x00000258DAB15E50>,0.30307653546333313,0.030586443841457367,-0.05631684884428978,221769,59,4,False,Left,Front,Left,Centre,76
_io,pos_x,pos_y,pos_z,frame,trial_num,block_num,practicing,left_right_hand,palm_back_hand,target_loc,distractor_loc,participant_id
<_io.BytesIO object at 0x00000258DAB152C0>,0.23799866437911987,0.0008306457893922925,-0.06530545651912689,221769,59,4,False,Left,Front,Left,Centre,76
_io,pos_x,pos_y,pos_z,frame,trial_num,block_num,practicing,left_right_hand,palm_back_hand,target_loc,distractor_loc,participant_id
<_io.BytesIO object at 0x00000258DAB157C0>,0.21534083783626556,0.003041477408260107,0.0035624108277261257,221769,59,4,False,Left,Front,Left,Centre,76
_io,pos_x,pos_y,pos_z,frame,trial_num,block_num,practicing,left_right_hand,palm_back_hand,target_loc,distractor_loc,participant_id
<_io.BytesIO object at 0x00000258DAB15220>,0.7437006831169128,0.07657638937234879,-0.08598789572715759,221769,59,4,False,Left,Front,Left,Centre,76
_io,pos_x,pos_y,pos_z,frame,trial_num,block_num,practicing,left_right_hand,palm_back_hand,target_loc,distractor_loc,participant_id
<_io.BytesIO object at 0x00000258DAB26D10>,0.7804713845252991,0.08125767111778259,-0.10655105113983154,221769,59,4,False,Left,Front,Left,Centre,76
_io,pos_x,pos_y,pos_z,frame,trial_num,block_num,practicing,left_right_hand,palm_back_hand,target_loc,distractor_loc,participant_id
<_io.BytesIO object at 0x00000258DAB26EA0>,0.8067446351051331,0.0468214750289917,-0.09956982731819153,221769,59,4,False,Left,Front,Left,Centre,76
_io,pos_x,pos_y,pos_z,frame,trial_num,block_num,practicing,left_right_hand,palm_back_hand,target_loc,distractor_loc,participant_id
<_io.BytesIO object at 0x00000258DAB26130>,0.8429300785064697,0.044754888862371445,-0.06059595197439194,221769,59,4,False,Left,Front,Left,Centre,76
_io,pos_x,pos_y,pos_z,frame,trial_num,block_num,practicing,left_right_hand,palm_back_hand,target_loc,distractor_loc,participant_id
<_io.BytesIO object at 0x00000258DAB264F0>,0.7921145558357239,0.08691009879112244,0.007902637124061584,221769,59,4,False,Left,Front,Left,Centre,76
<_io.BytesIO object at 0x00000258DAB15450>,0.2594389319419861,0.04158812016248703,-0.05370704084634781,221770,59,4,False,Left,Front,Left,Centre,76
<_io.BytesIO object at 0x00000258DAB15360>,0.2963176965713501,0.04408406838774681,0.023428620770573616,221770,59,4,False,Left,Front,Left,Centre,76
<_io.BytesIO object at 0x00000258D7D60310>,0.3030760884284973,0.030590008944272995,-0.05632580444216728,221770,59,4,False,Left,Front,Left,Centre,76
<_io.BytesIO object at 0x00000258D7D60BD0>,0.23800048232078552,0.0008267913362942636,-0.06531959027051926,221770,59,4,False,Left,Front,Left,Centre,76
<_io.BytesIO object at 0x00000258D7D60770>,0.2153417021036148,0.003044637618586421,0.003554566530510783,221770,59,4,False,Left,Front,Left,Centre,76
<_io.BytesIO object at 0x00000258D7D60EF0>,0.7437006831169128,0.07657638937234879,-0.08598789572715759,221770,59,4,False,Left,Front,Left,Centre,76
<_io.BytesIO object at 0x00000258D7D60F40>,0.7804713845252991,0.08125767111778259,-0.10655105113983154,221770,59,4,False,Left,Front,Left,Centre,76
<_io.BytesIO object at 0x00000258DAB1F680>,0.8067446351051331,0.0468214750289917,-0.09956982731819153,221770,59,4,False,Left,Front,Left,Centre,76
<_io.BytesIO object at 0x00000258DAB1F270>,0.8429300785064697,0.044754888862371445,-0.06059595197439194,221770,59,4,False,Left,Front,Left,Centre,76
<_io.BytesIO object at 0x00000258DAB1F6D0>,0.7921145558357239,0.08691009879112244,0.007902637124061584,221770,59,4,False,Left,Front,Left,Centre,76
<_io.BytesIO object at 0x00000258D7D60B80>,0.2594412863254547,0.04157966002821922,-0.05371002480387688,221771,59,4,False,Left,Front,Left,Centre,76
<_io.BytesIO object at 0x00000258D7D60AE0>,0.29632246494293213,0.04406863823533058,0.023412814363837242,221771,59,4,False,Left,Front,Left,Centre,76
<_io.BytesIO object at 0x00000258D7D604F0>,0.3030860126018524,0.030581798404455185,-0.05633661150932312,221771,59,4,False,Left,Front,Left,Centre,76
<_io.BytesIO object at 0x00000258DAB15950>,0.23800544440746307,0.0008382431115023792,-0.06533405184745789,221771,59,4,False,Left,Front,Left,Centre,76
<_io.BytesIO object at 0x00000258DAB15630>,0.21534723043441772,0.003037181682884693,0.0035375712905079126,221771,59,4,False,Left,Front,Left,Centre,76
<_io.BytesIO object at 0x00000258DAB15AE0>,0.7437006831169128,0.07657638937234879,-0.08598789572715759,221771,59,4,False,Left,Front,Left,Centre,76
<_io.BytesIO object at 0x00000258DAB15720>,0.7804713845252991,0.08125767111778259,-0.10655105113983154,221771,59,4,False,Left,Front,Left,Centre,76
<_io.BytesIO object at 0x00000258DAB157C0>,0.8067446351051331,0.0468214750289917,-0.09956982731819153,221771,59,4,False,Left,Front,Left,Centre,76
<_io.BytesIO object at 0x00000258DAB15A40>,0.8429300785064697,0.044754888862371445,-0.06059595197439194,221771,59,4,False,Left,Front,Left,Centre,76
<_io.BytesIO object at 0x00000258DAB151D0>,0.7921145558357239,0.08691009879112244,0.007902637124061584,221771,59,4,False,Left,Front,Left,Centre,76
<_io.BytesIO object at 0x00000258D7D60F40>,0.25945672392845154,0.04157401993870735,-0.05370842292904854,221772,59,4,False,Left,Front,Left,Centre,76
<_io.BytesIO object at 0x00000258D7D60860>,0.29633310437202454,0.04405589774250984,0.023404326289892197,221772,59,4,False,Left,Front,Left,Centre,76
<_io.BytesIO object at 0x00000258DAB1F8B0>,0.3030942380428314,0.030574044212698936,-0.05635225772857666,221772,59,4,False,Left,Front,Left,Centre,76
<_io.BytesIO object at 0x00000258DAB1FAE0>,0.2380206137895584,0.0008292552665807307,-0.06535518914461136,221772,59,4,False,Left,Front,Left,Centre,76
<_io.BytesIO object at 0x00000258DAB1FEA0>,0.2153557687997818,0.003025057027116418,0.0035306138452142477,221772,59,4,False,Left,Front,Left,Centre,76
<_io.BytesIO object at 0x00000258DAB1F900>,0.7437006831169128,0.07657638937234879,-0.08598789572715759,221772,59,4,False,Left,Front,Left,Centre,76
<_io.BytesIO object at 0x00000258DAB26F90>,0.7804713845252991,0.08125767111778259,-0.10655105113983154,221772,59,4,False,Left,Front,Left,Centre,76
<_io.BytesIO object at 0x00000258DAB26BD0>,0.8067446351051331,0.0468214750289917,-0.09956982731819153,221772,59,4,False,Left,Front,Left,Centre,76
<_io.BytesIO object at 0x00000258DAB26C20>,0.8429300785064697,0.044754888862371445,-0.06059595197439194,221772,59,4,False,Left,Front,Left,Centre,76
<_io.BytesIO object at 0x00000258DAB26B30>,0.7921145558357239,0.08691009879112244,0.007902637124061584,221772,59,4,False,Left,Front,Left,Centre,76
<_io.BytesIO object at 0x00000258D7D604F0>,0.25945359468460083,0.0415651760995388,-0.05371582880616188,221773,59,4,False,Left,Front,Left,Centre,76
<_io.BytesIO object at 0x00000258DAB15310>,0.2963384985923767,0.04405190795660019,0.023395249620079994,221773,59,4,False,Left,Front,Left,Centre,76
<_io.BytesIO object at 0x00000258DAB155E0>,0.30310314893722534,0.030560215935111046,-0.05635892599821091,221773,59,4,False,Left,Front,Left,Centre,76
<_io.BytesIO object at 0x00000258DAB15860>,0.2380235493183136,0.0008250272949226201,-0.06536272913217545,221773,59,4,False,Left,Front,Left,Centre,76
<_io.BytesIO object at 0x00000258DAB15C20>,0.21535684168338776,0.0030299746431410313,0.0035251230001449585,221773,59,4,False,Left,Front,Left,Centre,76
<_io.BytesIO object at 0x00000258DAB15D10>,0.7437006831169128,0.07657638937234879,-0.08598789572715759,221773,59,4,False,Left,Front,Left,Centre,76
<_io.BytesIO object at 0x00000258DAB265E0>,0.7804713845252991,0.08125767111778259,-0.10655105113983154,221773,59,4,False,Left,Front,Left,Centre,76
<_io.BytesIO object at 0x00000258DAB26270>,0.8067446351051331,0.0468214750289917,-0.09956982731819153,221773,59,4,False,Left,Front,Left,Centre,76
<_io.BytesIO object at 0x00000258DAB26900>,0.8429300785064697,0.044754888862371445,-0.06059595197439194,221773,59,4,False,Left,Front,Left,Centre,76
<_io.BytesIO object at 0x00000258DAB26860>,0.7921145558357239,0.08691009879112244,0.007902637124061584,221773,59,4,False,Left,Front,Left,Centre,76
<_io.BytesIO object at 0x00000258DAB15400>,0.25947195291519165,0.04156484082341194,-0.05372311547398567,221774,59,4,False,Left,Front,Left,Centre,76
<_io.BytesIO object at 0x00000258DAB154A0>,0.29634392261505127,0.04405180737376213,0.023393455892801285,221774,59,4,False,Left,Front,Left,Centre,76
<_io.BytesIO object at 0x00000258DAB15590>,0.3031110167503357,0.030559290200471878,-0.05635951831936836,221774,59,4,False,Left,Front,Left,Centre,76
<_io.BytesIO object at 0x00000258DAB15360>,0.2380235642194748,0.0008239407907240093,-0.06535398960113525,221774,59,4,False,Left,Front,Left,Centre,76
<_io.BytesIO object at 0x00000258DAB152C0>,0.21536190807819366,0.0030285196844488382,0.0035165625158697367,221774,59,4,False,Left,Front,Left,Centre,76
<_io.BytesIO object at 0x00000258D7D60B30>,0.7437006831169128,0.07657638937234879,-0.08598789572715759,221774,59,4,False,Left,Front,Left,Centre,76
<_io.BytesIO object at 0x00000258D7D604A0>,0.7804713845252991,0.08125767111778259,-0.10655105113983154,221774,59,4,False,Left,Front,Left,Centre,76
<_io.BytesIO object at 0x00000258D7D60310>,0.8067446351051331,0.0468214750289917,-0.09956982731819153,221774,59,4,False,Left,Front,Left,Centre,76
<_io.BytesIO object at 0x00000258D7D60720>,0.8429300785064697,0.044754888862371445,-0.06059595197439194,221774,59,4,False,Left,Front,Left,Centre,76
<_io.BytesIO object at 0x00000258D7D60680>,0.7921145558357239,0.08691009879112244,0.007902637124061584,221774,59,4,False,Left,Front,Left,Centre,76
<_io.BytesIO object at 0x00000258DAB156D0>,0.25952693819999695,0.04164623096585274,-0.05373517423868179,221775,59,4,False,Left,Front,Left,Centre,76
<_io.BytesIO object at 0x00000258DAB150E0>,0.29635560512542725,0.0440465472638607,0.02338944375514984,221775,59,4,False,Left,Front,Left,Centre,76
<_io.BytesIO object at 0x00000258DAB157C0>,0.3031191825866699,0.030557218939065933,-0.05636468529701233,221775,59,4,False,Left,Front,Left,Centre,76
<_io.BytesIO object at 0x00000258DAB15B80>,0.23803174495697021,0.0008335667080245912,-0.06535950303077698,221775,59,4,False,Left,Front,Left,Centre,76
<_io.BytesIO object at 0x00000258DAB151D0>,0.21536044776439667,0.0030250325798988342,0.0035126551520079374,221775,59,4,False,Left,Front,Left,Centre,76
<_io.BytesIO object at 0x00000258DAB152C0>,0.7437006831169128,0.07657638937234879,-0.08598789572715759,221775,59,4,False,Left,Front,Left,Centre,76
<_io.BytesIO object at 0x00000258DAB15D60>,0.7804713845252991,0.08125767111778259,-0.10655105113983154,221775,59,4,False,Left,Front,Left,Centre,76
<_io.BytesIO object at 0x00000258D7D608B0>,0.8067446351051331,0.0468214750289917,-0.09956982731819153,221775,59,4,False,Left,Front,Left,Centre,76
<_io.BytesIO object at 0x00000258D7D60E00>,0.8429300785064697,0.044754888862371445,-0.06059595197439194,221775,59,4,False,Left,Front,Left,Centre,76
<_io.BytesIO object at 0x00000258D7D609F0>,0.7921145558357239,0.08691009879112244,0.007902637124061584,221775,59,4,False,Left,Front,Left,Centre,76
<_io.BytesIO object at 0x00000258D7D60B80>,0.25949418544769287,0.041579604148864746,-0.053726207464933395,221776,59,4,False,Left,Front,Left,Centre,76
<_io.BytesIO object at 0x00000258DAB15590>,0.2963627278804779,0.04404706135392189,0.023394279181957245,221776,59,4,False,Left,Front,Left,Centre,76
<_io.BytesIO object at 0x00000258DAB15450>,0.3031352460384369,0.030551744624972343,-0.05636480450630188,221776,59,4,False,Left,Front,Left,Centre,76
<_io.BytesIO object at 0x00000258DAB15C70>,0.23803257942199707,0.0008386987028643489,-0.06535894423723221,221776,59,4,False,Left,Front,Left,Centre,76
<_io.BytesIO object at 0x00000258DAB15630>,0.2153674215078354,0.003024142701178789,0.0035104595590382814,221776,59,4,False,Left,Front,Left,Centre,76
<_io.BytesIO object at 0x00000258DAB153B0>,0.7437006831169128,0.07657638937234879,-0.08598789572715759,221776,59,4,False,Left,Front,Left,Centre,76
<_io.BytesIO object at 0x00000258DAB15F90>,0.7804713845252991,0.08125767111778259,-0.10655105113983154,221776,59,4,False,Left,Front,Left,Centre,76
<_io.BytesIO object at 0x00000258DAB1FD60>,0.8067446351051331,0.0468214750289917,-0.09956982731819153,221776,59,4,False,Left,Front,Left,Centre,76
<_io.BytesIO object at 0x00000258DAB1F630>,0.8429300785064697,0.044754888862371445,-0.06059595197439194,221776,59,4,False,Left,Front,Left,Centre,76
<_io.BytesIO object at 0x00000258DAB1F7C0>,0.7921145558357239,0.08691009879112244,0.007902637124061584,221776,59,4,False,Left,Front,Left,Centre,76
<_io.BytesIO object at 0x00000258DAB156D0>,0.2595454752445221,0.04166305810213089,-0.05373833701014519,221777,59,4,False,Left,Front,Left,Centre,76
<_io.BytesIO object at 0x00000258DAB15F90>,0.2963739335536957,0.04403720051050186,0.02338639460504055,221777,59,4,False,Left,Front,Left,Centre,76
<_io.BytesIO object at 0x00000258D7D60A90>,0.3031415641307831,0.030556267127394676,-0.05635965242981911,221777,59,4,False,Left,Front,Left,Centre,76
<_io.BytesIO object at 0x00000258D7D60630>,0.23803722858428955,0.0008461014367640018,-0.06536073237657547,221777,59,4,False,Left,Front,Left,Centre,76
<_io.BytesIO object at 0x00000258D7D607C0>,0.21536687016487122,0.0030371295288205147,0.0035001514479517937,221777,59,4,False,Left,Front,Left,Centre,76
<_io.BytesIO object at 0x00000258D7D60720>,0.7437006831169128,0.07657638937234879,-0.08598789572715759,221777,59,4,False,Left,Front,Left,Centre,76
<_io.BytesIO object at 0x00000258D7D603B0>,0.7804713845252991,0.08125767111778259,-0.10655105113983154,221777,59,4,False,Left,Front,Left,Centre,76
<_io.BytesIO object at 0x00000258DAB1FD60>,0.8067446351051331,0.0468214750289917,-0.09956982731819153,221777,59,4,False,Left,Front,Left,Centre,76
<_io.BytesIO object at 0x00000258D7D60590>,0.8429300785064697,0.044754888862371445,-0.06059595197439194,221777,59,4,False,Left,Front,Left,Centre,76
<_io.BytesIO object at 0x00000258D7D60900>,0.7921145558357239,0.08691009879112244,0.007902637124061584,221777,59,4,False,Left,Front,Left,Centre,76
<_io.BytesIO object at 0x00000258D7D609F0>,0.25958672165870667,0.04171478748321533,-0.05371742323040962,221778,59,4,False,Left,Front,Left,Centre,76
<_io.BytesIO object at 0x00000258DAB15C20>,0.2963806688785553,0.0440424382686615,0.023391753435134888,221778,59,4,False,Left,Front,Left,Centre,76
<_io.BytesIO object at 0x00000258DAB156D0>,0.3031519055366516,0.030555404722690582,-0.05635855719447136,221778,59,4,False,Left,Front,Left,Centre,76
<_io.BytesIO object at 0x00000258DAB15540>,0.23803824186325073,0.0008725905790925026,-0.06534836441278458,221778,59,4,False,Left,Front,Left,Centre,76
<_io.BytesIO object at 0x00000258DAB151D0>,0.21536663174629211,0.0030439971014857292,0.0035011032596230507,221778,59,4,False,Left,Front,Left,Centre,76
<_io.BytesIO object at 0x00000258DAB15400>,0.7437006831169128,0.07657638937234879,-0.08598789572715759,221778,59,4,False,Left,Front,Left,Centre,76
<_io.BytesIO object at 0x00000258DAB154A0>,0.7804713845252991,0.08125767111778259,-0.10655105113983154,221778,59,4,False,Left,Front,Left,Centre,76
<_io.BytesIO object at 0x00000258DAB1F810>,0.8067446351051331,0.0468214750289917,-0.09956982731819153,221778,59,4,False,Left,Front,Left,Centre,76
<_io.BytesIO object at 0x00000258DAB1FBD0>,0.8429300785064697,0.044754888862371445,-0.06059595197439194,221778,59,4,False,Left,Front,Left,Centre,76
<_io.BytesIO object at 0x00000258DAB1F270>,0.7921145558357239,0.08691009879112244,0.007902637124061584,221778,59,4,False,Left,Front,Left,Centre,76
<_io.BytesIO object at 0x00000258DAB15F40>,0.2595970630645752,0.041718728840351105,-0.053706713020801544,221779,59,4,False,Left,Front,Left,Centre,76
<_io.BytesIO object at 0x00000258DAB159A0>,0.29637929797172546,0.04404609277844429,0.023402096703648567,221779,59,4,False,Left,Front,Left,Centre,76
<_io.BytesIO object at 0x00000258D7D60630>,0.30315738916397095,0.030564388260245323,-0.05634845420718193,221779,59,4,False,Left,Front,Left,Centre,76
<_io.BytesIO object at 0x00000258D7D601D0>,0.2380388081073761,0.0008836504421196878,-0.06534349173307419,221779,59,4,False,Left,Front,Left,Centre,76
<_io.BytesIO object at 0x00000258D7D60EF0>,0.2153688222169876,0.003043568693101406,0.0035011940635740757,221779,59,4,False,Left,Front,Left,Centre,76
<_io.BytesIO object at 0x00000258D7D60F40>,0.7437006831169128,0.07657638937234879,-0.08598789572715759,221779,59,4,False,Left,Front,Left,Centre,76
<_io.BytesIO object at 0x00000258D7D60540>,0.7804713845252991,0.08125767111778259,-0.10655105113983154,221779,59,4,False,Left,Front,Left,Centre,76
<_io.BytesIO object at 0x00000258DAB1F220>,0.8067446351051331,0.0468214750289917,-0.09956982731819153,221779,59,4,False,Left,Front,Left,Centre,76
<_io.BytesIO object at 0x00000258DAB1FA90>,0.8429300785064697,0.044754888862371445,-0.06059595197439194,221779,59,4,False,Left,Front,Left,Centre,76
<_io.BytesIO object at 0x00000258DAB1FD10>,0.7921145558357239,0.08691009879112244,0.007902637124061584,221779,59,4,False,Left,Front,Left,Centre,76
<_io.BytesIO object at 0x00000258DAB15270>,0.2596034109592438,0.04172251373529434,-0.05370939522981644,221780,59,4,False,Left,Front,Left,Centre,76
<_io.BytesIO object at 0x00000258DAB15180>,0.2963876724243164,0.044038500636816025,0.023401999846100807,221780,59,4,False,Left,Front,Left,Centre,76
<_io.BytesIO object at 0x00000258D7D60540>,0.3031679689884186,0.030556339770555496,-0.056339330971241,221780,59,4,False,Left,Front,Left,Centre,76
<_io.BytesIO object at 0x00000258D7D60360>,0.2380455732345581,0.000885326589923352,-0.06534245610237122,221780,59,4,False,Left,Front,Left,Centre,76
<_io.BytesIO object at 0x00000258D7D609F0>,0.21536508202552795,0.0030444881413131952,0.0034959788899868727,221780,59,4,False,Left,Front,Left,Centre,76
<_io.BytesIO object at 0x00000258D7D604A0>,0.7437006831169128,0.07657638937234879,-0.08598789572715759,221780,59,4,False,Left,Front,Left,Centre,76
<_io.BytesIO object at 0x00000258D7D60C70>,0.7804713845252991,0.08125767111778259,-0.10655105113983154,221780,59,4,False,Left,Front,Left,Centre,76
<_io.BytesIO object at 0x00000258DAB1F9A0>,0.8067446351051331,0.0468214750289917,-0.09956982731819153,221780,59,4,False,Left,Front,Left,Centre,76
<_io.BytesIO object at 0x00000258DAB1F3B0>,0.8429300785064697,0.044754888862371445,-0.06059595197439194,221780,59,4,False,Left,Front,Left,Centre,76
<_io.BytesIO object at 0x00000258DAB1F680>,0.7921145558357239,0.08691009879112244,0.007902637124061584,221780,59,4,False,Left,Front,Left,Centre,76
<_io.BytesIO object at 0x00000258D7D60310>,0.2596137225627899,0.04171707481145859,-0.05370742082595825,221781,59,4,False,Left,Front,Left,Centre,76
<_io.BytesIO object at 0x00000258D7D601D0>,0.29638975858688354,0.04403657838702202,0.02339998446404934,221781,59,4,False,Left,Front,Left,Centre,76
<_io.BytesIO object at 0x00000258DAB1FBD0>,0.3031732439994812,0.030552586540579796,-0.056328535079956055,221781,59,4,False,Left,Front,Left,Centre,76
<_io.BytesIO object at 0x00000258D7D60900>,0.2380448877811432,0.0008943831198848784,-0.06533221900463104,221781,59,4,False,Left,Front,Left,Centre,76
<_io.BytesIO object at 0x00000258D7D606D0>,0.2153725028038025,0.0030417207162827253,0.003494774457067251,221781,59,4,False,Left,Front,Left,Centre,76
<_io.BytesIO object at 0x00000258D7D60630>,0.7437006831169128,0.07657638937234879,-0.08598789572715759,221781,59,4,False,Left,Front,Left,Centre,76
<_io.BytesIO object at 0x00000258D7D60770>,0.7804713845252991,0.08125767111778259,-0.10655105113983154,221781,59,4,False,Left,Front,Left,Centre,76
<_io.BytesIO object at 0x00000258D7D604A0>,0.8067446351051331,0.0468214750289917,-0.09956982731819153,221781,59,4,False,Left,Front,Left,Centre,76
<_io.BytesIO object at 0x00000258D7D60BD0>,0.8429300785064697,0.044754888862371445,-0.06059595197439194,221781,59,4,False,Left,Front,Left,Centre,76
<_io.BytesIO object at 0x00000258DAB15090>,0.7921145558357239,0.08691009879112244,0.007902637124061584,221781,59,4,False,Left,Front,Left,Centre,76
<_io.BytesIO object at 0x00000258D7D60D60>,0.2596183121204376,0.04172747582197189,-0.05370195955038071,221782,59,4,False,Left,Front,Left,Centre,76
<_io.BytesIO object at 0x00000258DAB15A40>,0.2963940501213074,0.0440424345433712,0.02340540662407875,221782,59,4,False,Left,Front,Left,Centre,76
<_io.BytesIO object at 0x00000258DAB153B0>,0.3031768202781677,0.03055667132139206,-0.05632524564862251,221782,59,4,False,Left,Front,Left,Centre,76
<_io.BytesIO object at 0x00000258DAB15950>,0.23805290460586548,0.0008956086821854115,-0.06532593071460724,221782,59,4,False,Left,Front,Left,Centre,76
<_io.BytesIO object at 0x00000258DAB15450>,0.21537157893180847,0.003043696517124772,0.003492784919217229,221782,59,4,False,Left,Front,Left,Centre,76
<_io.BytesIO object at 0x00000258DAB154A0>,0.7437006831169128,0.07657638937234879,-0.08598789572715759,221782,59,4,False,Left,Front,Left,Centre,76
<_io.BytesIO object at 0x00000258DAB1F810>,0.7804713845252991,0.08125767111778259,-0.10655105113983154,221782,59,4,False,Left,Front,Left,Centre,76
<_io.BytesIO object at 0x00000258DAB1F3B0>,0.8067446351051331,0.0468214750289917,-0.09956982731819153,221782,59,4,False,Left,Front,Left,Centre,76
<_io.BytesIO object at 0x00000258DAB1FC70>,0.8429300785064697,0.044754888862371445,-0.06059595197439194,221782,59,4,False,Left,Front,Left,Centre,76
<_io.BytesIO object at 0x00000258DAB1F770>,0.7921145558357239,0.08691009879112244,0.007902637124061584,221782,59,4,False,Left,Front,Left,Centre,76
<_io.BytesIO object at 0x00000258DAB1FAE0>,0.25962695479393005,0.04172626510262489,-0.053697071969509125,221783,59,4,False,Left,Front,Left,Centre,76
<_io.BytesIO object at 0x00000258DAB15090>,0.29640668630599976,0.0440433993935585,0.023403173312544823,221783,59,4,False,Left,Front,Left,Centre,76
<_io.BytesIO object at 0x00000258DAB15450>,0.3031868040561676,0.03055901639163494,-0.05632147565484047,221783,59,4,False,Left,Front,Left,Centre,76
<_io.BytesIO object at 0x00000258DAB152C0>,0.23805303871631622,0.0009115471038967371,-0.06533291935920715,221783,59,4,False,Left,Front,Left,Centre,76
<_io.BytesIO object at 0x00000258DAB15C70>,0.215371236205101,0.0030540726147592068,0.0034840127918869257,221783,59,4,False,Left,Front,Left,Centre,76
<_io.BytesIO object at 0x00000258DAB157C0>,0.7437006831169128,0.07657638937234879,-0.08598789572715759,221783,59,4,False,Left,Front,Left,Centre,76
<_io.BytesIO object at 0x00000258D7D606D0>,0.7804713845252991,0.08125767111778259,-0.10655105113983154,221783,59,4,False,Left,Front,Left,Centre,76
<_io.BytesIO object at 0x00000258D7D608B0>,0.8067446351051331,0.0468214750289917,-0.09956982731819153,221783,59,4,False,Left,Front,Left,Centre,76
<_io.BytesIO object at 0x00000258D7D60360>,0.8429300785064697,0.044754888862371445,-0.06059595197439194,221783,59,4,False,Left,Front,Left,Centre,76
<_io.BytesIO object at 0x00000258D7D60E00>,0.7921145558357239,0.08691009879112244,0.007902637124061584,221783,59,4,False,Left,Front,Left,Centre,76
<_io.BytesIO object at 0x00000258DAB1F810>,0.25963398814201355,0.04172564297914505,-0.0536956824362278,221784,59,4,False,Left,Front,Left,Centre,76
<_io.BytesIO object at 0x00000258DAB1F770>,0.2964034080505371,0.044039588421583176,0.023407598957419395,221784,59,4,False,Left,Front,Left,Centre,76
<_io.BytesIO object at 0x00000258DAB1F900>,0.3032104969024658,0.03056950494647026,-0.056324198842048645,221784,59,4,False,Left,Front,Left,Centre,76
<_io.BytesIO object at 0x00000258DAB1F0E0>,0.23804737627506256,0.0009183005313389003,-0.06533323973417282,221784,59,4,False,Left,Front,Left,Centre,76
<_io.BytesIO object at 0x00000258DAB1F3B0>,0.21537445485591888,0.003047322854399681,0.0034805466420948505,221784,59,4,False,Left,Front,Left,Centre,76
<_io.BytesIO object at 0x00000258DAB15770>,0.7437006831169128,0.07657638937234879,-0.08598789572715759,221784,59,4,False,Left,Front,Left,Centre,76
<_io.BytesIO object at 0x00000258DAB15F40>,0.7804713845252991,0.08125767111778259,-0.10655105113983154,221784,59,4,False,Left,Front,Left,Centre,76
<_io.BytesIO object at 0x00000258DAB15180>,0.8067446351051331,0.0468214750289917,-0.09956982731819153,221784,59,4,False,Left,Front,Left,Centre,76
<_io.BytesIO object at 0x00000258DAB151D0>,0.8429300785064697,0.044754888862371445,-0.06059595197439194,221784,59,4,False,Left,Front,Left,Centre,76
<_io.BytesIO object at 0x00000258DAB154A0>,0.7921145558357239,0.08691009879112244,0.007902637124061584,221784,59,4,False,Left,Front,Left,Centre,76
<_io.BytesIO object at 0x00000258DAB1F9A0>,0.25963497161865234,0.041729364544153214,-0.05370160937309265,221785,59,4,False,Left,Front,Left,Centre,76
<_io.BytesIO object at 0x00000258D7D602C0>,0.2964085340499878,0.04404272139072418,0.023413553833961487,221785,59,4,False,Left,Front,Left,Centre,76
<_io.BytesIO object at 0x00000258D7D60CC0>,0.303213894367218,0.030569428578019142,-0.056324709206819534,221785,59,4,False,Left,Front,Left,Centre,76
<_io.BytesIO object at 0x00000258D7D60720>,0.23805059492588043,0.0009177013416774571,-0.06534349173307419,221785,59,4,False,Left,Front,Left,Centre,76
<_io.BytesIO object at 0x00000258D7D60900>,0.21537698805332184,0.003047639736905694,0.0034777794498950243,221785,59,4,False,Left,Front,Left,Centre,76
<_io.BytesIO object at 0x00000258D7D60B30>,0.7437006831169128,0.07657638937234879,-0.08598789572715759,221785,59,4,False,Left,Front,Left,Centre,76
<_io.BytesIO object at 0x00000258DAB265E0>,0.7804713845252991,0.08125767111778259,-0.10655105113983154,221785,59,4,False,Left,Front,Left,Centre,76
<_io.BytesIO object at 0x00000258DAB26720>,0.8067446351051331,0.0468214750289917,-0.09956982731819153,221785,59,4,False,Left,Front,Left,Centre,76
<_io.BytesIO object at 0x00000258DAB264A0>,0.8429300785064697,0.044754888862371445,-0.06059595197439194,221785,59,4,False,Left,Front,Left,Centre,76
<_io.BytesIO object at 0x00000258DAB269A0>,0.7921145558357239,0.08691009879112244,0.007902637124061584,221785,59,4,False,Left,Front,Left,Centre,76
<_io.BytesIO object at 0x00000258D7D60AE0>,0.25963255763053894,0.04174031317234039,-0.053702812641859055,221786,59,4,False,Left,Front,Left,Centre,76
<_io.BytesIO object at 0x00000258D7D60B30>,0.29641446471214294,0.04403192922472954,0.02340097166597843,221786,59,4,False,Left,Front,Left,Centre,76
<_io.BytesIO object at 0x00000258D7D60D10>,0.30322059988975525,0.030566517263650894,-0.05632980912923813,221786,59,4,False,Left,Front,Left,Centre,76
<_io.BytesIO object at 0x00000258D7D60F90>,0.23805435001850128,0.0009156015585176647,-0.06535085290670395,221786,59,4,False,Left,Front,Left,Centre,76
<_io.BytesIO object at 0x00000258DAB1FE50>,0.21538330614566803,0.0030456692911684513,0.0034672797191888094,221786,59,4,False,Left,Front,Left,Centre,76
<_io.BytesIO object at 0x00000258DAB1FCC0>,0.7437006831169128,0.07657638937234879,-0.08598789572715759,221786,59,4,False,Left,Front,Left,Centre,76
<_io.BytesIO object at 0x00000258DAB1FA90>,0.7804713845252991,0.08125767111778259,-0.10655105113983154,221786,59,4,False,Left,Front,Left,Centre,76
<_io.BytesIO object at 0x00000258DAB1F450>,0.8067446351051331,0.0468214750289917,-0.09956982731819153,221786,59,4,False,Left,Front,Left,Centre,76
<_io.BytesIO object at 0x00000258DAB1FEA0>,0.8429300785064697,0.044754888862371445,-0.06059595197439194,221786,59,4,False,Left,Front,Left,Centre,76
<_io.BytesIO object at 0x00000258DAB15180>,0.7921145558357239,0.08691009879112244,0.007902637124061584,221786,59,4,False,Left,Front,Left,Centre,76
<_io.BytesIO object at 0x00000258DAB1FDB0>,0.25971439480781555,0.04174673929810524,-0.0536937415599823,221787,59,4,False,Left,Front,Left,Centre,76
<_io.BytesIO object at 0x00000258DAB1FBD0>,0.2964093089103699,0.04403655603528023,0.023396413773298264,221787,59,4,False,Left,Front,Left,Centre,76
<_io.BytesIO object at 0x00000258DAB1FD10>,0.30321335792541504,0.030566077679395676,-0.056327931582927704,221787,59,4,False,Left,Front,Left,Centre,76
<_io.BytesIO object at 0x00000258D7D603B0>,0.23805680871009827,0.0009191586286760867,-0.06535357981920242,221787,59,4,False,Left,Front,Left,Centre,76
<_io.BytesIO object at 0x00000258D7D60680>,0.21538589894771576,0.0030579366721212864,0.003466649679467082,221787,59,4,False,Left,Front,Left,Centre,76
<_io.BytesIO object at 0x00000258D7D60B80>,0.7437006831169128,0.07657638937234879,-0.08598789572715759,221787,59,4,False,Left,Front,Left,Centre,76
<_io.BytesIO object at 0x00000258D7D60B30>,0.7804713845252991,0.08125767111778259,-0.10655105113983154,221787,59,4,False,Left,Front,Left,Centre,76
<_io.BytesIO object at 0x00000258D7D609A0>,0.8067446351051331,0.0468214750289917,-0.09956982731819153,221787,59,4,False,Left,Front,Left,Centre,76
<_io.BytesIO object at 0x00000258D7D604A0>,0.8429300785064697,0.044754888862371445,-0.06059595197439194,221787,59,4,False,Left,Front,Left,Centre,76
<_io.BytesIO object at 0x00000258DAB15180>,0.7921145558357239,0.08691009879112244,0.007902637124061584,221787,59,4,False,Left,Front,Left,Centre,76
<_io.BytesIO object at 0x00000258D7D60AE0>,0.25963807106018066,0.04172508418560028,-0.053712259978055954,221788,59,4,False,Left,Front,Left,Centre,76
<_io.BytesIO object at 0x00000258DAB1FD10>,0.2964111864566803,0.044030655175447464,0.02339768595993519,221788,59,4,False,Left,Front,Left,Centre,76
<_io.BytesIO object at 0x00000258DAB1FDB0>,0.30321642756462097,0.030555997043848038,-0.05633425712585449,221788,59,4,False,Left,Front,Left,Centre,76
<_io.BytesIO object at 0x00000258DAB1F130>,0.23805588483810425,0.0009170878329314291,-0.06535714119672775,221788,59,4,False,Left,Front,Left,Centre,76
<_io.BytesIO object at 0x00000258DAB1F6D0>,0.21538355946540833,0.0030519021674990654,0.003463075030595064,221788,59,4,False,Left,Front,Left,Centre,76
<_io.BytesIO object at 0x00000258DAB159F0>,0.7437006831169128,0.07657638937234879,-0.08598789572715759,221788,59,4,False,Left,Front,Left,Centre,76
<_io.BytesIO object at 0x00000258DAB15C70>,0.7804713845252991,0.08125767111778259,-0.10655105113983154,221788,59,4,False,Left,Front,Left,Centre,76
<_io.BytesIO object at 0x00000258DAB15A40>,0.8067446351051331,0.0468214750289917,-0.09956982731819153,221788,59,4,False,Left,Front,Left,Centre,76
<_io.BytesIO object at 0x00000258DAB15130>,0.8429300785064697,0.044754888862371445,-0.06059595197439194,221788,59,4,False,Left,Front,Left,Centre,76
<_io.BytesIO object at 0x00000258DAB155E0>,0.7921145558357239,0.08691009879112244,0.007902637124061584,221788,59,4,False,Left,Front,Left,Centre,76
<_io.BytesIO object at 0x00000258DAB15040>,0.2596321403980255,0.04173215851187706,-0.053719520568847656,221789,59,4,False,Left,Front,Left,Centre,76
<_io.BytesIO object at 0x00000258DAB15220>,0.29643791913986206,0.04402892291545868,0.023349516093730927,221789,59,4,False,Left,Front,Left,Centre,76
<_io.BytesIO object at 0x00000258DAB1F3B0>,0.3032015264034271,0.030539177358150482,-0.0563415102660656,221789,59,4,False,Left,Front,Left,Centre,76
<_io.BytesIO object at 0x00000258DAB1FE50>,0.23806089162826538,0.0009120505419559777,-0.06536351889371872,221789,59,4,False,Left,Front,Left,Centre,76
<_io.BytesIO object at 0x00000258DAB1FC70>,0.21538497507572174,0.003047609468922019,0.0034550109412521124,221789,59,4,False,Left,Front,Left,Centre,76
<_io.BytesIO object at 0x00000258DAB1FCC0>,0.7437006831169128,0.07657638937234879,-0.08598789572715759,221789,59,4,False,Left,Front,Left,Centre,76
<_io.BytesIO object at 0x00000258D7D607C0>,0.7804713845252991,0.08125767111778259,-0.10655105113983154,221789,59,4,False,Left,Front,Left,Centre,76
<_io.BytesIO object at 0x00000258D7D60720>,0.8067446351051331,0.0468214750289917,-0.09956982731819153,221789,59,4,False,Left,Front,Left,Centre,76
<_io.BytesIO object at 0x00000258D7D603B0>,0.8429300785064697,0.044754888862371445,-0.06059595197439194,221789,59,4,False,Left,Front,Left,Centre,76
<_io.BytesIO object at 0x00000258D7D60680>,0.7921145558357239,0.08691009879112244,0.007902637124061584,221789,59,4,False,Left,Front,Left,Centre,76
<_io.BytesIO object at 0x00000258DAB1F7C0>,0.25963786244392395,0.04173271358013153,-0.05372391641139984,221790,59,4,False,Left,Front,Left,Centre,76
<_io.BytesIO object at 0x00000258DAB157C0>,0.2964085042476654,0.044033151119947433,0.023382721468806267,221790,59,4,False,Left,Front,Left,Centre,76
<_io.BytesIO object at 0x00000258DAB15090>,0.3032006025314331,0.0305496733635664,-0.056348782032728195,221790,59,4,False,Left,Front,Left,Centre,76
<_io.BytesIO object at 0x00000258DAB15680>,0.2380681037902832,0.0009124695206992328,-0.06536567211151123,221790,59,4,False,Left,Front,Left,Centre,76
<_io.BytesIO object at 0x00000258DAB15270>,0.21538303792476654,0.003056264016777277,0.0034601157531142235,221790,59,4,False,Left,Front,Left,Centre,76
<_io.BytesIO object at 0x00000258DAB15770>,0.7437006831169128,0.07657638937234879,-0.08598789572715759,221790,59,4,False,Left,Front,Left,Centre,76
<_io.BytesIO object at 0x00000258D7D606D0>,0.7804713845252991,0.08125767111778259,-0.10655105113983154,221790,59,4,False,Left,Front,Left,Centre,76
<_io.BytesIO object at 0x00000258D7D60E00>,0.8067446351051331,0.0468214750289917,-0.09956982731819153,221790,59,4,False,Left,Front,Left,Centre,76
<_io.BytesIO object at 0x00000258D7D60180>,0.8429300785064697,0.044754888862371445,-0.06059595197439194,221790,59,4,False,Left,Front,Left,Centre,76
<_io.BytesIO object at 0x00000258D7D60590>,0.7921145558357239,0.08691009879112244,0.007902637124061584,221790,59,4,False,Left,Front,Left,Centre,76
<_io.BytesIO object at 0x00000258DAB15C70>,0.25963643193244934,0.04173615574836731,-0.05372025817632675,221791,59,4,False,Left,Front,Left,Centre,76
<_io.BytesIO object at 0x00000258DAB15220>,0.2964099943637848,0.04403876140713692,0.023376118391752243,221791,59,4,False,Left,Front,Left,Centre,76
<_io.BytesIO object at 0x00000258DAB1FC70>,0.3031947612762451,0.030548030510544777,-0.05634424462914467,221791,59,4,False,Left,Front,Left,Centre,76
<_io.BytesIO object at 0x00000258DAB1F6D0>,0.23806029558181763,0.0009242736850865185,-0.06536662578582764,221791,59,4,False,Left,Front,Left,Centre,76
<_io.BytesIO object at 0x00000258DAB1FBD0>,0.21538542211055756,0.0030567299108952284,0.0034587399568408728,221791,59,4,False,Left,Front,Left,Centre,76
<_io.BytesIO object at 0x00000258DAB1F590>,0.7437006831169128,0.07657638937234879,-0.08598789572715759,221791,59,4,False,Left,Front,Left,Centre,76
<_io.BytesIO object at 0x00000258D7D60900>,0.7804713845252991,0.08125767111778259,-0.10655105113983154,221791,59,4,False,Left,Front,Left,Centre,76
<_io.BytesIO object at 0x00000258D7D60EF0>,0.8067446351051331,0.0468214750289917,-0.09956982731819153,221791,59,4,False,Left,Front,Left,Centre,76
<_io.BytesIO object at 0x00000258D7D60220>,0.8429300785064697,0.044754888862371445,-0.06059595197439194,221791,59,4,False,Left,Front,Left,Centre,76
<_io.BytesIO object at 0x00000258D7D60CC0>,0.7921145558357239,0.08691009879112244,0.007902637124061584,221791,59,4,False,Left,Front,Left,Centre,76
<_io.BytesIO object at 0x00000258DAB1FC20>,0.2596395015716553,0.041744619607925415,-0.05372820422053337,221792,59,4,False,Left,Front,Left,Centre,76
<_io.BytesIO object at 0x00000258DAB15F90>,0.296407550573349,0.0440499521791935,0.023387588560581207,221792,59,4,False,Left,Front,Left,Centre,76
<_io.BytesIO object at 0x00000258DAB15450>,0.30320653319358826,0.030568748712539673,-0.05634064972400665,221792,59,4,False,Left,Front,Left,Centre,76
<_io.BytesIO object at 0x00000258DAB15680>,0.23806442320346832,0.0009329831227660179,-0.06536629796028137,221792,59,4,False,Left,Front,Left,Centre,76
<_io.BytesIO object at 0x00000258DAB154F0>,0.2153850644826889,0.0030571292154490948,0.0034656603820621967,221792,59,4,False,Left,Front,Left,Centre,76
<_io.BytesIO object at 0x00000258DAB15180>,0.7437006831169128,0.07657638937234879,-0.08598789572715759,221792,59,4,False,Left,Front,Left,Centre,76
<_io.BytesIO object at 0x00000258D7D60D10>,0.7804713845252991,0.08125767111778259,-0.10655105113983154,221792,59,4,False,Left,Front,Left,Centre,76
<_io.BytesIO object at 0x00000258D7D603B0>,0.8067446351051331,0.0468214750289917,-0.09956982731819153,221792,59,4,False,Left,Front,Left,Centre,76
<_io.BytesIO object at 0x00000258D7D602C0>,0.8429300785064697,0.044754888862371445,-0.06059595197439194,221792,59,4,False,Left,Front,Left,Centre,76
<_io.BytesIO object at 0x00000258D7D609F0>,0.7921145558357239,0.08691009879112244,0.007902637124061584,221792,59,4,False,Left,Front,Left,Centre,76
<_io.BytesIO object at 0x00000258D7D60D60>,0.2596355080604553,0.04175589978694916,-0.05372273921966553,221793,59,4,False,Left,Front,Left,Centre,76
<_io.BytesIO object at 0x00000258DAB15450>,0.29640620946884155,0.04403898864984512,0.023390857502818108,221793,59,4,False,Left,Front,Left,Centre,76
<_io.BytesIO object at 0x00000258DAB15360>,0.3032088577747345,0.030571531504392624,-0.056334346532821655,221793,59,4,False,Left,Front,Left,Centre,76
<_io.BytesIO object at 0x00000258DAB157C0>,0.2380700707435608,0.0009336612420156598,-0.0653601661324501,221793,59,4,False,Left,Front,Left,Centre,76
<_io.BytesIO object at 0x00000258DAB15EA0>,0.21538583934307098,0.0030608840752393007,0.003464869922026992,221793,59,4,False,Left,Front,Left,Centre,76
<_io.BytesIO object at 0x00000258DAB159F0>,0.7437006831169128,0.07657638937234879,-0.08598789572715759,221793,59,4,False,Left,Front,Left,Centre,76
<_io.BytesIO object at 0x00000258DAB153B0>,0.7804713845252991,0.08125767111778259,-0.10655105113983154,221793,59,4,False,Left,Front,Left,Centre,76
<_io.BytesIO object at 0x00000258DAB1F590>,0.8067446351051331,0.0468214750289917,-0.09956982731819153,221793,59,4,False,Left,Front,Left,Centre,76
<_io.BytesIO object at 0x00000258DAB1F3B0>,0.8429300785064697,0.044754888862371445,-0.06059595197439194,221793,59,4,False,Left,Front,Left,Centre,76
<_io.BytesIO object at 0x00000258DAB1F770>,0.7921145558357239,0.08691009879112244,0.007902637124061584,221793,59,4,False,Left,Front,Left,Centre,76
<_io.BytesIO object at 0x00000258D7D603B0>,0.2596316635608673,0.041755836457014084,-0.05372587963938713,221794,59,4,False,Left,Front,Left,Centre,76
<_io.BytesIO object at 0x00000258D7D60BD0>,0.29640376567840576,0.044053398072719574,0.023395486176013947,221794,59,4,False,Left,Front,Left,Centre,76
<_io.BytesIO object at 0x00000258D7D607C0>,0.3031916618347168,0.030563944950699806,-0.056324101984500885,221794,59,4,False,Left,Front,Left,Centre,76
<_io.BytesIO object at 0x00000258D7D60630>,0.23808082938194275,0.0009270792943425477,-0.06535264104604721,221794,59,4,False,Left,Front,Left,Centre,76
<_io.BytesIO object at 0x00000258D7D604F0>,0.21538859605789185,0.0030616121366620064,0.0034755843225866556,221794,59,4,False,Left,Front,Left,Centre,76
<_io.BytesIO object at 0x00000258D7D60F90>,0.7437006831169128,0.07657638937234879,-0.08598789572715759,221794,59,4,False,Left,Front,Left,Centre,76
<_io.BytesIO object at 0x00000258DAB15270>,0.7804713845252991,0.08125767111778259,-0.10655105113983154,221794,59,4,False,Left,Front,Left,Centre,76
<_io.BytesIO object at 0x00000258DAB15E50>,0.8067446351051331,0.0468214750289917,-0.09956982731819153,221794,59,4,False,Left,Front,Left,Centre,76
<_io.BytesIO object at 0x00000258DAB15540>,0.8429300785064697,0.044754888862371445,-0.06059595197439194,221794,59,4,False,Left,Front,Left,Centre,76
<_io.BytesIO object at 0x00000258DAB15400>,0.7921145558357239,0.08691009879112244,0.007902637124061584,221794,59,4,False,Left,Front,Left,Centre,76
<_io.BytesIO object at 0x00000258D7D60C70>,0.2596281170845032,0.04175063595175743,-0.05371946096420288,221795,59,4,False,Left,Front,Left,Centre,76
<_io.BytesIO object at 0x00000258D7D60E50>,0.29639381170272827,0.04405808821320534,0.02340422384440899,221795,59,4,False,Left,Front,Left,Centre,76
<_io.BytesIO object at 0x00000258D7D60540>,0.3031974136829376,0.03057984821498394,-0.05630450323224068,221795,59,4,False,Left,Front,Left,Centre,76
<_io.BytesIO object at 0x00000258D7D60EA0>,0.23807966709136963,0.0009350982727482915,-0.06534354388713837,221795,59,4,False,Left,Front,Left,Centre,76
<_io.BytesIO object at 0x00000258D7D60310>,0.21537525951862335,0.0030624279752373695,0.0034782416187226772,221795,59,4,False,Left,Front,Left,Centre,76
<_io.BytesIO object at 0x00000258D7D60BD0>,0.7437006831169128,0.07657638937234879,-0.08598789572715759,221795,59,4,False,Left,Front,Left,Centre,76
<_io.BytesIO object at 0x00000258DAB15630>,0.7804713845252991,0.08125767111778259,-0.10655105113983154,221795,59,4,False,Left,Front,Left,Centre,76
<_io.BytesIO object at 0x00000258DAB15DB0>,0.8067446351051331,0.0468214750289917,-0.09956982731819153,221795,59,4,False,Left,Front,Left,Centre,76
<_io.BytesIO object at 0x00000258DAB15810>,0.8429300785064697,0.044754888862371445,-0.06059595197439194,221795,59,4,False,Left,Front,Left,Centre,76
<_io.BytesIO object at 0x00000258DAB15590>,0.7921145558357239,0.08691009879112244,0.007902637124061584,221795,59,4,False,Left,Front,Left,Centre,76
<_io.BytesIO object at 0x00000258DAB15770>,0.259623646736145,0.041751231998205185,-0.05370723456144333,221796,59,4,False,Left,Front,Left,Centre,76
<_io.BytesIO object at 0x00000258DAB15E50>,0.2963777780532837,0.044069427996873856,0.02341773360967636,221796,59,4,False,Left,Front,Left,Centre,76
<_io.BytesIO object at 0x00000258D7D60D60>,0.303194522857666,0.03058476373553276,-0.05630281940102577,221796,59,4,False,Left,Front,Left,Centre,76
<_io.BytesIO object at 0x00000258D7D60EF0>,0.23807355761528015,0.0009354997891932726,-0.06533284485340118,221796,59,4,False,Left,Front,Left,Centre,76
<_io.BytesIO object at 0x00000258D7D606D0>,0.2153719663619995,0.0030630556866526604,0.0034870929084718227,221796,59,4,False,Left,Front,Left,Centre,76
<_io.BytesIO object at 0x00000258D7D60AE0>,0.7437006831169128,0.07657638937234879,-0.08598789572715759,221796,59,4,False,Left,Front,Left,Centre,76
<_io.BytesIO object at 0x00000258D7D60860>,0.7804713845252991,0.08125767111778259,-0.10655105113983154,221796,59,4,False,Left,Front,Left,Centre,76
<_io.BytesIO object at 0x00000258DAB1F450>,0.8067446351051331,0.0468214750289917,-0.09956982731819153,221796,59,4,False,Left,Front,Left,Centre,76
<_io.BytesIO object at 0x00000258DAB1FE50>,0.8429300785064697,0.044754888862371445,-0.06059595197439194,221796,59,4,False,Left,Front,Left,Centre,76
<_io.BytesIO object at 0x00000258DAB1FC70>,0.7921145558357239,0.08691009879112244,0.007902637124061584,221796,59,4,False,Left,Front,Left,Centre,76
<_io.BytesIO object at 0x00000258DAB1A040>,0.2596226930618286,0.04174599424004555,-0.05371581017971039,221797,59,4,False,Left,Front,Left,Centre,76
<_io.BytesIO object at 0x00000258DAB1A220>,0.296366423368454,0.0440787598490715,0.02342279441654682,221797,59,4,False,Left,Front,Left,Centre,76
<_io.BytesIO object at 0x00000258DAB1AC70>,0.30318647623062134,0.030584828928112984,-0.05629641190171242,221797,59,4,False,Left,Front,Left,Centre,76
<_io.BytesIO object at 0x00000258DAB24310>,0.238071471452713,0.0009219135972671211,-0.06533560156822205,221797,59,4,False,Left,Front,Left,Centre,76
<_io.BytesIO object at 0x00000258DAB24F40>,0.21536685526371002,0.0030603932682424784,0.0034874011762440205,221797,59,4,False,Left,Front,Left,Centre,76
<_io.BytesIO object at 0x00000258DAB24360>,0.7437006831169128,0.07657638937234879,-0.08598789572715759,221797,59,4,False,Left,Front,Left,Centre,76
<_io.BytesIO object at 0x00000258DAB24810>,0.7804713845252991,0.08125767111778259,-0.10655105113983154,221797,59,4,False,Left,Front,Left,Centre,76
<_io.BytesIO object at 0x00000258DAB24900>,0.8067446351051331,0.0468214750289917,-0.09956982731819153,221797,59,4,False,Left,Front,Left,Centre,76
<_io.BytesIO object at 0x00000258DAB246D0>,0.8429300785064697,0.044754888862371445,-0.06059595197439194,221797,59,4,False,Left,Front,Left,Centre,76
<_io.BytesIO object at 0x00000258DAB24180>,0.7921145558357239,0.08691009879112244,0.007902637124061584,221797,59,4,False,Left,Front,Left,Centre,76
<_io.BytesIO object at 0x00000258DAB39400>,0.2596208155155182,0.04175099730491638,-0.05372616648674011,221798,59,4,False,Left,Front,Left,Centre,76
<_io.BytesIO object at 0x00000258D7D24270>,0.296364426612854,0.04407639056444168,0.023423418402671814,221798,59,4,False,Left,Front,Left,Centre,76
<_io.BytesIO object at 0x00000258D7D33F90>,0.30319249629974365,0.030581146478652954,-0.05629683658480644,221798,59,4,False,Left,Front,Left,Centre,76
<_io.BytesIO object at 0x00000258D7D33270>,0.23807287216186523,0.0009198407642543316,-0.06534229218959808,221798,59,4,False,Left,Front,Left,Centre,76
<_io.BytesIO object at 0x00000258D7D33720>,0.2153625637292862,0.0030724825337529182,0.0034919853787869215,221798,59,4,False,Left,Front,Left,Centre,76
<_io.BytesIO object at 0x00000258D7D33450>,0.7437006831169128,0.07657638937234879,-0.08598789572715759,221798,59,4,False,Left,Front,Left,Centre,76
<_io.BytesIO object at 0x00000258D7D33D10>,0.7804713845252991,0.08125767111778259,-0.10655105113983154,221798,59,4,False,Left,Front,Left,Centre,76
<_io.BytesIO object at 0x00000258D7D24220>,0.8067446351051331,0.0468214750289917,-0.09956982731819153,221798,59,4,False,Left,Front,Left,Centre,76
<_io.BytesIO object at 0x00000258DAB394A0>,0.8429300785064697,0.044754888862371445,-0.06059595197439194,221798,59,4,False,Left,Front,Left,Centre,76
<_io.BytesIO object at 0x00000258DAB393B0>,0.7921145558357239,0.08691009879112244,0.007902637124061584,221798,59,4,False,Left,Front,Left,Centre,76
<_io.BytesIO object at 0x00000258DAB24950>,0.2596261203289032,0.04173675924539566,-0.05372660979628563,221799,59,4,False,Left,Front,Left,Centre,76
<_io.BytesIO object at 0x00000258DAB249A0>,0.29636350274086,0.044070158153772354,0.02341613918542862,221799,59,4,False,Left,Front,Left,Centre,76
<_io.BytesIO object at 0x00000258DAB1A180>,0.3031967580318451,0.030571170151233673,-0.05629450082778931,221799,59,4,False,Left,Front,Left,Centre,76
<_io.BytesIO object at 0x00000258DAB1A220>,0.23808154463768005,0.0009072142420336604,-0.06534679234027863,221799,59,4,False,Left,Front,Left,Centre,76
<_io.BytesIO object at 0x00000258DAB1A9F0>,0.2153618335723877,0.0030658356845378876,0.003489676397293806,221799,59,4,False,Left,Front,Left,Centre,76
<_io.BytesIO object at 0x00000258DAB1AE50>,0.7437006831169128,0.07657638937234879,-0.08598789572715759,221799,59,4,False,Left,Front,Left,Centre,76
<_io.BytesIO object at 0x00000258DAB1AB80>,0.7804713845252991,0.08125767111778259,-0.10655105113983154,221799,59,4,False,Left,Front,Left,Centre,76
<_io.BytesIO object at 0x00000258DAB1AAE0>,0.8067446351051331,0.0468214750289917,-0.09956982731819153,221799,59,4,False,Left,Front,Left,Centre,76
<_io.BytesIO object at 0x00000258DAB1A400>,0.8429300785064697,0.044754888862371445,-0.06059595197439194,221799,59,4,False,Left,Front,Left,Centre,76
<_io.BytesIO object at 0x00000258DAB1A310>,0.7921145558357239,0.08691009879112244,0.007902637124061584,221799,59,4,False,Left,Front,Left,Centre,76
<_io.BytesIO object at 0x00000258DAB1FE50>,0.2596326172351837,0.041735418140888214,-0.05373763293027878,221800,59,4,False,Left,Front,Left,Centre,76
<_io.BytesIO object at 0x00000258D7D60A90>,0.2963624596595764,0.04407861456274986,0.023415379226207733,221800,59,4,False,Left,Front,Left,Centre,76
<_io.BytesIO object at 0x00000258D7D60C70>,0.30320096015930176,0.030570460483431816,-0.05630163475871086,221800,59,4,False,Left,Front,Left,Centre,76
<_io.BytesIO object at 0x00000258D7D60590>,0.23809100687503815,0.0009019928984344006,-0.06535527110099792,221800,59,4,False,Left,Front,Left,Centre,76
<_io.BytesIO object at 0x00000258DAB15A40>,0.2153666466474533,0.0030662694480270147,0.003482030238956213,221800,59,4,False,Left,Front,Left,Centre,76
<_io.BytesIO object at 0x00000258DAB15540>,0.7437006831169128,0.07657638937234879,-0.08598789572715759,221800,59,4,False,Left,Front,Left,Centre,76
<_io.BytesIO object at 0x00000258DAB15E00>,0.7804713845252991,0.08125767111778259,-0.10655105113983154,221800,59,4,False,Left,Front,Left,Centre,76
<_io.BytesIO object at 0x00000258DAB15F40>,0.8067446351051331,0.0468214750289917,-0.09956982731819153,221800,59,4,False,Left,Front,Left,Centre,76
<_io.BytesIO object at 0x00000258DAB15BD0>,0.8429300785064697,0.044754888862371445,-0.06059595197439194,221800,59,4,False,Left,Front,Left,Centre,76
<_io.BytesIO object at 0x00000258DAB15D60>,0.7921145558357239,0.08691009879112244,0.007902637124061584,221800,59,4,False,Left,Front,Left,Centre,76
<_io.BytesIO object at 0x00000258DAB3D950>,0.2596389949321747,0.041731543838977814,-0.05374849587678909,221801,59,4,False,Left,Front,Left,Centre,76
<_io.BytesIO object at 0x00000258DAB3D680>,0.29636260867118835,0.044082142412662506,0.023412510752677917,221801,59,4,False,Left,Front,Left,Centre,76
<_io.BytesIO object at 0x00000258D7D43310>,0.3032110333442688,0.03056769259274006,-0.056307584047317505,221801,59,4,False,Left,Front,Left,Centre,76
<_io.BytesIO object at 0x00000258D7D436D0>,0.23809964954853058,0.0009004337480291724,-0.06536711752414703,221801,59,4,False,Left,Front,Left,Centre,76
<_io.BytesIO object at 0x00000258D7D43B80>,0.21528644859790802,0.0030601469334214926,0.003488978836685419,221801,59,4,False,Left,Front,Left,Centre,76
<_io.BytesIO object at 0x00000258D7D435E0>,0.7437006831169128,0.07657638937234879,-0.08598789572715759,221801,59,4,False,Left,Front,Left,Centre,76
<_io.BytesIO object at 0x00000258D7D43D10>,0.7804713845252991,0.08125767111778259,-0.10655105113983154,221801,59,4,False,Left,Front,Left,Centre,76
<_io.BytesIO object at 0x00000258D7D43720>,0.8067446351051331,0.0468214750289917,-0.09956982731819153,221801,59,4,False,Left,Front,Left,Centre,76
<_io.BytesIO object at 0x00000258D7D43E00>,0.8429300785064697,0.044754888862371445,-0.06059595197439194,221801,59,4,False,Left,Front,Left,Centre,76
<_io.BytesIO object at 0x00000258D2805090>,0.7921145558357239,0.08691009879112244,0.007902637124061584,221801,59,4,False,Left,Front,Left,Centre,76
<_io.BytesIO object at 0x00000258D7D5E540>,0.2596372663974762,0.04172365367412567,-0.053764764219522476,221802,59,4,False,Left,Front,Left,Centre,76
<_io.BytesIO object at 0x00000258D7D5EA40>,0.2963685095310211,0.04407071694731712,0.023393165320158005,221802,59,4,False,Left,Front,Left,Centre,76
<_io.BytesIO object at 0x00000258D7D5E810>,0.30321404337882996,0.03056267835199833,-0.0563153438270092,221802,59,4,False,Left,Front,Left,Centre,76
<_io.BytesIO object at 0x00000258DAC216D0>,0.23810094594955444,0.0008943871362134814,-0.06538161635398865,221802,59,4,False,Left,Front,Left,Centre,76
<_io.BytesIO object at 0x00000258DAC21950>,0.21536418795585632,0.003054707543924451,0.0034748646430671215,221802,59,4,False,Left,Front,Left,Centre,76
<_io.BytesIO object at 0x00000258DAC21A40>,0.7437006831169128,0.07657638937234879,-0.08598789572715759,221802,59,4,False,Left,Front,Left,Centre,76
<_io.BytesIO object at 0x00000258DAC21900>,0.7804713845252991,0.08125767111778259,-0.10655105113983154,221802,59,4,False,Left,Front,Left,Centre,76
<_io.BytesIO object at 0x00000258DAC21310>,0.8067446351051331,0.0468214750289917,-0.09956982731819153,221802,59,4,False,Left,Front,Left,Centre,76
<_io.BytesIO object at 0x00000258DAC21180>,0.8429300785064697,0.044754888862371445,-0.06059595197439194,221802,59,4,False,Left,Front,Left,Centre,76
<_io.BytesIO object at 0x00000258DAC211D0>,0.7921145558357239,0.08691009879112244,0.007902637124061584,221802,59,4,False,Left,Front,Left,Centre,76
<_io.BytesIO object at 0x00000258DAC216D0>,0.2596372365951538,0.04171599820256233,-0.053788792341947556,221803,59,4,False,Left,Front,Left,Centre,76
<_io.BytesIO object at 0x00000258D7D5EC70>,0.29636651277542114,0.04406024143099785,0.02337782457470894,221803,59,4,False,Left,Front,Left,Centre,76
<_io.BytesIO object at 0x00000258D7D5E270>,0.3032067120075226,0.030536074191331863,-0.056336820125579834,221803,59,4,False,Left,Front,Left,Centre,76
<_io.BytesIO object at 0x00000258D7D5E7C0>,0.238115131855011,0.0008750034030526876,-0.06540829688310623,221803,59,4,False,Left,Front,Left,Centre,76
<_io.BytesIO object at 0x00000258D7D5E9F0>,0.2153642624616623,0.0030567951034754515,0.0034604493994265795,221803,59,4,False,Left,Front,Left,Centre,76
<_io.BytesIO object at 0x00000258D7DC4720>,0.7437006831169128,0.07657638937234879,-0.08598789572715759,221803,59,4,False,Left,Front,Left,Centre,76
<_io.BytesIO object at 0x00000258D7DC4040>,0.7804713845252991,0.08125767111778259,-0.10655105113983154,221803,59,4,False,Left,Front,Left,Centre,76
<_io.BytesIO object at 0x00000258D7DC4EF0>,0.8067446351051331,0.0468214750289917,-0.09956982731819153,221803,59,4,False,Left,Front,Left,Centre,76
<_io.BytesIO object at 0x00000258D7DC46D0>,0.8429300785064697,0.044754888862371445,-0.06059595197439194,221803,59,4,False,Left,Front,Left,Centre,76
<_io.BytesIO object at 0x00000258D7DC4090>,0.7921145558357239,0.08691009879112244,0.007902637124061584,221803,59,4,False,Left,Front,Left,Centre,76
<_io.BytesIO object at 0x00000258D7D436D0>,0.259636253118515,0.0417155995965004,-0.05380753055214882,221804,59,4,False,Left,Front,Left,Centre,76
<_io.BytesIO object at 0x00000258D7D43EF0>,0.2963629961013794,0.044065967202186584,0.023378534242510796,221804,59,4,False,Left,Front,Left,Centre,76
<_io.BytesIO object at 0x00000258DAB3DF40>,0.3032147288322449,0.03054056689143181,-0.05634477362036705,221804,59,4,False,Left,Front,Left,Centre,76
<_io.BytesIO object at 0x00000258DAB3DEF0>,0.23812486231327057,0.000874144840054214,-0.06541575491428375,221804,59,4,False,Left,Front,Left,Centre,76
<_io.BytesIO object at 0x00000258DAB3DC70>,0.2153683602809906,0.0030460564885288477,0.00345814717002213,221804,59,4,False,Left,Front,Left,Centre,76
<_io.BytesIO object at 0x00000258DAB3D2C0>,0.7437006831169128,0.07657638937234879,-0.08598789572715759,221804,59,4,False,Left,Front,Left,Centre,76
<_io.BytesIO object at 0x00000258DAB3D770>,0.7804713845252991,0.08125767111778259,-0.10655105113983154,221804,59,4,False,Left,Front,Left,Centre,76
<_io.BytesIO object at 0x00000258DAB3D900>,0.8067446351051331,0.0468214750289917,-0.09956982731819153,221804,59,4,False,Left,Front,Left,Centre,76
<_io.BytesIO object at 0x00000258D7D33680>,0.8429300785064697,0.044754888862371445,-0.06059595197439194,221804,59,4,False,Left,Front,Left,Centre,76
<_io.BytesIO object at 0x00000258D7D33130>,0.7921145558357239,0.08691009879112244,0.007902637124061584,221804,59,4,False,Left,Front,Left,Centre,76
<_io.BytesIO object at 0x00000258DAB15DB0>,0.2596466839313507,0.04171430692076683,-0.05381346493959427,221805,59,4,False,Left,Front,Left,Centre,76
<_io.BytesIO object at 0x00000258D7D60A90>,0.29635459184646606,0.04407035559415817,0.023372085765004158,221805,59,4,False,Left,Front,Left,Centre,76
<_io.BytesIO object at 0x00000258D7D60CC0>,0.3032146394252777,0.030534489080309868,-0.05635036900639534,221805,59,4,False,Left,Front,Left,Centre,76
<_io.BytesIO object at 0x00000258D7D607C0>,0.23813389241695404,0.0008724353392608464,-0.06543398648500443,221805,59,4,False,Left,Front,Left,Centre,76
<_io.BytesIO object at 0x00000258DAB1F130>,0.21527965366840363,0.003048221580684185,0.0034672836773097515,221805,59,4,False,Left,Front,Left,Centre,76
<_io.BytesIO object at 0x00000258DAB1F3B0>,0.7437006831169128,0.07657638937234879,-0.08598789572715759,221805,59,4,False,Left,Front,Left,Centre,76
<_io.BytesIO object at 0x00000258DAB1FBD0>,0.7804713845252991,0.08125767111778259,-0.10655105113983154,221805,59,4,False,Left,Front,Left,Centre,76
<_io.BytesIO object at 0x00000258DAB1FEF0>,0.8067446351051331,0.0468214750289917,-0.09956982731819153,221805,59,4,False,Left,Front,Left,Centre,76
<_io.BytesIO object at 0x00000258DAB1F6D0>,0.8429300785064697,0.044754888862371445,-0.06059595197439194,221805,59,4,False,Left,Front,Left,Centre,76
<_io.BytesIO object at 0x00000258DAB26810>,0.7921145558357239,0.08691009879112244,0.007902637124061584,221805,59,4,False,Left,Front,Left,Centre,76
<_io.BytesIO object at 0x00000258DAB1A220>,0.25965040922164917,0.04171726107597351,-0.05382165312767029,221806,59,4,False,Left,Front,Left,Centre,76
<_io.BytesIO object at 0x00000258DAB5DC20>,0.2963523864746094,0.04406586289405823,0.02336941473186016,221806,59,4,False,Left,Front,Left,Centre,76
<_io.BytesIO object at 0x00000258DAB5DDB0>,0.30322104692459106,0.030531248077750206,-0.056354403495788574,221806,59,4,False,Left,Front,Left,Centre,76
<_io.BytesIO object at 0x00000258DAB5DF40>,0.23815296590328217,0.0008667900110594928,-0.06544306874275208,221806,59,4,False,Left,Front,Left,Centre,76
<_io.BytesIO object at 0x00000258DAB5D540>,0.21537278592586517,0.003046580823138356,0.003445238107815385,221806,59,4,False,Left,Front,Left,Centre,76
<_io.BytesIO object at 0x00000258DAB24180>,0.7437006831169128,0.07657638937234879,-0.08598789572715759,221806,59,4,False,Left,Front,Left,Centre,76
<_io.BytesIO object at 0x00000258DAB24270>,0.7804713845252991,0.08125767111778259,-0.10655105113983154,221806,59,4,False,Left,Front,Left,Centre,76
<_io.BytesIO object at 0x00000258DAB24360>,0.8067446351051331,0.0468214750289917,-0.09956982731819153,221806,59,4,False,Left,Front,Left,Centre,76
<_io.BytesIO object at 0x00000258DAB24E00>,0.8429300785064697,0.044754888862371445,-0.06059595197439194,221806,59,4,False,Left,Front,Left,Centre,76
<_io.BytesIO object at 0x00000258DAB24130>,0.7921145558357239,0.08691009879112244,0.007902637124061584,221806,59,4,False,Left,Front,Left,Centre,76
<_io.BytesIO object at 0x00000258D7D49BD0>,0.25965258479118347,0.041718076914548874,-0.05383215472102165,221807,59,4,False,Left,Front,Left,Centre,76
<_io.BytesIO object at 0x00000258D7D49A90>,0.29635828733444214,0.04406208172440529,0.02336587756872177,221807,59,4,False,Left,Front,Left,Centre,76
<_io.BytesIO object at 0x00000258D7D49720>,0.30322757363319397,0.0305287204682827,-0.05635078251361847,221807,59,4,False,Left,Front,Left,Centre,76
<_io.BytesIO object at 0x00000258D7D493B0>,0.23816794157028198,0.0008679029997438192,-0.06545361131429672,221807,59,4,False,Left,Front,Left,Centre,76
<_io.BytesIO object at 0x00000258D7D49860>,0.21528148651123047,0.003048219718039036,0.003463173983618617,221807,59,4,False,Left,Front,Left,Centre,76
<_io.BytesIO object at 0x00000258D7D495E0>,0.7437006831169128,0.07657638937234879,-0.08598789572715759,221807,59,4,False,Left,Front,Left,Centre,76
<_io.BytesIO object at 0x00000258D7D49E50>,0.7804713845252991,0.08125767111778259,-0.10655105113983154,221807,59,4,False,Left,Front,Left,Centre,76
<_io.BytesIO object at 0x00000258D7D49310>,0.8067446351051331,0.0468214750289917,-0.09956982731819153,221807,59,4,False,Left,Front,Left,Centre,76
<_io.BytesIO object at 0x00000258D7D49B30>,0.8429300785064697,0.044754888862371445,-0.06059595197439194,221807,59,4,False,Left,Front,Left,Centre,76
<_io.BytesIO object at 0x00000258D7D49EF0>,0.7921145558357239,0.08691009879112244,0.007902637124061584,221807,59,4,False,Left,Front,Left,Centre,76
<_io.BytesIO object at 0x00000258DAB24E00>,0.25966116786003113,0.04171307012438774,-0.053831130266189575,221808,59,4,False,Left,Front,Left,Centre,76
<_io.BytesIO object at 0x00000258DAB244A0>,0.2963552176952362,0.04406685754656792,0.02337496355175972,221808,59,4,False,Left,Front,Left,Centre,76
<_io.BytesIO object at 0x00000258DAB5DCC0>,0.3032378554344177,0.030534520745277405,-0.05634491145610809,221808,59,4,False,Left,Front,Left,Centre,76
<_io.BytesIO object at 0x00000258DAB5D630>,0.23817548155784607,0.0008628640789538622,-0.06545845419168472,221808,59,4,False,Left,Front,Left,Centre,76
<_io.BytesIO object at 0x00000258DAB5D900>,0.2153697907924652,0.003050726605579257,0.003445348469540477,221808,59,4,False,Left,Front,Left,Centre,76
<_io.BytesIO object at 0x00000258DAB5D590>,0.7437006831169128,0.07657638937234879,-0.08598789572715759,221808,59,4,False,Left,Front,Left,Centre,76
<_io.BytesIO object at 0x00000258DAB1AC70>,0.7804713845252991,0.08125767111778259,-0.10655105113983154,221808,59,4,False,Left,Front,Left,Centre,76
<_io.BytesIO object at 0x00000258DAB1A2C0>,0.8067446351051331,0.0468214750289917,-0.09956982731819153,221808,59,4,False,Left,Front,Left,Centre,76
<_io.BytesIO object at 0x00000258DAB1A090>,0.8429300785064697,0.044754888862371445,-0.06059595197439194,221808,59,4,False,Left,Front,Left,Centre,76
<_io.BytesIO object at 0x00000258DAB1A720>,0.7921145558357239,0.08691009879112244,0.007902637124061584,221808,59,4,False,Left,Front,Left,Centre,76
<_io.BytesIO object at 0x00000258DAB26DB0>,0.25966590642929077,0.04172457754611969,-0.053820520639419556,221809,59,4,False,Left,Front,Left,Centre,76
<_io.BytesIO object at 0x00000258DAB1FC70>,0.2963530719280243,0.04407741501927376,0.023387694731354713,221809,59,4,False,Left,Front,Left,Centre,76
<_io.BytesIO object at 0x00000258DAB1FE50>,0.3032654821872711,0.03055509179830551,-0.056327927857637405,221809,59,4,False,Left,Front,Left,Centre,76
<_io.BytesIO object at 0x00000258D7D608B0>,0.23819318413734436,0.0008648022776469588,-0.06545811146497726,221809,59,4,False,Left,Front,Left,Centre,76
<_io.BytesIO object at 0x00000258D7D60180>,0.21537573635578156,0.0030587136279791594,0.0034500693436712027,221809,59,4,False,Left,Front,Left,Centre,76
<_io.BytesIO object at 0x00000258D7D60B80>,0.7437006831169128,0.07657638937234879,-0.08598789572715759,221809,59,4,False,Left,Front,Left,Centre,76
<_io.BytesIO object at 0x00000258D7D60680>,0.7804713845252991,0.08125767111778259,-0.10655105113983154,221809,59,4,False,Left,Front,Left,Centre,76
<_io.BytesIO object at 0x00000258D7D60310>,0.8067446351051331,0.0468214750289917,-0.09956982731819153,221809,59,4,False,Left,Front,Left,Centre,76
<_io.BytesIO object at 0x00000258D7D60860>,0.8429300785064697,0.044754888862371445,-0.06059595197439194,221809,59,4,False,Left,Front,Left,Centre,76
<_io.BytesIO object at 0x00000258DAB15C20>,0.7921145558357239,0.08691009879112244,0.007902637124061584,221809,59,4,False,Left,Front,Left,Centre,76
<_io.BytesIO object at 0x00000258D7D333B0>,0.2597540020942688,0.04174581170082092,-0.05380222201347351,221810,59,4,False,Left,Front,Left,Centre,76
<_io.BytesIO object at 0x00000258DAB3D220>,0.2963484525680542,0.04407515004277229,0.023394258692860603,221810,59,4,False,Left,Front,Left,Centre,76
<_io.BytesIO object at 0x00000258DAB3D1D0>,0.30327218770980835,0.03055604174733162,-0.05631858482956886,221810,59,4,False,Left,Front,Left,Centre,76
<_io.BytesIO object at 0x00000258DAB3D9F0>,0.23820807039737701,0.000868491071742028,-0.0654529333114624,221810,59,4,False,Left,Front,Left,Centre,76
<_io.BytesIO object at 0x00000258DAB3D8B0>,0.2153741866350174,0.003059516893699765,0.0034595124889165163,221810,59,4,False,Left,Front,Left,Centre,76
<_io.BytesIO object at 0x00000258DAB3D680>,0.7437006831169128,0.07657638937234879,-0.08598789572715759,221810,59,4,False,Left,Front,Left,Centre,76
<_io.BytesIO object at 0x00000258D7D43810>,0.7804713845252991,0.08125767111778259,-0.10655105113983154,221810,59,4,False,Left,Front,Left,Centre,76
<_io.BytesIO object at 0x00000258D7D43680>,0.8067446351051331,0.0468214750289917,-0.09956982731819153,221810,59,4,False,Left,Front,Left,Centre,76
<_io.BytesIO object at 0x00000258D7D437C0>,0.8429300785064697,0.044754888862371445,-0.06059595197439194,221810,59,4,False,Left,Front,Left,Centre,76
<_io.BytesIO object at 0x00000258D7D43770>,0.7921145558357239,0.08691009879112244,0.007902637124061584,221810,59,4,False,Left,Front,Left,Centre,76
<_io.BytesIO object at 0x00000258D7DC44F0>,0.2596820592880249,0.04173760488629341,-0.05381110683083534,221811,59,4,False,Left,Front,Left,Centre,76
<_io.BytesIO object at 0x00000258D7DC45E0>,0.2963505983352661,0.044080451130867004,0.023410620167851448,221811,59,4,False,Left,Front,Left,Centre,76
<_io.BytesIO object at 0x00000258D7D5E400>,0.303304523229599,0.03056551329791546,-0.056278977543115616,221811,59,4,False,Left,Front,Left,Centre,76
<_io.BytesIO object at 0x00000258D7D5E7C0>,0.23821581900119781,0.0008873773040249944,-0.06545119732618332,221811,59,4,False,Left,Front,Left,Centre,76
<_io.BytesIO object at 0x00000258D7D5EAE0>,0.2153800129890442,0.003060649149119854,0.0034616023767739534,221811,59,4,False,Left,Front,Left,Centre,76
<_io.BytesIO object at 0x00000258D7D5E5E0>,0.7437006831169128,0.07657638937234879,-0.08598789572715759,221811,59,4,False,Left,Front,Left,Centre,76
<_io.BytesIO object at 0x00000258D7D5E090>,0.7804713845252991,0.08125767111778259,-0.10655105113983154,221811,59,4,False,Left,Front,Left,Centre,76
<_io.BytesIO object at 0x00000258D7D5E590>,0.8067446351051331,0.0468214750289917,-0.09956982731819153,221811,59,4,False,Left,Front,Left,Centre,76
<_io.BytesIO object at 0x00000258DAC214A0>,0.8429300785064697,0.044754888862371445,-0.06059595197439194,221811,59,4,False,Left,Front,Left,Centre,76
<_io.BytesIO object at 0x00000258DAC21090>,0.7921145558357239,0.08691009879112244,0.007902637124061584,221811,59,4,False,Left,Front,Left,Centre,76
<_io.BytesIO object at 0x00000258D7DC4900>,0.25976958870887756,0.04175509139895439,-0.053781379014253616,221812,59,4,False,Left,Front,Left,Centre,76
<_io.BytesIO object at 0x00000258D7DC4D10>,0.29635530710220337,0.044090405106544495,0.02342398650944233,221812,59,4,False,Left,Front,Left,Centre,76
<_io.BytesIO object at 0x00000258D7DC4400>,0.30331382155418396,0.03056618571281433,-0.05626281350851059,221812,59,4,False,Left,Front,Left,Centre,76
<_io.BytesIO object at 0x00000258D2805680>,0.2382693588733673,0.0008631797390989959,-0.06543751060962677,221812,59,4,False,Left,Front,Left,Centre,76
<_io.BytesIO object at 0x00000258D28050E0>,0.2153826504945755,0.0030691777355968952,0.0034641327802091837,221812,59,4,False,Left,Front,Left,Centre,76
<_io.BytesIO object at 0x00000258D28052C0>,0.7437006831169128,0.07657638937234879,-0.08598789572715759,221812,59,4,False,Left,Front,Left,Centre,76
<_io.BytesIO object at 0x00000258D28054A0>,0.7804713845252991,0.08125767111778259,-0.10655105113983154,221812,59,4,False,Left,Front,Left,Centre,76
<_io.BytesIO object at 0x00000258D7D43130>,0.8067446351051331,0.0468214750289917,-0.09956982731819153,221812,59,4,False,Left,Front,Left,Centre,76
<_io.BytesIO object at 0x00000258D7D430E0>,0.8429300785064697,0.044754888862371445,-0.06059595197439194,221812,59,4,False,Left,Front,Left,Centre,76
<_io.BytesIO object at 0x00000258D7D43720>,0.7921145558357239,0.08691009879112244,0.007902637124061584,221812,59,4,False,Left,Front,Left,Centre,76
<_io.BytesIO object at 0x00000258DAB3D900>,0.2597786784172058,0.04176246002316475,-0.05377570912241936,221813,59,4,False,Left,Front,Left,Centre,76
<_io.BytesIO object at 0x00000258D7D33130>,0.29636070132255554,0.04409296438097954,0.023434242233633995,221813,59,4,False,Left,Front,Left,Centre,76
<_io.BytesIO object at 0x00000258D7D33A40>,0.30334872007369995,0.030586889013648033,-0.05624758079648018,221813,59,4,False,Left,Front,Left,Centre,76
<_io.BytesIO object at 0x00000258D7D33F90>,0.23828817903995514,0.0008814811008051038,-0.06542825698852539,221813,59,4,False,Left,Front,Left,Centre,76
<_io.BytesIO object at 0x00000258DAB15EA0>,0.21539269387722015,0.0030712655279785395,0.0034718799870461226,221813,59,4,False,Left,Front,Left,Centre,76
<_io.BytesIO object at 0x00000258DAB15AE0>,0.7437006831169128,0.07657638937234879,-0.08598789572715759,221813,59,4,False,Left,Front,Left,Centre,76
<_io.BytesIO object at 0x00000258DAB15E00>,0.7804713845252991,0.08125767111778259,-0.10655105113983154,221813,59,4,False,Left,Front,Left,Centre,76
<_io.BytesIO object at 0x00000258DAB159F0>,0.8067446351051331,0.0468214750289917,-0.09956982731819153,221813,59,4,False,Left,Front,Left,Centre,76
<_io.BytesIO object at 0x00000258DAB154F0>,0.8429300785064697,0.044754888862371445,-0.06059595197439194,221813,59,4,False,Left,Front,Left,Centre,76
<_io.BytesIO object at 0x00000258DAB153B0>,0.7921145558357239,0.08691009879112244,0.007902637124061584,221813,59,4,False,Left,Front,Left,Centre,76
<_io.BytesIO object at 0x00000258DAB1F680>,0.25978416204452515,0.04176364839076996,-0.05376549810171127,221814,59,4,False,Left,Front,Left,Centre,76
<_io.BytesIO object at 0x00000258DAB260E0>,0.29636409878730774,0.04409912973642349,0.02345277927815914,221814,59,4,False,Left,Front,Left,Centre,76
<_io.BytesIO object at 0x00000258DAB26900>,0.3033611476421356,0.030583951622247696,-0.056239835917949677,221814,59,4,False,Left,Front,Left,Centre,76
<_io.BytesIO object at 0x00000258DAB26D60>,0.23829351365566254,0.000888023292645812,-0.06542998552322388,221814,59,4,False,Left,Front,Left,Centre,76
<_io.BytesIO object at 0x00000258DAB26360>,0.21538972854614258,0.003084741299971938,0.0034818316344171762,221814,59,4,False,Left,Front,Left,Centre,76
<_io.BytesIO object at 0x00000258DAB26EA0>,0.7437006831169128,0.07657638937234879,-0.08598789572715759,221814,59,4,False,Left,Front,Left,Centre,76
<_io.BytesIO object at 0x00000258DAB1A770>,0.7804713845252991,0.08125767111778259,-0.10655105113983154,221814,59,4,False,Left,Front,Left,Centre,76
<_io.BytesIO object at 0x00000258DAB1AF90>,0.8067446351051331,0.0468214750289917,-0.09956982731819153,221814,59,4,False,Left,Front,Left,Centre,76
<_io.BytesIO object at 0x00000258DAB1AF40>,0.8429300785064697,0.044754888862371445,-0.06059595197439194,221814,59,4,False,Left,Front,Left,Centre,76
<_io.BytesIO object at 0x00000258DAB1AC20>,0.7921145558357239,0.08691009879112244,0.007902637124061584,221814,59,4,False,Left,Front,Left,Centre,76
<_io.BytesIO object at 0x00000258DAB24EF0>,0.2597982585430145,0.04176585003733635,-0.05376330390572548,221815,59,4,False,Left,Front,Left,Centre,76
<_io.BytesIO object at 0x00000258DAB24DB0>,0.296366423368454,0.044104333966970444,0.02346470206975937,221815,59,4,False,Left,Front,Left,Centre,76
<_io.BytesIO object at 0x00000258DAB39130>,0.30336636304855347,0.030581973493099213,-0.056224312633275986,221815,59,4,False,Left,Front,Left,Centre,76
<_io.BytesIO object at 0x00000258DAB39540>,0.238307386636734,0.0008942142012529075,-0.06543133407831192,221815,59,4,False,Left,Front,Left,Centre,76
<_io.BytesIO object at 0x00000258DAB39DB0>,0.21538837254047394,0.0030857794918119907,0.003491249168291688,221815,59,4,False,Left,Front,Left,Centre,76
<_io.BytesIO object at 0x00000258DAB398B0>,0.7437006831169128,0.07657638937234879,-0.08598789572715759,221815,59,4,False,Left,Front,Left,Centre,76
<_io.BytesIO object at 0x00000258DAB399A0>,0.7804713845252991,0.08125767111778259,-0.10655105113983154,221815,59,4,False,Left,Front,Left,Centre,76
<_io.BytesIO object at 0x00000258DAB39090>,0.8067446351051331,0.0468214750289917,-0.09956982731819153,221815,59,4,False,Left,Front,Left,Centre,76
<_io.BytesIO object at 0x00000258DAB395E0>,0.8429300785064697,0.044754888862371445,-0.06059595197439194,221815,59,4,False,Left,Front,Left,Centre,76
<_io.BytesIO object at 0x00000258D7D24B80>,0.7921145558357239,0.08691009879112244,0.007902637124061584,221815,59,4,False,Left,Front,Left,Centre,76
<_io.BytesIO object at 0x00000258DAC21D60>,0.259805828332901,0.041778650134801865,-0.05375602841377258,221816,59,4,False,Left,Front,Left,Centre,76
<_io.BytesIO object at 0x00000258DAC21180>,0.2963673174381256,0.044107742607593536,0.02347348816692829,221816,59,4,False,Left,Front,Left,Centre,76
<_io.BytesIO object at 0x00000258DAC21C70>,0.30337294936180115,0.030593007802963257,-0.05621545389294624,221816,59,4,False,Left,Front,Left,Centre,76
<_io.BytesIO object at 0x00000258DAC21090>,0.23832303285598755,0.0009060098091140389,-0.06542816013097763,221816,59,4,False,Left,Front,Left,Centre,76
<_io.BytesIO object at 0x00000258DAC21EA0>,0.21538661420345306,0.0030961940065026283,0.003492642194032669,221816,59,4,False,Left,Front,Left,Centre,76
<_io.BytesIO object at 0x00000258DAC217C0>,0.7437006831169128,0.07657638937234879,-0.08598789572715759,221816,59,4,False,Left,Front,Left,Centre,76
<_io.BytesIO object at 0x00000258DAC21A40>,0.7804713845252991,0.08125767111778259,-0.10655105113983154,221816,59,4,False,Left,Front,Left,Centre,76
<_io.BytesIO object at 0x00000258D7D49E50>,0.8067446351051331,0.0468214750289917,-0.09956982731819153,221816,59,4,False,Left,Front,Left,Centre,76
<_io.BytesIO object at 0x00000258D7D49C70>,0.8429300785064697,0.044754888862371445,-0.06059595197439194,221816,59,4,False,Left,Front,Left,Centre,76
<_io.BytesIO object at 0x00000258D7D49B80>,0.7921145558357239,0.08691009879112244,0.007902637124061584,221816,59,4,False,Left,Front,Left,Centre,76
<_io.BytesIO object at 0x00000258DAB391D0>,0.2598154842853546,0.041769564151763916,-0.05375361070036888,221817,59,4,False,Left,Front,Left,Centre,76
<_io.BytesIO object at 0x00000258DAB24B30>,0.29637086391448975,0.04411538690328598,0.02347739040851593,221817,59,4,False,Left,Front,Left,Centre,76
<_io.BytesIO object at 0x00000258DAB24770>,0.3033808767795563,0.030588246881961823,-0.05620432272553444,221817,59,4,False,Left,Front,Left,Centre,76
<_io.BytesIO object at 0x00000258DAB24F90>,0.23836500942707062,0.0009113579289987683,-0.0654374286532402,221817,59,4,False,Left,Front,Left,Centre,76
<_io.BytesIO object at 0x00000258DAB244A0>,0.215387761592865,0.0031019537709653378,0.0035021218936890364,221817,59,4,False,Left,Front,Left,Centre,76
<_io.BytesIO object at 0x00000258DAB5DC70>,0.7437006831169128,0.07657638937234879,-0.08598789572715759,221817,59,4,False,Left,Front,Left,Centre,76
<_io.BytesIO object at 0x00000258DAB5DBD0>,0.7804713845252991,0.08125767111778259,-0.10655105113983154,221817,59,4,False,Left,Front,Left,Centre,76
<_io.BytesIO object at 0x00000258DAB5DC20>,0.8067446351051331,0.0468214750289917,-0.09956982731819153,221817,59,4,False,Left,Front,Left,Centre,76
<_io.BytesIO object at 0x00000258DAB5D770>,0.8429300785064697,0.044754888862371445,-0.06059595197439194,221817,59,4,False,Left,Front,Left,Centre,76
<_io.BytesIO object at 0x00000258DAB1ABD0>,0.7921145558357239,0.08691009879112244,0.007902637124061584,221817,59,4,False,Left,Front,Left,Centre,76
<_io.BytesIO object at 0x00000258DAB26400>,0.2598227560520172,0.04177255928516388,-0.05375206470489502,221818,59,4,False,Left,Front,Left,Centre,76
<_io.BytesIO object at 0x00000258DAB26770>,0.29637277126312256,0.044114697724580765,0.023484470322728157,221818,59,4,False,Left,Front,Left,Centre,76
<_io.BytesIO object at 0x00000258DAB1FC20>,0.3034019470214844,0.0305948406457901,-0.0561736598610878,221818,59,4,False,Left,Front,Left,Centre,76
<_io.BytesIO object at 0x00000258DAB1F8B0>,0.2383757084608078,0.0009094146662391722,-0.06543657183647156,221818,59,4,False,Left,Front,Left,Centre,76
<_io.BytesIO object at 0x00000258DAB1FCC0>,0.21539579331874847,0.003087165765464306,0.003502609906718135,221818,59,4,False,Left,Front,Left,Centre,76
<_io.BytesIO object at 0x00000258DAB1FE50>,0.7437006831169128,0.07657638937234879,-0.08598789572715759,221818,59,4,False,Left,Front,Left,Centre,76
<_io.BytesIO object at 0x00000258D7D609A0>,0.7804713845252991,0.08125767111778259,-0.10655105113983154,221818,59,4,False,Left,Front,Left,Centre,76
<_io.BytesIO object at 0x00000258D7D60B30>,0.8067446351051331,0.0468214750289917,-0.09956982731819153,221818,59,4,False,Left,Front,Left,Centre,76
<_io.BytesIO object at 0x00000258D7D602C0>,0.8429300785064697,0.044754888862371445,-0.06059595197439194,221818,59,4,False,Left,Front,Left,Centre,76
<_io.BytesIO object at 0x00000258D7D60EA0>,0.7921145558357239,0.08691009879112244,0.007902637124061584,221818,59,4,False,Left,Front,Left,Centre,76
<_io.BytesIO object at 0x00000258D7D33BD0>,0.2598269581794739,0.04177287220954895,-0.05375102534890175,221819,59,4,False,Left,Front,Left,Centre,76
<_io.BytesIO object at 0x00000258D7D339F0>,0.29637065529823303,0.0441068559885025,0.023485567420721054,221819,59,4,False,Left,Front,Left,Centre,76
<_io.BytesIO object at 0x00000258DAB3DE00>,0.30340802669525146,0.030590470880270004,-0.05617598444223404,221819,59,4,False,Left,Front,Left,Centre,76
<_io.BytesIO object at 0x00000258DAB3D950>,0.23838721215724945,0.000915945041924715,-0.06544748693704605,221819,59,4,False,Left,Front,Left,Centre,76
<_io.BytesIO object at 0x00000258DAB3D450>,0.21539853513240814,0.003094994928687811,0.003499389160424471,221819,59,4,False,Left,Front,Left,Centre,76
<_io.BytesIO object at 0x00000258DAB3DC70>,0.7437006831169128,0.07657638937234879,-0.08598789572715759,221819,59,4,False,Left,Front,Left,Centre,76
<_io.BytesIO object at 0x00000258DAB3DF90>,0.7804713845252991,0.08125767111778259,-0.10655105113983154,221819,59,4,False,Left,Front,Left,Centre,76
<_io.BytesIO object at 0x00000258DAB3D630>,0.8067446351051331,0.0468214750289917,-0.09956982731819153,221819,59,4,False,Left,Front,Left,Centre,76
<_io.BytesIO object at 0x00000258DAB3D090>,0.8429300785064697,0.044754888862371445,-0.06059595197439194,221819,59,4,False,Left,Front,Left,Centre,76
<_io.BytesIO object at 0x00000258D7D437C0>,0.7921145558357239,0.08691009879112244,0.007902637124061584,221819,59,4,False,Left,Front,Left,Centre,76
<_io.BytesIO object at 0x00000258D7DC4D10>,0.25982731580734253,0.04177551716566086,-0.05376417189836502,221820,59,4,False,Left,Front,Left,Centre,76
<_io.BytesIO object at 0x00000258D7DC4D60>,0.29637494683265686,0.04410611465573311,0.023483043536543846,221820,59,4,False,Left,Front,Left,Centre,76
<_io.BytesIO object at 0x00000258D7DC44A0>,0.30341464281082153,0.030593162402510643,-0.056176718324422836,221820,59,4,False,Left,Front,Left,Centre,76
<_io.BytesIO object at 0x00000258D7DC4CC0>,0.2383936643600464,0.0009220701176673174,-0.06545562297105789,221820,59,4,False,Left,Front,Left,Centre,76
<_io.BytesIO object at 0x00000258D7D5EA40>,0.21539925038814545,0.0030962775927037,0.0034913411363959312,221820,59,4,False,Left,Front,Left,Centre,76
<_io.BytesIO object at 0x00000258D7D5E2C0>,0.7437006831169128,0.07657638937234879,-0.08598789572715759,221820,59,4,False,Left,Front,Left,Centre,76
<_io.BytesIO object at 0x00000258D7D5E680>,0.7804713845252991,0.08125767111778259,-0.10655105113983154,221820,59,4,False,Left,Front,Left,Centre,76
<_io.BytesIO object at 0x00000258D7D5E360>,0.8067446351051331,0.0468214750289917,-0.09956982731819153,221820,59,4,False,Left,Front,Left,Centre,76
<_io.BytesIO object at 0x00000258D7D5EC70>,0.8429300785064697,0.044754888862371445,-0.06059595197439194,221820,59,4,False,Left,Front,Left,Centre,76
<_io.BytesIO object at 0x00000258D7D5E220>,0.7921145558357239,0.08691009879112244,0.007902637124061584,221820,59,4,False,Left,Front,Left,Centre,76
<_io.BytesIO object at 0x00000258D7DC4810>,0.2598317563533783,0.041781891137361526,-0.05376463755965233,221821,59,4,False,Left,Front,Left,Centre,76
<_io.BytesIO object at 0x00000258D2805900>,0.29637396335601807,0.044106535613536835,0.023476194590330124,221821,59,4,False,Left,Front,Left,Centre,76
<_io.BytesIO object at 0x00000258D2805310>,0.303422212600708,0.0305931493639946,-0.05617484822869301,221821,59,4,False,Left,Front,Left,Centre,76
<_io.BytesIO object at 0x00000258D7D43630>,0.23839372396469116,0.0009261646773666143,-0.06546279042959213,221821,59,4,False,Left,Front,Left,Centre,76
<_io.BytesIO object at 0x00000258D7D43040>,0.21540339291095734,0.003096736501902342,0.003484465414658189,221821,59,4,False,Left,Front,Left,Centre,76
<_io.BytesIO object at 0x00000258D7D43860>,0.7437006831169128,0.07657638937234879,-0.08598789572715759,221821,59,4,False,Left,Front,Left,Centre,76
<_io.BytesIO object at 0x00000258D7D435E0>,0.7804713845252991,0.08125767111778259,-0.10655105113983154,221821,59,4,False,Left,Front,Left,Centre,76
<_io.BytesIO object at 0x00000258D7D432C0>,0.8067446351051331,0.0468214750289917,-0.09956982731819153,221821,59,4,False,Left,Front,Left,Centre,76
<_io.BytesIO object at 0x00000258D7D43310>,0.8429300785064697,0.044754888862371445,-0.06059595197439194,221821,59,4,False,Left,Front,Left,Centre,76
<_io.BytesIO object at 0x00000258D7D43EF0>,0.7921145558357239,0.08691009879112244,0.007902637124061584,221821,59,4,False,Left,Front,Left,Centre,76
<_io.BytesIO object at 0x00000258D7D33720>,0.2598353922367096,0.04177691414952278,-0.0537722073495388,221822,59,4,False,Left,Front,Left,Centre,76
<_io.BytesIO object at 0x00000258D7D33950>,0.2963721752166748,0.04410925880074501,0.02347496896982193,221822,59,4,False,Left,Front,Left,Centre,76
<_io.BytesIO object at 0x00000258DAB15130>,0.3034268617630005,0.030594192445278168,-0.05617962405085564,221822,59,4,False,Left,Front,Left,Centre,76
<_io.BytesIO object at 0x00000258DAB159A0>,0.23840469121932983,0.0009332175832241774,-0.06547271460294724,221822,59,4,False,Left,Front,Left,Centre,76
<_io.BytesIO object at 0x00000258DAB15D10>,0.2154027372598648,0.0030962710734456778,0.0034827126655727625,221822,59,4,False,Left,Front,Left,Centre,76
<_io.BytesIO object at 0x00000258DAB15E50>,0.7437006831169128,0.07657638937234879,-0.08598789572715759,221822,59,4,False,Left,Front,Left,Centre,76
<_io.BytesIO object at 0x00000258DAB15680>,0.7804713845252991,0.08125767111778259,-0.10655105113983154,221822,59,4,False,Left,Front,Left,Centre,76
<_io.BytesIO object at 0x00000258D7D60720>,0.8067446351051331,0.0468214750289917,-0.09956982731819153,221822,59,4,False,Left,Front,Left,Centre,76
<_io.BytesIO object at 0x00000258D7D60D60>,0.8429300785064697,0.044754888862371445,-0.06059595197439194,221822,59,4,False,Left,Front,Left,Centre,76
<_io.BytesIO object at 0x00000258D7D60D10>,0.7921145558357239,0.08691009879112244,0.007902637124061584,221822,59,4,False,Left,Front,Left,Centre,76
<_io.BytesIO object at 0x00000258DAB260E0>,0.25985440611839294,0.04177780821919441,-0.05381005257368088,221823,59,4,False,Left,Front,Left,Centre,76
<_io.BytesIO object at 0x00000258DAB264F0>,0.29637542366981506,0.04410158470273018,0.023463916033506393,221823,59,4,False,Left,Front,Left,Centre,76
<_io.BytesIO object at 0x00000258DAB1A900>,0.30342838168144226,0.03060249797999859,-0.056184932589530945,221823,59,4,False,Left,Front,Left,Centre,76
<_io.BytesIO object at 0x00000258DAB1ACC0>,0.23840618133544922,0.0009383648284710944,-0.06547880917787552,221823,59,4,False,Left,Front,Left,Centre,76
<_io.BytesIO object at 0x00000258DAB1AF40>,0.21541015803813934,0.0030899387784302235,0.0034738422837108374,221823,59,4,False,Left,Front,Left,Centre,76
<_io.BytesIO object at 0x00000258DAB1AA90>,0.7437006831169128,0.07657638937234879,-0.08598789572715759,221823,59,4,False,Left,Front,Left,Centre,76
<_io.BytesIO object at 0x00000258DAB1AE00>,0.7804713845252991,0.08125767111778259,-0.10655105113983154,221823,59,4,False,Left,Front,Left,Centre,76
<_io.BytesIO object at 0x00000258DAB1A4A0>,0.8067446351051331,0.0468214750289917,-0.09956982731819153,221823,59,4,False,Left,Front,Left,Centre,76
<_io.BytesIO object at 0x00000258DAB1A590>,0.8429300785064697,0.044754888862371445,-0.06059595197439194,221823,59,4,False,Left,Front,Left,Centre,76
<_io.BytesIO object at 0x00000258DAB1AD10>,0.7921145558357239,0.08691009879112244,0.007902637124061584,221823,59,4,False,Left,Front,Left,Centre,76
<_io.BytesIO object at 0x00000258DAB24D60>,0.25985509157180786,0.04178686812520027,-0.05381966754794121,221824,59,4,False,Left,Front,Left,Centre,76
<_io.BytesIO object at 0x00000258DAB39F90>,0.2963728904724121,0.04409573972225189,0.023461105301976204,221824,59,4,False,Left,Front,Left,Centre,76
<_io.BytesIO object at 0x00000258DAB39DB0>,0.3034259080886841,0.03060716949403286,-0.05619530752301216,221824,59,4,False,Left,Front,Left,Centre,76
<_io.BytesIO object at 0x00000258DAB39BD0>,0.2384178340435028,0.0009364254656247795,-0.06549643725156784,221824,59,4,False,Left,Front,Left,Centre,76
<_io.BytesIO object at 0x00000258DAB39360>,0.21539939939975739,0.0030956673435866833,0.003475251141935587,221824,59,4,False,Left,Front,Left,Centre,76
<_io.BytesIO object at 0x00000258DAB39D60>,0.7437006831169128,0.07657638937234879,-0.08598789572715759,221824,59,4,False,Left,Front,Left,Centre,76
<_io.BytesIO object at 0x00000258DAB399F0>,0.7804713845252991,0.08125767111778259,-0.10655105113983154,221824,59,4,False,Left,Front,Left,Centre,76
<_io.BytesIO object at 0x00000258D7D495E0>,0.8067446351051331,0.0468214750289917,-0.09956982731819153,221824,59,4,False,Left,Front,Left,Centre,76
<_io.BytesIO object at 0x00000258D7D49810>,0.8429300785064697,0.044754888862371445,-0.06059595197439194,221824,59,4,False,Left,Front,Left,Centre,76
<_io.BytesIO object at 0x00000258D7D49C20>,0.7921145558357239,0.08691009879112244,0.007902637124061584,221824,59,4,False,Left,Front,Left,Centre,76
<_io.BytesIO object at 0x00000258D7D49F90>,0.25984254479408264,0.04179145023226738,-0.053785067051649094,221825,59,4,False,Left,Front,Left,Centre,76
<_io.BytesIO object at 0x00000258DAB39400>,0.29637303948402405,0.04409235715866089,0.023450210690498352,221825,59,4,False,Left,Front,Left,Centre,76
<_io.BytesIO object at 0x00000258DAB39630>,0.303417444229126,0.030609993264079094,-0.056224822998046875,221825,59,4,False,Left,Front,Left,Centre,76
<_io.BytesIO object at 0x00000258DAB39EA0>,0.23841887712478638,0.0009373252396471798,-0.06550577282905579,221825,59,4,False,Left,Front,Left,Centre,76
<_io.BytesIO object at 0x00000258DAB39CC0>,0.21540884673595428,0.003091648453846574,0.003463891102001071,221825,59,4,False,Left,Front,Left,Centre,76
<_io.BytesIO object at 0x00000258D7D24270>,0.7437006831169128,0.07657638937234879,-0.08598789572715759,221825,59,4,False,Left,Front,Left,Centre,76
<_io.BytesIO object at 0x00000258D7D24A90>,0.7804713845252991,0.08125767111778259,-0.10655105113983154,221825,59,4,False,Left,Front,Left,Centre,76
<_io.BytesIO object at 0x00000258DAB24DB0>,0.8067446351051331,0.0468214750289917,-0.09956982731819153,221825,59,4,False,Left,Front,Left,Centre,76
<_io.BytesIO object at 0x00000258DAB24950>,0.8429300785064697,0.044754888862371445,-0.06059595197439194,221825,59,4,False,Left,Front,Left,Centre,76
<_io.BytesIO object at 0x00000258DAB24400>,0.7921145558357239,0.08691009879112244,0.007902637124061584,221825,59,4,False,Left,Front,Left,Centre,76
<_io.BytesIO object at 0x00000258DAB1A270>,0.25985363125801086,0.04179321229457855,-0.053828995674848557,221826,59,4,False,Left,Front,Left,Centre,76
<_io.BytesIO object at 0x00000258DAB1A680>,0.29637235403060913,0.0441003181040287,0.023450158536434174,221826,59,4,False,Left,Front,Left,Centre,76
<_io.BytesIO object at 0x00000258DAB26540>,0.3034267723560333,0.030614836141467094,-0.05619512498378754,221826,59,4,False,Left,Front,Left,Centre,76
<_io.BytesIO object at 0x00000258DAB267C0>,0.23843176662921906,0.0009380884002894163,-0.0655154138803482,221826,59,4,False,Left,Front,Left,Centre,76
<_io.BytesIO object at 0x00000258DAB26AE0>,0.21540690958499908,0.003096355590969324,0.0034697551745921373,221826,59,4,False,Left,Front,Left,Centre,76
<_io.BytesIO object at 0x00000258DAB26D10>,0.7437006831169128,0.07657638937234879,-0.08598789572715759,221826,59,4,False,Left,Front,Left,Centre,76
<_io.BytesIO object at 0x00000258DAB26F90>,0.7804713845252991,0.08125767111778259,-0.10655105113983154,221826,59,4,False,Left,Front,Left,Centre,76
<_io.BytesIO object at 0x00000258DAB26720>,0.8067446351051331,0.0468214750289917,-0.09956982731819153,221826,59,4,False,Left,Front,Left,Centre,76
<_io.BytesIO object at 0x00000258DAB26400>,0.8429300785064697,0.044754888862371445,-0.06059595197439194,221826,59,4,False,Left,Front,Left,Centre,76
<_io.BytesIO object at 0x00000258DAB1FA90>,0.7921145558357239,0.08691009879112244,0.007902637124061584,221826,59,4,False,Left,Front,Left,Centre,76
<_io.BytesIO object at 0x00000258DAB15540>,0.2598564624786377,0.041792336851358414,-0.05381733924150467,221827,59,4,False,Left,Front,Left,Centre,76
<_io.BytesIO object at 0x00000258DAB15090>,0.29637613892555237,0.04409325495362282,0.023448893800377846,221827,59,4,False,Left,Front,Left,Centre,76
<_io.BytesIO object at 0x00000258D7D33220>,0.3034202456474304,0.03061610460281372,-0.05622205510735512,221827,59,4,False,Left,Front,Left,Centre,76
<_io.BytesIO object at 0x00000258D7D33C70>,0.23843766748905182,0.0009372960776090622,-0.06552371382713318,221827,59,4,False,Left,Front,Left,Centre,76
<_io.BytesIO object at 0x00000258D7D33D60>,0.21541708707809448,0.003083151066675782,0.0034630473237484694,221827,59,4,False,Left,Front,Left,Centre,76
<_io.BytesIO object at 0x00000258D7D33F40>,0.7437006831169128,0.07657638937234879,-0.08598789572715759,221827,59,4,False,Left,Front,Left,Centre,76
<_io.BytesIO object at 0x00000258D7D33630>,0.7804713845252991,0.08125767111778259,-0.10655105113983154,221827,59,4,False,Left,Front,Left,Centre,76
<_io.BytesIO object at 0x00000258D7D33EF0>,0.8067446351051331,0.0468214750289917,-0.09956982731819153,221827,59,4,False,Left,Front,Left,Centre,76
<_io.BytesIO object at 0x00000258D7D333B0>,0.8429300785064697,0.044754888862371445,-0.06059595197439194,221827,59,4,False,Left,Front,Left,Centre,76
<_io.BytesIO object at 0x00000258DAB3DBD0>,0.7921145558357239,0.08691009879112244,0.007902637124061584,221827,59,4,False,Left,Front,Left,Centre,76
<_io.BytesIO object at 0x00000258D7D43630>,0.2598583996295929,0.04179210960865021,-0.05382029339671135,221828,59,4,False,Left,Front,Left,Centre,76
<_io.BytesIO object at 0x00000258D2805900>,0.29637718200683594,0.044089868664741516,0.023454472422599792,221828,59,4,False,Left,Front,Left,Centre,76
<_io.BytesIO object at 0x00000258D7DC48B0>,0.30343005061149597,0.030607795342803,-0.05621941015124321,221828,59,4,False,Left,Front,Left,Centre,76
<_io.BytesIO object at 0x00000258D7DC4A40>,0.2384418249130249,0.0009302484104409814,-0.06552140414714813,221828,59,4,False,Left,Front,Left,Centre,76
<_io.BytesIO object at 0x00000258D7DC4B80>,0.21541602909564972,0.0030846400186419487,0.003467692295089364,221828,59,4,False,Left,Front,Left,Centre,76
<_io.BytesIO object at 0x00000258D7DC49F0>,0.7437006831169128,0.07657638937234879,-0.08598789572715759,221828,59,4,False,Left,Front,Left,Centre,76
<_io.BytesIO object at 0x00000258D7DC4680>,0.7804713845252991,0.08125767111778259,-0.10655105113983154,221828,59,4,False,Left,Front,Left,Centre,76
<_io.BytesIO object at 0x00000258D7DC4AE0>,0.8067446351051331,0.0468214750289917,-0.09956982731819153,221828,59,4,False,Left,Front,Left,Centre,76
<_io.BytesIO object at 0x00000258D7DC49A0>,0.8429300785064697,0.044754888862371445,-0.06059595197439194,221828,59,4,False,Left,Front,Left,Centre,76
<_io.BytesIO object at 0x00000258D7DC4EF0>,0.7921145558357239,0.08691009879112244,0.007902637124061584,221828,59,4,False,Left,Front,Left,Centre,76
<_io.BytesIO object at 0x00000258DAC21270>,0.259861022233963,0.041781581938266754,-0.053817231208086014,221829,59,4,False,Left,Front,Left,Centre,76
<_io.BytesIO object at 0x00000258DAC21900>,0.29637452960014343,0.04409566521644592,0.023460814729332924,221829,59,4,False,Left,Front,Left,Centre,76
<_io.BytesIO object at 0x00000258DAC21C70>,0.3034331500530243,0.030610106885433197,-0.056191083043813705,221829,59,4,False,Left,Front,Left,Centre,76
<_io.BytesIO object at 0x00000258DAC21590>,0.23843741416931152,0.0009394492371939123,-0.06551401317119598,221829,59,4,False,Left,Front,Left,Centre,76
<_io.BytesIO object at 0x00000258DAC21770>,0.21541526913642883,0.0030861275736242533,0.003467610804364085,221829,59,4,False,Left,Front,Left,Centre,76
<_io.BytesIO object at 0x00000258DAC21E00>,0.7437006831169128,0.07657638937234879,-0.08598789572715759,221829,59,4,False,Left,Front,Left,Centre,76
<_io.BytesIO object at 0x00000258D7D5E8B0>,0.7804713845252991,0.08125767111778259,-0.10655105113983154,221829,59,4,False,Left,Front,Left,Centre,76
<_io.BytesIO object at 0x00000258D7D5EF90>,0.8067446351051331,0.0468214750289917,-0.09956982731819153,221829,59,4,False,Left,Front,Left,Centre,76
<_io.BytesIO object at 0x00000258D7D5E770>,0.8429300785064697,0.044754888862371445,-0.06059595197439194,221829,59,4,False,Left,Front,Left,Centre,76
<_io.BytesIO object at 0x00000258D7D5E360>,0.7921145558357239,0.08691009879112244,0.007902637124061584,221829,59,4,False,Left,Front,Left,Centre,76
<_io.BytesIO object at 0x00000258D2805400>,0.25984007120132446,0.04179365560412407,-0.05376548320055008,221830,59,4,False,Left,Front,Left,Centre,76
<_io.BytesIO object at 0x00000258DAB3DE50>,0.29637327790260315,0.044102661311626434,0.02346796914935112,221830,59,4,False,Left,Front,Left,Centre,76
<_io.BytesIO object at 0x00000258DAB3DB30>,0.3034276068210602,0.030619265511631966,-0.056180670857429504,221830,59,4,False,Left,Front,Left,Centre,76
<_io.BytesIO object at 0x00000258DAB3D720>,0.2384340912103653,0.0009538763551972806,-0.06550759822130203,221830,59,4,False,Left,Front,Left,Centre,76
<_io.BytesIO object at 0x00000258DAB3D900>,0.2154054343700409,0.003091448452323675,0.003480123123154044,221830,59,4,False,Left,Front,Left,Centre,76
<_io.BytesIO object at 0x00000258D7D33270>,0.7437006831169128,0.07657638937234879,-0.08598789572715759,221830,59,4,False,Left,Front,Left,Centre,76
<_io.BytesIO object at 0x00000258D7D336D0>,0.7804713845252991,0.08125767111778259,-0.10655105113983154,221830,59,4,False,Left,Front,Left,Centre,76
<_io.BytesIO object at 0x00000258D7D33680>,0.8067446351051331,0.0468214750289917,-0.09956982731819153,221830,59,4,False,Left,Front,Left,Centre,76
<_io.BytesIO object at 0x00000258D7D33EA0>,0.8429300785064697,0.044754888862371445,-0.06059595197439194,221830,59,4,False,Left,Front,Left,Centre,76
<_io.BytesIO object at 0x00000258D7D33810>,0.7921145558357239,0.08691009879112244,0.007902637124061584,221830,59,4,False,Left,Front,Left,Centre,76
<_io.BytesIO object at 0x00000258D7D60AE0>,0.25984400510787964,0.04176295921206474,-0.05373317748308182,221831,59,4,False,Left,Front,Left,Centre,76
<_io.BytesIO object at 0x00000258DAB1F130>,0.29637041687965393,0.044105228036642075,0.023481395095586777,221831,59,4,False,Left,Front,Left,Centre,76
<_io.BytesIO object at 0x00000258DAB1F0E0>,0.30342650413513184,0.03062260150909424,-0.05615762993693352,221831,59,4,False,Left,Front,Left,Centre,76
<_io.BytesIO object at 0x00000258DAB1F810>,0.23843905329704285,0.0009463037713430822,-0.06549634039402008,221831,59,4,False,Left,Front,Left,Centre,76
<_io.BytesIO object at 0x00000258DAB1FBD0>,0.21540674567222595,0.003095444291830063,0.0034871711395680904,221831,59,4,False,Left,Front,Left,Centre,76
<_io.BytesIO object at 0x00000258DAB265E0>,0.7437006831169128,0.07657638937234879,-0.08598789572715759,221831,59,4,False,Left,Front,Left,Centre,76
<_io.BytesIO object at 0x00000258DAB26400>,0.7804713845252991,0.08125767111778259,-0.10655105113983154,221831,59,4,False,Left,Front,Left,Centre,76
<_io.BytesIO object at 0x00000258DAB26680>,0.8067446351051331,0.0468214750289917,-0.09956982731819153,221831,59,4,False,Left,Front,Left,Centre,76
<_io.BytesIO object at 0x00000258DAB26C70>,0.8429300785064697,0.044754888862371445,-0.06059595197439194,221831,59,4,False,Left,Front,Left,Centre,76
<_io.BytesIO object at 0x00000258DAB26900>,0.7921145558357239,0.08691009879112244,0.007902637124061584,221831,59,4,False,Left,Front,Left,Centre,76
<_io.BytesIO object at 0x00000258D7D43400>,0.2598317861557007,0.041800711303949356,-0.05372460559010506,221832,59,4,False,Left,Front,Left,Centre,76
<_io.BytesIO object at 0x00000258D7D43A40>,0.29637059569358826,0.04410608485341072,0.023492850363254547,221832,59,4,False,Left,Front,Left,Centre,76
<_io.BytesIO object at 0x00000258D7D43090>,0.3034220039844513,0.030639568343758583,-0.056144244968891144,221832,59,4,False,Left,Front,Left,Centre,76
<_io.BytesIO object at 0x00000258D7D43E00>,0.2384263277053833,0.0009461865993216634,-0.0654820054769516,221832,59,4,False,Left,Front,Left,Centre,76
<_io.BytesIO object at 0x00000258DAB5D9F0>,0.2154036909341812,0.003093698527663946,0.003496782621368766,221832,59,4,False,Left,Front,Left,Centre,76
<_io.BytesIO object at 0x00000258DAB5DAE0>,0.7437006831169128,0.07657638937234879,-0.08598789572715759,221832,59,4,False,Left,Front,Left,Centre,76
<_io.BytesIO object at 0x00000258DAB5D630>,0.7804713845252991,0.08125767111778259,-0.10655105113983154,221832,59,4,False,Left,Front,Left,Centre,76
<_io.BytesIO object at 0x00000258DAB5D810>,0.8067446351051331,0.0468214750289917,-0.09956982731819153,221832,59,4,False,Left,Front,Left,Centre,76
<_io.BytesIO object at 0x00000258DAB247C0>,0.8429300785064697,0.044754888862371445,-0.06059595197439194,221832,59,4,False,Left,Front,Left,Centre,76
<_io.BytesIO object at 0x00000258DAB249F0>,0.7921145558357239,0.08691009879112244,0.007902637124061584,221832,59,4,False,Left,Front,Left,Centre,76
<_io.BytesIO object at 0x00000258DAB393B0>,0.25983211398124695,0.04176780581474304,-0.05369303748011589,221833,59,4,False,Left,Front,Left,Centre,76
<_io.BytesIO object at 0x00000258D7D49860>,0.2963710427284241,0.044112011790275574,0.02350548468530178,221833,59,4,False,Left,Front,Left,Centre,76
<_io.BytesIO object at 0x00000258D7D49C20>,0.30342358350753784,0.030643055215477943,-0.056131843477487564,221833,59,4,False,Left,Front,Left,Centre,76
<_io.BytesIO object at 0x00000258D7D49B30>,0.23842883110046387,0.0009493189281783998,-0.06548113375902176,221833,59,4,False,Left,Front,Left,Centre,76
<_io.BytesIO object at 0x00000258D7D490E0>,0.21540284156799316,0.003089350648224354,0.003505802247673273,221833,59,4,False,Left,Front,Left,Centre,76
<_io.BytesIO object at 0x00000258D7D49770>,0.7437006831169128,0.07657638937234879,-0.08598789572715759,221833,59,4,False,Left,Front,Left,Centre,76
<_io.BytesIO object at 0x00000258D7D303B0>,0.7804713845252991,0.08125767111778259,-0.10655105113983154,221833,59,4,False,Left,Front,Left,Centre,76
<_io.BytesIO object at 0x00000258D7D30400>,0.8067446351051331,0.0468214750289917,-0.09956982731819153,221833,59,4,False,Left,Front,Left,Centre,76
<_io.BytesIO object at 0x00000258D7D49D60>,0.8429300785064697,0.044754888862371445,-0.06059595197439194,221833,59,4,False,Left,Front,Left,Centre,76
<_io.BytesIO object at 0x00000258D7D494F0>,0.7921145558357239,0.08691009879112244,0.007902637124061584,221833,59,4,False,Left,Front,Left,Centre,76
<_io.BytesIO object at 0x00000258DAB243B0>,0.25983238220214844,0.041778527200222015,-0.05366735905408859,221834,59,4,False,Left,Front,Left,Centre,76
<_io.BytesIO object at 0x00000258DAB24400>,0.2963702976703644,0.044112853705883026,0.02351631037890911,221834,59,4,False,Left,Front,Left,Centre,76
<_io.BytesIO object at 0x00000258DAB24AE0>,0.30342841148376465,0.030645543709397316,-0.05612821877002716,221834,59,4,False,Left,Front,Left,Centre,76
<_io.BytesIO object at 0x00000258DAB247C0>,0.23842556774616241,0.0009560375474393368,-0.06546749174594879,221834,59,4,False,Left,Front,Left,Centre,76
<_io.BytesIO object at 0x00000258DAB5D7C0>,0.21540524065494537,0.0031027640216052532,0.003514824202284217,221834,59,4,False,Left,Front,Left,Centre,76
<_io.BytesIO object at 0x00000258DAB5DE50>,0.7437006831169128,0.07657638937234879,-0.08598789572715759,221834,59,4,False,Left,Front,Left,Centre,76
<_io.BytesIO object at 0x00000258DAB5DAE0>,0.7804713845252991,0.08125767111778259,-0.10655105113983154,221834,59,4,False,Left,Front,Left,Centre,76
<_io.BytesIO object at 0x00000258DAB5D8B0>,0.8067446351051331,0.0468214750289917,-0.09956982731819153,221834,59,4,False,Left,Front,Left,Centre,76
<_io.BytesIO object at 0x00000258D7D439F0>,0.8429300785064697,0.044754888862371445,-0.06059595197439194,221834,59,4,False,Left,Front,Left,Centre,76
<_io.BytesIO object at 0x00000258D7D43270>,0.7921145558357239,0.08691009879112244,0.007902637124061584,221834,59,4,False,Left,Front,Left,Centre,76
<_io.BytesIO object at 0x00000258DAB1A630>,0.25982216000556946,0.04181386157870293,-0.05367177724838257,221835,59,4,False,Left,Front,Left,Centre,76
<_io.BytesIO object at 0x00000258DAB26450>,0.29639169573783875,0.04410707205533981,0.023525897413492203,221835,59,4,False,Left,Front,Left,Centre,76
<_io.BytesIO object at 0x00000258DAB262C0>,0.30342110991477966,0.030653173103928566,-0.056121278554201126,221835,59,4,False,Left,Front,Left,Centre,76
<_io.BytesIO object at 0x00000258DAB26D10>,0.23843106627464294,0.0009622088982723653,-0.06545627117156982,221835,59,4,False,Left,Front,Left,Centre,76
<_io.BytesIO object at 0x00000258DAB26680>,0.21540261805057526,0.0031070206314325333,0.003521651029586792,221835,59,4,False,Left,Front,Left,Centre,76
<_io.BytesIO object at 0x00000258DAB26770>,0.7437006831169128,0.07657638937234879,-0.08598789572715759,221835,59,4,False,Left,Front,Left,Centre,76
<_io.BytesIO object at 0x00000258DAB269A0>,0.7804713845252991,0.08125767111778259,-0.10655105113983154,221835,59,4,False,Left,Front,Left,Centre,76
<_io.BytesIO object at 0x00000258DAB1FD10>,0.8067446351051331,0.0468214750289917,-0.09956982731819153,221835,59,4,False,Left,Front,Left,Centre,76
<_io.BytesIO object at 0x00000258DAB1FF40>,0.8429300785064697,0.044754888862371445,-0.06059595197439194,221835,59,4,False,Left,Front,Left,Centre,76
<_io.BytesIO object at 0x00000258DAB1F0E0>,0.7921145558357239,0.08691009879112244,0.007902637124061584,221835,59,4,False,Left,Front,Left,Centre,76
<_io.BytesIO object at 0x00000258DAB15040>,0.2598239779472351,0.041808005422353745,-0.05366189032793045,221836,59,4,False,Left,Front,Left,Centre,76
<_io.BytesIO object at 0x00000258DAB15450>,0.29638928174972534,0.044105757027864456,0.023534759879112244,221836,59,4,False,Left,Front,Left,Centre,76
<_io.BytesIO object at 0x00000258D7D331D0>,0.30341535806655884,0.030654197558760643,-0.0561179593205452,221836,59,4,False,Left,Front,Left,Centre,76
<_io.BytesIO object at 0x00000258D7D33590>,0.23841702938079834,0.000969529733993113,-0.06543879210948944,221836,59,4,False,Left,Front,Left,Centre,76
<_io.BytesIO object at 0x00000258D7D33680>,0.21540625393390656,0.0031087882816791534,0.003529562382027507,221836,59,4,False,Left,Front,Left,Centre,76
<_io.BytesIO object at 0x00000258D7D339F0>,0.7437006831169128,0.07657638937234879,-0.08598789572715759,221836,59,4,False,Left,Front,Left,Centre,76
<_io.BytesIO object at 0x00000258D7D33720>,0.7804713845252991,0.08125767111778259,-0.10655105113983154,221836,59,4,False,Left,Front,Left,Centre,76
<_io.BytesIO object at 0x00000258DAB3DE00>,0.8067446351051331,0.0468214750289917,-0.09956982731819153,221836,59,4,False,Left,Front,Left,Centre,76
<_io.BytesIO object at 0x00000258DAB3D400>,0.8429300785064697,0.044754888862371445,-0.06059595197439194,221836,59,4,False,Left,Front,Left,Centre,76
<_io.BytesIO object at 0x00000258DAB3D1D0>,0.7921145558357239,0.08691009879112244,0.007902637124061584,221836,59,4,False,Left,Front,Left,Centre,76
<_io.BytesIO object at 0x00000258D7DC4450>,0.2598173916339874,0.04181217774748802,-0.05364721268415451,221837,59,4,False,Left,Front,Left,Centre,76
<_io.BytesIO object at 0x00000258D7D5EEF0>,0.29639264941215515,0.044109493494033813,0.023541856557130814,221837,59,4,False,Left,Front,Left,Centre,76
<_io.BytesIO object at 0x00000258D7D5E5E0>,0.3034059703350067,0.030660348013043404,-0.056111764162778854,221837,59,4,False,Left,Front,Left,Centre,76
<_io.BytesIO object at 0x00000258D7D5E810>,0.23839594423770905,0.0009629356791265309,-0.06543303281068802,221837,59,4,False,Left,Front,Left,Centre,76
<_io.BytesIO object at 0x00000258D7D5E9F0>,0.21539658308029175,0.003115300554782152,0.0035378760658204556,221837,59,4,False,Left,Front,Left,Centre,76
<_io.BytesIO object at 0x00000258D7D5EF40>,0.7437006831169128,0.07657638937234879,-0.08598789572715759,221837,59,4,False,Left,Front,Left,Centre,76
<_io.BytesIO object at 0x00000258D7D5E8B0>,0.7804713845252991,0.08125767111778259,-0.10655105113983154,221837,59,4,False,Left,Front,Left,Centre,76
<_io.BytesIO object at 0x00000258DAC217C0>,0.8067446351051331,0.0468214750289917,-0.09956982731819153,221837,59,4,False,Left,Front,Left,Centre,76
<_io.BytesIO object at 0x00000258DAC21E00>,0.8429300785064697,0.044754888862371445,-0.06059595197439194,221837,59,4,False,Left,Front,Left,Centre,76
<_io.BytesIO object at 0x00000258DAC21E50>,0.7921145558357239,0.08691009879112244,0.007902637124061584,221837,59,4,False,Left,Front,Left,Centre,76
<_io.BytesIO object at 0x00000258D7DC4220>,0.2597959637641907,0.041818488389253616,-0.05362536758184433,221838,59,4,False,Left,Front,Left,Centre,76
<_io.BytesIO object at 0x00000258D7DC4E50>,0.29638761281967163,0.04410920664668083,0.023547574877738953,221838,59,4,False,Left,Front,Left,Centre,76
<_io.BytesIO object at 0x00000258D7DC4770>,0.3033919334411621,0.030663253739476204,-0.056107912212610245,221838,59,4,False,Left,Front,Left,Centre,76
<_io.BytesIO object at 0x00000258D28054F0>,0.23838193714618683,0.0009695084881968796,-0.06541696190834045,221838,59,4,False,Left,Front,Left,Centre,76
<_io.BytesIO object at 0x00000258D2805180>,0.21538850665092468,0.003113610204309225,0.0035473420284688473,221838,59,4,False,Left,Front,Left,Centre,76
<_io.BytesIO object at 0x00000258D2805810>,0.7437006831169128,0.07657638937234879,-0.08598789572715759,221838,59,4,False,Left,Front,Left,Centre,76
<_io.BytesIO object at 0x00000258D2805400>,0.7804713845252991,0.08125767111778259,-0.10655105113983154,221838,59,4,False,Left,Front,Left,Centre,76
<_io.BytesIO object at 0x00000258DAB3DF40>,0.8067446351051331,0.0468214750289917,-0.09956982731819153,221838,59,4,False,Left,Front,Left,Centre,76
<_io.BytesIO object at 0x00000258DAB3D590>,0.8429300785064697,0.044754888862371445,-0.06059595197439194,221838,59,4,False,Left,Front,Left,Centre,76
<_io.BytesIO object at 0x00000258DAB3D6D0>,0.7921145558357239,0.08691009879112244,0.007902637124061584,221838,59,4,False,Left,Front,Left,Centre,76
<_io.BytesIO object at 0x00000258DAB15810>,0.2597652077674866,0.04181962087750435,-0.05360433831810951,221839,59,4,False,Left,Front,Left,Centre,76
<_io.BytesIO object at 0x00000258DAB15C20>,0.29638639092445374,0.04410959407687187,0.023551970720291138,221839,59,4,False,Left,Front,Left,Centre,76
<_io.BytesIO object at 0x00000258D7D604A0>,0.30336618423461914,0.030670691281557083,-0.056102193892002106,221839,59,4,False,Left,Front,Left,Centre,76
<_io.BytesIO object at 0x00000258D7D60D60>,0.23833061754703522,0.0009764335700310767,-0.06539183855056763,221839,59,4,False,Left,Front,Left,Centre,76
<_io.BytesIO object at 0x00000258D7D60BD0>,0.215378075838089,0.003113329876214266,0.0035552147310227156,221839,59,4,False,Left,Front,Left,Centre,76
<_io.BytesIO object at 0x00000258D7D60AE0>,0.7437006831169128,0.07657638937234879,-0.08598789572715759,221839,59,4,False,Left,Front,Left,Centre,76
<_io.BytesIO object at 0x00000258D7D607C0>,0.7804713845252991,0.08125767111778259,-0.10655105113983154,221839,59,4,False,Left,Front,Left,Centre,76
<_io.BytesIO object at 0x00000258D7D60590>,0.8067446351051331,0.0468214750289917,-0.09956982731819153,221839,59,4,False,Left,Front,Left,Centre,76
<_io.BytesIO object at 0x00000258DAB1F900>,0.8429300785064697,0.044754888862371445,-0.06059595197439194,221839,59,4,False,Left,Front,Left,Centre,76
<_io.BytesIO object at 0x00000258DAB1F220>,0.7921145558357239,0.08691009879112244,0.007902637124061584,221839,59,4,False,Left,Front,Left,Centre,76
<_io.BytesIO object at 0x00000258DAB1A770>,0.2597576081752777,0.04182656109333038,-0.053581602871418,221840,59,4,False,Left,Front,Left,Centre,76
<_io.BytesIO object at 0x00000258DAB1AC20>,0.29637467861175537,0.04410138726234436,0.023552197962999344,221840,59,4,False,Left,Front,Left,Centre,76
<_io.BytesIO object at 0x00000258DAB1A8B0>,0.3033388555049896,0.030678603798151016,-0.056106869131326675,221840,59,4,False,Left,Front,Left,Centre,76
<_io.BytesIO object at 0x00000258DAB1AC70>,0.2382972687482834,0.000980126322247088,-0.06538522243499756,221840,59,4,False,Left,Front,Left,Centre,76
<_io.BytesIO object at 0x00000258D7D43630>,0.2153700739145279,0.003101770533248782,0.0035664946772158146,221840,59,4,False,Left,Front,Left,Centre,76
<_io.BytesIO object at 0x00000258D7D43950>,0.7437006831169128,0.07657638937234879,-0.08598789572715759,221840,59,4,False,Left,Front,Left,Centre,76
<_io.BytesIO object at 0x00000258D7D434A0>,0.7804713845252991,0.08125767111778259,-0.10655105113983154,221840,59,4,False,Left,Front,Left,Centre,76
<_io.BytesIO object at 0x00000258D7D432C0>,0.8067446351051331,0.0468214750289917,-0.09956982731819153,221840,59,4,False,Left,Front,Left,Centre,76
<_io.BytesIO object at 0x00000258D7D43B80>,0.8429300785064697,0.044754888862371445,-0.06059595197439194,221840,59,4,False,Left,Front,Left,Centre,76
<_io.BytesIO object at 0x00000258D7D43C20>,0.7921145558357239,0.08691009879112244,0.007902637124061584,221840,59,4,False,Left,Front,Left,Centre,76
<_io.BytesIO object at 0x00000258DAB5D630>,0.2597368359565735,0.04181862995028496,-0.05357732996344566,221841,59,4,False,Left,Front,Left,Centre,76
<_io.BytesIO object at 0x00000258DAB39680>,0.2963731586933136,0.044099148362874985,0.02353740856051445,221841,59,4,False,Left,Front,Left,Centre,76
<_io.BytesIO object at 0x00000258DAB39CC0>,0.30330055952072144,0.030684607103466988,-0.056142356246709824,221841,59,4,False,Left,Front,Left,Centre,76
<_io.BytesIO object at 0x00000258DAB39AE0>,0.23826846480369568,0.0009756701183505356,-0.06538043171167374,221841,59,4,False,Left,Front,Left,Centre,76
<_io.BytesIO object at 0x00000258DAB399A0>,0.21537068486213684,0.003091177437454462,0.0035636054817587137,221841,59,4,False,Left,Front,Left,Centre,76
<_io.BytesIO object at 0x00000258DAB392C0>,0.7437006831169128,0.07657638937234879,-0.08598789572715759,221841,59,4,False,Left,Front,Left,Centre,76
<_io.BytesIO object at 0x00000258DAB39C20>,0.7804713845252991,0.08125767111778259,-0.10655105113983154,221841,59,4,False,Left,Front,Left,Centre,76
<_io.BytesIO object at 0x00000258D7D49C20>,0.8067446351051331,0.0468214750289917,-0.09956982731819153,221841,59,4,False,Left,Front,Left,Centre,76
<_io.BytesIO object at 0x00000258D7D498B0>,0.8429300785064697,0.044754888862371445,-0.06059595197439194,221841,59,4,False,Left,Front,Left,Centre,76
<_io.BytesIO object at 0x00000258D7D49BD0>,0.7921145558357239,0.08691009879112244,0.007902637124061584,221841,59,4,False,Left,Front,Left,Centre,76
<_io.BytesIO object at 0x00000258DAC218B0>,0.2597109079360962,0.04182833060622215,-0.05356212332844734,221842,59,4,False,Left,Front,Left,Centre,76
<_io.BytesIO object at 0x00000258DAC21090>,0.2963605225086212,0.044089458882808685,0.023523883894085884,221842,59,4,False,Left,Front,Left,Centre,76
<_io.BytesIO object at 0x00000258DAB39C20>,0.3032526969909668,0.030693409964442253,-0.05614009499549866,221842,59,4,False,Left,Front,Left,Centre,76
<_io.BytesIO object at 0x00000258DAB39D60>,0.2382306605577469,0.0009746875730343163,-0.06537871807813644,221842,59,4,False,Left,Front,Left,Centre,76
<_io.BytesIO object at 0x00000258DAB39400>,0.21536026895046234,0.003082979703322053,0.0035605127923190594,221842,59,4,False,Left,Front,Left,Centre,76
<_io.BytesIO object at 0x00000258DAB39F90>,0.7437006831169128,0.07657638937234879,-0.08598789572715759,221842,59,4,False,Left,Front,Left,Centre,76
<_io.BytesIO object at 0x00000258DAB39090>,0.7804713845252991,0.08125767111778259,-0.10655105113983154,221842,59,4,False,Left,Front,Left,Centre,76
<_io.BytesIO object at 0x00000258DAB39720>,0.8067446351051331,0.0468214750289917,-0.09956982731819153,221842,59,4,False,Left,Front,Left,Centre,76
<_io.BytesIO object at 0x00000258DAB5D630>,0.8429300785064697,0.044754888862371445,-0.06059595197439194,221842,59,4,False,Left,Front,Left,Centre,76
<_io.BytesIO object at 0x00000258DAB5D7C0>,0.7921145558357239,0.08691009879112244,0.007902637124061584,221842,59,4,False,Left,Front,Left,Centre,76
<_io.BytesIO object at 0x00000258D7D43E00>,0.25960659980773926,0.041811540722846985,-0.05357670411467552,221843,59,4,False,Left,Front,Left,Centre,76
<_io.BytesIO object at 0x00000258D7D43A90>,0.29635435342788696,0.044085755944252014,0.023502295836806297,221843,59,4,False,Left,Front,Left,Centre,76
<_io.BytesIO object at 0x00000258D7D43950>,0.3032183349132538,0.030704330652952194,-0.05615049600601196,221843,59,4,False,Left,Front,Left,Centre,76
<_io.BytesIO object at 0x00000258D7D43220>,0.23817472159862518,0.001011834479868412,-0.06538041681051254,221843,59,4,False,Left,Front,Left,Centre,76
<_io.BytesIO object at 0x00000258DAB1A040>,0.21535545587539673,0.003070112783461809,0.003567282808944583,221843,59,4,False,Left,Front,Left,Centre,76
<_io.BytesIO object at 0x00000258DAB1A0E0>,0.7437006831169128,0.07657638937234879,-0.08598789572715759,221843,59,4,False,Left,Front,Left,Centre,76
<_io.BytesIO object at 0x00000258DAB1AC20>,0.7804713845252991,0.08125767111778259,-0.10655105113983154,221843,59,4,False,Left,Front,Left,Centre,76
<_io.BytesIO object at 0x00000258DAB1AB80>,0.8067446351051331,0.0468214750289917,-0.09956982731819153,221843,59,4,False,Left,Front,Left,Centre,76
<_io.BytesIO object at 0x00000258DAB1A310>,0.8429300785064697,0.044754888862371445,-0.06059595197439194,221843,59,4,False,Left,Front,Left,Centre,76
<_io.BytesIO object at 0x00000258DAB1ACC0>,0.7921145558357239,0.08691009879112244,0.007902637124061584,221843,59,4,False,Left,Front,Left,Centre,76
<_io.BytesIO object at 0x00000258DAB1F220>,0.2595752775669098,0.0418204702436924,-0.05358877778053284,221844,59,4,False,Left,Front,Left,Centre,76
<_io.BytesIO object at 0x00000258D7D60EF0>,0.2963409721851349,0.04407595843076706,0.02347904071211815,221844,59,4,False,Left,Front,Left,Centre,76
<_io.BytesIO object at 0x00000258D7D60AE0>,0.30315926671028137,0.03072434477508068,-0.056187160313129425,221844,59,4,False,Left,Front,Left,Centre,76
<_io.BytesIO object at 0x00000258D7D60B80>,0.23812270164489746,0.0010165044805034995,-0.0653788149356842,221844,59,4,False,Left,Front,Left,Centre,76
<_io.BytesIO object at 0x00000258D7D60860>,0.21533475816249847,0.0030727603007107973,0.003567102598026395,221844,59,4,False,Left,Front,Left,Centre,76
<_io.BytesIO object at 0x00000258D7D60310>,0.7437006831169128,0.07657638937234879,-0.08598789572715759,221844,59,4,False,Left,Front,Left,Centre,76
<_io.BytesIO object at 0x00000258DAB15270>,0.7804713845252991,0.08125767111778259,-0.10655105113983154,221844,59,4,False,Left,Front,Left,Centre,76
<_io.BytesIO object at 0x00000258DAB157C0>,0.8067446351051331,0.0468214750289917,-0.09956982731819153,221844,59,4,False,Left,Front,Left,Centre,76
<_io.BytesIO object at 0x00000258DAB15180>,0.8429300785064697,0.044754888862371445,-0.06059595197439194,221844,59,4,False,Left,Front,Left,Centre,76
<_io.BytesIO object at 0x00000258DAB15220>,0.7921145558357239,0.08691009879112244,0.007902637124061584,221844,59,4,False,Left,Front,Left,Centre,76
<_io.BytesIO object at 0x00000258D7D33590>,0.2595449388027191,0.041814472526311874,-0.053591709583997726,221845,59,4,False,Left,Front,Left,Centre,76
<_io.BytesIO object at 0x00000258D7D333B0>,0.29632768034935,0.044062353670597076,0.023452559486031532,221845,59,4,False,Left,Front,Left,Centre,76
<_io.BytesIO object at 0x00000258DAB3DB30>,0.30311471223831177,0.030732037499547005,-0.05622557923197746,221845,59,4,False,Left,Front,Left,Centre,76
<_io.BytesIO object at 0x00000258DAB3DE00>,0.23808372020721436,0.0009928364306688309,-0.06539252400398254,221845,59,4,False,Left,Front,Left,Centre,76
<_io.BytesIO object at 0x00000258DAB3D4F0>,0.21532826125621796,0.003051063744351268,0.003556258976459503,221845,59,4,False,Left,Front,Left,Centre,76
<_io.BytesIO object at 0x00000258DAB3DF90>,0.7437006831169128,0.07657638937234879,-0.08598789572715759,221845,59,4,False,Left,Front,Left,Centre,76
<_io.BytesIO object at 0x00000258DAB3DE50>,0.7804713845252991,0.08125767111778259,-0.10655105113983154,221845,59,4,False,Left,Front,Left,Centre,76
<_io.BytesIO object at 0x00000258DAB3D8B0>,0.8067446351051331,0.0468214750289917,-0.09956982731819153,221845,59,4,False,Left,Front,Left,Centre,76
<_io.BytesIO object at 0x00000258DAB3D770>,0.8429300785064697,0.044754888862371445,-0.06059595197439194,221845,59,4,False,Left,Front,Left,Centre,76
<_io.BytesIO object at 0x00000258D2805360>,0.7921145558357239,0.08691009879112244,0.007902637124061584,221845,59,4,False,Left,Front,Left,Centre,76
<_io.BytesIO object at 0x00000258D7D5E4A0>,0.2594590485095978,0.04172900319099426,-0.05360428988933563,221846,59,4,False,Left,Front,Left,Centre,76
<_io.BytesIO object at 0x00000258D7D5E630>,0.2963173985481262,0.04405175894498825,0.023429445922374725,221846,59,4,False,Left,Front,Left,Centre,76
<_io.BytesIO object at 0x00000258D7D30400>,0.30307385325431824,0.030740730464458466,-0.05624524876475334,221846,59,4,False,Left,Front,Left,Centre,76
<_io.BytesIO object at 0x00000258D7D307C0>,0.23803730309009552,0.0009805707959458232,-0.06541332602500916,221846,59,4,False,Left,Front,Left,Centre,76
<_io.BytesIO object at 0x00000258D28054F0>,0.21532534062862396,0.0030386336147785187,0.00355846481397748,221846,59,4,False,Left,Front,Left,Centre,76
<_io.BytesIO object at 0x00000258D2805180>,0.7437006831169128,0.07657638937234879,-0.08598789572715759,221846,59,4,False,Left,Front,Left,Centre,76
<_io.BytesIO object at 0x00000258D2805310>,0.7804713845252991,0.08125767111778259,-0.10655105113983154,221846,59,4,False,Left,Front,Left,Centre,76
<_io.BytesIO object at 0x00000258DAB15B80>,0.8067446351051331,0.0468214750289917,-0.09956982731819153,221846,59,4,False,Left,Front,Left,Centre,76
<_io.BytesIO object at 0x00000258DAB15F40>,0.8429300785064697,0.044754888862371445,-0.06059595197439194,221846,59,4,False,Left,Front,Left,Centre,76
<_io.BytesIO object at 0x00000258DAB15AE0>,0.7921145558357239,0.08691009879112244,0.007902637124061584,221846,59,4,False,Left,Front,Left,Centre,76
<_io.BytesIO object at 0x00000258DAB26810>,0.25946179032325745,0.041808586567640305,-0.05361438915133476,221847,59,4,False,Left,Front,Left,Centre,76
<_io.BytesIO object at 0x00000258DAB26540>,0.29630014300346375,0.044034238904714584,0.023407911881804466,221847,59,4,False,Left,Front,Left,Centre,76
<_io.BytesIO object at 0x00000258DAB1A9A0>,0.30302897095680237,0.03076137602329254,-0.056267742067575455,221847,59,4,False,Left,Front,Left,Centre,76
<_io.BytesIO object at 0x00000258DAB1A400>,0.2380150407552719,0.0009859339334070683,-0.0654115155339241,221847,59,4,False,Left,Front,Left,Centre,76
<_io.BytesIO object at 0x00000258DAB1A1D0>,0.21522441506385803,0.0030285727698355913,0.0035667947959154844,221847,59,4,False,Left,Front,Left,Centre,76
<_io.BytesIO object at 0x00000258DAB1A310>,0.7437006831169128,0.07657638937234879,-0.08598789572715759,221847,59,4,False,Left,Front,Left,Centre,76
<_io.BytesIO object at 0x00000258DAB1ADB0>,0.7804713845252991,0.08125767111778259,-0.10655105113983154,221847,59,4,False,Left,Front,Left,Centre,76
<_io.BytesIO object at 0x00000258DAB1A950>,0.8067446351051331,0.0468214750289917,-0.09956982731819153,221847,59,4,False,Left,Front,Left,Centre,76
<_io.BytesIO object at 0x00000258DAB1A180>,0.8429300785064697,0.044754888862371445,-0.06059595197439194,221847,59,4,False,Left,Front,Left,Centre,76
<_io.BytesIO object at 0x00000258D7D43D60>,0.7921145558357239,0.08691009879112244,0.007902637124061584,221847,59,4,False,Left,Front,Left,Centre,76
<_io.BytesIO object at 0x00000258DAB1FA90>,0.25938892364501953,0.041781049221754074,-0.053634755313396454,221848,59,4,False,Left,Front,Left,Centre,76
<_io.BytesIO object at 0x00000258DAB5DE50>,0.29628241062164307,0.044032078236341476,0.02338639833033085,221848,59,4,False,Left,Front,Left,Centre,76
<_io.BytesIO object at 0x00000258DAB5D9A0>,0.302977591753006,0.030773969367146492,-0.05629408732056618,221848,59,4,False,Left,Front,Left,Centre,76
<_io.BytesIO object at 0x00000258DAB5DEF0>,0.23796668648719788,0.0009821578860282898,-0.06542585045099258,221848,59,4,False,Left,Front,Left,Centre,76
<_io.BytesIO object at 0x00000258D7DC4A40>,0.2151995301246643,0.0029897834174335003,0.0035602846182882786,221848,59,4,False,Left,Front,Left,Centre,76
<_io.BytesIO object at 0x00000258D7DC4860>,0.7437006831169128,0.07657638937234879,-0.08598789572715759,221848,59,4,False,Left,Front,Left,Centre,76
<_io.BytesIO object at 0x00000258D7DC4310>,0.7804713845252991,0.08125767111778259,-0.10655105113983154,221848,59,4,False,Left,Front,Left,Centre,76
<_io.BytesIO object at 0x00000258D7DC45E0>,0.8067446351051331,0.0468214750289917,-0.09956982731819153,221848,59,4,False,Left,Front,Left,Centre,76
<_io.BytesIO object at 0x00000258D7DC4EF0>,0.8429300785064697,0.044754888862371445,-0.06059595197439194,221848,59,4,False,Left,Front,Left,Centre,76
<_io.BytesIO object at 0x00000258D7DC4E50>,0.7921145558357239,0.08691009879112244,0.007902637124061584,221848,59,4,False,Left,Front,Left,Centre,76
<_io.BytesIO object at 0x00000258D7D5EEF0>,0.2593528926372528,0.041784174740314484,-0.053635820746421814,221849,59,4,False,Left,Front,Left,Centre,76
<_io.BytesIO object at 0x00000258D7D5E090>,0.29627224802970886,0.04402552917599678,0.023369327187538147,221849,59,4,False,Left,Front,Left,Centre,76
<_io.BytesIO object at 0x00000258DAB3D220>,0.30293479561805725,0.030763525515794754,-0.0563155934214592,221849,59,4,False,Left,Front,Left,Centre,76
<_io.BytesIO object at 0x00000258DAB3DE50>,0.23794066905975342,0.0009837592951953411,-0.06543643027544022,221849,59,4,False,Left,Front,Left,Centre,76
<_io.BytesIO object at 0x00000258DAB3DA90>,0.21518686413764954,0.002983368467539549,0.0035628974437713623,221849,59,4,False,Left,Front,Left,Centre,76
<_io.BytesIO object at 0x00000258DAB3D950>,0.7437006831169128,0.07657638937234879,-0.08598789572715759,221849,59,4,False,Left,Front,Left,Centre,76
<_io.BytesIO object at 0x00000258DAB3D9F0>,0.7804713845252991,0.08125767111778259,-0.10655105113983154,221849,59,4,False,Left,Front,Left,Centre,76
<_io.BytesIO object at 0x00000258DAB3DEA0>,0.8067446351051331,0.0468214750289917,-0.09956982731819153,221849,59,4,False,Left,Front,Left,Centre,76
<_io.BytesIO object at 0x00000258DAC21130>,0.8429300785064697,0.044754888862371445,-0.06059595197439194,221849,59,4,False,Left,Front,Left,Centre,76
<_io.BytesIO object at 0x00000258DAC21D10>,0.7921145558357239,0.08691009879112244,0.007902637124061584,221849,59,4,False,Left,Front,Left,Centre,76
<_io.BytesIO object at 0x00000258D7D49270>,0.2592843770980835,0.04169704392552376,-0.05363079905509949,221850,59,4,False,Left,Front,Left,Centre,76
<_io.BytesIO object at 0x00000258DAB24130>,0.29626259207725525,0.04401016607880592,0.02335689403116703,221850,59,4,False,Left,Front,Left,Centre,76
<_io.BytesIO object at 0x00000258DAB24BD0>,0.3029048442840576,0.030778108164668083,-0.056332241743803024,221850,59,4,False,Left,Front,Left,Centre,76
<_io.BytesIO object at 0x00000258DAB24950>,0.2379162609577179,0.0009761747205629945,-0.06543254107236862,221850,59,4,False,Left,Front,Left,Centre,76
<_io.BytesIO object at 0x00000258DAB24F40>,0.2151748538017273,0.0029812930151820183,0.0035666704643517733,221850,59,4,False,Left,Front,Left,Centre,76
<_io.BytesIO object at 0x00000258DAB24DB0>,0.7437006831169128,0.07657638937234879,-0.08598789572715759,221850,59,4,False,Left,Front,Left,Centre,76
<_io.BytesIO object at 0x00000258D7D334A0>,0.7804713845252991,0.08125767111778259,-0.10655105113983154,221850,59,4,False,Left,Front,Left,Centre,76
<_io.BytesIO object at 0x00000258D7D33720>,0.8067446351051331,0.0468214750289917,-0.09956982731819153,221850,59,4,False,Left,Front,Left,Centre,76
<_io.BytesIO object at 0x00000258D7D336D0>,0.8429300785064697,0.044754888862371445,-0.06059595197439194,221850,59,4,False,Left,Front,Left,Centre,76
<_io.BytesIO object at 0x00000258D7D33E00>,0.7921145558357239,0.08691009879112244,0.007902637124061584,221850,59,4,False,Left,Front,Left,Centre,76
<_io.BytesIO object at 0x00000258D7D499A0>,0.25924938917160034,0.04171543940901756,-0.05362439900636673,221851,59,4,False,Left,Front,Left,Centre,76
<_io.BytesIO object at 0x00000258DAC219A0>,0.2962622046470642,0.04400485008955002,0.023342622444033623,221851,59,4,False,Left,Front,Left,Centre,76
<_io.BytesIO object at 0x00000258DAC210E0>,0.3028797507286072,0.030787205323576927,-0.05634346231818199,221851,59,4,False,Left,Front,Left,Centre,76
<_io.BytesIO object at 0x00000258DAC21E50>,0.23788319528102875,0.0010369675001129508,-0.06544806808233261,221851,59,4,False,Left,Front,Left,Centre,76
<_io.BytesIO object at 0x00000258DAC21900>,0.21516649425029755,0.0029712263494729996,0.003570178523659706,221851,59,4,False,Left,Front,Left,Centre,76
<_io.BytesIO object at 0x00000258DAC218B0>,0.7437006831169128,0.07657638937234879,-0.08598789572715759,221851,59,4,False,Left,Front,Left,Centre,76
<_io.BytesIO object at 0x00000258D7D5E6D0>,0.7804713845252991,0.08125767111778259,-0.10655105113983154,221851,59,4,False,Left,Front,Left,Centre,76
<_io.BytesIO object at 0x00000258D7D5E630>,0.8067446351051331,0.0468214750289917,-0.09956982731819153,221851,59,4,False,Left,Front,Left,Centre,76
<_io.BytesIO object at 0x00000258D7D5E040>,0.8429300785064697,0.044754888862371445,-0.06059595197439194,221851,59,4,False,Left,Front,Left,Centre,76
<_io.BytesIO object at 0x00000258D7D5E400>,0.7921145558357239,0.08691009879112244,0.007902637124061584,221851,59,4,False,Left,Front,Left,Centre,76
<_io.BytesIO object at 0x00000258D7DC4540>,0.2592361569404602,0.041732851415872574,-0.05359931290149689,221852,59,4,False,Left,Front,Left,Centre,76
<_io.BytesIO object at 0x00000258D7DC44F0>,0.29626768827438354,0.043995752930641174,0.023334024474024773,221852,59,4,False,Left,Front,Left,Centre,76
<_io.BytesIO object at 0x00000258D7DC4AE0>,0.30286329984664917,0.030799120664596558,-0.05633587762713432,221852,59,4,False,Left,Front,Left,Centre,76
<_io.BytesIO object at 0x00000258D7DC44A0>,0.2378544956445694,0.0010598694207146764,-0.06544122844934464,221852,59,4,False,Left,Front,Left,Centre,76
<_io.BytesIO object at 0x00000258DAB5D8B0>,0.21516276895999908,0.0029724000487476587,0.0035818859469145536,221852,59,4,False,Left,Front,Left,Centre,76
<_io.BytesIO object at 0x00000258DAB5DF90>,0.7437006831169128,0.07657638937234879,-0.08598789572715759,221852,59,4,False,Left,Front,Left,Centre,76
<_io.BytesIO object at 0x00000258DAB5DBD0>,0.7804713845252991,0.08125767111778259,-0.10655105113983154,221852,59,4,False,Left,Front,Left,Centre,76
<_io.BytesIO object at 0x00000258DAB5DD10>,0.8067446351051331,0.0468214750289917,-0.09956982731819153,221852,59,4,False,Left,Front,Left,Centre,76
<_io.BytesIO object at 0x00000258DAB5D680>,0.8429300785064697,0.044754888862371445,-0.06059595197439194,221852,59,4,False,Left,Front,Left,Centre,76
<_io.BytesIO object at 0x00000258D7D249F0>,0.7921145558357239,0.08691009879112244,0.007902637124061584,221852,59,4,False,Left,Front,Left,Centre,76
<_io.BytesIO object at 0x00000258D7D43EA0>,0.25923952460289,0.04171963781118393,-0.05357180908322334,221853,59,4,False,Left,Front,Left,Centre,76
<_io.BytesIO object at 0x00000258DAB1A810>,0.29626354575157166,0.04399128258228302,0.02333749644458294,221853,59,4,False,Left,Front,Left,Centre,76
<_io.BytesIO object at 0x00000258DAB1A310>,0.30284664034843445,0.03079712949693203,-0.05633045732975006,221853,59,4,False,Left,Front,Left,Centre,76
<_io.BytesIO object at 0x00000258DAB1ACC0>,0.23782862722873688,0.0010521708754822612,-0.0654173344373703,221853,59,4,False,Left,Front,Left,Centre,76
<_io.BytesIO object at 0x00000258DAB1AF40>,0.21515272557735443,0.0029753667768090963,0.0035920331720262766,221853,59,4,False,Left,Front,Left,Centre,76
<_io.BytesIO object at 0x00000258DAB1A4F0>,0.7437006831169128,0.07657638937234879,-0.08598789572715759,221853,59,4,False,Left,Front,Left,Centre,76
<_io.BytesIO object at 0x00000258DAB26F90>,0.7804713845252991,0.08125767111778259,-0.10655105113983154,221853,59,4,False,Left,Front,Left,Centre,76
<_io.BytesIO object at 0x00000258DAB269F0>,0.8067446351051331,0.0468214750289917,-0.09956982731819153,221853,59,4,False,Left,Front,Left,Centre,76
<_io.BytesIO object at 0x00000258DAB26EA0>,0.8429300785064697,0.044754888862371445,-0.06059595197439194,221853,59,4,False,Left,Front,Left,Centre,76
<_io.BytesIO object at 0x00000258DAB26E00>,0.7921145558357239,0.08691009879112244,0.007902637124061584,221853,59,4,False,Left,Front,Left,Centre,76
<_io.BytesIO object at 0x00000258D7D60A90>,0.25922465324401855,0.04172663763165474,-0.05355646461248398,221854,59,4,False,Left,Front,Left,Centre,76
<_io.BytesIO object at 0x00000258D7D60BD0>,0.2962625324726105,0.0439860001206398,0.023341048508882523,221854,59,4,False,Left,Front,Left,Centre,76
<_io.BytesIO object at 0x00000258D7D60720>,0.3028455376625061,0.03079959750175476,-0.05631980299949646,221854,59,4,False,Left,Front,Left,Centre,76
<_io.BytesIO object at 0x00000258DAB15090>,0.23780857026576996,0.0010815303539857268,-0.0653996393084526,221854,59,4,False,Left,Front,Left,Centre,76
<_io.BytesIO object at 0x00000258DAB155E0>,0.2151561975479126,0.0029704528860747814,0.0035974890924990177,221854,59,4,False,Left,Front,Left,Centre,76
<_io.BytesIO object at 0x00000258DAB15360>,0.7437006831169128,0.07657638937234879,-0.08598789572715759,221854,59,4,False,Left,Front,Left,Centre,76
<_io.BytesIO object at 0x00000258DAB15220>,0.7804713845252991,0.08125767111778259,-0.10655105113983154,221854,59,4,False,Left,Front,Left,Centre,76
<_io.BytesIO object at 0x00000258DAB15540>,0.8067446351051331,0.0468214750289917,-0.09956982731819153,221854,59,4,False,Left,Front,Left,Centre,76
<_io.BytesIO object at 0x00000258DAB15DB0>,0.8429300785064697,0.044754888862371445,-0.06059595197439194,221854,59,4,False,Left,Front,Left,Centre,76
<_io.BytesIO object at 0x00000258DAB159A0>,0.7921145558357239,0.08691009879112244,0.007902637124061584,221854,59,4,False,Left,Front,Left,Centre,76
<_io.BytesIO object at 0x00000258DAB153B0>,0.25923284888267517,0.0417296327650547,-0.053521085530519485,221855,59,4,False,Left,Front,Left,Centre,76
<_io.BytesIO object at 0x00000258D7D60D60>,0.2962641716003418,0.0439855121076107,0.02334696240723133,221855,59,4,False,Left,Front,Left,Centre,76
<_io.BytesIO object at 0x00000258D7D60D10>,0.30284419655799866,0.03080221265554428,-0.056313179433345795,221855,59,4,False,Left,Front,Left,Centre,76
<_io.BytesIO object at 0x00000258D7D608B0>,0.23779653012752533,0.0010945625836029649,-0.06539911031723022,221855,59,4,False,Left,Front,Left,Centre,76
<_io.BytesIO object at 0x00000258D7D60C70>,0.2151423990726471,0.0029851654544472694,0.0036050239577889442,221855,59,4,False,Left,Front,Left,Centre,76
<_io.BytesIO object at 0x00000258D7D60540>,0.7437006831169128,0.07657638937234879,-0.08598789572715759,221855,59,4,False,Left,Front,Left,Centre,76
<_io.BytesIO object at 0x00000258DAB26450>,0.7804713845252991,0.08125767111778259,-0.10655105113983154,221855,59,4,False,Left,Front,Left,Centre,76
<_io.BytesIO object at 0x00000258DAB26E50>,0.8067446351051331,0.0468214750289917,-0.09956982731819153,221855,59,4,False,Left,Front,Left,Centre,76
<_io.BytesIO object at 0x00000258DAB265E0>,0.8429300785064697,0.044754888862371445,-0.06059595197439194,221855,59,4,False,Left,Front,Left,Centre,76
<_io.BytesIO object at 0x00000258DAB26270>,0.7921145558357239,0.08691009879112244,0.007902637124061584,221855,59,4,False,Left,Front,Left,Centre,76
<_io.BytesIO object at 0x00000258DAB1A090>,0.25923165678977966,0.0417395755648613,-0.053501758724451065,221856,59,4,False,Left,Front,Left,Centre,76
<_io.BytesIO object at 0x00000258D7D43040>,0.2962667942047119,0.04399430379271507,0.02335861511528492,221856,59,4,False,Left,Front,Left,Centre,76
<_io.BytesIO object at 0x00000258D7D43F40>,0.3028517961502075,0.030799148604273796,-0.05629685893654823,221856,59,4,False,Left,Front,Left,Centre,76
<_io.BytesIO object at 0x00000258D7D437C0>,0.23778578639030457,0.0011237200815230608,-0.06538746505975723,221856,59,4,False,Left,Front,Left,Centre,76
<_io.BytesIO object at 0x00000258D7D43720>,0.21514153480529785,0.0029834446031600237,0.003606729209423065,221856,59,4,False,Left,Front,Left,Centre,76
<_io.BytesIO object at 0x00000258DAB1F220>,0.7437006831169128,0.07657638937234879,-0.08598789572715759,221856,59,4,False,Left,Front,Left,Centre,76
<_io.BytesIO object at 0x00000258DAB1FBD0>,0.7804713845252991,0.08125767111778259,-0.10655105113983154,221856,59,4,False,Left,Front,Left,Centre,76
<_io.BytesIO object at 0x00000258DAB1F770>,0.8067446351051331,0.0468214750289917,-0.09956982731819153,221856,59,4,False,Left,Front,Left,Centre,76
<_io.BytesIO object at 0x00000258DAB1F810>,0.8429300785064697,0.044754888862371445,-0.06059595197439194,221856,59,4,False,Left,Front,Left,Centre,76
<_io.BytesIO object at 0x00000258DAB1F630>,0.7921145558357239,0.08691009879112244,0.007902637124061584,221856,59,4,False,Left,Front,Left,Centre,76
<_io.BytesIO object at 0x00000258D7DC4770>,0.2592521905899048,0.04180225357413292,-0.05344122648239136,221857,59,4,False,Left,Front,Left,Centre,76
<_io.BytesIO object at 0x00000258DAB394F0>,0.29626137018203735,0.04399057477712631,0.023371497169137,221857,59,4,False,Left,Front,Left,Centre,76
<_io.BytesIO object at 0x00000258DAB399F0>,0.30284634232521057,0.03079714998602867,-0.056269124150276184,221857,59,4,False,Left,Front,Left,Centre,76
<_io.BytesIO object at 0x00000258DAB395E0>,0.23777413368225098,0.0011458457447588444,-0.06536244601011276,221857,59,4,False,Left,Front,Left,Centre,76
<_io.BytesIO object at 0x00000258DAB39630>,0.21513612568378448,0.0029960391111671925,0.0036109923385083675,221857,59,4,False,Left,Front,Left,Centre,76
<_io.BytesIO object at 0x00000258DAB39D60>,0.7437006831169128,0.07657638937234879,-0.08598789572715759,221857,59,4,False,Left,Front,Left,Centre,76
<_io.BytesIO object at 0x00000258DAB39950>,0.7804713845252991,0.08125767111778259,-0.10655105113983154,221857,59,4,False,Left,Front,Left,Centre,76
<_io.BytesIO object at 0x00000258DAB39400>,0.8067446351051331,0.0468214750289917,-0.09956982731819153,221857,59,4,False,Left,Front,Left,Centre,76
<_io.BytesIO object at 0x00000258D7D5E450>,0.8429300785064697,0.044754888862371445,-0.06059595197439194,221857,59,4,False,Left,Front,Left,Centre,76
<_io.BytesIO object at 0x00000258D7D5E590>,0.7921145558357239,0.08691009879112244,0.007902637124061584,221857,59,4,False,Left,Front,Left,Centre,76
<_io.BytesIO object at 0x00000258DAC21630>,0.2593032121658325,0.04189244285225868,-0.053436536341905594,221858,59,4,False,Left,Front,Left,Centre,76
<_io.BytesIO object at 0x00000258D7D498B0>,0.29626983404159546,0.043984416872262955,0.023382291197776794,221858,59,4,False,Left,Front,Left,Centre,76
<_io.BytesIO object at 0x00000258D7D49A90>,0.3028305172920227,0.03083241544663906,-0.0562254898250103,221858,59,4,False,Left,Front,Left,Centre,76
<_io.BytesIO object at 0x00000258D7D490E0>,0.2377658486366272,0.0011607371270656586,-0.0653536468744278,221858,59,4,False,Left,Front,Left,Centre,76
<_io.BytesIO object at 0x00000258D7D49E50>,0.21513855457305908,0.0029814126901328564,0.003624052507802844,221858,59,4,False,Left,Front,Left,Centre,76
<_io.BytesIO object at 0x00000258D7D49AE0>,0.7437006831169128,0.07657638937234879,-0.08598789572715759,221858,59,4,False,Left,Front,Left,Centre,76
<_io.BytesIO object at 0x00000258DAB3DE00>,0.7804713845252991,0.08125767111778259,-0.10655105113983154,221858,59,4,False,Left,Front,Left,Centre,76
<_io.BytesIO object at 0x00000258DAB3D720>,0.8067446351051331,0.0468214750289917,-0.09956982731819153,221858,59,4,False,Left,Front,Left,Centre,76
<_io.BytesIO object at 0x00000258DAB3D630>,0.8429300785064697,0.044754888862371445,-0.06059595197439194,221858,59,4,False,Left,Front,Left,Centre,76
<_io.BytesIO object at 0x00000258DAB3DA40>,0.7921145558357239,0.08691009879112244,0.007902637124061584,221858,59,4,False,Left,Front,Left,Centre,76
<_io.BytesIO object at 0x00000258D7D334A0>,0.2592427134513855,0.04181951656937599,-0.05334537848830223,221859,59,4,False,Left,Front,Left,Centre,76
<_io.BytesIO object at 0x00000258D7D331D0>,0.2962684631347656,0.04397866502404213,0.02338462695479393,221859,59,4,False,Left,Front,Left,Centre,76
<_io.BytesIO object at 0x00000258DAB24310>,0.30286291241645813,0.030781680718064308,-0.05626494437456131,221859,59,4,False,Left,Front,Left,Centre,76
<_io.BytesIO object at 0x00000258DAB24E00>,0.23775222897529602,0.0011718575842678547,-0.06535200774669647,221859,59,4,False,Left,Front,Left,Centre,76
<_io.BytesIO object at 0x00000258DAB246D0>,0.21512414515018463,0.0029778180178254843,0.003626863472163677,221859,59,4,False,Left,Front,Left,Centre,76
<_io.BytesIO object at 0x00000258DAB24A40>,0.7437006831169128,0.07657638937234879,-0.08598789572715759,221859,59,4,False,Left,Front,Left,Centre,76
<_io.BytesIO object at 0x00000258DAB24F40>,0.7804713845252991,0.08125767111778259,-0.10655105113983154,221859,59,4,False,Left,Front,Left,Centre,76
<_io.BytesIO object at 0x00000258DAB244A0>,0.8067446351051331,0.0468214750289917,-0.09956982731819153,221859,59,4,False,Left,Front,Left,Centre,76
<_io.BytesIO object at 0x00000258DAB24220>,0.8429300785064697,0.044754888862371445,-0.06059595197439194,221859,59,4,False,Left,Front,Left,Centre,76
<_io.BytesIO object at 0x00000258DAB249F0>,0.7921145558357239,0.08691009879112244,0.007902637124061584,221859,59,4,False,Left,Front,Left,Centre,76
<_io.BytesIO object at 0x00000258D7D49810>,0.25925198197364807,0.04183923453092575,-0.05334434658288956,221860,59,4,False,Left,Front,Left,Centre,76
<_io.BytesIO object at 0x00000258DAC21D60>,0.2962605953216553,0.043968066573143005,0.023389438167214394,221860,59,4,False,Left,Front,Left,Centre,76
<_io.BytesIO object at 0x00000258DAC21DB0>,0.30282700061798096,0.030914563685655594,-0.05610929802060127,221860,59,4,False,Left,Front,Left,Centre,76
<_io.BytesIO object at 0x00000258DAC21E00>,0.23773585259914398,0.0012065124465152621,-0.06536643207073212,221860,59,4,False,Left,Front,Left,Centre,76
<_io.BytesIO object at 0x00000258DAC211D0>,0.21512249112129211,0.002978851553052664,0.003628426231443882,221860,59,4,False,Left,Front,Left,Centre,76
<_io.BytesIO object at 0x00000258DAC213B0>,0.7437006831169128,0.07657638937234879,-0.08598789572715759,221860,59,4,False,Left,Front,Left,Centre,76
<_io.BytesIO object at 0x00000258DAC214F0>,0.7804713845252991,0.08125767111778259,-0.10655105113983154,221860,59,4,False,Left,Front,Left,Centre,76
<_io.BytesIO object at 0x00000258D7D5EEF0>,0.8067446351051331,0.0468214750289917,-0.09956982731819153,221860,59,4,False,Left,Front,Left,Centre,76
<_io.BytesIO object at 0x00000258D7D5E630>,0.8429300785064697,0.044754888862371445,-0.06059595197439194,221860,59,4,False,Left,Front,Left,Centre,76
<_io.BytesIO object at 0x00000258D7D5E270>,0.7921145558357239,0.08691009879112244,0.007902637124061584,221860,59,4,False,Left,Front,Left,Centre,76
<_io.BytesIO object at 0x00000258DAB39130>,0.25923892855644226,0.041849490255117416,-0.05331958457827568,221861,59,4,False,Left,Front,Left,Centre,76
<_io.BytesIO object at 0x00000258D7DC43B0>,0.29625239968299866,0.04396851360797882,0.023380625993013382,221861,59,4,False,Left,Front,Left,Centre,76
<_io.BytesIO object at 0x00000258D7DC4310>,0.3028445839881897,0.030805762857198715,-0.0563361793756485,221861,59,4,False,Left,Front,Left,Centre,76
<_io.BytesIO object at 0x00000258D7DC44F0>,0.23773612082004547,0.0012340631801635027,-0.0653698518872261,221861,59,4,False,Left,Front,Left,Centre,76
<_io.BytesIO object at 0x00000258D7DC4D10>,0.21511459350585938,0.002980561461299658,0.0036290844436734915,221861,59,4,False,Left,Front,Left,Centre,76
<_io.BytesIO object at 0x00000258D7DC46D0>,0.7437006831169128,0.07657638937234879,-0.08598789572715759,221861,59,4,False,Left,Front,Left,Centre,76
<_io.BytesIO object at 0x00000258DAB5DEF0>,0.7804713845252991,0.08125767111778259,-0.10655105113983154,221861,59,4,False,Left,Front,Left,Centre,76
<_io.BytesIO object at 0x00000258DAB5D950>,0.8067446351051331,0.0468214750289917,-0.09956982731819153,221861,59,4,False,Left,Front,Left,Centre,76
<_io.BytesIO object at 0x00000258DAB5D9F0>,0.8429300785064697,0.044754888862371445,-0.06059595197439194,221861,59,4,False,Left,Front,Left,Centre,76
<_io.BytesIO object at 0x00000258DAB5DDB0>,0.7921145558357239,0.08691009879112244,0.007902637124061584,221861,59,4,False,Left,Front,Left,Centre,76
<_io.BytesIO object at 0x00000258D7D43D10>,0.2592463195323944,0.04185906797647476,-0.053321074694395065,221862,59,4,False,Left,Front,Left,Centre,76
<_io.BytesIO object at 0x00000258D7D439A0>,0.29625073075294495,0.043962761759757996,0.023383555933833122,221862,59,4,False,Left,Front,Left,Centre,76
<_io.BytesIO object at 0x00000258DAB1A720>,0.30284228920936584,0.030822772532701492,-0.05632501840591431,221862,59,4,False,Left,Front,Left,Centre,76
<_io.BytesIO object at 0x00000258DAB1A9F0>,0.23772485554218292,0.001265816274099052,-0.06539133191108704,221862,59,4,False,Left,Front,Left,Centre,76
<_io.BytesIO object at 0x00000258DAB1A180>,0.21511608362197876,0.0029739902820438147,0.0036285039968788624,221862,59,4,False,Left,Front,Left,Centre,76
<_io.BytesIO object at 0x00000258DAB1A590>,0.7437006831169128,0.07657638937234879,-0.08598789572715759,221862,59,4,False,Left,Front,Left,Centre,76
<_io.BytesIO object at 0x00000258DAB1A310>,0.7804713845252991,0.08125767111778259,-0.10655105113983154,221862,59,4,False,Left,Front,Left,Centre,76
<_io.BytesIO object at 0x00000258DAB1ACC0>,0.8067446351051331,0.0468214750289917,-0.09956982731819153,221862,59,4,False,Left,Front,Left,Centre,76
<_io.BytesIO object at 0x00000258DAB1AC70>,0.8429300785064697,0.044754888862371445,-0.06059595197439194,221862,59,4,False,Left,Front,Left,Centre,76
<_io.BytesIO object at 0x00000258DAB1AF90>,0.7921145558357239,0.08691009879112244,0.007902637124061584,221862,59,4,False,Left,Front,Left,Centre,76
<_io.BytesIO object at 0x00000258D7D608B0>,0.2592906355857849,0.04195629432797432,-0.05332300066947937,221863,59,4,False,Left,Front,Left,Centre,76
<_io.BytesIO object at 0x00000258D7D60860>,0.296246737241745,0.04394738748669624,0.023376179859042168,221863,59,4,False,Left,Front,Left,Centre,76
<_io.BytesIO object at 0x00000258DAB15EA0>,0.30285269021987915,0.030819294974207878,-0.056322719901800156,221863,59,4,False,Left,Front,Left,Centre,76
<_io.BytesIO object at 0x00000258DAB15310>,0.23772777616977692,0.0012830275809392333,-0.0654083713889122,221863,59,4,False,Left,Front,Left,Centre,76
<_io.BytesIO object at 0x00000258DAB15950>,0.2151114046573639,0.002971462905406952,0.003618984716013074,221863,59,4,False,Left,Front,Left,Centre,76
<_io.BytesIO object at 0x00000258DAB15E50>,0.7437006831169128,0.07657638937234879,-0.08598789572715759,221863,59,4,False,Left,Front,Left,Centre,76
<_io.BytesIO object at 0x00000258DAB15770>,0.7804713845252991,0.08125767111778259,-0.10655105113983154,221863,59,4,False,Left,Front,Left,Centre,76
<_io.BytesIO object at 0x00000258DAB15630>,0.8067446351051331,0.0468214750289917,-0.09956982731819153,221863,59,4,False,Left,Front,Left,Centre,76
<_io.BytesIO object at 0x00000258DAB3C630>,0.8429300785064697,0.044754888862371445,-0.06059595197439194,221863,59,4,False,Left,Front,Left,Centre,76
<_io.BytesIO object at 0x00000258D2805400>,0.7921145558357239,0.08691009879112244,0.007902637124061584,221863,59,4,False,Left,Front,Left,Centre,76
<_io.BytesIO object at 0x00000258DAB152C0>,0.2592664957046509,0.041874274611473083,-0.05330171808600426,221864,59,4,False,Left,Front,Left,Centre,76
<_io.BytesIO object at 0x00000258DAB15180>,0.29624703526496887,0.04394485428929329,0.023363206535577774,221864,59,4,False,Left,Front,Left,Centre,76
<_io.BytesIO object at 0x00000258D7D608B0>,0.30287155508995056,0.030835958197712898,-0.05629900097846985,221864,59,4,False,Left,Front,Left,Centre,76
<_io.BytesIO object at 0x00000258D7D60D60>,0.23772570490837097,0.001296458882279694,-0.0654318556189537,221864,59,4,False,Left,Front,Left,Centre,76
<_io.BytesIO object at 0x00000258D7D60D10>,0.21510404348373413,0.0029645953327417374,0.00361749273724854,221864,59,4,False,Left,Front,Left,Centre,76
<_io.BytesIO object at 0x00000258D7D60E00>,0.7437006831169128,0.07657638937234879,-0.08598789572715759,221864,59,4,False,Left,Front,Left,Centre,76
<_io.BytesIO object at 0x00000258D7D609A0>,0.7804713845252991,0.08125767111778259,-0.10655105113983154,221864,59,4,False,Left,Front,Left,Centre,76
<_io.BytesIO object at 0x00000258D7D60770>,0.8067446351051331,0.0468214750289917,-0.09956982731819153,221864,59,4,False,Left,Front,Left,Centre,76
<_io.BytesIO object at 0x00000258DAB26900>,0.8429300785064697,0.044754888862371445,-0.06059595197439194,221864,59,4,False,Left,Front,Left,Centre,76
<_io.BytesIO object at 0x00000258DAB26C20>,0.7921145558357239,0.08691009879112244,0.007902637124061584,221864,59,4,False,Left,Front,Left,Centre,76
<_io.BytesIO object at 0x00000258DAB1A360>,0.25931084156036377,0.04197154566645622,-0.05330854281783104,221865,59,4,False,Left,Front,Left,Centre,76
<_io.BytesIO object at 0x00000258DAB1AB30>,0.29624542593955994,0.043938759714365005,0.023353388532996178,221865,59,4,False,Left,Front,Left,Centre,76
<_io.BytesIO object at 0x00000258D7D43D10>,0.30288001894950867,0.030836062505841255,-0.05629532039165497,221865,59,4,False,Left,Front,Left,Centre,76
<_io.BytesIO object at 0x00000258D7D43DB0>,0.23772437870502472,0.0013283678563311696,-0.06546288728713989,221865,59,4,False,Left,Front,Left,Centre,76
<_io.BytesIO object at 0x00000258D7D43220>,0.21509715914726257,0.0029647275805473328,0.0036160792224109173,221865,59,4,False,Left,Front,Left,Centre,76
<_io.BytesIO object at 0x00000258D7D43B80>,0.7437006831169128,0.07657638937234879,-0.08598789572715759,221865,59,4,False,Left,Front,Left,Centre,76
<_io.BytesIO object at 0x00000258D7D43590>,0.7804713845252991,0.08125767111778259,-0.10655105113983154,221865,59,4,False,Left,Front,Left,Centre,76
<_io.BytesIO object at 0x00000258D7D43BD0>,0.8067446351051331,0.0468214750289917,-0.09956982731819153,221865,59,4,False,Left,Front,Left,Centre,76
<_io.BytesIO object at 0x00000258D7D43130>,0.8429300785064697,0.044754888862371445,-0.06059595197439194,221865,59,4,False,Left,Front,Left,Centre,76
<_io.BytesIO object at 0x00000258DAB1F130>,0.7921145558357239,0.08691009879112244,0.007902637124061584,221865,59,4,False,Left,Front,Left,Centre,76
<_io.BytesIO object at 0x00000258DAB5DF90>,0.2592727839946747,0.0419001504778862,-0.05328916385769844,221866,59,4,False,Left,Front,Left,Centre,76
<_io.BytesIO object at 0x00000258D7DC4CC0>,0.29624059796333313,0.04392644017934799,0.02335551381111145,221866,59,4,False,Left,Front,Left,Centre,76
<_io.BytesIO object at 0x00000258D7DC4770>,0.3029009997844696,0.030821707099676132,-0.056296322494745255,221866,59,4,False,Left,Front,Left,Centre,76
<_io.BytesIO object at 0x00000258D7DC4F40>,0.23771415650844574,0.0013573457254096866,-0.06547411531209946,221866,59,4,False,Left,Front,Left,Centre,76
<_io.BytesIO object at 0x00000258D7DC4C20>,0.21509294211864471,0.00297151249833405,0.003616383532062173,221866,59,4,False,Left,Front,Left,Centre,76
<_io.BytesIO object at 0x00000258D7D5EEA0>,0.7437006831169128,0.07657638937234879,-0.08598789572715759,221866,59,4,False,Left,Front,Left,Centre,76
<_io.BytesIO object at 0x00000258D7D5EA40>,0.7804713845252991,0.08125767111778259,-0.10655105113983154,221866,59,4,False,Left,Front,Left,Centre,76
<_io.BytesIO object at 0x00000258D7D5E8B0>,0.8067446351051331,0.0468214750289917,-0.09956982731819153,221866,59,4,False,Left,Front,Left,Centre,76
<_io.BytesIO object at 0x00000258D7D5E7C0>,0.8429300785064697,0.044754888862371445,-0.06059595197439194,221866,59,4,False,Left,Front,Left,Centre,76
<_io.BytesIO object at 0x00000258D7D5E270>,0.7921145558357239,0.08691009879112244,0.007902637124061584,221866,59,4,False,Left,Front,Left,Centre,76
<_io.BytesIO object at 0x00000258DAC21540>,0.25928711891174316,0.04190322756767273,-0.05329088121652603,221867,59,4,False,Left,Front,Left,Centre,76
<_io.BytesIO object at 0x00000258D7D494A0>,0.2962336540222168,0.043924588710069656,0.023353729397058487,221867,59,4,False,Left,Front,Left,Centre,76
<_io.BytesIO object at 0x00000258D7D49A90>,0.3029222786426544,0.030839553102850914,-0.05626010522246361,221867,59,4,False,Left,Front,Left,Centre,76
<_io.BytesIO object at 0x00000258D7D49CC0>,0.23772580921649933,0.0013850968098267913,-0.0654953271150589,221867,59,4,False,Left,Front,Left,Centre,76
<_io.BytesIO object at 0x00000258D7D49AE0>,0.21508070826530457,0.002980628050863743,0.0036137488204985857,221867,59,4,False,Left,Front,Left,Centre,76
<_io.BytesIO object at 0x00000258DAB39130>,0.7437006831169128,0.07657638937234879,-0.08598789572715759,221867,59,4,False,Left,Front,Left,Centre,76
<_io.BytesIO object at 0x00000258DAB396D0>,0.7804713845252991,0.08125767111778259,-0.10655105113983154,221867,59,4,False,Left,Front,Left,Centre,76
<_io.BytesIO object at 0x00000258DAB39450>,0.8067446351051331,0.0468214750289917,-0.09956982731819153,221867,59,4,False,Left,Front,Left,Centre,76
<_io.BytesIO object at 0x00000258DAB39810>,0.8429300785064697,0.044754888862371445,-0.06059595197439194,221867,59,4,False,Left,Front,Left,Centre,76
<_io.BytesIO object at 0x00000258DAB394A0>,0.7921145558357239,0.08691009879112244,0.007902637124061584,221867,59,4,False,Left,Front,Left,Centre,76
<_io.BytesIO object at 0x00000258DAB3DBD0>,0.25933393836021423,0.042005058377981186,-0.053271953016519547,221868,59,4,False,Left,Front,Left,Centre,76
<_io.BytesIO object at 0x00000258DAB24860>,0.29622241854667664,0.04393946751952171,0.02335856854915619,221868,59,4,False,Left,Front,Left,Centre,76
<_io.BytesIO object at 0x00000258DAB24BD0>,0.30293646454811096,0.03083936870098114,-0.05624394118785858,221868,59,4,False,Left,Front,Left,Centre,76
<_io.BytesIO object at 0x00000258DAB24B80>,0.23773570358753204,0.0013985710684210062,-0.06551419198513031,221868,59,4,False,Left,Front,Left,Centre,76
<_io.BytesIO object at 0x00000258DAB24AE0>,0.21507319808006287,0.0029724903870373964,0.003608252853155136,221868,59,4,False,Left,Front,Left,Centre,76
<_io.BytesIO object at 0x00000258DAB248B0>,0.7437006831169128,0.07657638937234879,-0.08598789572715759,221868,59,4,False,Left,Front,Left,Centre,76
<_io.BytesIO object at 0x00000258DAB24E00>,0.7804713845252991,0.08125767111778259,-0.10655105113983154,221868,59,4,False,Left,Front,Left,Centre,76
<_io.BytesIO object at 0x00000258DAB24CC0>,0.8067446351051331,0.0468214750289917,-0.09956982731819153,221868,59,4,False,Left,Front,Left,Centre,76
<_io.BytesIO object at 0x00000258D7D33C20>,0.8429300785064697,0.044754888862371445,-0.06059595197439194,221868,59,4,False,Left,Front,Left,Centre,76
<_io.BytesIO object at 0x00000258D7D339F0>,0.7921145558357239,0.08691009879112244,0.007902637124061584,221868,59,4,False,Left,Front,Left,Centre,76
<_io.BytesIO object at 0x00000258D7D33900>,0.2593579590320587,0.042003557085990906,-0.05326664075255394,221869,59,4,False,Left,Front,Left,Centre,76
<_io.BytesIO object at 0x00000258DAB24450>,0.2962120473384857,0.043945275247097015,0.023365115746855736,221869,59,4,False,Left,Front,Left,Centre,76
<_io.BytesIO object at 0x00000258DAB24270>,0.30296677350997925,0.030830608680844307,-0.05620945617556572,221869,59,4,False,Left,Front,Left,Centre,76
<_io.BytesIO object at 0x00000258DAB24B80>,0.23774828016757965,0.0014119119150564075,-0.06552429497241974,221869,59,4,False,Left,Front,Left,Centre,76
<_io.BytesIO object at 0x00000258DAB244F0>,0.21507155895233154,0.0029649678617715836,0.0036072651855647564,221869,59,4,False,Left,Front,Left,Centre,76
<_io.BytesIO object at 0x00000258DAB249F0>,0.7437006831169128,0.07657638937234879,-0.08598789572715759,221869,59,4,False,Left,Front,Left,Centre,76
<_io.BytesIO object at 0x00000258DAB247C0>,0.7804713845252991,0.08125767111778259,-0.10655105113983154,221869,59,4,False,Left,Front,Left,Centre,76
<_io.BytesIO object at 0x00000258DAB3DDB0>,0.8067446351051331,0.0468214750289917,-0.09956982731819153,221869,59,4,False,Left,Front,Left,Centre,76
<_io.BytesIO object at 0x00000258DAB3DD60>,0.8429300785064697,0.044754888862371445,-0.06059595197439194,221869,59,4,False,Left,Front,Left,Centre,76
<_io.BytesIO object at 0x00000258DAB3D9F0>,0.7921145558357239,0.08691009879112244,0.007902637124061584,221869,59,4,False,Left,Front,Left,Centre,76
<_io.BytesIO object at 0x00000258DAB39180>,0.25937020778656006,0.042016658931970596,-0.05323931202292442,221870,59,4,False,Left,Front,Left,Centre,76
<_io.BytesIO object at 0x00000258DAB39CC0>,0.2961978018283844,0.04395948722958565,0.02339291200041771,221870,59,4,False,Left,Front,Left,Centre,76
<_io.BytesIO object at 0x00000258D7D49B80>,0.30299657583236694,0.03081360273063183,-0.056173522025346756,221870,59,4,False,Left,Front,Left,Centre,76
<_io.BytesIO object at 0x00000258D7D494F0>,0.23775705695152283,0.0014334063744172454,-0.06552207469940186,221870,59,4,False,Left,Front,Left,Centre,76
<_io.BytesIO object at 0x00000258D7D49860>,0.2150588184595108,0.0029640814755111933,0.003625498153269291,221870,59,4,False,Left,Front,Left,Centre,76
<_io.BytesIO object at 0x00000258D7D492C0>,0.7437006831169128,0.07657638937234879,-0.08598789572715759,221870,59,4,False,Left,Front,Left,Centre,76
<_io.BytesIO object at 0x00000258D7D496D0>,0.7804713845252991,0.08125767111778259,-0.10655105113983154,221870,59,4,False,Left,Front,Left,Centre,76
<_io.BytesIO object at 0x00000258D7D49770>,0.8067446351051331,0.0468214750289917,-0.09956982731819153,221870,59,4,False,Left,Front,Left,Centre,76
<_io.BytesIO object at 0x00000258DAC212C0>,0.8429300785064697,0.044754888862371445,-0.06059595197439194,221870,59,4,False,Left,Front,Left,Centre,76
<_io.BytesIO object at 0x00000258DAC21C20>,0.7921145558357239,0.08691009879112244,0.007902637124061584,221870,59,4,False,Left,Front,Left,Centre,76
<_io.BytesIO object at 0x00000258D7D5E270>,0.2594051659107208,0.04200106859207153,-0.05322304368019104,221871,59,4,False,Left,Front,Left,Centre,76
<_io.BytesIO object at 0x00000258D7D5EA90>,0.29618653655052185,0.04396010562777519,0.023419125005602837,221871,59,4,False,Left,Front,Left,Centre,76
<_io.BytesIO object at 0x00000258D7DC47C0>,0.3030383288860321,0.030811233446002007,-0.056119177490472794,221871,59,4,False,Left,Front,Left,Centre,76
<_io.BytesIO object at 0x00000258D7DC4860>,0.23777712881565094,0.00144280178938061,-0.06551706045866013,221871,59,4,False,Left,Front,Left,Centre,76
<_io.BytesIO object at 0x00000258D7DC4BD0>,0.21505045890808105,0.002966997679322958,0.003627578727900982,221871,59,4,False,Left,Front,Left,Centre,76
<_io.BytesIO object at 0x00000258D7DC49A0>,0.7437006831169128,0.07657638937234879,-0.08598789572715759,221871,59,4,False,Left,Front,Left,Centre,76
<_io.BytesIO object at 0x00000258D7DC4DB0>,0.7804713845252991,0.08125767111778259,-0.10655105113983154,221871,59,4,False,Left,Front,Left,Centre,76
<_io.BytesIO object at 0x00000258D7DC4040>,0.8067446351051331,0.0468214750289917,-0.09956982731819153,221871,59,4,False,Left,Front,Left,Centre,76
<_io.BytesIO object at 0x00000258D7DC4270>,0.8429300785064697,0.044754888862371445,-0.06059595197439194,221871,59,4,False,Left,Front,Left,Centre,76
<_io.BytesIO object at 0x00000258D7DC4B30>,0.7921145558357239,0.08691009879112244,0.007902637124061584,221871,59,4,False,Left,Front,Left,Centre,76
<_io.BytesIO object at 0x00000258DAB1F770>,0.2594238221645355,0.04201110824942589,-0.05320753529667854,221872,59,4,False,Left,Front,Left,Centre,76
<_io.BytesIO object at 0x00000258DAB1FC70>,0.29618069529533386,0.04393569007515907,0.023399030789732933,221872,59,4,False,Left,Front,Left,Centre,76
<_io.BytesIO object at 0x00000258D7D43310>,0.3030892312526703,0.030807944014668465,-0.056053709238767624,221872,59,4,False,Left,Front,Left,Centre,76
<_io.BytesIO object at 0x00000258D7D43720>,0.2377949059009552,0.0014497145311906934,-0.06552698463201523,221872,59,4,False,Left,Front,Left,Centre,76
<_io.BytesIO object at 0x00000258D7D43C20>,0.21504902839660645,0.002963813953101635,0.003633324056863785,221872,59,4,False,Left,Front,Left,Centre,76
<_io.BytesIO object at 0x00000258D7D43EF0>,0.7437006831169128,0.07657638937234879,-0.08598789572715759,221872,59,4,False,Left,Front,Left,Centre,76
<_io.BytesIO object at 0x00000258D7D43D10>,0.7804713845252991,0.08125767111778259,-0.10655105113983154,221872,59,4,False,Left,Front,Left,Centre,76
<_io.BytesIO object at 0x00000258D7D43EA0>,0.8067446351051331,0.0468214750289917,-0.09956982731819153,221872,59,4,False,Left,Front,Left,Centre,76
<_io.BytesIO object at 0x00000258DAB1AB30>,0.8429300785064697,0.044754888862371445,-0.06059595197439194,221872,59,4,False,Left,Front,Left,Centre,76
<_io.BytesIO object at 0x00000258DAB1AE50>,0.7921145558357239,0.08691009879112244,0.007902637124061584,221872,59,4,False,Left,Front,Left,Centre,76
<_io.BytesIO object at 0x00000258DAB26360>,0.2594544589519501,0.04200410842895508,-0.05319542437791824,221873,59,4,False,Left,Front,Left,Centre,76
<_io.BytesIO object at 0x00000258DAB26270>,0.29614704847335815,0.04398996755480766,0.023451054468750954,221873,59,4,False,Left,Front,Left,Centre,76
<_io.BytesIO object at 0x00000258DAB26E00>,0.30311939120292664,0.030785365030169487,-0.0560016967356205,221873,59,4,False,Left,Front,Left,Centre,76
<_io.BytesIO object at 0x00000258D7D604A0>,0.237825408577919,0.0014626028714701533,-0.06551825255155563,221873,59,4,False,Left,Front,Left,Centre,76
<_io.BytesIO object at 0x00000258D7D60AE0>,0.21504583954811096,0.0029709776863455772,0.003638650756329298,221873,59,4,False,Left,Front,Left,Centre,76
<_io.BytesIO object at 0x00000258D7D602C0>,0.7437006831169128,0.07657638937234879,-0.08598789572715759,221873,59,4,False,Left,Front,Left,Centre,76
<_io.BytesIO object at 0x00000258D7D60630>,0.7804713845252991,0.08125767111778259,-0.10655105113983154,221873,59,4,False,Left,Front,Left,Centre,76
<_io.BytesIO object at 0x00000258D7D60D60>,0.8067446351051331,0.0468214750289917,-0.09956982731819153,221873,59,4,False,Left,Front,Left,Centre,76
<_io.BytesIO object at 0x00000258D7D60B80>,0.8429300785064697,0.044754888862371445,-0.06059595197439194,221873,59,4,False,Left,Front,Left,Centre,76
<_io.BytesIO object at 0x00000258DAB15270>,0.7921145558357239,0.08691009879112244,0.007902637124061584,221873,59,4,False,Left,Front,Left,Centre,76
<_io.BytesIO object at 0x00000258D28054F0>,0.25947922468185425,0.04201129078865051,-0.05317278951406479,221874,59,4,False,Left,Front,Left,Centre,76
<_io.BytesIO object at 0x00000258D7D30130>,0.29615744948387146,0.043934211134910583,0.023395778611302376,221874,59,4,False,Left,Front,Left,Centre,76
<_io.BytesIO object at 0x00000258D7D30950>,0.30315282940864563,0.030783042311668396,-0.055946607142686844,221874,59,4,False,Left,Front,Left,Centre,76
<_io.BytesIO object at 0x00000258D7D30B30>,0.23785805702209473,0.001478753867559135,-0.06551613658666611,221874,59,4,False,Left,Front,Left,Centre,76
<_io.BytesIO object at 0x00000258D7D30D10>,0.21503841876983643,0.002973225899040699,0.0036534920800477266,221874,59,4,False,Left,Front,Left,Centre,76
<_io.BytesIO object at 0x00000258D7D30EF0>,0.7437006831169128,0.07657638937234879,-0.08598789572715759,221874,59,4,False,Left,Front,Left,Centre,76
<_io.BytesIO object at 0x00000258D7D31130>,0.7804713845252991,0.08125767111778259,-0.10655105113983154,221874,59,4,False,Left,Front,Left,Centre,76
<_io.BytesIO object at 0x00000258D7D31310>,0.8067446351051331,0.0468214750289917,-0.09956982731819153,221874,59,4,False,Left,Front,Left,Centre,76
<_io.BytesIO object at 0x00000258D7D30E50>,0.8429300785064697,0.044754888862371445,-0.06059595197439194,221874,59,4,False,Left,Front,Left,Centre,76
<_io.BytesIO object at 0x00000258D7D30B80>,0.7921145558357239,0.08691009879112244,0.007902637124061584,221874,59,4,False,Left,Front,Left,Centre,76
<_io.BytesIO object at 0x00000258DAB15B80>,0.25958067178726196,0.04203758016228676,-0.05313820764422417,221875,59,4,False,Left,Front,Left,Centre,76
<_io.BytesIO object at 0x00000258DAB15130>,0.2961407005786896,0.04395245760679245,0.023429857566952705,221875,59,4,False,Left,Front,Left,Centre,76
<_io.BytesIO object at 0x00000258D7D608B0>,0.30321186780929565,0.030799079686403275,-0.05588585138320923,221875,59,4,False,Left,Front,Left,Centre,76
<_io.BytesIO object at 0x00000258D7D60E50>,0.23788636922836304,0.0014886033022776246,-0.06551247835159302,221875,59,4,False,Left,Front,Left,Centre,76
<_io.BytesIO object at 0x00000258D7D60CC0>,0.21503786742687225,0.00298016588203609,0.0036659445613622665,221875,59,4,False,Left,Front,Left,Centre,76
<_io.BytesIO object at 0x00000258D7D60AE0>,0.7437006831169128,0.07657638937234879,-0.08598789572715759,221875,59,4,False,Left,Front,Left,Centre,76
<_io.BytesIO object at 0x00000258D7D60C70>,0.7804713845252991,0.08125767111778259,-0.10655105113983154,221875,59,4,False,Left,Front,Left,Centre,76
<_io.BytesIO object at 0x00000258DAB269A0>,0.8067446351051331,0.0468214750289917,-0.09956982731819153,221875,59,4,False,Left,Front,Left,Centre,76
<_io.BytesIO object at 0x00000258DAB26EF0>,0.8429300785064697,0.044754888862371445,-0.06059595197439194,221875,59,4,False,Left,Front,Left,Centre,76
<_io.BytesIO object at 0x00000258DAB26360>,0.7921145558357239,0.08691009879112244,0.007902637124061584,221875,59,4,False,Left,Front,Left,Centre,76
<_io.BytesIO object at 0x00000258DAB1A4A0>,0.25960639119148254,0.042026542127132416,-0.05311065539717674,221876,59,4,False,Left,Front,Left,Centre,76
<_io.BytesIO object at 0x00000258DAB1AF90>,0.29612547159194946,0.043968647718429565,0.02346019260585308,221876,59,4,False,Left,Front,Left,Centre,76
<_io.BytesIO object at 0x00000258D7D43EA0>,0.3032413423061371,0.030801469460129738,-0.05582696944475174,221876,59,4,False,Left,Front,Left,Centre,76
<_io.BytesIO object at 0x00000258D7D435E0>,0.23792533576488495,0.0015037257689982653,-0.06551631540060043,221876,59,4,False,Left,Front,Left,Centre,76
<_io.BytesIO object at 0x00000258D7D43270>,0.21503806114196777,0.002969810739159584,0.003681139089167118,221876,59,4,False,Left,Front,Left,Centre,76
<_io.BytesIO object at 0x00000258D7D43040>,0.7437006831169128,0.07657638937234879,-0.08598789572715759,221876,59,4,False,Left,Front,Left,Centre,76
<_io.BytesIO object at 0x00000258D7D43090>,0.7804713845252991,0.08125767111778259,-0.10655105113983154,221876,59,4,False,Left,Front,Left,Centre,76
<_io.BytesIO object at 0x00000258D7D430E0>,0.8067446351051331,0.0468214750289917,-0.09956982731819153,221876,59,4,False,Left,Front,Left,Centre,76
<_io.BytesIO object at 0x00000258D7D43860>,0.8429300785064697,0.044754888862371445,-0.06059595197439194,221876,59,4,False,Left,Front,Left,Centre,76
<_io.BytesIO object at 0x00000258DAB1F450>,0.7921145558357239,0.08691009879112244,0.007902637124061584,221876,59,4,False,Left,Front,Left,Centre,76
<_io.BytesIO object at 0x00000258DAB5DF90>,0.25963094830513,0.0420210137963295,-0.053092245012521744,221877,59,4,False,Left,Front,Left,Centre,76
<_io.BytesIO object at 0x00000258D7DC4A40>,0.29610854387283325,0.04399921000003815,0.023490607738494873,221877,59,4,False,Left,Front,Left,Centre,76
<_io.BytesIO object at 0x00000258D7DC4EF0>,0.3032850921154022,0.030781500041484833,-0.05576614290475845,221877,59,4,False,Left,Front,Left,Centre,76
<_io.BytesIO object at 0x00000258D7DC4360>,0.23796199262142181,0.0015181041089817882,-0.06551765650510788,221877,59,4,False,Left,Front,Left,Centre,76
<_io.BytesIO object at 0x00000258D7DC47C0>,0.2150384932756424,0.0029692964162677526,0.003685076953843236,221877,59,4,False,Left,Front,Left,Centre,76
<_io.BytesIO object at 0x00000258D7D5E090>,0.7437006831169128,0.07657638937234879,-0.08598789572715759,221877,59,4,False,Left,Front,Left,Centre,76
<_io.BytesIO object at 0x00000258D7D5E4A0>,0.7804713845252991,0.08125767111778259,-0.10655105113983154,221877,59,4,False,Left,Front,Left,Centre,76
<_io.BytesIO object at 0x00000258D7D5EF90>,0.8067446351051331,0.0468214750289917,-0.09956982731819153,221877,59,4,False,Left,Front,Left,Centre,76
<_io.BytesIO object at 0x00000258D7D5E810>,0.8429300785064697,0.044754888862371445,-0.06059595197439194,221877,59,4,False,Left,Front,Left,Centre,76
<_io.BytesIO object at 0x00000258D7D5EC70>,0.7921145558357239,0.08691009879112244,0.007902637124061584,221877,59,4,False,Left,Front,Left,Centre,76
<_io.BytesIO object at 0x00000258D7D49180>,0.25964733958244324,0.042031191289424896,-0.05307798087596893,221878,59,4,False,Left,Front,Left,Centre,76
<_io.BytesIO object at 0x00000258D7D49400>,0.29605498909950256,0.04404239356517792,0.023557152599096298,221878,59,4,False,Left,Front,Left,Centre,76
<_io.BytesIO object at 0x00000258D7D495E0>,0.3033231794834137,0.030784647911787033,-0.055690012872219086,221878,59,4,False,Left,Front,Left,Centre,76
<_io.BytesIO object at 0x00000258D7D49680>,0.23801711201667786,0.001513705006800592,-0.06551484018564224,221878,59,4,False,Left,Front,Left,Centre,76
<_io.BytesIO object at 0x00000258D7D498B0>,0.2150328904390335,0.002975801005959511,0.0036934835370630026,221878,59,4,False,Left,Front,Left,Centre,76
<_io.BytesIO object at 0x00000258DAB394A0>,0.7437006831169128,0.07657638937234879,-0.08598789572715759,221878,59,4,False,Left,Front,Left,Centre,76
<_io.BytesIO object at 0x00000258DAB396D0>,0.7804713845252991,0.08125767111778259,-0.10655105113983154,221878,59,4,False,Left,Front,Left,Centre,76
<_io.BytesIO object at 0x00000258DAB39F40>,0.8067446351051331,0.0468214750289917,-0.09956982731819153,221878,59,4,False,Left,Front,Left,Centre,76
<_io.BytesIO object at 0x00000258DAB39680>,0.8429300785064697,0.044754888862371445,-0.06059595197439194,221878,59,4,False,Left,Front,Left,Centre,76
<_io.BytesIO object at 0x00000258DAB393B0>,0.7921145558357239,0.08691009879112244,0.007902637124061584,221878,59,4,False,Left,Front,Left,Centre,76
<_io.BytesIO object at 0x00000258DAB3D220>,0.2596679627895355,0.042035527527332306,-0.0530611127614975,221879,59,4,False,Left,Front,Left,Centre,76
<_io.BytesIO object at 0x00000258DAB3D8B0>,0.296030193567276,0.044072605669498444,0.023593418300151825,221879,59,4,False,Left,Front,Left,Centre,76
<_io.BytesIO object at 0x00000258DAB3D7C0>,0.3033409118652344,0.030741823837161064,-0.05563976988196373,221879,59,4,False,Left,Front,Left,Centre,76
<_io.BytesIO object at 0x00000258DAB3DB80>,0.23807300627231598,0.0014174144016578794,-0.0654762014746666,221879,59,4,False,Left,Front,Left,Centre,76
<_io.BytesIO object at 0x00000258DAB3D040>,0.21503129601478577,0.002973231952637434,0.0036931855138391256,221879,59,4,False,Left,Front,Left,Centre,76
<_io.BytesIO object at 0x00000258DAB3D360>,0.7437006831169128,0.07657638937234879,-0.08598789572715759,221879,59,4,False,Left,Front,Left,Centre,76
<_io.BytesIO object at 0x00000258DAB39720>,0.7804713845252991,0.08125767111778259,-0.10655105113983154,221879,59,4,False,Left,Front,Left,Centre,76
<_io.BytesIO object at 0x00000258DAB39CC0>,0.8067446351051331,0.0468214750289917,-0.09956982731819153,221879,59,4,False,Left,Front,Left,Centre,76
<_io.BytesIO object at 0x00000258DAB39E00>,0.8429300785064697,0.044754888862371445,-0.06059595197439194,221879,59,4,False,Left,Front,Left,Centre,76
<_io.BytesIO object at 0x00000258DAB39BD0>,0.7921145558357239,0.08691009879112244,0.007902637124061584,221879,59,4,False,Left,Front,Left,Centre,76
<_io.BytesIO object at 0x00000258D7D49F40>,0.2596958577632904,0.0420294925570488,-0.05304287001490593,221880,59,4,False,Left,Front,Left,Centre,76
<_io.BytesIO object at 0x00000258DAC21C20>,0.296008437871933,0.04408954456448555,0.023620519787073135,221880,59,4,False,Left,Front,Left,Centre,76
<_io.BytesIO object at 0x00000258DAC21EA0>,0.30338406562805176,0.030742770060896873,-0.055570587515830994,221880,59,4,False,Left,Front,Left,Centre,76
<_io.BytesIO object at 0x00000258DAC218B0>,0.2381446659564972,0.0015155033906921744,-0.06549377739429474,221880,59,4,False,Left,Front,Left,Centre,76
<_io.BytesIO object at 0x00000258DAC21D10>,0.21502044796943665,0.002969294087961316,0.0036956460680812597,221880,59,4,False,Left,Front,Left,Centre,76
<_io.BytesIO object at 0x00000258DAC21270>,0.7437006831169128,0.07657638937234879,-0.08598789572715759,221880,59,4,False,Left,Front,Left,Centre,76
<_io.BytesIO object at 0x00000258D7D5E6D0>,0.7804713845252991,0.08125767111778259,-0.10655105113983154,221880,59,4,False,Left,Front,Left,Centre,76
<_io.BytesIO object at 0x00000258D7D5E0E0>,0.8067446351051331,0.0468214750289917,-0.09956982731819153,221880,59,4,False,Left,Front,Left,Centre,76
<_io.BytesIO object at 0x00000258D7D5EC70>,0.8429300785064697,0.044754888862371445,-0.06059595197439194,221880,59,4,False,Left,Front,Left,Centre,76
<_io.BytesIO object at 0x00000258D7D5E400>,0.7921145558357239,0.08691009879112244,0.007902637124061584,221880,59,4,False,Left,Front,Left,Centre,76
<_io.BytesIO object at 0x00000258D7DC4450>,0.2597295343875885,0.04201978072524071,-0.05303911864757538,221881,59,4,False,Left,Front,Left,Centre,76
<_io.BytesIO object at 0x00000258DAB5D590>,0.29597973823547363,0.04411834105849266,0.023641325533390045,221881,59,4,False,Left,Front,Left,Centre,76
<_io.BytesIO object at 0x00000258D7D24270>,0.30342423915863037,0.030729074031114578,-0.05552388355135918,221881,59,4,False,Left,Front,Left,Centre,76
<_io.BytesIO object at 0x00000258DAB1F0E0>,0.23814643919467926,0.0014350819401443005,-0.06548604369163513,221881,59,4,False,Left,Front,Left,Centre,76
<_io.BytesIO object at 0x00000258DAB1FEA0>,0.21501736342906952,0.0029734198469668627,0.003692101687192917,221881,59,4,False,Left,Front,Left,Centre,76
<_io.BytesIO object at 0x00000258DAB1FD10>,0.7437006831169128,0.07657638937234879,-0.08598789572715759,221881,59,4,False,Left,Front,Left,Centre,76
<_io.BytesIO object at 0x00000258DAB1F590>,0.7804713845252991,0.08125767111778259,-0.10655105113983154,221881,59,4,False,Left,Front,Left,Centre,76
<_io.BytesIO object at 0x00000258DAB1F130>,0.8067446351051331,0.0468214750289917,-0.09956982731819153,221881,59,4,False,Left,Front,Left,Centre,76
<_io.BytesIO object at 0x00000258DAB1FC70>,0.8429300785064697,0.044754888862371445,-0.06059595197439194,221881,59,4,False,Left,Front,Left,Centre,76
<_io.BytesIO object at 0x00000258D7D43720>,0.7921145558357239,0.08691009879112244,0.007902637124061584,221881,59,4,False,Left,Front,Left,Centre,76
<_io.BytesIO object at 0x00000258DAB1A9A0>,0.2597438097000122,0.042017146944999695,-0.05302860587835312,221882,59,4,False,Left,Front,Left,Centre,76
<_io.BytesIO object at 0x00000258DAB1A630>,0.2959705889225006,0.044128842651844025,0.02365928702056408,221882,59,4,False,Left,Front,Left,Centre,76
<_io.BytesIO object at 0x00000258DAB26F90>,0.3034963309764862,0.030733181163668633,-0.055450476706027985,221882,59,4,False,Left,Front,Left,Centre,76
<_io.BytesIO object at 0x00000258DAB26F40>,0.2382381558418274,0.001510769478045404,-0.0655258521437645,221882,59,4,False,Left,Front,Left,Centre,76
<_io.BytesIO object at 0x00000258DAB26450>,0.21501845121383667,0.0029651981312781572,0.0036961035802960396,221882,59,4,False,Left,Front,Left,Centre,76
<_io.BytesIO object at 0x00000258DAB26590>,0.7437006831169128,0.07657638937234879,-0.08598789572715759,221882,59,4,False,Left,Front,Left,Centre,76
<_io.BytesIO object at 0x00000258DAB26180>,0.7804713845252991,0.08125767111778259,-0.10655105113983154,221882,59,4,False,Left,Front,Left,Centre,76
<_io.BytesIO object at 0x00000258DAB26BD0>,0.8067446351051331,0.0468214750289917,-0.09956982731819153,221882,59,4,False,Left,Front,Left,Centre,76
<_io.BytesIO object at 0x00000258DAB26770>,0.8429300785064697,0.044754888862371445,-0.06059595197439194,221882,59,4,False,Left,Front,Left,Centre,76
<_io.BytesIO object at 0x00000258DAB15C70>,0.7921145558357239,0.08691009879112244,0.007902637124061584,221882,59,4,False,Left,Front,Left,Centre,76
<_io.BytesIO object at 0x00000258D28051D0>,0.2597695589065552,0.04201959818601608,-0.05300632491707802,221883,59,4,False,Left,Front,Left,Centre,76
<_io.BytesIO object at 0x00000258D7D60B30>,0.2959461212158203,0.044155072420835495,0.023681659251451492,221883,59,4,False,Left,Front,Left,Centre,76
<_io.BytesIO object at 0x00000258D7D60B80>,0.30352672934532166,0.03074159473180771,-0.0554012656211853,221883,59,4,False,Left,Front,Left,Centre,76
<_io.BytesIO object at 0x00000258D7D30A90>,0.23828686773777008,0.0015160629991441965,-0.06552628427743912,221883,59,4,False,Left,Front,Left,Centre,76
<_io.BytesIO object at 0x00000258D7D30130>,0.21501566469669342,0.0029699031729251146,0.0036872357595711946,221883,59,4,False,Left,Front,Left,Centre,76
<_io.BytesIO object at 0x00000258D7D300E0>,0.7437006831169128,0.07657638937234879,-0.08598789572715759,221883,59,4,False,Left,Front,Left,Centre,76
<_io.BytesIO object at 0x00000258D7D30EF0>,0.7804713845252991,0.08125767111778259,-0.10655105113983154,221883,59,4,False,Left,Front,Left,Centre,76
<_io.BytesIO object at 0x00000258D7D302C0>,0.8067446351051331,0.0468214750289917,-0.09956982731819153,221883,59,4,False,Left,Front,Left,Centre,76
<_io.BytesIO object at 0x00000258D7D30900>,0.8429300785064697,0.044754888862371445,-0.06059595197439194,221883,59,4,False,Left,Front,Left,Centre,76
<_io.BytesIO object at 0x00000258D7D30C70>,0.7921145558357239,0.08691009879112244,0.007902637124061584,221883,59,4,False,Left,Front,Left,Centre,76
<_io.BytesIO object at 0x00000258D7D30A90>,0.2597881555557251,0.04194251820445061,-0.052966780960559845,221884,59,4,False,Left,Front,Left,Centre,76
<_io.BytesIO object at 0x00000258D7D606D0>,0.2959379255771637,0.04416787251830101,0.023693786934018135,221884,59,4,False,Left,Front,Left,Centre,76
<_io.BytesIO object at 0x00000258D7D60720>,0.30356162786483765,0.030734581872820854,-0.05537417531013489,221884,59,4,False,Left,Front,Left,Centre,76
<_io.BytesIO object at 0x00000258D7D60590>,0.2383146435022354,0.0015255926409736276,-0.06553979218006134,221884,59,4,False,Left,Front,Left,Centre,76
<_io.BytesIO object at 0x00000258D2805090>,0.21500544250011444,0.002976878546178341,0.0036900523118674755,221884,59,4,False,Left,Front,Left,Centre,76
<_io.BytesIO object at 0x00000258D2805220>,0.7437006831169128,0.07657638937234879,-0.08598789572715759,221884,59,4,False,Left,Front,Left,Centre,76
<_io.BytesIO object at 0x00000258D2805310>,0.7804713845252991,0.08125767111778259,-0.10655105113983154,221884,59,4,False,Left,Front,Left,Centre,76
<_io.BytesIO object at 0x00000258DAB153B0>,0.8067446351051331,0.0468214750289917,-0.09956982731819153,221884,59,4,False,Left,Front,Left,Centre,76
<_io.BytesIO object at 0x00000258DAB15630>,0.8429300785064697,0.044754888862371445,-0.06059595197439194,221884,59,4,False,Left,Front,Left,Centre,76
<_io.BytesIO object at 0x00000258DAB15A40>,0.7921145558357239,0.08691009879112244,0.007902637124061584,221884,59,4,False,Left,Front,Left,Centre,76
<_io.BytesIO object at 0x00000258DAB26630>,0.25981155037879944,0.04194729030132294,-0.05295568332076073,221885,59,4,False,Left,Front,Left,Centre,76
<_io.BytesIO object at 0x00000258DAB269F0>,0.2959247827529907,0.04418114572763443,0.023711474612355232,221885,59,4,False,Left,Front,Left,Centre,76
<_io.BytesIO object at 0x00000258DAB1AAE0>,0.3035883605480194,0.030749952420592308,-0.05532879754900932,221885,59,4,False,Left,Front,Left,Centre,76
<_io.BytesIO object at 0x00000258DAB1AA40>,0.2383461743593216,0.001535635208711028,-0.06555474549531937,221885,59,4,False,Left,Front,Left,Centre,76
<_io.BytesIO object at 0x00000258DAB1A310>,0.21500150859355927,0.0029734421987086535,0.0036932581569999456,221885,59,4,False,Left,Front,Left,Centre,76
<_io.BytesIO object at 0x00000258DAB1A810>,0.7437006831169128,0.07657638937234879,-0.08598789572715759,221885,59,4,False,Left,Front,Left,Centre,76
<_io.BytesIO object at 0x00000258DAB1A9F0>,0.7804713845252991,0.08125767111778259,-0.10655105113983154,221885,59,4,False,Left,Front,Left,Centre,76
<_io.BytesIO object at 0x00000258DAB1ADB0>,0.8067446351051331,0.0468214750289917,-0.09956982731819153,221885,59,4,False,Left,Front,Left,Centre,76
<_io.BytesIO object at 0x00000258D7D43810>,0.8429300785064697,0.044754888862371445,-0.06059595197439194,221885,59,4,False,Left,Front,Left,Centre,76
<_io.BytesIO object at 0x00000258D7D432C0>,0.7921145558357239,0.08691009879112244,0.007902637124061584,221885,59,4,False,Left,Front,Left,Centre,76
<_io.BytesIO object at 0x00000258DAB1FB30>,0.25983741879463196,0.04203416034579277,-0.05297282338142395,221886,59,4,False,Left,Front,Left,Centre,76
<_io.BytesIO object at 0x00000258D7D249F0>,0.2959197759628296,0.04419228807091713,0.02371346950531006,221886,59,4,False,Left,Front,Left,Centre,76
<_io.BytesIO object at 0x00000258DAB5D680>,0.3036209046840668,0.030760467052459717,-0.05531143397092819,221886,59,4,False,Left,Front,Left,Centre,76
<_io.BytesIO object at 0x00000258DAB5DD60>,0.23841217160224915,0.0015238882042467594,-0.06557164341211319,221886,59,4,False,Left,Front,Left,Centre,76
<_io.BytesIO object at 0x00000258DAB5D770>,0.21500132977962494,0.0029725513886660337,0.0036905950400978327,221886,59,4,False,Left,Front,Left,Centre,76
<_io.BytesIO object at 0x00000258DAB5DC70>,0.7437006831169128,0.07657638937234879,-0.08598789572715759,221886,59,4,False,Left,Front,Left,Centre,76
<_io.BytesIO object at 0x00000258D7D5EB80>,0.7804713845252991,0.08125767111778259,-0.10655105113983154,221886,59,4,False,Left,Front,Left,Centre,76
<_io.BytesIO object at 0x00000258D7D5EDB0>,0.8067446351051331,0.0468214750289917,-0.09956982731819153,221886,59,4,False,Left,Front,Left,Centre,76
<_io.BytesIO object at 0x00000258D7D5E4A0>,0.8429300785064697,0.044754888862371445,-0.06059595197439194,221886,59,4,False,Left,Front,Left,Centre,76
<_io.BytesIO object at 0x00000258D7D5E810>,0.7921145558357239,0.08691009879112244,0.007902637124061584,221886,59,4,False,Left,Front,Left,Centre,76
<_io.BytesIO object at 0x00000258DAC21630>,0.2598468065261841,0.04204685986042023,-0.05295269563794136,221887,59,4,False,Left,Front,Left,Centre,76
<_io.BytesIO object at 0x00000258D7D49900>,0.2959044575691223,0.044208791106939316,0.023737141862511635,221887,59,4,False,Left,Front,Left,Centre,76
<_io.BytesIO object at 0x00000258D7D49180>,0.3036271631717682,0.030791649594902992,-0.05524705350399017,221887,59,4,False,Left,Front,Left,Centre,76
<_io.BytesIO object at 0x00000258D7D49CC0>,0.23842935264110565,0.0015547475777566433,-0.0655846819281578,221887,59,4,False,Left,Front,Left,Centre,76
<_io.BytesIO object at 0x00000258D7D499F0>,0.21499566733837128,0.002973010763525963,0.0036827558651566505,221887,59,4,False,Left,Front,Left,Centre,76
<_io.BytesIO object at 0x00000258D7D493B0>,0.7437006831169128,0.07657638937234879,-0.08598789572715759,221887,59,4,False,Left,Front,Left,Centre,76
<_io.BytesIO object at 0x00000258D7DC46D0>,0.7804713845252991,0.08125767111778259,-0.10655105113983154,221887,59,4,False,Left,Front,Left,Centre,76
<_io.BytesIO object at 0x00000258D7DC4B80>,0.8067446351051331,0.0468214750289917,-0.09956982731819153,221887,59,4,False,Left,Front,Left,Centre,76
<_io.BytesIO object at 0x00000258D7DC4270>,0.8429300785064697,0.044754888862371445,-0.06059595197439194,221887,59,4,False,Left,Front,Left,Centre,76
<_io.BytesIO object at 0x00000258D7DC4DB0>,0.7921145558357239,0.08691009879112244,0.007902637124061584,221887,59,4,False,Left,Front,Left,Centre,76
<_io.BytesIO object at 0x00000258DAB39AE0>,0.2598462998867035,0.04206481948494911,-0.052941467612981796,221888,59,4,False,Left,Front,Left,Centre,76
<_io.BytesIO object at 0x00000258DAB3D540>,0.2958960235118866,0.04422549158334732,0.023748651146888733,221888,59,4,False,Left,Front,Left,Centre,76
<_io.BytesIO object at 0x00000258DAB3D720>,0.3036302924156189,0.030820272862911224,-0.055217280983924866,221888,59,4,False,Left,Front,Left,Centre,76
<_io.BytesIO object at 0x00000258DAB3DA40>,0.23845821619033813,0.0015631139976903796,-0.06558999419212341,221888,59,4,False,Left,Front,Left,Centre,76
<_io.BytesIO object at 0x00000258DAB3D9F0>,0.21499387919902802,0.0029621890280395746,0.0036887165624648333,221888,59,4,False,Left,Front,Left,Centre,76
<_io.BytesIO object at 0x00000258DAB3D130>,0.7437006831169128,0.07657638937234879,-0.08598789572715759,221888,59,4,False,Left,Front,Left,Centre,76
<_io.BytesIO object at 0x00000258DAB3DAE0>,0.7804713845252991,0.08125767111778259,-0.10655105113983154,221888,59,4,False,Left,Front,Left,Centre,76
<_io.BytesIO object at 0x00000258DAB244F0>,0.8067446351051331,0.0468214750289917,-0.09956982731819153,221888,59,4,False,Left,Front,Left,Centre,76
<_io.BytesIO object at 0x00000258DAB24090>,0.8429300785064697,0.044754888862371445,-0.06059595197439194,221888,59,4,False,Left,Front,Left,Centre,76
<_io.BytesIO object at 0x00000258DAB24220>,0.7921145558357239,0.08691009879112244,0.007902637124061584,221888,59,4,False,Left,Front,Left,Centre,76
<_io.BytesIO object at 0x00000258DAB394F0>,0.25984907150268555,0.042084500193595886,-0.05291299521923065,221889,59,4,False,Left,Front,Left,Centre,76
<_io.BytesIO object at 0x00000258DAB391D0>,0.2958846390247345,0.04422716051340103,0.02375723607838154,221889,59,4,False,Left,Front,Left,Centre,76
<_io.BytesIO object at 0x00000258DAB39360>,0.30360862612724304,0.03085552714765072,-0.05516460910439491,221889,59,4,False,Left,Front,Left,Centre,76
<_io.BytesIO object at 0x00000258DAB39270>,0.23847626149654388,0.0015945688355714083,-0.06560349464416504,221889,59,4,False,Left,Front,Left,Centre,76
<_io.BytesIO object at 0x00000258DAB39450>,0.21498046815395355,0.0029661860316991806,0.003704579547047615,221889,59,4,False,Left,Front,Left,Centre,76
<_io.BytesIO object at 0x00000258D7DC41D0>,0.7437006831169128,0.07657638937234879,-0.08598789572715759,221889,59,4,False,Left,Front,Left,Centre,76
<_io.BytesIO object at 0x00000258D7DC4D60>,0.7804713845252991,0.08125767111778259,-0.10655105113983154,221889,59,4,False,Left,Front,Left,Centre,76
<_io.BytesIO object at 0x00000258D7DC4360>,0.8067446351051331,0.0468214750289917,-0.09956982731819153,221889,59,4,False,Left,Front,Left,Centre,76
<_io.BytesIO object at 0x00000258D7DC4F90>,0.8429300785064697,0.044754888862371445,-0.06059595197439194,221889,59,4,False,Left,Front,Left,Centre,76
<_io.BytesIO object at 0x00000258D7DC44F0>,0.7921145558357239,0.08691009879112244,0.007902637124061584,221889,59,4,False,Left,Front,Left,Centre,76
<_io.BytesIO object at 0x00000258D7D49770>,0.25984668731689453,0.042086876928806305,-0.05289517343044281,221890,59,4,False,Left,Front,Left,Centre,76
<_io.BytesIO object at 0x00000258DAC219F0>,0.29588383436203003,0.04422397166490555,0.023763705044984818,221890,59,4,False,Left,Front,Left,Centre,76
<_io.BytesIO object at 0x00000258DAC21CC0>,0.3036048114299774,0.030870912596583366,-0.05513807013630867,221890,59,4,False,Left,Front,Left,Centre,76
<_io.BytesIO object at 0x00000258DAC21F40>,0.23849259316921234,0.0016054915031418204,-0.0656186193227768,221890,59,4,False,Left,Front,Left,Centre,76
<_io.BytesIO object at 0x00000258DAC21270>,0.21499009430408478,0.0029600143898278475,0.0036989881191402674,221890,59,4,False,Left,Front,Left,Centre,76
<_io.BytesIO object at 0x00000258D7D5E630>,0.7437006831169128,0.07657638937234879,-0.08598789572715759,221890,59,4,False,Left,Front,Left,Centre,76
<_io.BytesIO object at 0x00000258D7D5EEF0>,0.7804713845252991,0.08125767111778259,-0.10655105113983154,221890,59,4,False,Left,Front,Left,Centre,76
<_io.BytesIO object at 0x00000258D7D5E6D0>,0.8067446351051331,0.0468214750289917,-0.09956982731819153,221890,59,4,False,Left,Front,Left,Centre,76
<_io.BytesIO object at 0x00000258D7D5E950>,0.8429300785064697,0.044754888862371445,-0.06059595197439194,221890,59,4,False,Left,Front,Left,Centre,76
<_io.BytesIO object at 0x00000258D7D5E400>,0.7921145558357239,0.08691009879112244,0.007902637124061584,221890,59,4,False,Left,Front,Left,Centre,76
<_io.BytesIO object at 0x00000258DAB1FA90>,0.25984397530555725,0.04211437702178955,-0.05287153273820877,221891,59,4,False,Left,Front,Left,Centre,76
<_io.BytesIO object at 0x00000258DAB1F270>,0.2958856523036957,0.04422978311777115,0.023771928623318672,221891,59,4,False,Left,Front,Left,Centre,76
<_io.BytesIO object at 0x00000258D7D439F0>,0.30360957980155945,0.03089676983654499,-0.05512836202979088,221891,59,4,False,Left,Front,Left,Centre,76
<_io.BytesIO object at 0x00000258D7D43B30>,0.23850148916244507,0.0016247021267190576,-0.06562719494104385,221891,59,4,False,Left,Front,Left,Centre,76
<_io.BytesIO object at 0x00000258D7D43C70>,0.21498844027519226,0.0029611936770379543,0.003704126924276352,221891,59,4,False,Left,Front,Left,Centre,76
<_io.BytesIO object at 0x00000258D7D43860>,0.7437006831169128,0.07657638937234879,-0.08598789572715759,221891,59,4,False,Left,Front,Left,Centre,76
<_io.BytesIO object at 0x00000258D7D43EF0>,0.7804713845252991,0.08125767111778259,-0.10655105113983154,221891,59,4,False,Left,Front,Left,Centre,76
<_io.BytesIO object at 0x00000258D7D43450>,0.8067446351051331,0.0468214750289917,-0.09956982731819153,221891,59,4,False,Left,Front,Left,Centre,76
<_io.BytesIO object at 0x00000258D7D43220>,0.8429300785064697,0.044754888862371445,-0.06059595197439194,221891,59,4,False,Left,Front,Left,Centre,76
<_io.BytesIO object at 0x00000258DAB1A590>,0.7921145558357239,0.08691009879112244,0.007902637124061584,221891,59,4,False,Left,Front,Left,Centre,76
<_io.BytesIO object at 0x00000258DAB26A90>,0.25984492897987366,0.04213252663612366,-0.05285828560590744,221892,59,4,False,Left,Front,Left,Centre,76
<_io.BytesIO object at 0x00000258DAB265E0>,0.29587873816490173,0.04423720762133598,0.023790575563907623,221892,59,4,False,Left,Front,Left,Centre,76
<_io.BytesIO object at 0x00000258DAB26CC0>,0.30359652638435364,0.030928004533052444,-0.05511943995952606,221892,59,4,False,Left,Front,Left,Centre,76
<_io.BytesIO object at 0x00000258DAB15040>,0.23849961161613464,0.0016533546149730682,-0.06562406569719315,221892,59,4,False,Left,Front,Left,Centre,76
<_io.BytesIO object at 0x00000258DAB15270>,0.21498899161815643,0.0029628046322613955,0.003712844103574753,221892,59,4,False,Left,Front,Left,Centre,76
<_io.BytesIO object at 0x00000258DAB150E0>,0.7437006831169128,0.07657638937234879,-0.08598789572715759,221892,59,4,False,Left,Front,Left,Centre,76
<_io.BytesIO object at 0x00000258DAB15F40>,0.7804713845252991,0.08125767111778259,-0.10655105113983154,221892,59,4,False,Left,Front,Left,Centre,76
<_io.BytesIO object at 0x00000258DAB15310>,0.8067446351051331,0.0468214750289917,-0.09956982731819153,221892,59,4,False,Left,Front,Left,Centre,76
<_io.BytesIO object at 0x00000258DAB15220>,0.8429300785064697,0.044754888862371445,-0.06059595197439194,221892,59,4,False,Left,Front,Left,Centre,76
<_io.BytesIO object at 0x00000258DAB15AE0>,0.7921145558357239,0.08691009879112244,0.007902637124061584,221892,59,4,False,Left,Front,Left,Centre,76
<_io.BytesIO object at 0x00000258D7D60E50>,0.2598363757133484,0.04214422404766083,-0.05283805727958679,221893,59,4,False,Left,Front,Left,Centre,76
<_io.BytesIO object at 0x00000258D7D30310>,0.29588696360588074,0.04423663020133972,0.023801418021321297,221893,59,4,False,Left,Front,Left,Centre,76
<_io.BytesIO object at 0x00000258D7D306D0>,0.30360186100006104,0.030935995280742645,-0.05511025711894035,221893,59,4,False,Left,Front,Left,Centre,76
<_io.BytesIO object at 0x00000258D7D30630>,0.23847800493240356,0.0016769710928201675,-0.06561321020126343,221893,59,4,False,Left,Front,Left,Centre,76
<_io.BytesIO object at 0x00000258D7D30C70>,0.21498462557792664,0.0029732882976531982,0.0037249820306897163,221893,59,4,False,Left,Front,Left,Centre,76
<_io.BytesIO object at 0x00000258DAB24680>,0.7437006831169128,0.07657638937234879,-0.08598789572715759,221893,59,4,False,Left,Front,Left,Centre,76
<_io.BytesIO object at 0x00000258DAB248B0>,0.7804713845252991,0.08125767111778259,-0.10655105113983154,221893,59,4,False,Left,Front,Left,Centre,76
<_io.BytesIO object at 0x00000258DAB24E50>,0.8067446351051331,0.0468214750289917,-0.09956982731819153,221893,59,4,False,Left,Front,Left,Centre,76
<_io.BytesIO object at 0x00000258DAB24C70>,0.8429300785064697,0.044754888862371445,-0.06059595197439194,221893,59,4,False,Left,Front,Left,Centre,76
<_io.BytesIO object at 0x00000258DAB24540>,0.7921145558357239,0.08691009879112244,0.007902637124061584,221893,59,4,False,Left,Front,Left,Centre,76
<_io.BytesIO object at 0x00000258DAB24F40>,0.25982701778411865,0.04215604439377785,-0.052810367196798325,221894,59,4,False,Left,Front,Left,Centre,76
<_io.BytesIO object at 0x00000258D7D30590>,0.295891135931015,0.044237781316041946,0.0237955991178751,221894,59,4,False,Left,Front,Left,Centre,76
<_io.BytesIO object at 0x00000258D7D30A40>,0.303590327501297,0.030957771465182304,-0.05511080473661423,221894,59,4,False,Left,Front,Left,Centre,76
<_io.BytesIO object at 0x00000258D7D604A0>,0.23846696317195892,0.0016884318320080638,-0.06560137122869492,221894,59,4,False,Left,Front,Left,Centre,76
<_io.BytesIO object at 0x00000258D7D60860>,0.21498115360736847,0.002976861083880067,0.003744998248293996,221894,59,4,False,Left,Front,Left,Centre,76
<_io.BytesIO object at 0x00000258D7D60A90>,0.7437006831169128,0.07657638937234879,-0.08598789572715759,221894,59,4,False,Left,Front,Left,Centre,76
<_io.BytesIO object at 0x00000258D7D606D0>,0.7804713845252991,0.08125767111778259,-0.10655105113983154,221894,59,4,False,Left,Front,Left,Centre,76
<_io.BytesIO object at 0x00000258D7D60720>,0.8067446351051331,0.0468214750289917,-0.09956982731819153,221894,59,4,False,Left,Front,Left,Centre,76
<_io.BytesIO object at 0x00000258D7D60540>,0.8429300785064697,0.044754888862371445,-0.06059595197439194,221894,59,4,False,Left,Front,Left,Centre,76
<_io.BytesIO object at 0x00000258D2805130>,0.7921145558357239,0.08691009879112244,0.007902637124061584,221894,59,4,False,Left,Front,Left,Centre,76
<_io.BytesIO object at 0x00000258DAB15040>,0.2598069906234741,0.04217454046010971,-0.05278974026441574,221895,59,4,False,Left,Front,Left,Centre,76
<_io.BytesIO object at 0x00000258DAB26E50>,0.2958936095237732,0.04422961547970772,0.023798583075404167,221895,59,4,False,Left,Front,Left,Centre,76
<_io.BytesIO object at 0x00000258DAB26D60>,0.30356112122535706,0.030969493091106415,-0.055104516446590424,221895,59,4,False,Left,Front,Left,Centre,76
<_io.BytesIO object at 0x00000258DAB26220>,0.23844662308692932,0.0017168972408398986,-0.06560125946998596,221895,59,4,False,Left,Front,Left,Centre,76
<_io.BytesIO object at 0x00000258DAB26310>,0.21497470140457153,0.002977510914206505,0.003750768955796957,221895,59,4,False,Left,Front,Left,Centre,76
<_io.BytesIO object at 0x00000258DAB26C70>,0.7437006831169128,0.07657638937234879,-0.08598789572715759,221895,59,4,False,Left,Front,Left,Centre,76
<_io.BytesIO object at 0x00000258DAB1A540>,0.7804713845252991,0.08125767111778259,-0.10655105113983154,221895,59,4,False,Left,Front,Left,Centre,76
<_io.BytesIO object at 0x00000258DAB1AC70>,0.8067446351051331,0.0468214750289917,-0.09956982731819153,221895,59,4,False,Left,Front,Left,Centre,76
<_io.BytesIO object at 0x00000258DAB1AF40>,0.8429300785064697,0.044754888862371445,-0.06059595197439194,221895,59,4,False,Left,Front,Left,Centre,76
<_io.BytesIO object at 0x00000258DAB1A270>,0.7921145558357239,0.08691009879112244,0.007902637124061584,221895,59,4,False,Left,Front,Left,Centre,76
<_io.BytesIO object at 0x00000258D7D43A40>,0.2597959339618683,0.04217981547117233,-0.05278004705905914,221896,59,4,False,Left,Front,Left,Centre,76
<_io.BytesIO object at 0x00000258D7D439F0>,0.2958888113498688,0.04422602429986,0.023801160976290703,221896,59,4,False,Left,Front,Left,Centre,76
<_io.BytesIO object at 0x00000258DAB1FF40>,0.3035343885421753,0.030977943912148476,-0.055104196071624756,221896,59,4,False,Left,Front,Left,Centre,76
<_io.BytesIO object at 0x00000258DAB1FBD0>,0.2384137064218521,0.0017239849548786879,-0.06558471918106079,221896,59,4,False,Left,Front,Left,Centre,76
<_io.BytesIO object at 0x00000258DAB1FD10>,0.21495859324932098,0.002984677441418171,0.0037589315325021744,221896,59,4,False,Left,Front,Left,Centre,76
<_io.BytesIO object at 0x00000258DAB1F0E0>,0.7437006831169128,0.07657638937234879,-0.08598789572715759,221896,59,4,False,Left,Front,Left,Centre,76
<_io.BytesIO object at 0x00000258D7D249A0>,0.7804713845252991,0.08125767111778259,-0.10655105113983154,221896,59,4,False,Left,Front,Left,Centre,76
<_io.BytesIO object at 0x00000258D7D249F0>,0.8067446351051331,0.0468214750289917,-0.09956982731819153,221896,59,4,False,Left,Front,Left,Centre,76
<_io.BytesIO object at 0x00000258D7D5E8B0>,0.8429300785064697,0.044754888862371445,-0.06059595197439194,221896,59,4,False,Left,Front,Left,Centre,76
<_io.BytesIO object at 0x00000258D7D5E9F0>,0.7921145558357239,0.08691009879112244,0.007902637124061584,221896,59,4,False,Left,Front,Left,Centre,76
<_io.BytesIO object at 0x00000258DAC21220>,0.2597683072090149,0.04218493402004242,-0.05275723338127136,221897,59,4,False,Left,Front,Left,Centre,76
<_io.BytesIO object at 0x00000258DAC211D0>,0.29587990045547485,0.04422474652528763,0.02380262315273285,221897,59,4,False,Left,Front,Left,Centre,76
<_io.BytesIO object at 0x00000258D7D498B0>,0.3034924864768982,0.0309933852404356,-0.055095117539167404,221897,59,4,False,Left,Front,Left,Centre,76
<_io.BytesIO object at 0x00000258D7D49DB0>,0.2383560985326767,0.0017413463210687041,-0.06555627286434174,221897,59,4,False,Left,Front,Left,Centre,76
<_io.BytesIO object at 0x00000258D7D49B30>,0.21494503319263458,0.002988973166793585,0.0037881203461438417,221897,59,4,False,Left,Front,Left,Centre,76
<_io.BytesIO object at 0x00000258D7D49EF0>,0.7437006831169128,0.07657638937234879,-0.08598789572715759,221897,59,4,False,Left,Front,Left,Centre,76
<_io.BytesIO object at 0x00000258D7D49720>,0.7804713845252991,0.08125767111778259,-0.10655105113983154,221897,59,4,False,Left,Front,Left,Centre,76
<_io.BytesIO object at 0x00000258D7D49310>,0.8067446351051331,0.0468214750289917,-0.09956982731819153,221897,59,4,False,Left,Front,Left,Centre,76
<_io.BytesIO object at 0x00000258D7D49040>,0.8429300785064697,0.044754888862371445,-0.06059595197439194,221897,59,4,False,Left,Front,Left,Centre,76
<_io.BytesIO object at 0x00000258DAB5DB30>,0.7921145558357239,0.08691009879112244,0.007902637124061584,221897,59,4,False,Left,Front,Left,Centre,76
<_io.BytesIO object at 0x00000258D7DC47C0>,0.25974124670028687,0.04217927157878876,-0.052753616124391556,221898,59,4,False,Left,Front,Left,Centre,76
<_io.BytesIO object at 0x00000258D7DC4D10>,0.29588431119918823,0.04421272128820419,0.02379504032433033,221898,59,4,False,Left,Front,Left,Centre,76
<_io.BytesIO object at 0x00000258DAB39900>,0.30346304178237915,0.031000878661870956,-0.055096209049224854,221898,59,4,False,Left,Front,Left,Centre,76
<_io.BytesIO object at 0x00000258DAB39B80>,0.23831485211849213,0.0017511581536382437,-0.06553718447685242,221898,59,4,False,Left,Front,Left,Centre,76
<_io.BytesIO object at 0x00000258DAB398B0>,0.2149365097284317,0.0029783223289996386,0.0038125687278807163,221898,59,4,False,Left,Front,Left,Centre,76
<_io.BytesIO object at 0x00000258DAB395E0>,0.7437006831169128,0.07657638937234879,-0.08598789572715759,221898,59,4,False,Left,Front,Left,Centre,76
<_io.BytesIO object at 0x00000258DAB39400>,0.7804713845252991,0.08125767111778259,-0.10655105113983154,221898,59,4,False,Left,Front,Left,Centre,76
<_io.BytesIO object at 0x00000258DAB39630>,0.8067446351051331,0.0468214750289917,-0.09956982731819153,221898,59,4,False,Left,Front,Left,Centre,76
<_io.BytesIO object at 0x00000258DAB3D450>,0.8429300785064697,0.044754888862371445,-0.06059595197439194,221898,59,4,False,Left,Front,Left,Centre,76
<_io.BytesIO object at 0x00000258DAB3DEF0>,0.7921145558357239,0.08691009879112244,0.007902637124061584,221898,59,4,False,Left,Front,Left,Centre,76
<_io.BytesIO object at 0x00000258D7D33B30>,0.2597268223762512,0.04217596724629402,-0.05273447185754776,221899,59,4,False,Left,Front,Left,Centre,76
<_io.BytesIO object at 0x00000258D7D33450>,0.29587656259536743,0.0442207045853138,0.02378987893462181,221899,59,4,False,Left,Front,Left,Centre,76
<_io.BytesIO object at 0x00000258D7D31090>,0.30342820286750793,0.030998913571238518,-0.05511863902211189,221899,59,4,False,Left,Front,Left,Centre,76
<_io.BytesIO object at 0x00000258D7D33E00>,0.2382914423942566,0.0017428111750632524,-0.06552823632955551,221899,59,4,False,Left,Front,Left,Centre,76
<_io.BytesIO object at 0x00000258D7D33EA0>,0.21493719518184662,0.002972726710140705,0.003820433747023344,221899,59,4,False,Left,Front,Left,Centre,76
<_io.BytesIO object at 0x00000258D7D334A0>,0.7437006831169128,0.07657638937234879,-0.08598789572715759,221899,59,4,False,Left,Front,Left,Centre,76
<_io.BytesIO object at 0x00000258D7D339F0>,0.7804713845252991,0.08125767111778259,-0.10655105113983154,221899,59,4,False,Left,Front,Left,Centre,76
<_io.BytesIO object at 0x00000258D7D33270>,0.8067446351051331,0.0468214750289917,-0.09956982731819153,221899,59,4,False,Left,Front,Left,Centre,76
<_io.BytesIO object at 0x00000258DAB3D720>,0.8429300785064697,0.044754888862371445,-0.06059595197439194,221899,59,4,False,Left,Front,Left,Centre,76
<_io.BytesIO object at 0x00000258DAB3DBD0>,0.7921145558357239,0.08691009879112244,0.007902637124061584,221899,59,4,False,Left,Front,Left,Centre,76
<_io.BytesIO object at 0x00000258DAB394F0>,0.2597249746322632,0.042172983288764954,-0.05274692177772522,221900,59,4,False,Left,Front,Left,Centre,76
<_io.BytesIO object at 0x00000258DAB39270>,0.2958870530128479,0.04420702904462814,0.023778535425662994,221900,59,4,False,Left,Front,Left,Centre,76
<_io.BytesIO object at 0x00000258D7DC4C70>,0.30340340733528137,0.031009672209620476,-0.05512653663754463,221900,59,4,False,Left,Front,Left,Centre,76
<_io.BytesIO object at 0x00000258D7DC4BD0>,0.2382630556821823,0.0017382261576130986,-0.06552118808031082,221900,59,4,False,Left,Front,Left,Centre,76
<_io.BytesIO object at 0x00000258D7DC4360>,0.21492184698581696,0.0029617089312523603,0.003831645706668496,221900,59,4,False,Left,Front,Left,Centre,76
<_io.BytesIO object at 0x00000258D7DC4F90>,0.7437006831169128,0.07657638937234879,-0.08598789572715759,221900,59,4,False,Left,Front,Left,Centre,76
<_io.BytesIO object at 0x00000258D7DC4630>,0.7804713845252991,0.08125767111778259,-0.10655105113983154,221900,59,4,False,Left,Front,Left,Centre,76
<_io.BytesIO object at 0x00000258D7DC4A40>,0.8067446351051331,0.0468214750289917,-0.09956982731819153,221900,59,4,False,Left,Front,Left,Centre,76
<_io.BytesIO object at 0x00000258D7DC4680>,0.8429300785064697,0.044754888862371445,-0.06059595197439194,221900,59,4,False,Left,Front,Left,Centre,76
<_io.BytesIO object at 0x00000258DAB5D8B0>,0.7921145558357239,0.08691009879112244,0.007902637124061584,221900,59,4,False,Left,Front,Left,Centre,76
<_io.BytesIO object at 0x00000258D7D49630>,0.25969353318214417,0.042167212814092636,-0.05274411663413048,221901,59,4,False,Left,Front,Left,Centre,76
<_io.BytesIO object at 0x00000258D7D49450>,0.2958819568157196,0.044202882796525955,0.023777039721608162,221901,59,4,False,Left,Front,Left,Centre,76
<_io.BytesIO object at 0x00000258DAC21540>,0.30337607860565186,0.031030908226966858,-0.05513860657811165,221901,59,4,False,Left,Front,Left,Centre,76
<_io.BytesIO object at 0x00000258DAC21BD0>,0.238226979970932,0.0017293067649006844,-0.06550139933824539,221901,59,4,False,Left,Front,Left,Centre,76
<_io.BytesIO object at 0x00000258DAC219F0>,0.21492034196853638,0.0029549782630056143,0.0038424881640821695,221901,59,4,False,Left,Front,Left,Centre,76
<_io.BytesIO object at 0x00000258DAC21CC0>,0.7437006831169128,0.07657638937234879,-0.08598789572715759,221901,59,4,False,Left,Front,Left,Centre,76
<_io.BytesIO object at 0x00000258DAC21DB0>,0.7804713845252991,0.08125767111778259,-0.10655105113983154,221901,59,4,False,Left,Front,Left,Centre,76
<_io.BytesIO object at 0x00000258DAC21D60>,0.8067446351051331,0.0468214750289917,-0.09956982731819153,221901,59,4,False,Left,Front,Left,Centre,76
<_io.BytesIO object at 0x00000258D7D5E720>,0.8429300785064697,0.044754888862371445,-0.06059595197439194,221901,59,4,False,Left,Front,Left,Centre,76
<_io.BytesIO object at 0x00000258D7D5EF40>,0.7921145558357239,0.08691009879112244,0.007902637124061584,221901,59,4,False,Left,Front,Left,Centre,76
<_io.BytesIO object at 0x00000258DAB1F310>,0.2596808969974518,0.04217112809419632,-0.052728064358234406,221902,59,4,False,Left,Front,Left,Centre,76
<_io.BytesIO object at 0x00000258DAB1F450>,0.29589390754699707,0.04418937489390373,0.023772137239575386,221902,59,4,False,Left,Front,Left,Centre,76
<_io.BytesIO object at 0x00000258DAB1AEA0>,0.30335909128189087,0.0309998020529747,-0.05515924468636513,221902,59,4,False,Left,Front,Left,Centre,76
<_io.BytesIO object at 0x00000258DAB1A9A0>,0.23820477724075317,0.001728491741232574,-0.06547921150922775,221902,59,4,False,Left,Front,Left,Centre,76
<_io.BytesIO object at 0x00000258DAB1A3B0>,0.21492260694503784,0.002945686923339963,0.0038622538559138775,221902,59,4,False,Left,Front,Left,Centre,76
<_io.BytesIO object at 0x00000258DAB1AB80>,0.7437006831169128,0.07657638937234879,-0.08598789572715759,221902,59,4,False,Left,Front,Left,Centre,76
<_io.BytesIO object at 0x00000258DAB1A900>,0.7804713845252991,0.08125767111778259,-0.10655105113983154,221902,59,4,False,Left,Front,Left,Centre,76
<_io.BytesIO object at 0x00000258DAB1AC70>,0.8067446351051331,0.0468214750289917,-0.09956982731819153,221902,59,4,False,Left,Front,Left,Centre,76
<_io.BytesIO object at 0x00000258DAB1AB30>,0.8429300785064697,0.044754888862371445,-0.06059595197439194,221902,59,4,False,Left,Front,Left,Centre,76
<_io.BytesIO object at 0x00000258DAB26860>,0.7921145558357239,0.08691009879112244,0.007902637124061584,221902,59,4,False,Left,Front,Left,Centre,76
<_io.BytesIO object at 0x00000258DAB15D60>,0.2596837878227234,0.04208363592624664,-0.05269686505198479,221903,59,4,False,Left,Front,Left,Centre,76
<_io.BytesIO object at 0x00000258DAB15D10>,0.295906126499176,0.044184811413288116,0.02377745509147644,221903,59,4,False,Left,Front,Left,Centre,76
<_io.BytesIO object at 0x00000258DAB15450>,0.3033447861671448,0.030997976660728455,-0.05516062304377556,221903,59,4,False,Left,Front,Left,Centre,76
<_io.BytesIO object at 0x00000258D7D439F0>,0.23819246888160706,0.001729621784761548,-0.06547215580940247,221903,59,4,False,Left,Front,Left,Centre,76
<_io.BytesIO object at 0x00000258D7D43400>,0.2149226814508438,0.002957997377961874,0.00387092144228518,221903,59,4,False,Left,Front,Left,Centre,76
<_io.BytesIO object at 0x00000258D7D43E00>,0.7437006831169128,0.07657638937234879,-0.08598789572715759,221903,59,4,False,Left,Front,Left,Centre,76
<_io.BytesIO object at 0x00000258D7D434A0>,0.7804713845252991,0.08125767111778259,-0.10655105113983154,221903,59,4,False,Left,Front,Left,Centre,76
<_io.BytesIO object at 0x00000258D7D432C0>,0.8067446351051331,0.0468214750289917,-0.09956982731819153,221903,59,4,False,Left,Front,Left,Centre,76
<_io.BytesIO object at 0x00000258D7D43D10>,0.8429300785064697,0.044754888862371445,-0.06059595197439194,221903,59,4,False,Left,Front,Left,Centre,76
<_io.BytesIO object at 0x00000258D7D43770>,0.7921145558357239,0.08691009879112244,0.007902637124061584,221903,59,4,False,Left,Front,Left,Centre,76
<_io.BytesIO object at 0x00000258D7D60860>,0.259644478559494,0.042208362370729446,-0.05267892777919769,221904,59,4,False,Left,Front,Left,Centre,76
<_io.BytesIO object at 0x00000258D7D30A90>,0.2959083914756775,0.04419359192252159,0.023768756538629532,221904,59,4,False,Left,Front,Left,Centre,76
<_io.BytesIO object at 0x00000258D7D30B30>,0.3033374547958374,0.030997727066278458,-0.05517356097698212,221904,59,4,False,Left,Front,Left,Centre,76
<_io.BytesIO object at 0x00000258D7D30400>,0.23818372189998627,0.0017349455738440156,-0.06546653062105179,221904,59,4,False,Left,Front,Left,Centre,76
<_io.BytesIO object at 0x00000258D7D301D0>,0.21491917967796326,0.0029573682695627213,0.003870090702548623,221904,59,4,False,Left,Front,Left,Centre,76
<_io.BytesIO object at 0x00000258D7D30CC0>,0.7437006831169128,0.07657638937234879,-0.08598789572715759,221904,59,4,False,Left,Front,Left,Centre,76
<_io.BytesIO object at 0x00000258DAB24680>,0.7804713845252991,0.08125767111778259,-0.10655105113983154,221904,59,4,False,Left,Front,Left,Centre,76
<_io.BytesIO object at 0x00000258DAB24590>,0.8067446351051331,0.0468214750289917,-0.09956982731819153,221904,59,4,False,Left,Front,Left,Centre,76
<_io.BytesIO object at 0x00000258DAB24810>,0.8429300785064697,0.044754888862371445,-0.06059595197439194,221904,59,4,False,Left,Front,Left,Centre,76
<_io.BytesIO object at 0x00000258DAB24E50>,0.7921145558357239,0.08691009879112244,0.007902637124061584,221904,59,4,False,Left,Front,Left,Centre,76
<_io.BytesIO object at 0x00000258DAB26270>,0.2596474885940552,0.04213019832968712,-0.05265922099351883,221905,59,4,False,Left,Front,Left,Centre,76
<_io.BytesIO object at 0x00000258DAB26450>,0.2959152162075043,0.044185299426317215,0.023772044107317924,221905,59,4,False,Left,Front,Left,Centre,76
<_io.BytesIO object at 0x00000258DAB26860>,0.3033290207386017,0.030988991260528564,-0.05518391355872154,221905,59,4,False,Left,Front,Left,Centre,76
<_io.BytesIO object at 0x00000258DAB1A180>,0.23817095160484314,0.0017380047356709838,-0.06546206027269363,221905,59,4,False,Left,Front,Left,Centre,76
<_io.BytesIO object at 0x00000258DAB1AB30>,0.21491478383541107,0.002956125419586897,0.0038804947398602962,221905,59,4,False,Left,Front,Left,Centre,76
<_io.BytesIO object at 0x00000258DAB1A630>,0.7437006831169128,0.07657638937234879,-0.08598789572715759,221905,59,4,False,Left,Front,Left,Centre,76
<_io.BytesIO object at 0x00000258DAB1A4F0>,0.7804713845252991,0.08125767111778259,-0.10655105113983154,221905,59,4,False,Left,Front,Left,Centre,76
<_io.BytesIO object at 0x00000258DAB1A9F0>,0.8067446351051331,0.0468214750289917,-0.09956982731819153,221905,59,4,False,Left,Front,Left,Centre,76
<_io.BytesIO object at 0x00000258DAB1A770>,0.8429300785064697,0.044754888862371445,-0.06059595197439194,221905,59,4,False,Left,Front,Left,Centre,76
<_io.BytesIO object at 0x00000258DAB1AEA0>,0.7921145558357239,0.08691009879112244,0.007902637124061584,221905,59,4,False,Left,Front,Left,Centre,76
<_io.BytesIO object at 0x00000258DAC21270>,0.25968122482299805,0.04207566753029823,-0.05269179865717888,221906,59,4,False,Left,Front,Left,Centre,76
<_io.BytesIO object at 0x00000258DAC21C20>,0.29592764377593994,0.04416869953274727,0.023780444636940956,221906,59,4,False,Left,Front,Left,Centre,76
<_io.BytesIO object at 0x00000258DAC21220>,0.303323358297348,0.030981935560703278,-0.05517641082406044,221906,59,4,False,Left,Front,Left,Centre,76
<_io.BytesIO object at 0x00000258D7D49450>,0.23816555738449097,0.0017332314746454358,-0.06544775515794754,221906,59,4,False,Left,Front,Left,Centre,76
<_io.BytesIO object at 0x00000258D7D490E0>,0.21488238871097565,0.00298524578101933,0.003944096155464649,221906,59,4,False,Left,Front,Left,Centre,76
<_io.BytesIO object at 0x00000258D7D49EA0>,0.7437006831169128,0.07657638937234879,-0.08598789572715759,221906,59,4,False,Left,Front,Left,Centre,76
<_io.BytesIO object at 0x00000258D7D49B30>,0.7804713845252991,0.08125767111778259,-0.10655105113983154,221906,59,4,False,Left,Front,Left,Centre,76
<_io.BytesIO object at 0x00000258D7D49EF0>,0.8067446351051331,0.0468214750289917,-0.09956982731819153,221906,59,4,False,Left,Front,Left,Centre,76
<_io.BytesIO object at 0x00000258D7D49E50>,0.8429300785064697,0.044754888862371445,-0.06059595197439194,221906,59,4,False,Left,Front,Left,Centre,76
<_io.BytesIO object at 0x00000258D7D499A0>,0.7921145558357239,0.08691009879112244,0.007902637124061584,221906,59,4,False,Left,Front,Left,Centre,76
<_io.BytesIO object at 0x00000258D7DC4630>,0.2596791982650757,0.04208694398403168,-0.052679743617773056,221907,59,4,False,Left,Front,Left,Centre,76
<_io.BytesIO object at 0x00000258D7DC4C20>,0.29593560099601746,0.04417194053530693,0.023780880495905876,221907,59,4,False,Left,Front,Left,Centre,76
<_io.BytesIO object at 0x00000258DAB39A40>,0.3033330738544464,0.03096475824713707,-0.055176734924316406,221907,59,4,False,Left,Front,Left,Centre,76
<_io.BytesIO object at 0x00000258DAB394F0>,0.23816722631454468,0.0017320497427135706,-0.06544917076826096,221907,59,4,False,Left,Front,Left,Centre,76
<_io.BytesIO object at 0x00000258DAB39F90>,0.21488261222839355,0.0029798983596265316,0.003956596367061138,221907,59,4,False,Left,Front,Left,Centre,76
<_io.BytesIO object at 0x00000258DAB399F0>,0.7437006831169128,0.07657638937234879,-0.08598789572715759,221907,59,4,False,Left,Front,Left,Centre,76
<_io.BytesIO object at 0x00000258DAB39810>,0.7804713845252991,0.08125767111778259,-0.10655105113983154,221907,59,4,False,Left,Front,Left,Centre,76
<_io.BytesIO object at 0x00000258DAB39EF0>,0.8067446351051331,0.0468214750289917,-0.09956982731819153,221907,59,4,False,Left,Front,Left,Centre,76
<_io.BytesIO object at 0x00000258DAB39720>,0.8429300785064697,0.044754888862371445,-0.06059595197439194,221907,59,4,False,Left,Front,Left,Centre,76
<_io.BytesIO object at 0x00000258DAB391D0>,0.7921145558357239,0.08691009879112244,0.007902637124061584,221907,59,4,False,Left,Front,Left,Centre,76
<_io.BytesIO object at 0x00000258D7D5E6D0>,0.2596570551395416,0.042122263461351395,-0.05264652147889137,221908,59,4,False,Left,Front,Left,Centre,76
<_io.BytesIO object at 0x00000258D7D5EE50>,0.2959430515766144,0.04417524114251137,0.023782460018992424,221908,59,4,False,Left,Front,Left,Centre,76
<_io.BytesIO object at 0x00000258D7D5E7C0>,0.30334368348121643,0.03096844255924225,-0.0551736019551754,221908,59,4,False,Left,Front,Left,Centre,76
<_io.BytesIO object at 0x00000258D7D5E720>,0.2381676286458969,0.0017406886909157038,-0.06544911116361618,221908,59,4,False,Left,Front,Left,Centre,76
<_io.BytesIO object at 0x00000258D7D603B0>,0.21488477289676666,0.0029882530216127634,0.003955712541937828,221908,59,4,False,Left,Front,Left,Centre,76
<_io.BytesIO object at 0x00000258D7D60680>,0.7437006831169128,0.07657638937234879,-0.08598789572715759,221908,59,4,False,Left,Front,Left,Centre,76
<_io.BytesIO object at 0x00000258D7D60590>,0.7804713845252991,0.08125767111778259,-0.10655105113983154,221908,59,4,False,Left,Front,Left,Centre,76
<_io.BytesIO object at 0x00000258D7D606D0>,0.8067446351051331,0.0468214750289917,-0.09956982731819153,221908,59,4,False,Left,Front,Left,Centre,76
<_io.BytesIO object at 0x00000258D7D607C0>,0.8429300785064697,0.044754888862371445,-0.06059595197439194,221908,59,4,False,Left,Front,Left,Centre,76
<_io.BytesIO object at 0x00000258D7D60EF0>,0.7921145558357239,0.08691009879112244,0.007902637124061584,221908,59,4,False,Left,Front,Left,Centre,76
<_io.BytesIO object at 0x00000258D7D30D60>,0.2596622109413147,0.04212234914302826,-0.05264388769865036,221909,59,4,False,Left,Front,Left,Centre,76
<_io.BytesIO object at 0x00000258D7D30720>,0.29595398902893066,0.044190745800733566,0.02378281205892563,221909,59,4,False,Left,Front,Left,Centre,76
<_io.BytesIO object at 0x00000258D7D30DB0>,0.30335453152656555,0.030977120622992516,-0.055172085762023926,221909,59,4,False,Left,Front,Left,Centre,76
<_io.BytesIO object at 0x00000258D7D30AE0>,0.2381718009710312,0.0017471532337367535,-0.06544922292232513,221909,59,4,False,Left,Front,Left,Centre,76
<_io.BytesIO object at 0x00000258DAB15AE0>,0.21493905782699585,0.002966413740068674,0.0038913418538868427,221909,59,4,False,Left,Front,Left,Centre,76
<_io.BytesIO object at 0x00000258DAB15950>,0.7437006831169128,0.07657638937234879,-0.08598789572715759,221909,59,4,False,Left,Front,Left,Centre,76
<_io.BytesIO object at 0x00000258DAB15D60>,0.7804713845252991,0.08125767111778259,-0.10655105113983154,221909,59,4,False,Left,Front,Left,Centre,76
<_io.BytesIO object at 0x00000258DAB15E50>,0.8067446351051331,0.0468214750289917,-0.09956982731819153,221909,59,4,False,Left,Front,Left,Centre,76
<_io.BytesIO object at 0x00000258DAB151D0>,0.8429300785064697,0.044754888862371445,-0.06059595197439194,221909,59,4,False,Left,Front,Left,Centre,76
<_io.BytesIO object at 0x00000258DAB154F0>,0.7921145558357239,0.08691009879112244,0.007902637124061584,221909,59,4,False,Left,Front,Left,Centre,76
<_io.BytesIO object at 0x00000258D7D43F40>,0.2596713602542877,0.042144399136304855,-0.052636198699474335,221910,59,4,False,Left,Front,Left,Centre,76
<_io.BytesIO object at 0x00000258D7D33E50>,0.29596203565597534,0.04420202225446701,0.023785186931490898,221910,59,4,False,Left,Front,Left,Centre,76
<_io.BytesIO object at 0x00000258D7D334A0>,0.3033546805381775,0.030992569401860237,-0.05516308173537254,221910,59,4,False,Left,Front,Left,Centre,76
<_io.BytesIO object at 0x00000258D7D33720>,0.23817647993564606,0.0017719489987939596,-0.06545111536979675,221910,59,4,False,Left,Front,Left,Centre,76
<_io.BytesIO object at 0x00000258D7D333B0>,0.214944526553154,0.0029719520825892687,0.003883308731019497,221910,59,4,False,Left,Front,Left,Centre,76
<_io.BytesIO object at 0x00000258D7D43310>,0.7437006831169128,0.07657638937234879,-0.08598789572715759,221910,59,4,False,Left,Front,Left,Centre,76
<_io.BytesIO object at 0x00000258D7D43AE0>,0.7804713845252991,0.08125767111778259,-0.10655105113983154,221910,59,4,False,Left,Front,Left,Centre,76
<_io.BytesIO object at 0x00000258D7D43720>,0.8067446351051331,0.0468214750289917,-0.09956982731819153,221910,59,4,False,Left,Front,Left,Centre,76
<_io.BytesIO object at 0x00000258D7D43680>,0.8429300785064697,0.044754888862371445,-0.06059595197439194,221910,59,4,False,Left,Front,Left,Centre,76
<_io.BytesIO object at 0x00000258D7D43860>,0.7921145558357239,0.08691009879112244,0.007902637124061584,221910,59,4,False,Left,Front,Left,Centre,76
<_io.BytesIO object at 0x00000258DAB153B0>,0.259679913520813,0.04214107617735863,-0.05263293534517288,221911,59,4,False,Left,Front,Left,Centre,76
<_io.BytesIO object at 0x00000258D7D30E50>,0.2959505617618561,0.044201284646987915,0.023796724155545235,221911,59,4,False,Left,Front,Left,Centre,76
<_io.BytesIO object at 0x00000258D7D300E0>,0.30336180329322815,0.030994374305009842,-0.05516017973423004,221911,59,4,False,Left,Front,Left,Centre,76
<_io.BytesIO object at 0x00000258D7D309A0>,0.23818393051624298,0.0017747209640219808,-0.06545035541057587,221911,59,4,False,Left,Front,Left,Centre,76
<_io.BytesIO object at 0x00000258D7D30130>,0.2149413526058197,0.0029729779344052076,0.003895536996424198,221911,59,4,False,Left,Front,Left,Centre,76
<_io.BytesIO object at 0x00000258DAB24630>,0.7437006831169128,0.07657638937234879,-0.08598789572715759,221911,59,4,False,Left,Front,Left,Centre,76
<_io.BytesIO object at 0x00000258DAB244F0>,0.7804713845252991,0.08125767111778259,-0.10655105113983154,221911,59,4,False,Left,Front,Left,Centre,76
<_io.BytesIO object at 0x00000258DAB24450>,0.8067446351051331,0.0468214750289917,-0.09956982731819153,221911,59,4,False,Left,Front,Left,Centre,76
<_io.BytesIO object at 0x00000258DAB24810>,0.8429300785064697,0.044754888862371445,-0.06059595197439194,221911,59,4,False,Left,Front,Left,Centre,76
<_io.BytesIO object at 0x00000258DAB24C70>,0.7921145558357239,0.08691009879112244,0.007902637124061584,221911,59,4,False,Left,Front,Left,Centre,76
<_io.BytesIO object at 0x00000258D7D60680>,0.2596760094165802,0.0421353317797184,-0.05264512449502945,221912,59,4,False,Left,Front,Left,Centre,76
<_io.BytesIO object at 0x00000258D7D5E180>,0.2959538996219635,0.0441916286945343,0.023801881819963455,221912,59,4,False,Left,Front,Left,Centre,76
<_io.BytesIO object at 0x00000258D7D5E090>,0.30335733294487,0.030997196212410927,-0.05515814572572708,221912,59,4,False,Left,Front,Left,Centre,76
<_io.BytesIO object at 0x00000258D7D5E4A0>,0.2381916493177414,0.0017596359830349684,-0.06544923782348633,221912,59,4,False,Left,Front,Left,Centre,76
<_io.BytesIO object at 0x00000258D7D5EDB0>,0.21490176022052765,0.0030028086621314287,0.003959414549171925,221912,59,4,False,Left,Front,Left,Centre,76
<_io.BytesIO object at 0x00000258DAB3DE00>,0.7437006831169128,0.07657638937234879,-0.08598789572715759,221912,59,4,False,Left,Front,Left,Centre,76
<_io.BytesIO object at 0x00000258DAB3D040>,0.7804713845252991,0.08125767111778259,-0.10655105113983154,221912,59,4,False,Left,Front,Left,Centre,76
<_io.BytesIO object at 0x00000258DAB3DC70>,0.8067446351051331,0.0468214750289917,-0.09956982731819153,221912,59,4,False,Left,Front,Left,Centre,76
<_io.BytesIO object at 0x00000258DAB3DB80>,0.8429300785064697,0.044754888862371445,-0.06059595197439194,221912,59,4,False,Left,Front,Left,Centre,76
<_io.BytesIO object at 0x00000258DAB3D540>,0.7921145558357239,0.08691009879112244,0.007902637124061584,221912,59,4,False,Left,Front,Left,Centre,76
<_io.BytesIO object at 0x00000258DAB394F0>,0.2596766948699951,0.04213380068540573,-0.052638739347457886,221913,59,4,False,Left,Front,Left,Centre,76
<_io.BytesIO object at 0x00000258D7DC44A0>,0.29596278071403503,0.04418528079986572,0.02379579097032547,221913,59,4,False,Left,Front,Left,Centre,76
<_io.BytesIO object at 0x00000258D7DC4770>,0.30335983633995056,0.030989576131105423,-0.05515506863594055,221913,59,4,False,Left,Front,Left,Centre,76
<_io.BytesIO object at 0x00000258D7DC4EA0>,0.23820094764232635,0.001756733632646501,-0.06545401364564896,221913,59,4,False,Left,Front,Left,Centre,76
<_io.BytesIO object at 0x00000258D7DC4130>,0.21494606137275696,0.00295327533967793,0.003895046189427376,221913,59,4,False,Left,Front,Left,Centre,76
<_io.BytesIO object at 0x00000258D7DC4680>,0.7437006831169128,0.07657638937234879,-0.08598789572715759,221913,59,4,False,Left,Front,Left,Centre,76
<_io.BytesIO object at 0x00000258D7DC4F40>,0.7804713845252991,0.08125767111778259,-0.10655105113983154,221913,59,4,False,Left,Front,Left,Centre,76
<_io.BytesIO object at 0x00000258DAB5DEF0>,0.8067446351051331,0.0468214750289917,-0.09956982731819153,221913,59,4,False,Left,Front,Left,Centre,76
<_io.BytesIO object at 0x00000258DAB5D770>,0.8429300785064697,0.044754888862371445,-0.06059595197439194,221913,59,4,False,Left,Front,Left,Centre,76
<_io.BytesIO object at 0x00000258DAB5D540>,0.7921145558357239,0.08691009879112244,0.007902637124061584,221913,59,4,False,Left,Front,Left,Centre,76
<_io.BytesIO object at 0x00000258D7D49630>,0.25967711210250854,0.04213300347328186,-0.05263328179717064,221914,59,4,False,Left,Front,Left,Centre,76
<_io.BytesIO object at 0x00000258DAC21090>,0.2959437072277069,0.04418943077325821,0.023798730224370956,221914,59,4,False,Left,Front,Left,Centre,76
<_io.BytesIO object at 0x00000258DAC219F0>,0.3033609688282013,0.03098936192691326,-0.05514566972851753,221914,59,4,False,Left,Front,Left,Centre,76
<_io.BytesIO object at 0x00000258DAC21D10>,0.2382076233625412,0.0017526049632579088,-0.06545238196849823,221914,59,4,False,Left,Front,Left,Centre,76
<_io.BytesIO object at 0x00000258DAC21D60>,0.2149486541748047,0.0029551570769399405,0.0038937958888709545,221914,59,4,False,Left,Front,Left,Centre,76
<_io.BytesIO object at 0x00000258DAC21770>,0.7437006831169128,0.07657638937234879,-0.08598789572715759,221914,59,4,False,Left,Front,Left,Centre,76
<_io.BytesIO object at 0x00000258D7D249A0>,0.7804713845252991,0.08125767111778259,-0.10655105113983154,221914,59,4,False,Left,Front,Left,Centre,76
<_io.BytesIO object at 0x00000258DAB1FE50>,0.8067446351051331,0.0468214750289917,-0.09956982731819153,221914,59,4,False,Left,Front,Left,Centre,76
<_io.BytesIO object at 0x00000258DAB1FC70>,0.8429300785064697,0.044754888862371445,-0.06059595197439194,221914,59,4,False,Left,Front,Left,Centre,76
<_io.BytesIO object at 0x00000258DAB1F7C0>,0.7921145558357239,0.08691009879112244,0.007902637124061584,221914,59,4,False,Left,Front,Left,Centre,76
<_io.BytesIO object at 0x00000258DAB1A680>,0.25968611240386963,0.042130813002586365,-0.05263552442193031,221915,59,4,False,Left,Front,Left,Centre,76
<_io.BytesIO object at 0x00000258DAB262C0>,0.29595279693603516,0.04418439045548439,0.02379613183438778,221915,59,4,False,Left,Front,Left,Centre,76
<_io.BytesIO object at 0x00000258DAB26270>,0.3033802807331085,0.030990224331617355,-0.0551522858440876,221915,59,4,False,Left,Front,Left,Centre,76
<_io.BytesIO object at 0x00000258DAB26F40>,0.23820289969444275,0.0017493305495008826,-0.06545199453830719,221915,59,4,False,Left,Front,Left,Centre,76
<_io.BytesIO object at 0x00000258DAB26130>,0.21494901180267334,0.002960332902148366,0.0038967877626419067,221915,59,4,False,Left,Front,Left,Centre,76
<_io.BytesIO object at 0x00000258DAB264F0>,0.7437006831169128,0.07657638937234879,-0.08598789572715759,221915,59,4,False,Left,Front,Left,Centre,76
<_io.BytesIO object at 0x00000258DAB269A0>,0.7804713845252991,0.08125767111778259,-0.10655105113983154,221915,59,4,False,Left,Front,Left,Centre,76
<_io.BytesIO object at 0x00000258DAB3C630>,0.8067446351051331,0.0468214750289917,-0.09956982731819153,221915,59,4,False,Left,Front,Left,Centre,76
<_io.BytesIO object at 0x00000258D2805310>,0.8429300785064697,0.044754888862371445,-0.06059595197439194,221915,59,4,False,Left,Front,Left,Centre,76
<_io.BytesIO object at 0x00000258D28058B0>,0.7921145558357239,0.08691009879112244,0.007902637124061584,221915,59,4,False,Left,Front,Left,Centre,76
<_io.BytesIO object at 0x00000258DAB26180>,0.25973448157310486,0.04208982363343239,-0.05266901105642319,221916,59,4,False,Left,Front,Left,Centre,76
<_io.BytesIO object at 0x00000258DAB26450>,0.29595255851745605,0.04419226944446564,0.02379966899752617,221916,59,4,False,Left,Front,Left,Centre,76
<_io.BytesIO object at 0x00000258DAB1A1D0>,0.3033859133720398,0.030992215499281883,-0.05513548478484154,221916,59,4,False,Left,Front,Left,Centre,76
<_io.BytesIO object at 0x00000258DAB1AB30>,0.23822340369224548,0.0017544279107823968,-0.06545577943325043,221916,59,4,False,Left,Front,Left,Centre,76
<_io.BytesIO object at 0x00000258DAB1A900>,0.21490983664989471,0.0029952891636639833,0.003961328417062759,221916,59,4,False,Left,Front,Left,Centre,76
<_io.BytesIO object at 0x00000258DAB1A540>,0.7437006831169128,0.07657638937234879,-0.08598789572715759,221916,59,4,False,Left,Front,Left,Centre,76
<_io.BytesIO object at 0x00000258DAB1A770>,0.7804713845252991,0.08125767111778259,-0.10655105113983154,221916,59,4,False,Left,Front,Left,Centre,76
<_io.BytesIO object at 0x00000258DAB1AEA0>,0.8067446351051331,0.0468214750289917,-0.09956982731819153,221916,59,4,False,Left,Front,Left,Centre,76
<_io.BytesIO object at 0x00000258DAB1AEF0>,0.8429300785064697,0.044754888862371445,-0.06059595197439194,221916,59,4,False,Left,Front,Left,Centre,76
<_io.BytesIO object at 0x00000258DAB1AE00>,0.7921145558357239,0.08691009879112244,0.007902637124061584,221916,59,4,False,Left,Front,Left,Centre,76
<_io.BytesIO object at 0x00000258DAC21E00>,0.25970911979675293,0.042142320424318314,-0.052631452679634094,221917,59,4,False,Left,Front,Left,Centre,76
<_io.BytesIO object at 0x00000258DAC21090>,0.2959595322608948,0.0441901795566082,0.023798195645213127,221917,59,4,False,Left,Front,Left,Centre,76
<_io.BytesIO object at 0x00000258DAC21B30>,0.3034060597419739,0.03099818155169487,-0.05515075474977493,221917,59,4,False,Left,Front,Left,Centre,76
<_io.BytesIO object at 0x00000258D7D49CC0>,0.2382301390171051,0.0017522029811516404,-0.06545817106962204,221917,59,4,False,Left,Front,Left,Centre,76
<_io.BytesIO object at 0x00000258D7D49770>,0.21495196223258972,0.0029695502016693354,0.003895750967785716,221917,59,4,False,Left,Front,Left,Centre,76
<_io.BytesIO object at 0x00000258D7D494F0>,0.7437006831169128,0.07657638937234879,-0.08598789572715759,221917,59,4,False,Left,Front,Left,Centre,76
<_io.BytesIO object at 0x00000258D7D496D0>,0.7804713845252991,0.08125767111778259,-0.10655105113983154,221917,59,4,False,Left,Front,Left,Centre,76
<_io.BytesIO object at 0x00000258D7D49EF0>,0.8067446351051331,0.0468214750289917,-0.09956982731819153,221917,59,4,False,Left,Front,Left,Centre,76
<_io.BytesIO object at 0x00000258D7D49270>,0.8429300785064697,0.044754888862371445,-0.06059595197439194,221917,59,4,False,Left,Front,Left,Centre,76
<_io.BytesIO object at 0x00000258D7D49C20>,0.7921145558357239,0.08691009879112244,0.007902637124061584,221917,59,4,False,Left,Front,Left,Centre,76
<_io.BytesIO object at 0x00000258D7DC4B80>,0.2597450911998749,0.04210612550377846,-0.052669014781713486,221918,59,4,False,Left,Front,Left,Centre,76
<_io.BytesIO object at 0x00000258D7DC43B0>,0.29596108198165894,0.04419885575771332,0.023800520226359367,221918,59,4,False,Left,Front,Left,Centre,76
<_io.BytesIO object at 0x00000258DAB394F0>,0.30341264605522156,0.030996518209576607,-0.05514474958181381,221918,59,4,False,Left,Front,Left,Centre,76
<_io.BytesIO object at 0x00000258DAB39680>,0.23824098706245422,0.0017552314093336463,-0.06546802073717117,221918,59,4,False,Left,Front,Left,Centre,76
<_io.BytesIO object at 0x00000258DAB39F40>,0.21495454013347626,0.0029752403497695923,0.00388776115141809,221918,59,4,False,Left,Front,Left,Centre,76
<_io.BytesIO object at 0x00000258DAB399F0>,0.7437006831169128,0.07657638937234879,-0.08598789572715759,221918,59,4,False,Left,Front,Left,Centre,76
<_io.BytesIO object at 0x00000258DAB398B0>,0.7804713845252991,0.08125767111778259,-0.10655105113983154,221918,59,4,False,Left,Front,Left,Centre,76
<_io.BytesIO object at 0x00000258DAB39E00>,0.8067446351051331,0.0468214750289917,-0.09956982731819153,221918,59,4,False,Left,Front,Left,Centre,76
<_io.BytesIO object at 0x00000258DAB391D0>,0.8429300785064697,0.044754888862371445,-0.06059595197439194,221918,59,4,False,Left,Front,Left,Centre,76
<_io.BytesIO object at 0x00000258DAB394A0>,0.7921145558357239,0.08691009879112244,0.007902637124061584,221918,59,4,False,Left,Front,Left,Centre,76
<_io.BytesIO object at 0x00000258D7D5E9F0>,0.2597595453262329,0.042101409286260605,-0.052674029022455215,221919,59,4,False,Left,Front,Left,Centre,76
<_io.BytesIO object at 0x00000258D7D5E180>,0.2959701120853424,0.04418506845831871,0.023791776970028877,221919,59,4,False,Left,Front,Left,Centre,76
<_io.BytesIO object at 0x00000258D7D5EF90>,0.303416907787323,0.03099525161087513,-0.055132701992988586,221919,59,4,False,Left,Front,Left,Centre,76
<_io.BytesIO object at 0x00000258D7D5E040>,0.23825779557228088,0.0017594876699149609,-0.06546802073717117,221919,59,4,False,Left,Front,Left,Centre,76
<_io.BytesIO object at 0x00000258D7D60770>,0.21496257185935974,0.002966352505609393,0.0038917872589081526,221919,59,4,False,Left,Front,Left,Centre,76
<_io.BytesIO object at 0x00000258D7D604A0>,0.7437006831169128,0.07657638937234879,-0.08598789572715759,221919,59,4,False,Left,Front,Left,Centre,76
<_io.BytesIO object at 0x00000258D7D60220>,0.7804713845252991,0.08125767111778259,-0.10655105113983154,221919,59,4,False,Left,Front,Left,Centre,76
<_io.BytesIO object at 0x00000258D7D60630>,0.8067446351051331,0.0468214750289917,-0.09956982731819153,221919,59,4,False,Left,Front,Left,Centre,76
<_io.BytesIO object at 0x00000258D7D60360>,0.8429300785064697,0.044754888862371445,-0.06059595197439194,221919,59,4,False,Left,Front,Left,Centre,76
<_io.BytesIO object at 0x00000258D7D608B0>,0.7921145558357239,0.08691009879112244,0.007902637124061584,221919,59,4,False,Left,Front,Left,Centre,76
<_io.BytesIO object at 0x00000258D7D30900>,0.25975367426872253,0.04210411384701729,-0.05266546458005905,221920,59,4,False,Left,Front,Left,Centre,76
<_io.BytesIO object at 0x00000258D7D30E50>,0.29597023129463196,0.044185396283864975,0.02380107156932354,221920,59,4,False,Left,Front,Left,Centre,76
<_io.BytesIO object at 0x00000258D7D30450>,0.30341964960098267,0.03098810277879238,-0.05512678995728493,221920,59,4,False,Left,Front,Left,Centre,76
<_io.BytesIO object at 0x00000258D7D305E0>,0.2382604330778122,0.00175936718005687,-0.06547319889068604,221920,59,4,False,Left,Front,Left,Centre,76
<_io.BytesIO object at 0x00000258DAB156D0>,0.21495938301086426,0.0029671969823539257,0.003887549974024296,221920,59,4,False,Left,Front,Left,Centre,76
<_io.BytesIO object at 0x00000258DAB15D10>,0.7437006831169128,0.07657638937234879,-0.08598789572715759,221920,59,4,False,Left,Front,Left,Centre,76
<_io.BytesIO object at 0x00000258DAB15810>,0.7804713845252991,0.08125767111778259,-0.10655105113983154,221920,59,4,False,Left,Front,Left,Centre,76
<_io.BytesIO object at 0x00000258DAB15E50>,0.8067446351051331,0.0468214750289917,-0.09956982731819153,221920,59,4,False,Left,Front,Left,Centre,76
<_io.BytesIO object at 0x00000258DAB15C20>,0.8429300785064697,0.044754888862371445,-0.06059595197439194,221920,59,4,False,Left,Front,Left,Centre,76
<_io.BytesIO object at 0x00000258DAB15BD0>,0.7921145558357239,0.08691009879112244,0.007902637124061584,221920,59,4,False,Left,Front,Left,Centre,76
<_io.BytesIO object at 0x00000258D7D43310>,0.25977200269699097,0.04209480434656143,-0.05266590788960457,221921,59,4,False,Left,Front,Left,Centre,76
<_io.BytesIO object at 0x00000258D7D332C0>,0.2959725558757782,0.044189684092998505,0.02380288951098919,221921,59,4,False,Left,Front,Left,Centre,76
<_io.BytesIO object at 0x00000258D7D33770>,0.30341637134552,0.030978115275502205,-0.055107880383729935,221921,59,4,False,Left,Front,Left,Centre,76
<_io.BytesIO object at 0x00000258D7D33F40>,0.23827166855335236,0.0017535515362396836,-0.06547733396291733,221921,59,4,False,Left,Front,Left,Centre,76
<_io.BytesIO object at 0x00000258D7D33AE0>,0.21496017277240753,0.0029743255581706762,0.0038854831364005804,221921,59,4,False,Left,Front,Left,Centre,76
<_io.BytesIO object at 0x00000258D7D33F90>,0.7437006831169128,0.07657638937234879,-0.08598789572715759,221921,59,4,False,Left,Front,Left,Centre,76
<_io.BytesIO object at 0x00000258D7D33C20>,0.7804713845252991,0.08125767111778259,-0.10655105113983154,221921,59,4,False,Left,Front,Left,Centre,76
<_io.BytesIO object at 0x00000258D7D33400>,0.8067446351051331,0.0468214750289917,-0.09956982731819153,221921,59,4,False,Left,Front,Left,Centre,76
<_io.BytesIO object at 0x00000258D7D33A90>,0.8429300785064697,0.044754888862371445,-0.06059595197439194,221921,59,4,False,Left,Front,Left,Centre,76
<_io.BytesIO object at 0x00000258D7D33C70>,0.7921145558357239,0.08691009879112244,0.007902637124061584,221921,59,4,False,Left,Front,Left,Centre,76
<_io.BytesIO object at 0x00000258DAB15860>,0.25974348187446594,0.04213275760412216,-0.05263052135705948,221922,59,4,False,Left,Front,Left,Centre,76
<_io.BytesIO object at 0x00000258DAB15F90>,0.29598262906074524,0.04418966546654701,0.02379859797656536,221922,59,4,False,Left,Front,Left,Centre,76
<_io.BytesIO object at 0x00000258DAB15EA0>,0.3034302294254303,0.0309890303760767,-0.055127669125795364,221922,59,4,False,Left,Front,Left,Centre,76
<_io.BytesIO object at 0x00000258DAB153B0>,0.2382766604423523,0.001761446357704699,-0.06548215448856354,221922,59,4,False,Left,Front,Left,Centre,76
<_io.BytesIO object at 0x00000258D7D305E0>,0.21496030688285828,0.002976427087560296,0.00388015853241086,221922,59,4,False,Left,Front,Left,Centre,76
<_io.BytesIO object at 0x00000258D7D30AE0>,0.7437006831169128,0.07657638937234879,-0.08598789572715759,221922,59,4,False,Left,Front,Left,Centre,76
<_io.BytesIO object at 0x00000258D7D30720>,0.7804713845252991,0.08125767111778259,-0.10655105113983154,221922,59,4,False,Left,Front,Left,Centre,76
<_io.BytesIO object at 0x00000258D7D30950>,0.8067446351051331,0.0468214750289917,-0.09956982731819153,221922,59,4,False,Left,Front,Left,Centre,76
<_io.BytesIO object at 0x00000258D7D30310>,0.8429300785064697,0.044754888862371445,-0.06059595197439194,221922,59,4,False,Left,Front,Left,Centre,76
<_io.BytesIO object at 0x00000258D7D30220>,0.7921145558357239,0.08691009879112244,0.007902637124061584,221922,59,4,False,Left,Front,Left,Centre,76
<_io.BytesIO object at 0x00000258DAB248B0>,0.25977689027786255,0.042101774364709854,-0.05267039313912392,221923,59,4,False,Left,Front,Left,Centre,76
<_io.BytesIO object at 0x00000258D7D60C70>,0.2959851622581482,0.04419312998652458,0.023795079439878464,221923,59,4,False,Left,Front,Left,Centre,76
<_io.BytesIO object at 0x00000258D7D60E50>,0.30343639850616455,0.030997756868600845,-0.055122923105955124,221923,59,4,False,Left,Front,Left,Centre,76
<_io.BytesIO object at 0x00000258D7D60680>,0.23827259242534637,0.0017665759660303593,-0.06548412889242172,221923,59,4,False,Left,Front,Left,Centre,76
<_io.BytesIO object at 0x00000258D7D5E040>,0.2149658054113388,0.0029741027392446995,0.0038762332405894995,221923,59,4,False,Left,Front,Left,Centre,76
<_io.BytesIO object at 0x00000258D7D5E450>,0.7437006831169128,0.07657638937234879,-0.08598789572715759,221923,59,4,False,Left,Front,Left,Centre,76
<_io.BytesIO object at 0x00000258D7D5E810>,0.7804713845252991,0.08125767111778259,-0.10655105113983154,221923,59,4,False,Left,Front,Left,Centre,76
<_io.BytesIO object at 0x00000258D7D5E590>,0.8067446351051331,0.0468214750289917,-0.09956982731819153,221923,59,4,False,Left,Front,Left,Centre,76
<_io.BytesIO object at 0x00000258D7D5E270>,0.8429300785064697,0.044754888862371445,-0.06059595197439194,221923,59,4,False,Left,Front,Left,Centre,76
<_io.BytesIO object at 0x00000258D7D5E360>,0.7921145558357239,0.08691009879112244,0.007902637124061584,221923,59,4,False,Left,Front,Left,Centre,76
<_io.BytesIO object at 0x00000258DAB3D8B0>,0.2597699761390686,0.0421038493514061,-0.052662841975688934,221924,59,4,False,Left,Front,Left,Centre,76
<_io.BytesIO object at 0x00000258DAB39C20>,0.29598599672317505,0.04419885575771332,0.02380135841667652,221924,59,4,False,Left,Front,Left,Centre,76
<_io.BytesIO object at 0x00000258DAB39270>,0.303419291973114,0.03100479580461979,-0.05511085316538811,221924,59,4,False,Left,Front,Left,Centre,76
<_io.BytesIO object at 0x00000258DAB39450>,0.2382761538028717,0.001763940672390163,-0.06548057496547699,221924,59,4,False,Left,Front,Left,Centre,76
<_io.BytesIO object at 0x00000258DAB39EA0>,0.21496739983558655,0.002973219845443964,0.0038768313825130463,221924,59,4,False,Left,Front,Left,Centre,76
<_io.BytesIO object at 0x00000258D7DC48B0>,0.7437006831169128,0.07657638937234879,-0.08598789572715759,221924,59,4,False,Left,Front,Left,Centre,76
<_io.BytesIO object at 0x00000258D7DC44F0>,0.7804713845252991,0.08125767111778259,-0.10655105113983154,221924,59,4,False,Left,Front,Left,Centre,76
<_io.BytesIO object at 0x00000258D7DC4C20>,0.8067446351051331,0.0468214750289917,-0.09956982731819153,221924,59,4,False,Left,Front,Left,Centre,76
<_io.BytesIO object at 0x00000258D7DC4860>,0.8429300785064697,0.044754888862371445,-0.06059595197439194,221924,59,4,False,Left,Front,Left,Centre,76
<_io.BytesIO object at 0x00000258D7DC4AE0>,0.7921145558357239,0.08691009879112244,0.007902637124061584,221924,59,4,False,Left,Front,Left,Centre,76
<_io.BytesIO object at 0x00000258D7D49720>,0.2597677707672119,0.04209553077816963,-0.05266497656702995,221925,59,4,False,Left,Front,Left,Centre,76
<_io.BytesIO object at 0x00000258D7D49E50>,0.2959839105606079,0.04420024901628494,0.023801511153578758,221925,59,4,False,Left,Front,Left,Centre,76
<_io.BytesIO object at 0x00000258D7D49EA0>,0.3034193515777588,0.03099742718040943,-0.05511967092752457,221925,59,4,False,Left,Front,Left,Centre,76
<_io.BytesIO object at 0x00000258D7D49450>,0.23826712369918823,0.0017632675589993596,-0.06546945124864578,221925,59,4,False,Left,Front,Left,Centre,76
<_io.BytesIO object at 0x00000258DAC219A0>,0.21495819091796875,0.0029802501667290926,0.0038931595627218485,221925,59,4,False,Left,Front,Left,Centre,76
<_io.BytesIO object at 0x00000258DAC21BD0>,0.7437006831169128,0.07657638937234879,-0.08598789572715759,221925,59,4,False,Left,Front,Left,Centre,76
<_io.BytesIO object at 0x00000258DAC21C20>,0.7804713845252991,0.08125767111778259,-0.10655105113983154,221925,59,4,False,Left,Front,Left,Centre,76
<_io.BytesIO object at 0x00000258DAC21540>,0.8067446351051331,0.0468214750289917,-0.09956982731819153,221925,59,4,False,Left,Front,Left,Centre,76
<_io.BytesIO object at 0x00000258DAC21E50>,0.8429300785064697,0.044754888862371445,-0.06059595197439194,221925,59,4,False,Left,Front,Left,Centre,76
<_io.BytesIO object at 0x00000258DAC21D10>,0.7921145558357239,0.08691009879112244,0.007902637124061584,221925,59,4,False,Left,Front,Left,Centre,76
<_io.BytesIO object at 0x00000258DAB1FDB0>,0.2597598135471344,0.04210192337632179,-0.05266452208161354,221926,59,4,False,Left,Front,Left,Centre,76
<_io.BytesIO object at 0x00000258DAB1ACC0>,0.2959696352481842,0.04420683905482292,0.023796938359737396,221926,59,4,False,Left,Front,Left,Centre,76
<_io.BytesIO object at 0x00000258DAB1A540>,0.3034117817878723,0.031006107106804848,-0.055119339376688004,221926,59,4,False,Left,Front,Left,Centre,76
<_io.BytesIO object at 0x00000258DAB1A810>,0.2382548600435257,0.0017578576225787401,-0.0654640644788742,221926,59,4,False,Left,Front,Left,Centre,76
<_io.BytesIO object at 0x00000258DAB1A5E0>,0.21496166288852692,0.0029774208087474108,0.0038899744395166636,221926,59,4,False,Left,Front,Left,Centre,76
<_io.BytesIO object at 0x00000258DAB1AF40>,0.7437006831169128,0.07657638937234879,-0.08598789572715759,221926,59,4,False,Left,Front,Left,Centre,76
<_io.BytesIO object at 0x00000258DAB26090>,0.7804713845252991,0.08125767111778259,-0.10655105113983154,221926,59,4,False,Left,Front,Left,Centre,76
<_io.BytesIO object at 0x00000258DAB26F90>,0.8067446351051331,0.0468214750289917,-0.09956982731819153,221926,59,4,False,Left,Front,Left,Centre,76
<_io.BytesIO object at 0x00000258DAB264A0>,0.8429300785064697,0.044754888862371445,-0.06059595197439194,221926,59,4,False,Left,Front,Left,Centre,76
<_io.BytesIO object at 0x00000258DAB26810>,0.7921145558357239,0.08691009879112244,0.007902637124061584,221926,59,4,False,Left,Front,Left,Centre,76
<_io.BytesIO object at 0x00000258DAB26450>,0.2597449719905853,0.04209590330719948,-0.052665501832962036,221927,59,4,False,Left,Front,Left,Centre,76
<_io.BytesIO object at 0x00000258DAB1A1D0>,0.2959667444229126,0.04420118406414986,0.02379687689244747,221927,59,4,False,Left,Front,Left,Centre,76
<_io.BytesIO object at 0x00000258DAB1A310>,0.30339643359184265,0.03100699558854103,-0.05512024834752083,221927,59,4,False,Left,Front,Left,Centre,76
<_io.BytesIO object at 0x00000258DAB1A8B0>,0.23824450373649597,0.0017584213055670261,-0.06545884907245636,221927,59,4,False,Left,Front,Left,Centre,76
<_io.BytesIO object at 0x00000258DAB1A3B0>,0.2149658054113388,0.0029642267618328333,0.003895882982760668,221927,59,4,False,Left,Front,Left,Centre,76
<_io.BytesIO object at 0x00000258DAB1A270>,0.7437006831169128,0.07657638937234879,-0.08598789572715759,221927,59,4,False,Left,Front,Left,Centre,76
<_io.BytesIO object at 0x00000258DAB1FDB0>,0.7804713845252991,0.08125767111778259,-0.10655105113983154,221927,59,4,False,Left,Front,Left,Centre,76
<_io.BytesIO object at 0x00000258DAB1F590>,0.8067446351051331,0.0468214750289917,-0.09956982731819153,221927,59,4,False,Left,Front,Left,Centre,76
<_io.BytesIO object at 0x00000258DAB1FAE0>,0.8429300785064697,0.044754888862371445,-0.06059595197439194,221927,59,4,False,Left,Front,Left,Centre,76
<_io.BytesIO object at 0x00000258DAB1F3B0>,0.7921145558357239,0.08691009879112244,0.007902637124061584,221927,59,4,False,Left,Front,Left,Centre,76
<_io.BytesIO object at 0x00000258DAC21BD0>,0.2597390413284302,0.0421026311814785,-0.0526653528213501,221928,59,4,False,Left,Front,Left,Centre,76
<_io.BytesIO object at 0x00000258D7D49630>,0.2959648072719574,0.04419754073023796,0.023792291060090065,221928,59,4,False,Left,Front,Left,Centre,76
<_io.BytesIO object at 0x00000258D7D49AE0>,0.3033784329891205,0.031018881127238274,-0.05511648207902908,221928,59,4,False,Left,Front,Left,Centre,76
<_io.BytesIO object at 0x00000258D7D496D0>,0.2382238656282425,0.0017569534247741103,-0.06545174866914749,221928,59,4,False,Left,Front,Left,Centre,76
<_io.BytesIO object at 0x00000258D7D49270>,0.21496330201625824,0.002962593687698245,0.003898645518347621,221928,59,4,False,Left,Front,Left,Centre,76
<_io.BytesIO object at 0x00000258D7D499F0>,0.7437006831169128,0.07657638937234879,-0.08598789572715759,221928,59,4,False,Left,Front,Left,Centre,76
<_io.BytesIO object at 0x00000258D7D491D0>,0.7804713845252991,0.08125767111778259,-0.10655105113983154,221928,59,4,False,Left,Front,Left,Centre,76
<_io.BytesIO object at 0x00000258DAB5DB30>,0.8067446351051331,0.0468214750289917,-0.09956982731819153,221928,59,4,False,Left,Front,Left,Centre,76
<_io.BytesIO object at 0x00000258DAB5D680>,0.8429300785064697,0.044754888862371445,-0.06059595197439194,221928,59,4,False,Left,Front,Left,Centre,76
<_io.BytesIO object at 0x00000258DAB5D540>,0.7921145558357239,0.08691009879112244,0.007902637124061584,221928,59,4,False,Left,Front,Left,Centre,76
<_io.BytesIO object at 0x00000258D7DC4DB0>,0.2596821188926697,0.04214007779955864,-0.052627455443143845,221929,59,4,False,Left,Front,Left,Centre,76
<_io.BytesIO object at 0x00000258DAB39A40>,0.2959612011909485,0.0441899299621582,0.02379424124956131,221929,59,4,False,Left,Front,Left,Centre,76
<_io.BytesIO object at 0x00000258DAB39810>,0.30335935950279236,0.031019868329167366,-0.055118851363658905,221929,59,4,False,Left,Front,Left,Centre,76
<_io.BytesIO object at 0x00000258DAB39E00>,0.23820257186889648,0.0017617036355659366,-0.06543821841478348,221929,59,4,False,Left,Front,Left,Centre,76
<_io.BytesIO object at 0x00000258DAB39AE0>,0.21491360664367676,0.0029960686806589365,0.0039774454198777676,221929,59,4,False,Left,Front,Left,Centre,76
<_io.BytesIO object at 0x00000258DAB39D60>,0.7437006831169128,0.07657638937234879,-0.08598789572715759,221929,59,4,False,Left,Front,Left,Centre,76
<_io.BytesIO object at 0x00000258DAB3D3B0>,0.7804713845252991,0.08125767111778259,-0.10655105113983154,221929,59,4,False,Left,Front,Left,Centre,76
<_io.BytesIO object at 0x00000258DAB3DA90>,0.8067446351051331,0.0468214750289917,-0.09956982731819153,221929,59,4,False,Left,Front,Left,Centre,76
<_io.BytesIO object at 0x00000258DAB3DAE0>,0.8429300785064697,0.044754888862371445,-0.06059595197439194,221929,59,4,False,Left,Front,Left,Centre,76
<_io.BytesIO object at 0x00000258DAB3DEF0>,0.7921145558357239,0.08691009879112244,0.007902637124061584,221929,59,4,False,Left,Front,Left,Centre,76
<_io.BytesIO object at 0x00000258D7D5E0E0>,0.2596695125102997,0.04214503616094589,-0.052620649337768555,221930,59,4,False,Left,Front,Left,Centre,76
<_io.BytesIO object at 0x00000258D7D60770>,0.29595136642456055,0.04419718310236931,0.02379320003092289,221930,59,4,False,Left,Front,Left,Centre,76
<_io.BytesIO object at 0x00000258D7D60D10>,0.303335040807724,0.03102792799472809,-0.0551338754594326,221930,59,4,False,Left,Front,Left,Centre,76
<_io.BytesIO object at 0x00000258D7D60310>,0.23818843066692352,0.001755346660502255,-0.0654199868440628,221930,59,4,False,Left,Front,Left,Centre,76
<_io.BytesIO object at 0x00000258D7D60360>,0.2149110585451126,0.002994345035403967,0.003988249693065882,221930,59,4,False,Left,Front,Left,Centre,76
<_io.BytesIO object at 0x00000258D7D60A90>,0.7437006831169128,0.07657638937234879,-0.08598789572715759,221930,59,4,False,Left,Front,Left,Centre,76
<_io.BytesIO object at 0x00000258DAB249A0>,0.7804713845252991,0.08125767111778259,-0.10655105113983154,221930,59,4,False,Left,Front,Left,Centre,76
<_io.BytesIO object at 0x00000258DAB24E00>,0.8067446351051331,0.0468214750289917,-0.09956982731819153,221930,59,4,False,Left,Front,Left,Centre,76
<_io.BytesIO object at 0x00000258DAB24F40>,0.8429300785064697,0.044754888862371445,-0.06059595197439194,221930,59,4,False,Left,Front,Left,Centre,76
<_io.BytesIO object at 0x00000258DAB24860>,0.7921145558357239,0.08691009879112244,0.007902637124061584,221930,59,4,False,Left,Front,Left,Centre,76
<_io.BytesIO object at 0x00000258D7D30A40>,0.2596491277217865,0.04215458780527115,-0.05262492597103119,221931,59,4,False,Left,Front,Left,Centre,76
<_io.BytesIO object at 0x00000258DAB15C70>,0.29595428705215454,0.044193364679813385,0.02379024401307106,221931,59,4,False,Left,Front,Left,Centre,76
<_io.BytesIO object at 0x00000258DAB15540>,0.3033294081687927,0.031055601313710213,-0.055138468742370605,221931,59,4,False,Left,Front,Left,Centre,76
<_io.BytesIO object at 0x00000258DAB15770>,0.23816777765750885,0.0017600321443751454,-0.06541607528924942,221931,59,4,False,Left,Front,Left,Centre,76
<_io.BytesIO object at 0x00000258DAB155E0>,0.21489503979682922,0.0029884108807891607,0.003985702525824308,221931,59,4,False,Left,Front,Left,Centre,76
<_io.BytesIO object at 0x00000258DAB15450>,0.7437006831169128,0.07657638937234879,-0.08598789572715759,221931,59,4,False,Left,Front,Left,Centre,76
<_io.BytesIO object at 0x00000258DAB15270>,0.7804713845252991,0.08125767111778259,-0.10655105113983154,221931,59,4,False,Left,Front,Left,Centre,76
<_io.BytesIO object at 0x00000258D7D43F40>,0.8067446351051331,0.0468214750289917,-0.09956982731819153,221931,59,4,False,Left,Front,Left,Centre,76
<_io.BytesIO object at 0x00000258D7D43C20>,0.8429300785064697,0.044754888862371445,-0.06059595197439194,221931,59,4,False,Left,Front,Left,Centre,76
<_io.BytesIO object at 0x00000258D7D43A40>,0.7921145558357239,0.08691009879112244,0.007902637124061584,221931,59,4,False,Left,Front,Left,Centre,76
<_io.BytesIO object at 0x00000258D7D33E50>,0.25962990522384644,0.04223446547985077,-0.05263849347829819,221932,59,4,False,Left,Front,Left,Centre,76
<_io.BytesIO object at 0x00000258D7D336D0>,0.2959479093551636,0.04420454055070877,0.023788796737790108,221932,59,4,False,Left,Front,Left,Centre,76
<_io.BytesIO object at 0x00000258D2805310>,0.30330389738082886,0.03107566013932228,-0.0551479272544384,221932,59,4,False,Left,Front,Left,Centre,76
<_io.BytesIO object at 0x00000258D2805680>,0.23814578354358673,0.0017688412917777896,-0.06540510803461075,221932,59,4,False,Left,Front,Left,Centre,76
<_io.BytesIO object at 0x00000258D7D31360>,0.21489538252353668,0.0029822022188454866,0.004002854228019714,221932,59,4,False,Left,Front,Left,Centre,76
<_io.BytesIO object at 0x00000258D2805720>,0.7437006831169128,0.07657638937234879,-0.08598789572715759,221932,59,4,False,Left,Front,Left,Centre,76
<_io.BytesIO object at 0x00000258D2805180>,0.7804713845252991,0.08125767111778259,-0.10655105113983154,221932,59,4,False,Left,Front,Left,Centre,76
<_io.BytesIO object at 0x00000258D28058B0>,0.8067446351051331,0.0468214750289917,-0.09956982731819153,221932,59,4,False,Left,Front,Left,Centre,76
<_io.BytesIO object at 0x00000258D7D33F90>,0.8429300785064697,0.044754888862371445,-0.06059595197439194,221932,59,4,False,Left,Front,Left,Centre,76
<_io.BytesIO object at 0x00000258D7D33630>,0.7921145558357239,0.08691009879112244,0.007902637124061584,221932,59,4,False,Left,Front,Left,Centre,76
<_io.BytesIO object at 0x00000258D7D43810>,0.2596178948879242,0.04215162619948387,-0.05261404439806938,221933,59,4,False,Left,Front,Left,Centre,76
<_io.BytesIO object at 0x00000258DAB15950>,0.2959458827972412,0.044194296002388,0.023788385093212128,221933,59,4,False,Left,Front,Left,Centre,76
<_io.BytesIO object at 0x00000258DAB15040>,0.3032645285129547,0.03109288215637207,-0.05515434965491295,221933,59,4,False,Left,Front,Left,Centre,76
<_io.BytesIO object at 0x00000258DAB15770>,0.23812542855739594,0.0017577166436240077,-0.06540104001760483,221933,59,4,False,Left,Front,Left,Centre,76
<_io.BytesIO object at 0x00000258DAB15630>,0.2148841917514801,0.0029852294828742743,0.004008833318948746,221933,59,4,False,Left,Front,Left,Centre,76
<_io.BytesIO object at 0x00000258DAB15EA0>,0.7437006831169128,0.07657638937234879,-0.08598789572715759,221933,59,4,False,Left,Front,Left,Centre,76
<_io.BytesIO object at 0x00000258DAB157C0>,0.7804713845252991,0.08125767111778259,-0.10655105113983154,221933,59,4,False,Left,Front,Left,Centre,76
<_io.BytesIO object at 0x00000258D7D309F0>,0.8067446351051331,0.0468214750289917,-0.09956982731819153,221933,59,4,False,Left,Front,Left,Centre,76
<_io.BytesIO object at 0x00000258D7D303B0>,0.8429300785064697,0.044754888862371445,-0.06059595197439194,221933,59,4,False,Left,Front,Left,Centre,76
<_io.BytesIO object at 0x00000258D7D302C0>,0.7921145558357239,0.08691009879112244,0.007902637124061584,221933,59,4,False,Left,Front,Left,Centre,76
<_io.BytesIO object at 0x00000258DAB24770>,0.2595909833908081,0.042144931852817535,-0.05261839181184769,221934,59,4,False,Left,Front,Left,Centre,76
<_io.BytesIO object at 0x00000258DAB249F0>,0.29592785239219666,0.044195856899023056,0.02378823235630989,221934,59,4,False,Left,Front,Left,Centre,76
<_io.BytesIO object at 0x00000258D7D60D60>,0.303234726190567,0.031108276918530464,-0.05517682060599327,221934,59,4,False,Left,Front,Left,Centre,76
<_io.BytesIO object at 0x00000258D7D60310>,0.23808953166007996,0.001763289561495185,-0.06539358198642731,221934,59,4,False,Left,Front,Left,Centre,76
<_io.BytesIO object at 0x00000258D7D60B30>,0.21487769484519958,0.0029702777974307537,0.004002957139164209,221934,59,4,False,Left,Front,Left,Centre,76
<_io.BytesIO object at 0x00000258D7D60E50>,0.7437006831169128,0.07657638937234879,-0.08598789572715759,221934,59,4,False,Left,Front,Left,Centre,76
<_io.BytesIO object at 0x00000258D7D602C0>,0.7804713845252991,0.08125767111778259,-0.10655105113983154,221934,59,4,False,Left,Front,Left,Centre,76
<_io.BytesIO object at 0x00000258D7D5EE00>,0.8067446351051331,0.0468214750289917,-0.09956982731819153,221934,59,4,False,Left,Front,Left,Centre,76
<_io.BytesIO object at 0x00000258D7D5EA90>,0.8429300785064697,0.044754888862371445,-0.06059595197439194,221934,59,4,False,Left,Front,Left,Centre,76
<_io.BytesIO object at 0x00000258D7D5E630>,0.7921145558357239,0.08691009879112244,0.007902637124061584,221934,59,4,False,Left,Front,Left,Centre,76
<_io.BytesIO object at 0x00000258DAB3D5E0>,0.2595738172531128,0.04214607551693916,-0.052616629749536514,221935,59,4,False,Left,Front,Left,Centre,76
<_io.BytesIO object at 0x00000258DAB3D450>,0.29592782258987427,0.04419202357530594,0.02378823421895504,221935,59,4,False,Left,Front,Left,Centre,76
<_io.BytesIO object at 0x00000258DAB39220>,0.3031823933124542,0.03111807256937027,-0.05521748214960098,221935,59,4,False,Left,Front,Left,Centre,76
<_io.BytesIO object at 0x00000258DAB391D0>,0.2380535751581192,0.0017821617657318711,-0.06540651619434357,221935,59,4,False,Left,Front,Left,Centre,76
<_io.BytesIO object at 0x00000258DAB39810>,0.21488110721111298,0.0029550474137067795,0.004005898255854845,221935,59,4,False,Left,Front,Left,Centre,76
<_io.BytesIO object at 0x00000258DAB39DB0>,0.7437006831169128,0.07657638937234879,-0.08598789572715759,221935,59,4,False,Left,Front,Left,Centre,76
<_io.BytesIO object at 0x00000258DAB39680>,0.7804713845252991,0.08125767111778259,-0.10655105113983154,221935,59,4,False,Left,Front,Left,Centre,76
<_io.BytesIO object at 0x00000258DAB399A0>,0.8067446351051331,0.0468214750289917,-0.09956982731819153,221935,59,4,False,Left,Front,Left,Centre,76
<_io.BytesIO object at 0x00000258D7DC4E00>,0.8429300785064697,0.044754888862371445,-0.06059595197439194,221935,59,4,False,Left,Front,Left,Centre,76
<_io.BytesIO object at 0x00000258D7DC43B0>,0.7921145558357239,0.08691009879112244,0.007902637124061584,221935,59,4,False,Left,Front,Left,Centre,76
<_io.BytesIO object at 0x00000258DAB5D810>,0.259556382894516,0.042147982865571976,-0.05261170119047165,221936,59,4,False,Left,Front,Left,Centre,76
<_io.BytesIO object at 0x00000258D7D493B0>,0.29592186212539673,0.04419818893074989,0.02379036881029606,221936,59,4,False,Left,Front,Left,Centre,76
<_io.BytesIO object at 0x00000258D7D49C20>,0.3031601905822754,0.031127670779824257,-0.055226683616638184,221936,59,4,False,Left,Front,Left,Centre,76
<_io.BytesIO object at 0x00000258D7D496D0>,0.23805749416351318,0.001751828589476645,-0.06537812948226929,221936,59,4,False,Left,Front,Left,Centre,76
<_io.BytesIO object at 0x00000258D7D49090>,0.21487857401371002,0.0029465355910360813,0.004013979807496071,221936,59,4,False,Left,Front,Left,Centre,76
<_io.BytesIO object at 0x00000258D7D49EA0>,0.7437006831169128,0.07657638937234879,-0.08598789572715759,221936,59,4,False,Left,Front,Left,Centre,76
<_io.BytesIO object at 0x00000258D7D49DB0>,0.7804713845252991,0.08125767111778259,-0.10655105113983154,221936,59,4,False,Left,Front,Left,Centre,76
<_io.BytesIO object at 0x00000258DAC21B80>,0.8067446351051331,0.0468214750289917,-0.09956982731819153,221936,59,4,False,Left,Front,Left,Centre,76
<_io.BytesIO object at 0x00000258DAC219A0>,0.8429300785064697,0.044754888862371445,-0.06059595197439194,221936,59,4,False,Left,Front,Left,Centre,76
<_io.BytesIO object at 0x00000258DAC217C0>,0.7921145558357239,0.08691009879112244,0.007902637124061584,221936,59,4,False,Left,Front,Left,Centre,76
<_io.BytesIO object at 0x00000258DAB1F7C0>,0.2595379054546356,0.04214530810713768,-0.05260583758354187,221937,59,4,False,Left,Front,Left,Centre,76
<_io.BytesIO object at 0x00000258DAB1F680>,0.2959122657775879,0.044190071523189545,0.02377788908779621,221937,59,4,False,Left,Front,Left,Centre,76
<_io.BytesIO object at 0x00000258DAB1AB30>,0.30313733220100403,0.031129492446780205,-0.055230386555194855,221937,59,4,False,Left,Front,Left,Centre,76
<_io.BytesIO object at 0x00000258DAB1AA40>,0.23804819583892822,0.0017442506505176425,-0.06537541002035141,221937,59,4,False,Left,Front,Left,Centre,76
<_io.BytesIO object at 0x00000258DAB1AAE0>,0.2148791253566742,0.002945551648736,0.004013883415609598,221937,59,4,False,Left,Front,Left,Centre,76
<_io.BytesIO object at 0x00000258DAB1A770>,0.7437006831169128,0.07657638937234879,-0.08598789572715759,221937,59,4,False,Left,Front,Left,Centre,76
<_io.BytesIO object at 0x00000258DAB1A1D0>,0.7804713845252991,0.08125767111778259,-0.10655105113983154,221937,59,4,False,Left,Front,Left,Centre,76
<_io.BytesIO object at 0x00000258DAB1AD60>,0.8067446351051331,0.0468214750289917,-0.09956982731819153,221937,59,4,False,Left,Front,Left,Centre,76
<_io.BytesIO object at 0x00000258DAB1AF40>,0.8429300785064697,0.044754888862371445,-0.06059595197439194,221937,59,4,False,Left,Front,Left,Centre,76
<_io.BytesIO object at 0x00000258DAB26180>,0.7921145558357239,0.08691009879112244,0.007902637124061584,221937,59,4,False,Left,Front,Left,Centre,76
<_io.BytesIO object at 0x00000258DAB1A360>,0.2595145106315613,0.04214726388454437,-0.052603550255298615,221938,59,4,False,Left,Front,Left,Centre,76
<_io.BytesIO object at 0x00000258DAB1F450>,0.29591262340545654,0.04419094696640968,0.02377481758594513,221938,59,4,False,Left,Front,Left,Centre,76
<_io.BytesIO object at 0x00000258DAB1FB30>,0.3031143248081207,0.03114341013133526,-0.05524144321680069,221938,59,4,False,Left,Front,Left,Centre,76
<_io.BytesIO object at 0x00000258DAB1F810>,0.23800739645957947,0.001752810669131577,-0.065386101603508,221938,59,4,False,Left,Front,Left,Centre,76
<_io.BytesIO object at 0x00000258D7D24270>,0.2148686796426773,0.00295105017721653,0.004023013170808554,221938,59,4,False,Left,Front,Left,Centre,76
<_io.BytesIO object at 0x00000258DAC212C0>,0.7437006831169128,0.07657638937234879,-0.08598789572715759,221938,59,4,False,Left,Front,Left,Centre,76
<_io.BytesIO object at 0x00000258DAC21EF0>,0.7804713845252991,0.08125767111778259,-0.10655105113983154,221938,59,4,False,Left,Front,Left,Centre,76
<_io.BytesIO object at 0x00000258DAC21A40>,0.8067446351051331,0.0468214750289917,-0.09956982731819153,221938,59,4,False,Left,Front,Left,Centre,76
<_io.BytesIO object at 0x00000258DAC21E50>,0.8429300785064697,0.044754888862371445,-0.06059595197439194,221938,59,4,False,Left,Front,Left,Centre,76
<_io.BytesIO object at 0x00000258DAC216D0>,0.7921145558357239,0.08691009879112244,0.007902637124061584,221938,59,4,False,Left,Front,Left,Centre,76
<_io.BytesIO object at 0x00000258D7D493B0>,0.259502112865448,0.04214329645037651,-0.05260724201798439,221939,59,4,False,Left,Front,Left,Centre,76
<_io.BytesIO object at 0x00000258DAB5DB30>,0.2959142327308655,0.044197093695402145,0.023785673081874847,221939,59,4,False,Left,Front,Left,Centre,76
<_io.BytesIO object at 0x00000258DAB5D540>,0.30309054255485535,0.03115685284137726,-0.055257994681596756,221939,59,4,False,Left,Front,Left,Centre,76
<_io.BytesIO object at 0x00000258DAB5DF40>,0.23801061511039734,0.001733713666908443,-0.06536094844341278,221939,59,4,False,Left,Front,Left,Centre,76
<_io.BytesIO object at 0x00000258D7DC4C20>,0.21487775444984436,0.002949791494756937,0.004017603117972612,221939,59,4,False,Left,Front,Left,Centre,76
<_io.BytesIO object at 0x00000258D7DC4220>,0.7437006831169128,0.07657638937234879,-0.08598789572715759,221939,59,4,False,Left,Front,Left,Centre,76
<_io.BytesIO object at 0x00000258D7DC4680>,0.7804713845252991,0.08125767111778259,-0.10655105113983154,221939,59,4,False,Left,Front,Left,Centre,76
<_io.BytesIO object at 0x00000258D7DC4E50>,0.8067446351051331,0.0468214750289917,-0.09956982731819153,221939,59,4,False,Left,Front,Left,Centre,76
<_io.BytesIO object at 0x00000258D7DC44A0>,0.8429300785064697,0.044754888862371445,-0.06059595197439194,221939,59,4,False,Left,Front,Left,Centre,76
<_io.BytesIO object at 0x00000258D7DC4F40>,0.7921145558357239,0.08691009879112244,0.007902637124061584,221939,59,4,False,Left,Front,Left,Centre,76
<_io.BytesIO object at 0x00000258DAB396D0>,0.2594940662384033,0.04214245453476906,-0.052604518830776215,221940,59,4,False,Left,Front,Left,Centre,76
<_io.BytesIO object at 0x00000258DAB3D950>,0.295910120010376,0.04421039670705795,0.023783855140209198,221940,59,4,False,Left,Front,Left,Centre,76
<_io.BytesIO object at 0x00000258DAB3D540>,0.3030780255794525,0.031162966042757034,-0.05526856333017349,221940,59,4,False,Left,Front,Left,Centre,76
<_io.BytesIO object at 0x00000258DAB3D4F0>,0.23800159990787506,0.001730137038975954,-0.06535989791154861,221940,59,4,False,Left,Front,Left,Centre,76
<_io.BytesIO object at 0x00000258DAB3DDB0>,0.21487842500209808,0.002944416832178831,0.004024619702249765,221940,59,4,False,Left,Front,Left,Centre,76
<_io.BytesIO object at 0x00000258DAB3D310>,0.7437006831169128,0.07657638937234879,-0.08598789572715759,221940,59,4,False,Left,Front,Left,Centre,76
<_io.BytesIO object at 0x00000258DAB3D770>,0.7804713845252991,0.08125767111778259,-0.10655105113983154,221940,59,4,False,Left,Front,Left,Centre,76
<_io.BytesIO object at 0x00000258D7D5E2C0>,0.8067446351051331,0.0468214750289917,-0.09956982731819153,221940,59,4,False,Left,Front,Left,Centre,76
<_io.BytesIO object at 0x00000258D7D5EDB0>,0.8429300785064697,0.044754888862371445,-0.06059595197439194,221940,59,4,False,Left,Front,Left,Centre,76
<_io.BytesIO object at 0x00000258D7D5EF40>,0.7921145558357239,0.08691009879112244,0.007902637124061584,221940,59,4,False,Left,Front,Left,Centre,76
<_io.BytesIO object at 0x00000258D7D60540>,0.2594536542892456,0.042056597769260406,-0.05259551480412483,221941,59,4,False,Left,Front,Left,Centre,76
<_io.BytesIO object at 0x00000258DAB248B0>,0.2959158420562744,0.04420685023069382,0.023778438568115234,221941,59,4,False,Left,Front,Left,Centre,76
<_io.BytesIO object at 0x00000258DAB24BD0>,0.30305415391921997,0.03116386942565441,-0.055282630026340485,221941,59,4,False,Left,Front,Left,Centre,76
<_io.BytesIO object at 0x00000258DAB24810>,0.23796477913856506,0.0017319736070930958,-0.0653633177280426,221941,59,4,False,Left,Front,Left,Centre,76
<_io.BytesIO object at 0x00000258DAB24590>,0.21487510204315186,0.0029391259886324406,0.004027007147669792,221941,59,4,False,Left,Front,Left,Centre,76
<_io.BytesIO object at 0x00000258DAB24180>,0.7437006831169128,0.07657638937234879,-0.08598789572715759,221941,59,4,False,Left,Front,Left,Centre,76
<_io.BytesIO object at 0x00000258D7D30B80>,0.7804713845252991,0.08125767111778259,-0.10655105113983154,221941,59,4,False,Left,Front,Left,Centre,76
<_io.BytesIO object at 0x00000258D7D30270>,0.8067446351051331,0.0468214750289917,-0.09956982731819153,221941,59,4,False,Left,Front,Left,Centre,76
<_io.BytesIO object at 0x00000258D7D30E00>,0.8429300785064697,0.044754888862371445,-0.06059595197439194,221941,59,4,False,Left,Front,Left,Centre,76
<_io.BytesIO object at 0x00000258D7D30770>,0.7921145558357239,0.08691009879112244,0.007902637124061584,221941,59,4,False,Left,Front,Left,Centre,76
<_io.BytesIO object at 0x00000258DAB15950>,0.2594367265701294,0.042045850306749344,-0.05259452760219574,221942,59,4,False,Left,Front,Left,Centre,76
<_io.BytesIO object at 0x00000258D7D43810>,0.29592058062553406,0.04420144483447075,0.02377438358962536,221942,59,4,False,Left,Front,Left,Centre,76
<_io.BytesIO object at 0x00000258D7D43040>,0.30303823947906494,0.03116568922996521,-0.0552983395755291,221942,59,4,False,Left,Front,Left,Centre,76
<_io.BytesIO object at 0x00000258D7D43A90>,0.23795324563980103,0.0017197343986481428,-0.06535188108682632,221942,59,4,False,Left,Front,Left,Centre,76
<_io.BytesIO object at 0x00000258D7D43630>,0.21487848460674286,0.002946658991277218,0.004029976669698954,221942,59,4,False,Left,Front,Left,Centre,76
<_io.BytesIO object at 0x00000258D7D43720>,0.7437006831169128,0.07657638937234879,-0.08598789572715759,221942,59,4,False,Left,Front,Left,Centre,76
<_io.BytesIO object at 0x00000258D7D439A0>,0.7804713845252991,0.08125767111778259,-0.10655105113983154,221942,59,4,False,Left,Front,Left,Centre,76
<_io.BytesIO object at 0x00000258D7D43EF0>,0.8067446351051331,0.0468214750289917,-0.09956982731819153,221942,59,4,False,Left,Front,Left,Centre,76
<_io.BytesIO object at 0x00000258D7D33E50>,0.8429300785064697,0.044754888862371445,-0.06059595197439194,221942,59,4,False,Left,Front,Left,Centre,76
<_io.BytesIO object at 0x00000258D7D33B80>,0.7921145558357239,0.08691009879112244,0.007902637124061584,221942,59,4,False,Left,Front,Left,Centre,76
<_io.BytesIO object at 0x00000258DAB26900>,0.25943446159362793,0.04203583300113678,-0.05260936915874481,221943,59,4,False,Left,Front,Left,Centre,76
<_io.BytesIO object at 0x00000258DAB26630>,0.2959316074848175,0.04419775679707527,0.023761192336678505,221943,59,4,False,Left,Front,Left,Centre,76
<_io.BytesIO object at 0x00000258DAB264F0>,0.3030308783054352,0.031153453513979912,-0.055322181433439255,221943,59,4,False,Left,Front,Left,Centre,76
<_io.BytesIO object at 0x00000258D7D312C0>,0.23795375227928162,0.0016966243274509907,-0.0653361827135086,221943,59,4,False,Left,Front,Left,Centre,76
<_io.BytesIO object at 0x00000258D7D314F0>,0.21489621698856354,0.0029361690394580364,0.00403091823682189,221943,59,4,False,Left,Front,Left,Centre,76
<_io.BytesIO object at 0x00000258DAB26DB0>,0.7437006831169128,0.07657638937234879,-0.08598789572715759,221943,59,4,False,Left,Front,Left,Centre,76
<_io.BytesIO object at 0x00000258DAB26F40>,0.7804713845252991,0.08125767111778259,-0.10655105113983154,221943,59,4,False,Left,Front,Left,Centre,76
<_io.BytesIO object at 0x00000258DAB26450>,0.8067446351051331,0.0468214750289917,-0.09956982731819153,221943,59,4,False,Left,Front,Left,Centre,76
<_io.BytesIO object at 0x00000258DAB26270>,0.8429300785064697,0.044754888862371445,-0.06059595197439194,221943,59,4,False,Left,Front,Left,Centre,76
<_io.BytesIO object at 0x00000258DAB26590>,0.7921145558357239,0.08691009879112244,0.007902637124061584,221943,59,4,False,Left,Front,Left,Centre,76
<_io.BytesIO object at 0x00000258D7D332C0>,0.2594507038593292,0.04211011156439781,-0.05263913422822952,221944,59,4,False,Left,Front,Left,Centre,76
<_io.BytesIO object at 0x00000258D7D439A0>,0.2959432303905487,0.04419562220573425,0.02376468852162361,221944,59,4,False,Left,Front,Left,Centre,76
<_io.BytesIO object at 0x00000258D7D43F90>,0.3030334413051605,0.031156178563833237,-0.05535096675157547,221944,59,4,False,Left,Front,Left,Centre,76
<_io.BytesIO object at 0x00000258D7D43040>,0.23794502019882202,0.001570354332216084,-0.06527932733297348,221944,59,4,False,Left,Front,Left,Centre,76
<_io.BytesIO object at 0x00000258D7D43E00>,0.21489597856998444,0.002938757883384824,0.004024728201329708,221944,59,4,False,Left,Front,Left,Centre,76
<_io.BytesIO object at 0x00000258D7D437C0>,0.7437006831169128,0.07657638937234879,-0.08598789572715759,221944,59,4,False,Left,Front,Left,Centre,76
<_io.BytesIO object at 0x00000258DAB15A40>,0.7804713845252991,0.08125767111778259,-0.10655105113983154,221944,59,4,False,Left,Front,Left,Centre,76
<_io.BytesIO object at 0x00000258DAB15220>,0.8067446351051331,0.0468214750289917,-0.09956982731819153,221944,59,4,False,Left,Front,Left,Centre,76
<_io.BytesIO object at 0x00000258DAB15400>,0.8429300785064697,0.044754888862371445,-0.06059595197439194,221944,59,4,False,Left,Front,Left,Centre,76
<_io.BytesIO object at 0x00000258DAB15E50>,0.7921145558357239,0.08691009879112244,0.007902637124061584,221944,59,4,False,Left,Front,Left,Centre,76
<_io.BytesIO object at 0x00000258D7D30680>,0.259410560131073,0.042005643248558044,-0.05263575538992882,221945,59,4,False,Left,Front,Left,Centre,76
<_io.BytesIO object at 0x00000258DAB24900>,0.2959557771682739,0.04418373107910156,0.023751720786094666,221945,59,4,False,Left,Front,Left,Centre,76
<_io.BytesIO object at 0x00000258DAB24A40>,0.3030320405960083,0.03113456815481186,-0.05536995455622673,221945,59,4,False,Left,Front,Left,Centre,76
<_io.BytesIO object at 0x00000258DAB24630>,0.23793074488639832,0.0015450436621904373,-0.06526978313922882,221945,59,4,False,Left,Front,Left,Centre,76
<_io.BytesIO object at 0x00000258DAB248B0>,0.2148972898721695,0.002931969240307808,0.004024188499897718,221945,59,4,False,Left,Front,Left,Centre,76
<_io.BytesIO object at 0x00000258DAB249A0>,0.7437006831169128,0.07657638937234879,-0.08598789572715759,221945,59,4,False,Left,Front,Left,Centre,76
<_io.BytesIO object at 0x00000258DAB24770>,0.7804713845252991,0.08125767111778259,-0.10655105113983154,221945,59,4,False,Left,Front,Left,Centre,76
<_io.BytesIO object at 0x00000258D7D60630>,0.8067446351051331,0.0468214750289917,-0.09956982731819153,221945,59,4,False,Left,Front,Left,Centre,76
<_io.BytesIO object at 0x00000258D7D60BD0>,0.8429300785064697,0.044754888862371445,-0.06059595197439194,221945,59,4,False,Left,Front,Left,Centre,76
<_io.BytesIO object at 0x00000258D7D60EA0>,0.7921145558357239,0.08691009879112244,0.007902637124061584,221945,59,4,False,Left,Front,Left,Centre,76
<_io.BytesIO object at 0x00000258D7D5E770>,0.2594027519226074,0.04199135676026344,-0.05265095457434654,221946,59,4,False,Left,Front,Left,Centre,76
<_io.BytesIO object at 0x00000258DAB3D770>,0.2959577739238739,0.04420067369937897,0.023796597495675087,221946,59,4,False,Left,Front,Left,Centre,76
<_io.BytesIO object at 0x00000258DAB3DF90>,0.30301377177238464,0.031123267486691475,-0.05538874492049217,221946,59,4,False,Left,Front,Left,Centre,76
<_io.BytesIO object at 0x00000258DAB3D540>,0.23790432512760162,0.001533206203021109,-0.06524863839149475,221946,59,4,False,Left,Front,Left,Centre,76
<_io.BytesIO object at 0x00000258DAB3D360>,0.21489493548870087,0.0029390824493020773,0.0040278807282447815,221946,59,4,False,Left,Front,Left,Centre,76
<_io.BytesIO object at 0x00000258DAB3D630>,0.7437006831169128,0.07657638937234879,-0.08598789572715759,221946,59,4,False,Left,Front,Left,Centre,76
<_io.BytesIO object at 0x00000258DAB3DBD0>,0.7804713845252991,0.08125767111778259,-0.10655105113983154,221946,59,4,False,Left,Front,Left,Centre,76
<_io.BytesIO object at 0x00000258DAB397C0>,0.8067446351051331,0.0468214750289917,-0.09956982731819153,221946,59,4,False,Left,Front,Left,Centre,76
<_io.BytesIO object at 0x00000258DAB39D60>,0.8429300785064697,0.044754888862371445,-0.06059595197439194,221946,59,4,False,Left,Front,Left,Centre,76
<_io.BytesIO object at 0x00000258DAB39860>,0.7921145558357239,0.08691009879112244,0.007902637124061584,221946,59,4,False,Left,Front,Left,Centre,76
<_io.BytesIO object at 0x00000258D7DC46D0>,0.2593149244785309,0.041983235627412796,-0.05268492549657822,221947,59,4,False,Left,Front,Left,Centre,76
<_io.BytesIO object at 0x00000258D7DC4400>,0.29595139622688293,0.04421886056661606,0.023818522691726685,221947,59,4,False,Left,Front,Left,Centre,76
<_io.BytesIO object at 0x00000258DAB5D8B0>,0.30301493406295776,0.03110300377011299,-0.055409736931324005,221947,59,4,False,Left,Front,Left,Centre,76
<_io.BytesIO object at 0x00000258DAB5DB30>,0.2378922551870346,0.0014888887526467443,-0.06523514539003372,221947,59,4,False,Left,Front,Left,Centre,76
<_io.BytesIO object at 0x00000258DAB5D7C0>,0.21489721536636353,0.002928024623543024,0.004027883987873793,221947,59,4,False,Left,Front,Left,Centre,76
<_io.BytesIO object at 0x00000258D7D493B0>,0.7437006831169128,0.07657638937234879,-0.08598789572715759,221947,59,4,False,Left,Front,Left,Centre,76
<_io.BytesIO object at 0x00000258D7D49360>,0.7804713845252991,0.08125767111778259,-0.10655105113983154,221947,59,4,False,Left,Front,Left,Centre,76
<_io.BytesIO object at 0x00000258D7D49D60>,0.8067446351051331,0.0468214750289917,-0.09956982731819153,221947,59,4,False,Left,Front,Left,Centre,76
<_io.BytesIO object at 0x00000258D7D49F90>,0.8429300785064697,0.044754888862371445,-0.06059595197439194,221947,59,4,False,Left,Front,Left,Centre,76
<_io.BytesIO object at 0x00000258D7D49B80>,0.7921145558357239,0.08691009879112244,0.007902637124061584,221947,59,4,False,Left,Front,Left,Centre,76
<_io.BytesIO object at 0x00000258DAC21040>,0.25929194688796997,0.04196971654891968,-0.052686646580696106,221948,59,4,False,Left,Front,Left,Centre,76
<_io.BytesIO object at 0x00000258DAB1F630>,0.2959373891353607,0.04423747584223747,0.02383127249777317,221948,59,4,False,Left,Front,Left,Centre,76
<_io.BytesIO object at 0x00000258DAB1FA90>,0.3029707670211792,0.031094061210751534,-0.055409450083971024,221948,59,4,False,Left,Front,Left,Centre,76
<_io.BytesIO object at 0x00000258DAB1F0E0>,0.23786339163780212,0.0015456995461136103,-0.06525064259767532,221948,59,4,False,Left,Front,Left,Centre,76
<_io.BytesIO object at 0x00000258DAB1AE50>,0.21489331126213074,0.0029261477757245302,0.004026341252028942,221948,59,4,False,Left,Front,Left,Centre,76
<_io.BytesIO object at 0x00000258DAB1AA90>,0.7437006831169128,0.07657638937234879,-0.08598789572715759,221948,59,4,False,Left,Front,Left,Centre,76
<_io.BytesIO object at 0x00000258DAB1A630>,0.7804713845252991,0.08125767111778259,-0.10655105113983154,221948,59,4,False,Left,Front,Left,Centre,76
<_io.BytesIO object at 0x00000258DAB1A590>,0.8067446351051331,0.0468214750289917,-0.09956982731819153,221948,59,4,False,Left,Front,Left,Centre,76
<_io.BytesIO object at 0x00000258DAB1FDB0>,0.8429300785064697,0.044754888862371445,-0.06059595197439194,221948,59,4,False,Left,Front,Left,Centre,76
<_io.BytesIO object at 0x00000258DAB1FBD0>,0.7921145558357239,0.08691009879112244,0.007902637124061584,221948,59,4,False,Left,Front,Left,Centre,76
<_io.BytesIO object at 0x00000258D7D49720>,0.25928136706352234,0.04195878282189369,-0.05270348861813545,221949,59,4,False,Left,Front,Left,Centre,76
<_io.BytesIO object at 0x00000258D7D49630>,0.29594260454177856,0.0442379005253315,0.023826802149415016,221949,59,4,False,Left,Front,Left,Centre,76
<_io.BytesIO object at 0x00000258D7D49680>,0.30296528339385986,0.03107008896768093,-0.05544941872358322,221949,59,4,False,Left,Front,Left,Centre,76
<_io.BytesIO object at 0x00000258D7D49590>,0.23787061870098114,0.0014361852081492543,-0.06520016491413116,221949,59,4,False,Left,Front,Left,Centre,76
<_io.BytesIO object at 0x00000258DAB5DC20>,0.2149001955986023,0.002930368995293975,0.0040234047919511795,221949,59,4,False,Left,Front,Left,Centre,76
<_io.BytesIO object at 0x00000258DAB5DAE0>,0.7437006831169128,0.07657638937234879,-0.08598789572715759,221949,59,4,False,Left,Front,Left,Centre,76
<_io.BytesIO object at 0x00000258DAB5DB30>,0.7804713845252991,0.08125767111778259,-0.10655105113983154,221949,59,4,False,Left,Front,Left,Centre,76
<_io.BytesIO object at 0x00000258DAB5D540>,0.8067446351051331,0.0468214750289917,-0.09956982731819153,221949,59,4,False,Left,Front,Left,Centre,76
<_io.BytesIO object at 0x00000258DAB5D9F0>,0.8429300785064697,0.044754888862371445,-0.06059595197439194,221949,59,4,False,Left,Front,Left,Centre,76
<_io.BytesIO object at 0x00000258D7DC46D0>,0.7921145558357239,0.08691009879112244,0.007902637124061584,221949,59,4,False,Left,Front,Left,Centre,76
<_io.BytesIO object at 0x00000258DAB39DB0>,0.25926533341407776,0.04194527119398117,-0.05271857976913452,221950,59,4,False,Left,Front,Left,Centre,76
<_io.BytesIO object at 0x00000258DAB39B80>,0.2959437668323517,0.04423314332962036,0.023824511095881462,221950,59,4,False,Left,Front,Left,Centre,76
<_io.BytesIO object at 0x00000258DAB3DDB0>,0.3029594123363495,0.031064683571457863,-0.05546273663640022,221950,59,4,False,Left,Front,Left,Centre,76
<_io.BytesIO object at 0x00000258DAB3DBD0>,0.23785951733589172,0.0014011504827067256,-0.06518270820379257,221950,59,4,False,Left,Front,Left,Centre,76
<_io.BytesIO object at 0x00000258DAB3D3B0>,0.21490143239498138,0.0029239070136100054,0.004024207126349211,221950,59,4,False,Left,Front,Left,Centre,76
<_io.BytesIO object at 0x00000258DAB3DAE0>,0.7437006831169128,0.07657638937234879,-0.08598789572715759,221950,59,4,False,Left,Front,Left,Centre,76
<_io.BytesIO object at 0x00000258DAB3D4A0>,0.7804713845252991,0.08125767111778259,-0.10655105113983154,221950,59,4,False,Left,Front,Left,Centre,76
<_io.BytesIO object at 0x00000258DAB3D770>,0.8067446351051331,0.0468214750289917,-0.09956982731819153,221950,59,4,False,Left,Front,Left,Centre,76
<_io.BytesIO object at 0x00000258DAB3D220>,0.8429300785064697,0.044754888862371445,-0.06059595197439194,221950,59,4,False,Left,Front,Left,Centre,76
<_io.BytesIO object at 0x00000258DAB3D900>,0.7921145558357239,0.08691009879112244,0.007902637124061584,221950,59,4,False,Left,Front,Left,Centre,76
<_io.BytesIO object at 0x00000258D7D607C0>,0.2592509090900421,0.04191377013921738,-0.052715834230184555,221951,59,4,False,Left,Front,Left,Centre,76
<_io.BytesIO object at 0x00000258D7D60220>,0.29594340920448303,0.044225938618183136,0.023820731788873672,221951,59,4,False,Left,Front,Left,Centre,76
<_io.BytesIO object at 0x00000258DAB24360>,0.3029404878616333,0.031052080914378166,-0.05547714605927467,221951,59,4,False,Left,Front,Left,Centre,76
<_io.BytesIO object at 0x00000258DAB24C20>,0.2378440499305725,0.0013654588256031275,-0.06516413390636444,221951,59,4,False,Left,Front,Left,Centre,76
<_io.BytesIO object at 0x00000258DAB24A40>,0.21490608155727386,0.0029234166722744703,0.004025448113679886,221951,59,4,False,Left,Front,Left,Centre,76
<_io.BytesIO object at 0x00000258DAB24DB0>,0.7437006831169128,0.07657638937234879,-0.08598789572715759,221951,59,4,False,Left,Front,Left,Centre,76
<_io.BytesIO object at 0x00000258DAB24090>,0.7804713845252991,0.08125767111778259,-0.10655105113983154,221951,59,4,False,Left,Front,Left,Centre,76
<_io.BytesIO object at 0x00000258D7D30BD0>,0.8067446351051331,0.0468214750289917,-0.09956982731819153,221951,59,4,False,Left,Front,Left,Centre,76
<_io.BytesIO object at 0x00000258D7D30D10>,0.8429300785064697,0.044754888862371445,-0.06059595197439194,221951,59,4,False,Left,Front,Left,Centre,76
<_io.BytesIO object at 0x00000258D7D306D0>,0.7921145558357239,0.08691009879112244,0.007902637124061584,221951,59,4,False,Left,Front,Left,Centre,76
<_io.BytesIO object at 0x00000258DAB150E0>,0.25923678278923035,0.04189227893948555,-0.05272087827324867,221952,59,4,False,Left,Front,Left,Centre,76
<_io.BytesIO object at 0x00000258D7D43C70>,0.29595115780830383,0.04422736167907715,0.023823857307434082,221952,59,4,False,Left,Front,Left,Centre,76
<_io.BytesIO object at 0x00000258D7D43090>,0.3029518723487854,0.031023062765598297,-0.05549880489706993,221952,59,4,False,Left,Front,Left,Centre,76
<_io.BytesIO object at 0x00000258D7D43EA0>,0.237834632396698,0.0013427219819277525,-0.06513716280460358,221952,59,4,False,Left,Front,Left,Centre,76
<_io.BytesIO object at 0x00000258D7D43DB0>,0.21490022540092468,0.002931927563622594,0.004022302106022835,221952,59,4,False,Left,Front,Left,Centre,76
<_io.BytesIO object at 0x00000258D7D431D0>,0.7437006831169128,0.07657638937234879,-0.08598789572715759,221952,59,4,False,Left,Front,Left,Centre,76
<_io.BytesIO object at 0x00000258D7D435E0>,0.7804713845252991,0.08125767111778259,-0.10655105113983154,221952,59,4,False,Left,Front,Left,Centre,76
<_io.BytesIO object at 0x00000258D7D334F0>,0.8067446351051331,0.0468214750289917,-0.09956982731819153,221952,59,4,False,Left,Front,Left,Centre,76
<_io.BytesIO object at 0x00000258D7D33590>,0.8429300785064697,0.044754888862371445,-0.06059595197439194,221952,59,4,False,Left,Front,Left,Centre,76
<_io.BytesIO object at 0x00000258D7D33770>,0.7921145558357239,0.08691009879112244,0.007902637124061584,221952,59,4,False,Left,Front,Left,Centre,76
<_io.BytesIO object at 0x00000258D2805590>,0.25923609733581543,0.04187674820423126,-0.05272616818547249,221953,59,4,False,Left,Front,Left,Centre,76
<_io.BytesIO object at 0x00000258D2805810>,0.29595980048179626,0.044232845306396484,0.023830596357584,221953,59,4,False,Left,Front,Left,Centre,76
<_io.BytesIO object at 0x00000258D7D33D10>,0.3029412627220154,0.031006015837192535,-0.0555092990398407,221953,59,4,False,Left,Front,Left,Centre,76
<_io.BytesIO object at 0x00000258D7D33F90>,0.2378094643354416,0.0013346743071451783,-0.06506510823965073,221953,59,4,False,Left,Front,Left,Centre,76
<_io.BytesIO object at 0x00000258D7D33270>,0.21491068601608276,0.002931967843323946,0.00403305608779192,221953,59,4,False,Left,Front,Left,Centre,76
<_io.BytesIO object at 0x00000258D7D33BD0>,0.7437006831169128,0.07657638937234879,-0.08598789572715759,221953,59,4,False,Left,Front,Left,Centre,76
<_io.BytesIO object at 0x00000258D7D336D0>,0.7804713845252991,0.08125767111778259,-0.10655105113983154,221953,59,4,False,Left,Front,Left,Centre,76
<_io.BytesIO object at 0x00000258D7D33F40>,0.8067446351051331,0.0468214750289917,-0.09956982731819153,221953,59,4,False,Left,Front,Left,Centre,76
<_io.BytesIO object at 0x00000258D7D43180>,0.8429300785064697,0.044754888862371445,-0.06059595197439194,221953,59,4,False,Left,Front,Left,Centre,76
<_io.BytesIO object at 0x00000258D7D439F0>,0.7921145558357239,0.08691009879112244,0.007902637124061584,221953,59,4,False,Left,Front,Left,Centre,76
<_io.BytesIO object at 0x00000258DAB15360>,0.2592220902442932,0.04186060279607773,-0.05271821469068527,221954,59,4,False,Left,Front,Left,Centre,76
<_io.BytesIO object at 0x00000258D7D30B80>,0.29597389698028564,0.04423754662275314,0.023838290944695473,221954,59,4,False,Left,Front,Left,Centre,76
<_io.BytesIO object at 0x00000258D7D30C70>,0.3029305338859558,0.030993975698947906,-0.05552535131573677,221954,59,4,False,Left,Front,Left,Centre,76
<_io.BytesIO object at 0x00000258D7D30A90>,0.23780900239944458,0.0012720793019980192,-0.06507474184036255,221954,59,4,False,Left,Front,Left,Centre,76
<_io.BytesIO object at 0x00000258D7D309A0>,0.2149045467376709,0.0029414831660687923,0.004035461228340864,221954,59,4,False,Left,Front,Left,Centre,76
<_io.BytesIO object at 0x00000258DAB248B0>,0.7437006831169128,0.07657638937234879,-0.08598789572715759,221954,59,4,False,Left,Front,Left,Centre,76
<_io.BytesIO object at 0x00000258DAB242C0>,0.7804713845252991,0.08125767111778259,-0.10655105113983154,221954,59,4,False,Left,Front,Left,Centre,76
<_io.BytesIO object at 0x00000258DAB24180>,0.8067446351051331,0.0468214750289917,-0.09956982731819153,221954,59,4,False,Left,Front,Left,Centre,76
<_io.BytesIO object at 0x00000258DAB24A40>,0.8429300785064697,0.044754888862371445,-0.06059595197439194,221954,59,4,False,Left,Front,Left,Centre,76
<_io.BytesIO object at 0x00000258DAB24630>,0.7921145558357239,0.08691009879112244,0.007902637124061584,221954,59,4,False,Left,Front,Left,Centre,76
<_io.BytesIO object at 0x00000258D7D5E630>,0.2592271566390991,0.04183664172887802,-0.05272991955280304,221955,59,4,False,Left,Front,Left,Centre,76
<_io.BytesIO object at 0x00000258D7D5EDB0>,0.295986533164978,0.044245485216379166,0.02384486235678196,221955,59,4,False,Left,Front,Left,Centre,76
<_io.BytesIO object at 0x00000258DAB3D040>,0.3029230833053589,0.03096357174217701,-0.055527463555336,221955,59,4,False,Left,Front,Left,Centre,76
<_io.BytesIO object at 0x00000258DAB3D590>,0.23778925836086273,0.0012422846630215645,-0.06503387540578842,221955,59,4,False,Left,Front,Left,Centre,76
<_io.BytesIO object at 0x00000258DAB3D310>,0.2149166613817215,0.002938399324193597,0.004047831054776907,221955,59,4,False,Left,Front,Left,Centre,76
<_io.BytesIO object at 0x00000258DAB3D4A0>,0.7437006831169128,0.07657638937234879,-0.08598789572715759,221955,59,4,False,Left,Front,Left,Centre,76
<_io.BytesIO object at 0x00000258DAB3D7C0>,0.7804713845252991,0.08125767111778259,-0.10655105113983154,221955,59,4,False,Left,Front,Left,Centre,76
<_io.BytesIO object at 0x00000258DAB3D8B0>,0.8067446351051331,0.0468214750289917,-0.09956982731819153,221955,59,4,False,Left,Front,Left,Centre,76
<_io.BytesIO object at 0x00000258DAB3D270>,0.8429300785064697,0.044754888862371445,-0.06059595197439194,221955,59,4,False,Left,Front,Left,Centre,76
<_io.BytesIO object at 0x00000258DAB39900>,0.7921145558357239,0.08691009879112244,0.007902637124061584,221955,59,4,False,Left,Front,Left,Centre,76
<_io.BytesIO object at 0x00000258D7DC4AE0>,0.25921064615249634,0.04182630777359009,-0.0527249351143837,221956,59,4,False,Left,Front,Left,Centre,76
<_io.BytesIO object at 0x00000258D7DC46D0>,0.2959982454776764,0.0442517027258873,0.02384907193481922,221956,59,4,False,Left,Front,Left,Centre,76
<_io.BytesIO object at 0x00000258DAB5D950>,0.3029167950153351,0.030946312472224236,-0.055543895810842514,221956,59,4,False,Left,Front,Left,Centre,76
<_io.BytesIO object at 0x00000258DAB5DB30>,0.23777423799037933,0.001209558336995542,-0.06500785052776337,221956,59,4,False,Left,Front,Left,Centre,76
<_io.BytesIO object at 0x00000258DAB5D7C0>,0.21490733325481415,0.002957155928015709,0.004056309815496206,221956,59,4,False,Left,Front,Left,Centre,76
<_io.BytesIO object at 0x00000258D7D49E00>,0.7437006831169128,0.07657638937234879,-0.08598789572715759,221956,59,4,False,Left,Front,Left,Centre,76
<_io.BytesIO object at 0x00000258D7D49EF0>,0.7804713845252991,0.08125767111778259,-0.10655105113983154,221956,59,4,False,Left,Front,Left,Centre,76
<_io.BytesIO object at 0x00000258D7D491D0>,0.8067446351051331,0.0468214750289917,-0.09956982731819153,221956,59,4,False,Left,Front,Left,Centre,76
<_io.BytesIO object at 0x00000258D7D49630>,0.8429300785064697,0.044754888862371445,-0.06059595197439194,221956,59,4,False,Left,Front,Left,Centre,76
<_io.BytesIO object at 0x00000258D7D494A0>,0.7921145558357239,0.08691009879112244,0.007902637124061584,221956,59,4,False,Left,Front,Left,Centre,76
<_io.BytesIO object at 0x00000258DAC21040>,0.25919586420059204,0.04181758686900139,-0.05271860584616661,221957,59,4,False,Left,Front,Left,Centre,76
<_io.BytesIO object at 0x00000258DAB1FF40>,0.29600679874420166,0.0442562960088253,0.023860890418291092,221957,59,4,False,Left,Front,Left,Centre,76
<_io.BytesIO object at 0x00000258DAB1F900>,0.30290380120277405,0.030933711677789688,-0.055537641048431396,221957,59,4,False,Left,Front,Left,Centre,76
<_io.BytesIO object at 0x00000258DAB26D10>,0.2377607673406601,0.0011863131076097488,-0.06497297435998917,221957,59,4,False,Left,Front,Left,Centre,76
<_io.BytesIO object at 0x00000258DAB26450>,0.21492458879947662,0.002956770360469818,0.004057937301695347,221957,59,4,False,Left,Front,Left,Centre,76
<_io.BytesIO object at 0x00000258DAB26590>,0.7437006831169128,0.07657638937234879,-0.08598789572715759,221957,59,4,False,Left,Front,Left,Centre,76
<_io.BytesIO object at 0x00000258DAB26EF0>,0.7804713845252991,0.08125767111778259,-0.10655105113983154,221957,59,4,False,Left,Front,Left,Centre,76
<_io.BytesIO object at 0x00000258DAB26900>,0.8067446351051331,0.0468214750289917,-0.09956982731819153,221957,59,4,False,Left,Front,Left,Centre,76
<_io.BytesIO object at 0x00000258DAB26DB0>,0.8429300785064697,0.044754888862371445,-0.06059595197439194,221957,59,4,False,Left,Front,Left,Centre,76
<_io.BytesIO object at 0x00000258DAB1A180>,0.7921145558357239,0.08691009879112244,0.007902637124061584,221957,59,4,False,Left,Front,Left,Centre,76
<_io.BytesIO object at 0x00000258DAC21E00>,0.2591925859451294,0.0417972095310688,-0.05272237956523895,221958,59,4,False,Left,Front,Left,Centre,76
<_io.BytesIO object at 0x00000258D7D49540>,0.2960087060928345,0.04425978288054466,0.02386767789721489,221958,59,4,False,Left,Front,Left,Centre,76
<_io.BytesIO object at 0x00000258D7D49090>,0.3028952479362488,0.030914438888430595,-0.05555013567209244,221958,59,4,False,Left,Front,Left,Centre,76
<_io.BytesIO object at 0x00000258D7D49630>,0.2377450317144394,0.0011562048457562923,-0.06494295597076416,221958,59,4,False,Left,Front,Left,Centre,76
<_io.BytesIO object at 0x00000258D7D49680>,0.21492911875247955,0.002956875367090106,0.00406577717512846,221958,59,4,False,Left,Front,Left,Centre,76
<_io.BytesIO object at 0x00000258D7D49860>,0.7437006831169128,0.07657638937234879,-0.08598789572715759,221958,59,4,False,Left,Front,Left,Centre,76
<_io.BytesIO object at 0x00000258DAB5D9F0>,0.7804713845252991,0.08125767111778259,-0.10655105113983154,221958,59,4,False,Left,Front,Left,Centre,76
<_io.BytesIO object at 0x00000258DAB5DF90>,0.8067446351051331,0.0468214750289917,-0.09956982731819153,221958,59,4,False,Left,Front,Left,Centre,76
<_io.BytesIO object at 0x00000258DAB5DB30>,0.8429300785064697,0.044754888862371445,-0.06059595197439194,221958,59,4,False,Left,Front,Left,Centre,76
<_io.BytesIO object at 0x00000258DAB5D540>,0.7921145558357239,0.08691009879112244,0.007902637124061584,221958,59,4,False,Left,Front,Left,Centre,76
<_io.BytesIO object at 0x00000258DAB396D0>,0.25918710231781006,0.041790999472141266,-0.05272006615996361,221959,59,4,False,Left,Front,Left,Centre,76
<_io.BytesIO object at 0x00000258DAB39770>,0.29601797461509705,0.044269345700740814,0.02388022094964981,221959,59,4,False,Left,Front,Left,Centre,76
<_io.BytesIO object at 0x00000258D7D5E400>,0.30287954211235046,0.030892781913280487,-0.05555311590433121,221959,59,4,False,Left,Front,Left,Centre,76
<_io.BytesIO object at 0x00000258D7D5E2C0>,0.2377403825521469,0.0011469183955341578,-0.06490850448608398,221959,59,4,False,Left,Front,Left,Centre,76
<_io.BytesIO object at 0x00000258D7D5E900>,0.21492770314216614,0.0029580392874777317,0.004068938083946705,221959,59,4,False,Left,Front,Left,Centre,76
<_io.BytesIO object at 0x00000258D7D5EC70>,0.7437006831169128,0.07657638937234879,-0.08598789572715759,221959,59,4,False,Left,Front,Left,Centre,76
<_io.BytesIO object at 0x00000258D7D5EF40>,0.7804713845252991,0.08125767111778259,-0.10655105113983154,221959,59,4,False,Left,Front,Left,Centre,76
<_io.BytesIO object at 0x00000258D7D5E180>,0.8067446351051331,0.0468214750289917,-0.09956982731819153,221959,59,4,False,Left,Front,Left,Centre,76
<_io.BytesIO object at 0x00000258D7D5E9A0>,0.8429300785064697,0.044754888862371445,-0.06059595197439194,221959,59,4,False,Left,Front,Left,Centre,76
<_io.BytesIO object at 0x00000258D7D603B0>,0.7921145558357239,0.08691009879112244,0.007902637124061584,221959,59,4,False,Left,Front,Left,Centre,76
<_io.BytesIO object at 0x00000258DAB241D0>,0.2592131793498993,0.0417354442179203,-0.05273853614926338,221960,59,4,False,Left,Front,Left,Centre,76
<_io.BytesIO object at 0x00000258D7D30DB0>,0.2960301637649536,0.04428163915872574,0.02389020100235939,221960,59,4,False,Left,Front,Left,Centre,76
<_io.BytesIO object at 0x00000258D7D30B30>,0.30287599563598633,0.030885787680745125,-0.05555728077888489,221960,59,4,False,Left,Front,Left,Centre,76
<_io.BytesIO object at 0x00000258D7D303B0>,0.23772132396697998,0.0011138826375827193,-0.06488508731126785,221960,59,4,False,Left,Front,Left,Centre,76
<_io.BytesIO object at 0x00000258D7D30F90>,0.21492893993854523,0.002966452157124877,0.004070268478244543,221960,59,4,False,Left,Front,Left,Centre,76
<_io.BytesIO object at 0x00000258D7D30C20>,0.7437006831169128,0.07657638937234879,-0.08598789572715759,221960,59,4,False,Left,Front,Left,Centre,76
<_io.BytesIO object at 0x00000258DAB15C20>,0.7804713845252991,0.08125767111778259,-0.10655105113983154,221960,59,4,False,Left,Front,Left,Centre,76
<_io.BytesIO object at 0x00000258DAB156D0>,0.8067446351051331,0.0468214750289917,-0.09956982731819153,221960,59,4,False,Left,Front,Left,Centre,76
<_io.BytesIO object at 0x00000258DAB15770>,0.8429300785064697,0.044754888862371445,-0.06059595197439194,221960,59,4,False,Left,Front,Left,Centre,76
<_io.BytesIO object at 0x00000258DAB15860>,0.7921145558357239,0.08691009879112244,0.007902637124061584,221960,59,4,False,Left,Front,Left,Centre,76
<_io.BytesIO object at 0x00000258D7D43C70>,0.25921618938446045,0.041711024940013885,-0.05273790657520294,221961,59,4,False,Left,Front,Left,Centre,76
<_io.BytesIO object at 0x00000258D7D43E50>,0.29603877663612366,0.044289376586675644,0.02390444651246071,221961,59,4,False,Left,Front,Left,Centre,76
<_io.BytesIO object at 0x00000258D7D43720>,0.30287542939186096,0.030867228284478188,-0.05555695667862892,221961,59,4,False,Left,Front,Left,Centre,76
<_io.BytesIO object at 0x00000258D7D43220>,0.23772671818733215,0.0010858842870220542,-0.06485852599143982,221961,59,4,False,Left,Front,Left,Centre,76
<_io.BytesIO object at 0x00000258D7D33AE0>,0.21492750942707062,0.002981834579259157,0.004080543760210276,221961,59,4,False,Left,Front,Left,Centre,76
<_io.BytesIO object at 0x00000258D7D33F40>,0.7437006831169128,0.07657638937234879,-0.08598789572715759,221961,59,4,False,Left,Front,Left,Centre,76
<_io.BytesIO object at 0x00000258D7D33E50>,0.7804713845252991,0.08125767111778259,-0.10655105113983154,221961,59,4,False,Left,Front,Left,Centre,76
<_io.BytesIO object at 0x00000258D7D33770>,0.8067446351051331,0.0468214750289917,-0.09956982731819153,221961,59,4,False,Left,Front,Left,Centre,76
<_io.BytesIO object at 0x00000258D7D331D0>,0.8429300785064697,0.044754888862371445,-0.06059595197439194,221961,59,4,False,Left,Front,Left,Centre,76
<_io.BytesIO object at 0x00000258D7D33EA0>,0.7921145558357239,0.08691009879112244,0.007902637124061584,221961,59,4,False,Left,Front,Left,Centre,76
<_io.BytesIO object at 0x00000258D7D33630>,0.25922009348869324,0.04170295596122742,-0.05272740125656128,221962,59,4,False,Left,Front,Left,Centre,76
<_io.BytesIO object at 0x00000258D7D33B80>,0.2960498631000519,0.044294752180576324,0.02391153573989868,221962,59,4,False,Left,Front,Left,Centre,76
<_io.BytesIO object at 0x00000258D7D435E0>,0.3028831481933594,0.030901368707418442,-0.055414069443941116,221962,59,4,False,Left,Front,Left,Centre,76
<_io.BytesIO object at 0x00000258D7D43AE0>,0.23771940171718597,0.0010596122592687607,-0.06483210623264313,221962,59,4,False,Left,Front,Left,Centre,76
<_io.BytesIO object at 0x00000258D7D43D10>,0.2149868756532669,0.0029978929087519646,0.004075601696968079,221962,59,4,False,Left,Front,Left,Centre,76
<_io.BytesIO object at 0x00000258D7D43C70>,0.7437006831169128,0.07657638937234879,-0.08598789572715759,221962,59,4,False,Left,Front,Left,Centre,76
<_io.BytesIO object at 0x00000258D7D43B80>,0.7804713845252991,0.08125767111778259,-0.10655105113983154,221962,59,4,False,Left,Front,Left,Centre,76
<_io.BytesIO object at 0x00000258D7D431D0>,0.8067446351051331,0.0468214750289917,-0.09956982731819153,221962,59,4,False,Left,Front,Left,Centre,76
<_io.BytesIO object at 0x00000258D7D43900>,0.8429300785064697,0.044754888862371445,-0.06059595197439194,221962,59,4,False,Left,Front,Left,Centre,76
<_io.BytesIO object at 0x00000258DAB150E0>,0.7921145558357239,0.08691009879112244,0.007902637124061584,221962,59,4,False,Left,Front,Left,Centre,76
<_io.BytesIO object at 0x00000258D7D30310>,0.2591937482357025,0.0417405404150486,-0.05270443484187126,221963,59,4,False,Left,Front,Left,Centre,76
<_io.BytesIO object at 0x00000258D7D30360>,0.2960594892501831,0.04430072382092476,0.02392875961959362,221963,59,4,False,Left,Front,Left,Centre,76
<_io.BytesIO object at 0x00000258DAB24C70>,0.3028782606124878,0.03089761734008789,-0.05540638417005539,221963,59,4,False,Left,Front,Left,Centre,76
<_io.BytesIO object at 0x00000258DAB24130>,0.23769918084144592,0.0010276169050484896,-0.06479857116937637,221963,59,4,False,Left,Front,Left,Centre,76
<_io.BytesIO object at 0x00000258DAB244A0>,0.21498419344425201,0.0029932332690805197,0.004077800549566746,221963,59,4,False,Left,Front,Left,Centre,76
<_io.BytesIO object at 0x00000258DAB24E50>,0.7437006831169128,0.07657638937234879,-0.08598789572715759,221963,59,4,False,Left,Front,Left,Centre,76
<_io.BytesIO object at 0x00000258DAB24220>,0.7804713845252991,0.08125767111778259,-0.10655105113983154,221963,59,4,False,Left,Front,Left,Centre,76
<_io.BytesIO object at 0x00000258DAB24770>,0.8067446351051331,0.0468214750289917,-0.09956982731819153,221963,59,4,False,Left,Front,Left,Centre,76
<_io.BytesIO object at 0x00000258D7D604F0>,0.8429300785064697,0.044754888862371445,-0.06059595197439194,221963,59,4,False,Left,Front,Left,Centre,76
<_io.BytesIO object at 0x00000258D7D60720>,0.7921145558357239,0.08691009879112244,0.007902637124061584,221963,59,4,False,Left,Front,Left,Centre,76
<_io.BytesIO object at 0x00000258D7D5E2C0>,0.2592204809188843,0.04166789352893829,-0.052724502980709076,221964,59,4,False,Left,Front,Left,Centre,76
<_io.BytesIO object at 0x00000258DAB397C0>,0.29606515169143677,0.044315047562122345,0.02394341491162777,221964,59,4,False,Left,Front,Left,Centre,76
<_io.BytesIO object at 0x00000258DAB391D0>,0.3028715252876282,0.030857061967253685,-0.05544392019510269,221964,59,4,False,Left,Front,Left,Centre,76
<_io.BytesIO object at 0x00000258DAB394A0>,0.237680584192276,0.0010108115384355187,-0.06476498395204544,221964,59,4,False,Left,Front,Left,Centre,76
<_io.BytesIO object at 0x00000258DAB39400>,0.21498528122901917,0.002998558571562171,0.0040924749337136745,221964,59,4,False,Left,Front,Left,Centre,76
<_io.BytesIO object at 0x00000258D7DC49A0>,0.7437006831169128,0.07657638937234879,-0.08598789572715759,221964,59,4,False,Left,Front,Left,Centre,76
<_io.BytesIO object at 0x00000258D7DC4B80>,0.7804713845252991,0.08125767111778259,-0.10655105113983154,221964,59,4,False,Left,Front,Left,Centre,76
<_io.BytesIO object at 0x00000258D7DC48B0>,0.8067446351051331,0.0468214750289917,-0.09956982731819153,221964,59,4,False,Left,Front,Left,Centre,76
<_io.BytesIO object at 0x00000258D7DC4A40>,0.8429300785064697,0.044754888862371445,-0.06059595197439194,221964,59,4,False,Left,Front,Left,Centre,76
<_io.BytesIO object at 0x00000258D7DC4400>,0.7921145558357239,0.08691009879112244,0.007902637124061584,221964,59,4,False,Left,Front,Left,Centre,76
<_io.BytesIO object at 0x00000258D7D49720>,0.25919023156166077,0.04167003929615021,-0.052714306861162186,221965,59,4,False,Left,Front,Left,Centre,76
<_io.BytesIO object at 0x00000258D7D49180>,0.29607176780700684,0.04431682080030441,0.023946261033415794,221965,59,4,False,Left,Front,Left,Centre,76
<_io.BytesIO object at 0x00000258DAC21EA0>,0.30284854769706726,0.030861757695674896,-0.05542990565299988,221965,59,4,False,Left,Front,Left,Centre,76
<_io.BytesIO object at 0x00000258DAC211D0>,0.23765896260738373,0.0009922388708218932,-0.06474101543426514,221965,59,4,False,Left,Front,Left,Centre,76
<_io.BytesIO object at 0x00000258DAC210E0>,0.21499064564704895,0.0030041257850825787,0.004102759994566441,221965,59,4,False,Left,Front,Left,Centre,76
<_io.BytesIO object at 0x00000258DAC21130>,0.7437006831169128,0.07657638937234879,-0.08598789572715759,221965,59,4,False,Left,Front,Left,Centre,76
<_io.BytesIO object at 0x00000258DAC21E50>,0.7804713845252991,0.08125767111778259,-0.10655105113983154,221965,59,4,False,Left,Front,Left,Centre,76
<_io.BytesIO object at 0x00000258DAC21C70>,0.8067446351051331,0.0468214750289917,-0.09956982731819153,221965,59,4,False,Left,Front,Left,Centre,76
<_io.BytesIO object at 0x00000258DAC21900>,0.8429300785064697,0.044754888862371445,-0.06059595197439194,221965,59,4,False,Left,Front,Left,Centre,76
<_io.BytesIO object at 0x00000258D7D249F0>,0.7921145558357239,0.08691009879112244,0.007902637124061584,221965,59,4,False,Left,Front,Left,Centre,76
<_io.BytesIO object at 0x00000258DAB1FEA0>,0.259183794260025,0.041661154478788376,-0.0527244471013546,221966,59,4,False,Left,Front,Left,Centre,76
<_io.BytesIO object at 0x00000258DAB26090>,0.2960728108882904,0.04431850463151932,0.023945124819874763,221966,59,4,False,Left,Front,Left,Centre,76
<_io.BytesIO object at 0x00000258DAB26F90>,0.302829384803772,0.030857473611831665,-0.05544433370232582,221966,59,4,False,Left,Front,Left,Centre,76
<_io.BytesIO object at 0x00000258DAB26450>,0.23765681684017181,0.0009597842581570148,-0.06471610814332962,221966,59,4,False,Left,Front,Left,Centre,76
<_io.BytesIO object at 0x00000258DAB26D60>,0.2149982750415802,0.002991775283589959,0.004107682034373283,221966,59,4,False,Left,Front,Left,Centre,76
<_io.BytesIO object at 0x00000258DAB26F40>,0.7437006831169128,0.07657638937234879,-0.08598789572715759,221966,59,4,False,Left,Front,Left,Centre,76
<_io.BytesIO object at 0x00000258DAB1ACC0>,0.7804713845252991,0.08125767111778259,-0.10655105113983154,221966,59,4,False,Left,Front,Left,Centre,76
<_io.BytesIO object at 0x00000258DAB1A450>,0.8067446351051331,0.0468214750289917,-0.09956982731819153,221966,59,4,False,Left,Front,Left,Centre,76
<_io.BytesIO object at 0x00000258DAB1A950>,0.8429300785064697,0.044754888862371445,-0.06059595197439194,221966,59,4,False,Left,Front,Left,Centre,76
<_io.BytesIO object at 0x00000258DAB1AE50>,0.7921145558357239,0.08691009879112244,0.007902637124061584,221966,59,4,False,Left,Front,Left,Centre,76
<_io.BytesIO object at 0x00000258DAB3DB80>,0.2591705024242401,0.04166002199053764,-0.052730727940797806,221967,59,4,False,Left,Front,Left,Centre,76
<_io.BytesIO object at 0x00000258DAC21770>,0.2960676848888397,0.0443209670484066,0.02394372783601284,221967,59,4,False,Left,Front,Left,Centre,76
<_io.BytesIO object at 0x00000258DAC210E0>,0.3028242588043213,0.030855868011713028,-0.05546332523226738,221967,59,4,False,Left,Front,Left,Centre,76
<_io.BytesIO object at 0x00000258DAC21270>,0.23763605952262878,0.0009442578302696347,-0.06469473987817764,221967,59,4,False,Left,Front,Left,Centre,76
<_io.BytesIO object at 0x00000258DAC21C20>,0.2149943858385086,0.003001013770699501,0.0041138469241559505,221967,59,4,False,Left,Front,Left,Centre,76
<_io.BytesIO object at 0x00000258D7D49F40>,0.7437006831169128,0.07657638937234879,-0.08598789572715759,221967,59,4,False,Left,Front,Left,Centre,76
<_io.BytesIO object at 0x00000258D7D496D0>,0.7804713845252991,0.08125767111778259,-0.10655105113983154,221967,59,4,False,Left,Front,Left,Centre,76
<_io.BytesIO object at 0x00000258D7D497C0>,0.8067446351051331,0.0468214750289917,-0.09956982731819153,221967,59,4,False,Left,Front,Left,Centre,76
<_io.BytesIO object at 0x00000258D7D49770>,0.8429300785064697,0.044754888862371445,-0.06059595197439194,221967,59,4,False,Left,Front,Left,Centre,76
<_io.BytesIO object at 0x00000258D7D49BD0>,0.7921145558357239,0.08691009879112244,0.007902637124061584,221967,59,4,False,Left,Front,Left,Centre,76
<_io.BytesIO object at 0x00000258D7DC44F0>,0.259166955947876,0.04164668917655945,-0.05274849757552147,221968,59,4,False,Left,Front,Left,Centre,76
<_io.BytesIO object at 0x00000258D7DC4B80>,0.2960710823535919,0.044321056455373764,0.023936793208122253,221968,59,4,False,Left,Front,Left,Centre,76
<_io.BytesIO object at 0x00000258DAB39810>,0.3028179109096527,0.030825220048427582,-0.05550900846719742,221968,59,4,False,Left,Front,Left,Centre,76
<_io.BytesIO object at 0x00000258DAB394F0>,0.23762474954128265,0.000932374328840524,-0.06469027698040009,221968,59,4,False,Left,Front,Left,Centre,76
<_io.BytesIO object at 0x00000258DAB391D0>,0.21500366926193237,0.002991985296830535,0.004114020615816116,221968,59,4,False,Left,Front,Left,Centre,76
<_io.BytesIO object at 0x00000258DAB398B0>,0.7437006831169128,0.07657638937234879,-0.08598789572715759,221968,59,4,False,Left,Front,Left,Centre,76
<_io.BytesIO object at 0x00000258DAB39BD0>,0.7804713845252991,0.08125767111778259,-0.10655105113983154,221968,59,4,False,Left,Front,Left,Centre,76
<_io.BytesIO object at 0x00000258DAB39A90>,0.8067446351051331,0.0468214750289917,-0.09956982731819153,221968,59,4,False,Left,Front,Left,Centre,76
<_io.BytesIO object at 0x00000258DAB39900>,0.8429300785064697,0.044754888862371445,-0.06059595197439194,221968,59,4,False,Left,Front,Left,Centre,76
<_io.BytesIO object at 0x00000258D7D5EC70>,0.7921145558357239,0.08691009879112244,0.007902637124061584,221968,59,4,False,Left,Front,Left,Centre,76
<_io.BytesIO object at 0x00000258D7D30E00>,0.25912347435951233,0.041688986122608185,-0.05274353548884392,221969,59,4,False,Left,Front,Left,Centre,76
<_io.BytesIO object at 0x00000258D7D301D0>,0.29607388377189636,0.04431751370429993,0.023930255323648453,221969,59,4,False,Left,Front,Left,Centre,76
<_io.BytesIO object at 0x00000258D28054A0>,0.30280476808547974,0.030819270759820938,-0.05552449822425842,221969,59,4,False,Left,Front,Left,Centre,76
<_io.BytesIO object at 0x00000258DAB24540>,0.2376106083393097,0.0009276911150664091,-0.06469036638736725,221969,59,4,False,Left,Front,Left,Centre,76
<_io.BytesIO object at 0x00000258DAB24630>,0.2149912416934967,0.003001205390319228,0.004111981950700283,221969,59,4,False,Left,Front,Left,Centre,76
<_io.BytesIO object at 0x00000258DAB24F40>,0.7437006831169128,0.07657638937234879,-0.08598789572715759,221969,59,4,False,Left,Front,Left,Centre,76
<_io.BytesIO object at 0x00000258DAB24CC0>,0.7804713845252991,0.08125767111778259,-0.10655105113983154,221969,59,4,False,Left,Front,Left,Centre,76
<_io.BytesIO object at 0x00000258DAB24680>,0.8067446351051331,0.0468214750289917,-0.09956982731819153,221969,59,4,False,Left,Front,Left,Centre,76
<_io.BytesIO object at 0x00000258DAB24D60>,0.8429300785064697,0.044754888862371445,-0.06059595197439194,221969,59,4,False,Left,Front,Left,Centre,76
<_io.BytesIO object at 0x00000258DAB24BD0>,0.7921145558357239,0.08691009879112244,0.007902637124061584,221969,59,4,False,Left,Front,Left,Centre,76
<_io.BytesIO object at 0x00000258DAB153B0>,0.2591342031955719,0.041599009186029434,-0.0527825728058815,221970,59,4,False,Left,Front,Left,Centre,76
<_io.BytesIO object at 0x00000258DAB15DB0>,0.2960805296897888,0.044311217963695526,0.023921655490994453,221970,59,4,False,Left,Front,Left,Centre,76
<_io.BytesIO object at 0x00000258DAB15A40>,0.3028051555156708,0.03080696240067482,-0.05553774908185005,221970,59,4,False,Left,Front,Left,Centre,76
<_io.BytesIO object at 0x00000258DAB26F90>,0.23760133981704712,0.0009179215412586927,-0.064694844186306,221970,59,4,False,Left,Front,Left,Centre,76
<_io.BytesIO object at 0x00000258DAB26130>,0.21500588953495026,0.0030056049581617117,0.004107148386538029,221970,59,4,False,Left,Front,Left,Centre,76
<_io.BytesIO object at 0x00000258DAB26540>,0.7437006831169128,0.07657638937234879,-0.08598789572715759,221970,59,4,False,Left,Front,Left,Centre,76
<_io.BytesIO object at 0x00000258DAB26EF0>,0.7804713845252991,0.08125767111778259,-0.10655105113983154,221970,59,4,False,Left,Front,Left,Centre,76
<_io.BytesIO object at 0x00000258DAB265E0>,0.8067446351051331,0.0468214750289917,-0.09956982731819153,221970,59,4,False,Left,Front,Left,Centre,76
<_io.BytesIO object at 0x00000258DAB26590>,0.8429300785064697,0.044754888862371445,-0.06059595197439194,221970,59,4,False,Left,Front,Left,Centre,76
<_io.BytesIO object at 0x00000258DAB264A0>,0.7921145558357239,0.08691009879112244,0.007902637124061584,221970,59,4,False,Left,Front,Left,Centre,76
<_io.BytesIO object at 0x00000258D7D60E50>,0.25916048884391785,0.04163694009184837,-0.05277504771947861,221971,59,4,False,Left,Front,Left,Centre,76
<_io.BytesIO object at 0x00000258D7D60860>,0.29609012603759766,0.044314317405223846,0.023920686915516853,221971,59,4,False,Left,Front,Left,Centre,76
<_io.BytesIO object at 0x00000258DAB26590>,0.30277830362319946,0.030806899070739746,-0.055570125579833984,221971,59,4,False,Left,Front,Left,Centre,76
<_io.BytesIO object at 0x00000258DAB26220>,0.23759715259075165,0.0009195503662340343,-0.06468866020441055,221971,59,4,False,Left,Front,Left,Centre,76
<_io.BytesIO object at 0x00000258DAB26BD0>,0.21501147747039795,0.0030002745334059,0.004103419836610556,221971,59,4,False,Left,Front,Left,Centre,76
<_io.BytesIO object at 0x00000258DAB26AE0>,0.7437006831169128,0.07657638937234879,-0.08598789572715759,221971,59,4,False,Left,Front,Left,Centre,76
<_io.BytesIO object at 0x00000258DAB267C0>,0.7804713845252991,0.08125767111778259,-0.10655105113983154,221971,59,4,False,Left,Front,Left,Centre,76
<_io.BytesIO object at 0x00000258DAB15220>,0.8067446351051331,0.0468214750289917,-0.09956982731819153,221971,59,4,False,Left,Front,Left,Centre,76
<_io.BytesIO object at 0x00000258DAB15DB0>,0.8429300785064697,0.044754888862371445,-0.06059595197439194,221971,59,4,False,Left,Front,Left,Centre,76
<_io.BytesIO object at 0x00000258DAB15D10>,0.7921145558357239,0.08691009879112244,0.007902637124061584,221971,59,4,False,Left,Front,Left,Centre,76
<_io.BytesIO object at 0x00000258D7D43590>,0.25912925601005554,0.04160139337182045,-0.05279678478837013,221972,59,4,False,Left,Front,Left,Centre,76
<_io.BytesIO object at 0x00000258DAB248B0>,0.2960924208164215,0.04430962726473808,0.023916194215416908,221972,59,4,False,Left,Front,Left,Centre,76
<_io.BytesIO object at 0x00000258DAB24A40>,0.30281519889831543,0.030794745311141014,-0.055565834045410156,221972,59,4,False,Left,Front,Left,Centre,76
<_io.BytesIO object at 0x00000258DAB24E50>,0.23760829865932465,0.0009199277264997363,-0.06469327211380005,221972,59,4,False,Left,Front,Left,Centre,76
<_io.BytesIO object at 0x00000258DAB24090>,0.2150159627199173,0.0030021979473531246,0.004095545969903469,221972,59,4,False,Left,Front,Left,Centre,76
<_io.BytesIO object at 0x00000258DAB24540>,0.7437006831169128,0.07657638937234879,-0.08598789572715759,221972,59,4,False,Left,Front,Left,Centre,76
<_io.BytesIO object at 0x00000258D28051D0>,0.7804713845252991,0.08125767111778259,-0.10655105113983154,221972,59,4,False,Left,Front,Left,Centre,76
<_io.BytesIO object at 0x00000258D28050E0>,0.8067446351051331,0.0468214750289917,-0.09956982731819153,221972,59,4,False,Left,Front,Left,Centre,76
<_io.BytesIO object at 0x00000258D28052C0>,0.8429300785064697,0.044754888862371445,-0.06059595197439194,221972,59,4,False,Left,Front,Left,Centre,76
<_io.BytesIO object at 0x00000258D7D30C20>,0.7921145558357239,0.08691009879112244,0.007902637124061584,221972,59,4,False,Left,Front,Left,Centre,76
<_io.BytesIO object at 0x00000258D7D5E040>,0.2591697871685028,0.041634272783994675,-0.05277930572628975,221973,59,4,False,Left,Front,Left,Centre,76
<_io.BytesIO object at 0x00000258DAB39540>,0.29609251022338867,0.04431233927607536,0.023921748623251915,221973,59,4,False,Left,Front,Left,Centre,76
<_io.BytesIO object at 0x00000258DAB39BD0>,0.30280056595802307,0.030794290825724602,-0.05557992309331894,221973,59,4,False,Left,Front,Left,Centre,76
<_io.BytesIO object at 0x00000258DAB39310>,0.23760612308979034,0.0009126887307502329,-0.06469594687223434,221973,59,4,False,Left,Front,Left,Centre,76
<_io.BytesIO object at 0x00000258DAB39F90>,0.2151089757680893,0.0030242223292589188,0.004069673828780651,221973,59,4,False,Left,Front,Left,Centre,76
<_io.BytesIO object at 0x00000258DAB39EA0>,0.7437006831169128,0.07657638937234879,-0.08598789572715759,221973,59,4,False,Left,Front,Left,Centre,76
<_io.BytesIO object at 0x00000258DAB39AE0>,0.7804713845252991,0.08125767111778259,-0.10655105113983154,221973,59,4,False,Left,Front,Left,Centre,76
<_io.BytesIO object at 0x00000258D7DC49A0>,0.8067446351051331,0.0468214750289917,-0.09956982731819153,221973,59,4,False,Left,Front,Left,Centre,76
<_io.BytesIO object at 0x00000258D7DC4EF0>,0.8429300785064697,0.044754888862371445,-0.06059595197439194,221973,59,4,False,Left,Front,Left,Centre,76
<_io.BytesIO object at 0x00000258D7DC40E0>,0.7921145558357239,0.08691009879112244,0.007902637124061584,221973,59,4,False,Left,Front,Left,Centre,76
<_io.BytesIO object at 0x00000258D7D491D0>,0.25917574763298035,0.04163087531924248,-0.05278562009334564,221974,59,4,False,Left,Front,Left,Centre,76
<_io.BytesIO object at 0x00000258D7D497C0>,0.29609283804893494,0.044322121888399124,0.023920461535453796,221974,59,4,False,Left,Front,Left,Centre,76
<_io.BytesIO object at 0x00000258D7D494F0>,0.30282077193260193,0.030790425837039948,-0.0556085966527462,221974,59,4,False,Left,Front,Left,Centre,76
<_io.BytesIO object at 0x00000258D7D24270>,0.23763743042945862,0.0008841344388201833,-0.06469361484050751,221974,59,4,False,Left,Front,Left,Centre,76
<_io.BytesIO object at 0x00000258DAB3D400>,0.2150261253118515,0.0030059264972805977,0.004090472590178251,221974,59,4,False,Left,Front,Left,Centre,76
<_io.BytesIO object at 0x00000258DAB3D9F0>,0.7437006831169128,0.07657638937234879,-0.08598789572715759,221974,59,4,False,Left,Front,Left,Centre,76
<_io.BytesIO object at 0x00000258DAB3D590>,0.7804713845252991,0.08125767111778259,-0.10655105113983154,221974,59,4,False,Left,Front,Left,Centre,76
<_io.BytesIO object at 0x00000258DAB3DB30>,0.8067446351051331,0.0468214750289917,-0.09956982731819153,221974,59,4,False,Left,Front,Left,Centre,76
<_io.BytesIO object at 0x00000258DAB3D360>,0.8429300785064697,0.044754888862371445,-0.06059595197439194,221974,59,4,False,Left,Front,Left,Centre,76
<_io.BytesIO object at 0x00000258DAB3D450>,0.7921145558357239,0.08691009879112244,0.007902637124061584,221974,59,4,False,Left,Front,Left,Centre,76
<_io.BytesIO object at 0x00000258DAB1F310>,0.2591590881347656,0.04159164056181908,-0.052798133343458176,221975,59,4,False,Left,Front,Left,Centre,76
<_io.BytesIO object at 0x00000258D7D33A40>,0.2960938513278961,0.044318102300167084,0.023923948407173157,221975,59,4,False,Left,Front,Left,Centre,76
<_io.BytesIO object at 0x00000258D7D33130>,0.30283215641975403,0.030776819214224815,-0.055559515953063965,221975,59,4,False,Left,Front,Left,Centre,76
<_io.BytesIO object at 0x00000258D7D33C20>,0.2376522421836853,0.0008751690038479865,-0.06468993425369263,221975,59,4,False,Left,Front,Left,Centre,76
<_io.BytesIO object at 0x00000258D7D33A90>,0.21503275632858276,0.003002950455993414,0.004083502572029829,221975,59,4,False,Left,Front,Left,Centre,76
<_io.BytesIO object at 0x00000258D7D33720>,0.7437006831169128,0.07657638937234879,-0.08598789572715759,221975,59,4,False,Left,Front,Left,Centre,76
<_io.BytesIO object at 0x00000258D7D33DB0>,0.7804713845252991,0.08125767111778259,-0.10655105113983154,221975,59,4,False,Left,Front,Left,Centre,76
<_io.BytesIO object at 0x00000258D7D33D60>,0.8067446351051331,0.0468214750289917,-0.09956982731819153,221975,59,4,False,Left,Front,Left,Centre,76
<_io.BytesIO object at 0x00000258D7D33EA0>,0.8429300785064697,0.044754888862371445,-0.06059595197439194,221975,59,4,False,Left,Front,Left,Centre,76
<_io.BytesIO object at 0x00000258D7D33BD0>,0.7921145558357239,0.08691009879112244,0.007902637124061584,221975,59,4,False,Left,Front,Left,Centre,76
<_io.BytesIO object at 0x00000258DAC21D60>,0.259184867143631,0.04161819815635681,-0.052787963300943375,221976,59,4,False,Left,Front,Left,Centre,76
<_io.BytesIO object at 0x00000258DAC21810>,0.2960897982120514,0.04432012885808945,0.023930104449391365,221976,59,4,False,Left,Front,Left,Centre,76
<_io.BytesIO object at 0x00000258DAB3D450>,0.30285438895225525,0.03076108545064926,-0.05558091029524803,221976,59,4,False,Left,Front,Left,Centre,76
<_io.BytesIO object at 0x00000258DAB3D3B0>,0.23765715956687927,0.0008686956134624779,-0.064691923558712,221976,59,4,False,Left,Front,Left,Centre,76
<_io.BytesIO object at 0x00000258DAB3D310>,0.21501672267913818,0.0030405609868466854,0.004127224907279015,221976,59,4,False,Left,Front,Left,Centre,76
<_io.BytesIO object at 0x00000258DAB3D720>,0.7437006831169128,0.07657638937234879,-0.08598789572715759,221976,59,4,False,Left,Front,Left,Centre,76
<_io.BytesIO object at 0x00000258DAB3DBD0>,0.7804713845252991,0.08125767111778259,-0.10655105113983154,221976,59,4,False,Left,Front,Left,Centre,76
<_io.BytesIO object at 0x00000258D7D24B80>,0.8067446351051331,0.0468214750289917,-0.09956982731819153,221976,59,4,False,Left,Front,Left,Centre,76
<_io.BytesIO object at 0x00000258D7D24A90>,0.8429300785064697,0.044754888862371445,-0.06059595197439194,221976,59,4,False,Left,Front,Left,Centre,76
<_io.BytesIO object at 0x00000258D7D49400>,0.7921145558357239,0.08691009879112244,0.007902637124061584,221976,59,4,False,Left,Front,Left,Centre,76
<_io.BytesIO object at 0x00000258D7DC49F0>,0.2591985762119293,0.0416141115128994,-0.05279110372066498,221977,59,4,False,Left,Front,Left,Centre,76
<_io.BytesIO object at 0x00000258D7DC45E0>,0.2960951626300812,0.0443175807595253,0.023935845121741295,221977,59,4,False,Left,Front,Left,Centre,76
<_io.BytesIO object at 0x00000258D7DC43B0>,0.30287235975265503,0.030757920816540718,-0.05557912588119507,221977,59,4,False,Left,Front,Left,Centre,76
<_io.BytesIO object at 0x00000258D7DC4630>,0.23768505454063416,0.0008653815602883697,-0.06468591839075089,221977,59,4,False,Left,Front,Left,Centre,76
<_io.BytesIO object at 0x00000258DAB39A40>,0.21501652896404266,0.003040337935090065,0.004125278443098068,221977,59,4,False,Left,Front,Left,Centre,76
<_io.BytesIO object at 0x00000258DAB39F40>,0.7437006831169128,0.07657638937234879,-0.08598789572715759,221977,59,4,False,Left,Front,Left,Centre,76
<_io.BytesIO object at 0x00000258DAB399A0>,0.7804713845252991,0.08125767111778259,-0.10655105113983154,221977,59,4,False,Left,Front,Left,Centre,76
<_io.BytesIO object at 0x00000258DAB39F90>,0.8067446351051331,0.0468214750289917,-0.09956982731819153,221977,59,4,False,Left,Front,Left,Centre,76
<_io.BytesIO object at 0x00000258DAB397C0>,0.8429300785064697,0.044754888862371445,-0.06059595197439194,221977,59,4,False,Left,Front,Left,Centre,76
<_io.BytesIO object at 0x00000258DAB39DB0>,0.7921145558357239,0.08691009879112244,0.007902637124061584,221977,59,4,False,Left,Front,Left,Centre,76
<_io.BytesIO object at 0x00000258D7D306D0>,0.25920918583869934,0.041621748358011246,-0.052785225212574005,221978,59,4,False,Left,Front,Left,Centre,76
<_io.BytesIO object at 0x00000258D7D30860>,0.29609623551368713,0.04433455690741539,0.023943884298205376,221978,59,4,False,Left,Front,Left,Centre,76
<_io.BytesIO object at 0x00000258D28054A0>,0.3028859794139862,0.030761610716581345,-0.055569011718034744,221978,59,4,False,Left,Front,Left,Centre,76
<_io.BytesIO object at 0x00000258D28055E0>,0.23767629265785217,0.0009019884746521711,-0.06468547135591507,221978,59,4,False,Left,Front,Left,Centre,76
<_io.BytesIO object at 0x00000258D28054F0>,0.21503908932209015,0.003014690475538373,0.004088913090527058,221978,59,4,False,Left,Front,Left,Centre,76
<_io.BytesIO object at 0x00000258D2805090>,0.7437006831169128,0.07657638937234879,-0.08598789572715759,221978,59,4,False,Left,Front,Left,Centre,76
<_io.BytesIO object at 0x00000258DAB24270>,0.7804713845252991,0.08125767111778259,-0.10655105113983154,221978,59,4,False,Left,Front,Left,Centre,76
<_io.BytesIO object at 0x00000258DAB24090>,0.8067446351051331,0.0468214750289917,-0.09956982731819153,221978,59,4,False,Left,Front,Left,Centre,76
<_io.BytesIO object at 0x00000258DAB243B0>,0.8429300785064697,0.044754888862371445,-0.06059595197439194,221978,59,4,False,Left,Front,Left,Centre,76
<_io.BytesIO object at 0x00000258DAB24950>,0.7921145558357239,0.08691009879112244,0.007902637124061584,221978,59,4,False,Left,Front,Left,Centre,76
<_io.BytesIO object at 0x00000258DAB15400>,0.2592213749885559,0.04162211716175079,-0.05277597904205322,221979,59,4,False,Left,Front,Left,Centre,76
<_io.BytesIO object at 0x00000258DAB15860>,0.2960936725139618,0.044348351657390594,0.023955851793289185,221979,59,4,False,Left,Front,Left,Centre,76
<_io.BytesIO object at 0x00000258DAB157C0>,0.3029009997844696,0.030759159475564957,-0.055550746619701385,221979,59,4,False,Left,Front,Left,Centre,76
<_io.BytesIO object at 0x00000258DAB15630>,0.23771142959594727,0.0008682392654009163,-0.06468666344881058,221979,59,4,False,Left,Front,Left,Centre,76
<_io.BytesIO object at 0x00000258DAB26C20>,0.21502217650413513,0.0030564290937036276,0.004122123587876558,221979,59,4,False,Left,Front,Left,Centre,76
<_io.BytesIO object at 0x00000258DAB26B30>,0.7437006831169128,0.07657638937234879,-0.08598789572715759,221979,59,4,False,Left,Front,Left,Centre,76
<_io.BytesIO object at 0x00000258DAB264F0>,0.7804713845252991,0.08125767111778259,-0.10655105113983154,221979,59,4,False,Left,Front,Left,Centre,76
<_io.BytesIO object at 0x00000258DAB26F40>,0.8067446351051331,0.0468214750289917,-0.09956982731819153,221979,59,4,False,Left,Front,Left,Centre,76
<_io.BytesIO object at 0x00000258DAB26540>,0.8429300785064697,0.044754888862371445,-0.06059595197439194,221979,59,4,False,Left,Front,Left,Centre,76
<_io.BytesIO object at 0x00000258DAB26220>,0.7921145558357239,0.08691009879112244,0.007902637124061584,221979,59,4,False,Left,Front,Left,Centre,76
<_io.BytesIO object at 0x00000258DAB26770>,0.2592368423938751,0.04161775857210159,-0.05277842655777931,221980,59,4,False,Left,Front,Left,Centre,76
<_io.BytesIO object at 0x00000258DAB15590>,0.29609745740890503,0.04434153437614441,0.02397354319691658,221980,59,4,False,Left,Front,Left,Centre,76
<_io.BytesIO object at 0x00000258DAB15EA0>,0.3029215633869171,0.03074534982442856,-0.055532947182655334,221980,59,4,False,Left,Front,Left,Centre,76
<_io.BytesIO object at 0x00000258DAB154F0>,0.23772387206554413,0.0008634412079118192,-0.06468603014945984,221980,59,4,False,Left,Front,Left,Centre,76
<_io.BytesIO object at 0x00000258DAB15810>,0.21511675417423248,0.003076886525377631,0.00411923648789525,221980,59,4,False,Left,Front,Left,Centre,76
<_io.BytesIO object at 0x00000258DAB3C630>,0.7437006831169128,0.07657638937234879,-0.08598789572715759,221980,59,4,False,Left,Front,Left,Centre,76
<_io.BytesIO object at 0x00000258D7D43E00>,0.7804713845252991,0.08125767111778259,-0.10655105113983154,221980,59,4,False,Left,Front,Left,Centre,76
<_io.BytesIO object at 0x00000258D7D43A40>,0.8067446351051331,0.0468214750289917,-0.09956982731819153,221980,59,4,False,Left,Front,Left,Centre,76
<_io.BytesIO object at 0x00000258D7D43B30>,0.8429300785064697,0.044754888862371445,-0.06059595197439194,221980,59,4,False,Left,Front,Left,Centre,76
<_io.BytesIO object at 0x00000258D7D43C70>,0.7921145558357239,0.08691009879112244,0.007902637124061584,221980,59,4,False,Left,Front,Left,Centre,76
<_io.BytesIO object at 0x00000258D28055E0>,0.2592485249042511,0.041616786271333694,-0.052773863077163696,221981,59,4,False,Left,Front,Left,Centre,76
<_io.BytesIO object at 0x00000258D2805360>,0.2961036264896393,0.04433887451887131,0.02398628182709217,221981,59,4,False,Left,Front,Left,Centre,76
<_io.BytesIO object at 0x00000258D7D30720>,0.30294346809387207,0.03074466809630394,-0.055521778762340546,221981,59,4,False,Left,Front,Left,Centre,76
<_io.BytesIO object at 0x00000258D7D30B30>,0.23774559795856476,0.000864126137457788,-0.0646771639585495,221981,59,4,False,Left,Front,Left,Centre,76
<_io.BytesIO object at 0x00000258D7D30450>,0.2150302529335022,0.003059468464925885,0.004132527858018875,221981,59,4,False,Left,Front,Left,Centre,76
<_io.BytesIO object at 0x00000258D7D309A0>,0.7437006831169128,0.07657638937234879,-0.08598789572715759,221981,59,4,False,Left,Front,Left,Centre,76
<_io.BytesIO object at 0x00000258D7D30680>,0.7804713845252991,0.08125767111778259,-0.10655105113983154,221981,59,4,False,Left,Front,Left,Centre,76
<_io.BytesIO object at 0x00000258D7D30130>,0.8067446351051331,0.0468214750289917,-0.09956982731819153,221981,59,4,False,Left,Front,Left,Centre,76
<_io.BytesIO object at 0x00000258D7D5E8B0>,0.8429300785064697,0.044754888862371445,-0.06059595197439194,221981,59,4,False,Left,Front,Left,Centre,76
<_io.BytesIO object at 0x00000258D7D5EB80>,0.7921145558357239,0.08691009879112244,0.007902637124061584,221981,59,4,False,Left,Front,Left,Centre,76
<_io.BytesIO object at 0x00000258DAB39D60>,0.25927817821502686,0.04160227254033089,-0.05278710275888443,221982,59,4,False,Left,Front,Left,Centre,76
<_io.BytesIO object at 0x00000258D7DC4D10>,0.29611095786094666,0.044339869171381,0.02399008721113205,221982,59,4,False,Left,Front,Left,Centre,76
<_io.BytesIO object at 0x00000258D7DC4EA0>,0.30296507477760315,0.030743170529603958,-0.05551432445645332,221982,59,4,False,Left,Front,Left,Centre,76
<_io.BytesIO object at 0x00000258D7DC4130>,0.2377663105726242,0.0008537746616639197,-0.06467611342668533,221982,59,4,False,Left,Front,Left,Centre,76
<_io.BytesIO object at 0x00000258D7DC4F90>,0.2151215672492981,0.0030791047029197216,0.00411107437685132,221982,59,4,False,Left,Front,Left,Centre,76
<_io.BytesIO object at 0x00000258D7DC48B0>,0.7437006831169128,0.07657638937234879,-0.08598789572715759,221982,59,4,False,Left,Front,Left,Centre,76
<_io.BytesIO object at 0x00000258DAB5DF40>,0.7804713845252991,0.08125767111778259,-0.10655105113983154,221982,59,4,False,Left,Front,Left,Centre,76
<_io.BytesIO object at 0x00000258DAB5DDB0>,0.8067446351051331,0.0468214750289917,-0.09956982731819153,221982,59,4,False,Left,Front,Left,Centre,76
<_io.BytesIO object at 0x00000258DAB5D8B0>,0.8429300785064697,0.044754888862371445,-0.06059595197439194,221982,59,4,False,Left,Front,Left,Centre,76
<_io.BytesIO object at 0x00000258DAB5DBD0>,0.7921145558357239,0.08691009879112244,0.007902637124061584,221982,59,4,False,Left,Front,Left,Centre,76
<_io.BytesIO object at 0x00000258DAC21900>,0.259282648563385,0.041619762778282166,-0.05278867483139038,221983,59,4,False,Left,Front,Left,Centre,76
<_io.BytesIO object at 0x00000258DAC21220>,0.2961145341396332,0.04434601590037346,0.023991968482732773,221983,59,4,False,Left,Front,Left,Centre,76
<_io.BytesIO object at 0x00000258DAC21270>,0.3029842972755432,0.03073768876492977,-0.055514030158519745,221983,59,4,False,Left,Front,Left,Centre,76
<_io.BytesIO object at 0x00000258DAB3DEF0>,0.23777556419372559,0.0008552235667593777,-0.0646715983748436,221983,59,4,False,Left,Front,Left,Centre,76
<_io.BytesIO object at 0x00000258DAB3D400>,0.2151227593421936,0.003080249298363924,0.004105438478291035,221983,59,4,False,Left,Front,Left,Centre,76
<_io.BytesIO object at 0x00000258DAB3DD60>,0.7437006831169128,0.07657638937234879,-0.08598789572715759,221983,59,4,False,Left,Front,Left,Centre,76
<_io.BytesIO object at 0x00000258DAB3DB30>,0.7804713845252991,0.08125767111778259,-0.10655105113983154,221983,59,4,False,Left,Front,Left,Centre,76
<_io.BytesIO object at 0x00000258DAB3D2C0>,0.8067446351051331,0.0468214750289917,-0.09956982731819153,221983,59,4,False,Left,Front,Left,Centre,76
<_io.BytesIO object at 0x00000258DAB3DDB0>,0.8429300785064697,0.044754888862371445,-0.06059595197439194,221983,59,4,False,Left,Front,Left,Centre,76
<_io.BytesIO object at 0x00000258DAB3D8B0>,0.7921145558357239,0.08691009879112244,0.007902637124061584,221983,59,4,False,Left,Front,Left,Centre,76
<_io.BytesIO object at 0x00000258D7D33E50>,0.25929880142211914,0.0416138619184494,-0.05279330536723137,221984,59,4,False,Left,Front,Left,Centre,76
<_io.BytesIO object at 0x00000258D7D60720>,0.29611659049987793,0.044351816177368164,0.02399720624089241,221984,59,4,False,Left,Front,Left,Centre,76
<_io.BytesIO object at 0x00000258D7D60B80>,0.3029771149158478,0.03072982095181942,-0.055485114455223083,221984,59,4,False,Left,Front,Left,Centre,76
<_io.BytesIO object at 0x00000258D7D60BD0>,0.23779354989528656,0.000863071414642036,-0.06468406319618225,221984,59,4,False,Left,Front,Left,Centre,76
<_io.BytesIO object at 0x00000258DAB1AB30>,0.21512402594089508,0.0030842768028378487,0.004101437050849199,221984,59,4,False,Left,Front,Left,Centre,76
<_io.BytesIO object at 0x00000258D7D601D0>,0.7437006831169128,0.07657638937234879,-0.08598789572715759,221984,59,4,False,Left,Front,Left,Centre,76
<_io.BytesIO object at 0x00000258D7D60E00>,0.7804713845252991,0.08125767111778259,-0.10655105113983154,221984,59,4,False,Left,Front,Left,Centre,76
<_io.BytesIO object at 0x00000258D7D60EF0>,0.8067446351051331,0.0468214750289917,-0.09956982731819153,221984,59,4,False,Left,Front,Left,Centre,76
<_io.BytesIO object at 0x00000258D7D608B0>,0.8429300785064697,0.044754888862371445,-0.06059595197439194,221984,59,4,False,Left,Front,Left,Centre,76
<_io.BytesIO object at 0x00000258D7D60D60>,0.7921145558357239,0.08691009879112244,0.007902637124061584,221984,59,4,False,Left,Front,Left,Centre,76
<_io.BytesIO object at 0x00000258DAB3DE50>,0.2593109607696533,0.041609492152929306,-0.052809938788414,221985,59,4,False,Left,Front,Left,Centre,76
<_io.BytesIO object at 0x00000258DAB3D7C0>,0.29611024260520935,0.04435468092560768,0.023995796218514442,221985,59,4,False,Left,Front,Left,Centre,76
<_io.BytesIO object at 0x00000258DAB3D900>,0.3029807209968567,0.030733998864889145,-0.055489085614681244,221985,59,4,False,Left,Front,Left,Centre,76
<_io.BytesIO object at 0x00000258DAB3D810>,0.23776574432849884,0.000892101670615375,-0.0646904706954956,221985,59,4,False,Left,Front,Left,Centre,76
<_io.BytesIO object at 0x00000258DAC218B0>,0.21503989398479462,0.0030768809374421835,0.004106162581592798,221985,59,4,False,Left,Front,Left,Centre,76
<_io.BytesIO object at 0x00000258DAC21040>,0.7437006831169128,0.07657638937234879,-0.08598789572715759,221985,59,4,False,Left,Front,Left,Centre,76
<_io.BytesIO object at 0x00000258DAC21C70>,0.7804713845252991,0.08125767111778259,-0.10655105113983154,221985,59,4,False,Left,Front,Left,Centre,76
<_io.BytesIO object at 0x00000258DAC21EF0>,0.8067446351051331,0.0468214750289917,-0.09956982731819153,221985,59,4,False,Left,Front,Left,Centre,76
<_io.BytesIO object at 0x00000258DAC21090>,0.8429300785064697,0.044754888862371445,-0.06059595197439194,221985,59,4,False,Left,Front,Left,Centre,76
<_io.BytesIO object at 0x00000258DAC21810>,0.7921145558357239,0.08691009879112244,0.007902637124061584,221985,59,4,False,Left,Front,Left,Centre,76
<_io.BytesIO object at 0x00000258DAB5DD10>,0.25931403040885925,0.041593488305807114,-0.05283463001251221,221986,59,4,False,Left,Front,Left,Centre,76
<_io.BytesIO object at 0x00000258DAB5D770>,0.29610732197761536,0.04436499997973442,0.023994794115424156,221986,59,4,False,Left,Front,Left,Centre,76
<_io.BytesIO object at 0x00000258D7DC4F90>,0.3030107021331787,0.030728504061698914,-0.05551587790250778,221986,59,4,False,Left,Front,Left,Centre,76
<_io.BytesIO object at 0x00000258D7DC46D0>,0.23777247965335846,0.0008926410228013992,-0.06470099091529846,221986,59,4,False,Left,Front,Left,Centre,76
<_io.BytesIO object at 0x00000258D7DC41D0>,0.21503221988677979,0.003087302204221487,0.004101739265024662,221986,59,4,False,Left,Front,Left,Centre,76
<_io.BytesIO object at 0x00000258D7DC4810>,0.7437006831169128,0.07657638937234879,-0.08598789572715759,221986,59,4,False,Left,Front,Left,Centre,76
<_io.BytesIO object at 0x00000258D7DC49A0>,0.7804713845252991,0.08125767111778259,-0.10655105113983154,221986,59,4,False,Left,Front,Left,Centre,76
<_io.BytesIO object at 0x00000258D7DC4540>,0.8067446351051331,0.0468214750289917,-0.09956982731819153,221986,59,4,False,Left,Front,Left,Centre,76
<_io.BytesIO object at 0x00000258DAB39E50>,0.8429300785064697,0.044754888862371445,-0.06059595197439194,221986,59,4,False,Left,Front,Left,Centre,76
<_io.BytesIO object at 0x00000258DAB39900>,0.7921145558357239,0.08691009879112244,0.007902637124061584,221986,59,4,False,Left,Front,Left,Centre,76
<_io.BytesIO object at 0x00000258D7D5EE50>,0.25931212306022644,0.04158630222082138,-0.05284658819437027,221987,59,4,False,Left,Front,Left,Centre,76
<_io.BytesIO object at 0x00000258D7D30950>,0.29609501361846924,0.04437018930912018,0.023986320942640305,221987,59,4,False,Left,Front,Left,Centre,76
<_io.BytesIO object at 0x00000258D7D30D60>,0.30301621556282043,0.030719345435500145,-0.05551488697528839,221987,59,4,False,Left,Front,Left,Centre,76
<_io.BytesIO object at 0x00000258D7D303B0>,0.2377745807170868,0.0008826591656543314,-0.06470530480146408,221987,59,4,False,Left,Front,Left,Centre,76
<_io.BytesIO object at 0x00000258D7D306D0>,0.21504178643226624,0.003081507980823517,0.00409145699813962,221987,59,4,False,Left,Front,Left,Centre,76
<_io.BytesIO object at 0x00000258D7D30860>,0.7437006831169128,0.07657638937234879,-0.08598789572715759,221987,59,4,False,Left,Front,Left,Centre,76
<_io.BytesIO object at 0x00000258D2805130>,0.7804713845252991,0.08125767111778259,-0.10655105113983154,221987,59,4,False,Left,Front,Left,Centre,76
<_io.BytesIO object at 0x00000258D2805310>,0.8067446351051331,0.0468214750289917,-0.09956982731819153,221987,59,4,False,Left,Front,Left,Centre,76
<_io.BytesIO object at 0x00000258D2805810>,0.8429300785064697,0.044754888862371445,-0.06059595197439194,221987,59,4,False,Left,Front,Left,Centre,76
<_io.BytesIO object at 0x00000258DAB243B0>,0.7921145558357239,0.08691009879112244,0.007902637124061584,221987,59,4,False,Left,Front,Left,Centre,76
<_io.BytesIO object at 0x00000258D7D433B0>,0.2593117356300354,0.04158463329076767,-0.05285923182964325,221988,59,4,False,Left,Front,Left,Centre,76
<_io.BytesIO object at 0x00000258D7D435E0>,0.2960907816886902,0.04436205327510834,0.023988815024495125,221988,59,4,False,Left,Front,Left,Centre,76
<_io.BytesIO object at 0x00000258DAB152C0>,0.3030199408531189,0.030705472454428673,-0.05552935600280762,221988,59,4,False,Left,Front,Left,Centre,76
<_io.BytesIO object at 0x00000258DAB15130>,0.23782092332839966,0.0008409415022470057,-0.0647282600402832,221988,59,4,False,Left,Front,Left,Centre,76
<_io.BytesIO object at 0x00000258DAB15C20>,0.2151334583759308,0.0030854151118546724,0.004064958542585373,221988,59,4,False,Left,Front,Left,Centre,76
<_io.BytesIO object at 0x00000258DAB15590>,0.7437006831169128,0.07657638937234879,-0.08598789572715759,221988,59,4,False,Left,Front,Left,Centre,76
<_io.BytesIO object at 0x00000258DAB15D10>,0.7804713845252991,0.08125767111778259,-0.10655105113983154,221988,59,4,False,Left,Front,Left,Centre,76
<_io.BytesIO object at 0x00000258DAB15630>,0.8067446351051331,0.0468214750289917,-0.09956982731819153,221988,59,4,False,Left,Front,Left,Centre,76
<_io.BytesIO object at 0x00000258DAB265E0>,0.8429300785064697,0.044754888862371445,-0.06059595197439194,221988,59,4,False,Left,Front,Left,Centre,76
<_io.BytesIO object at 0x00000258DAB26680>,0.7921145558357239,0.08691009879112244,0.007902637124061584,221988,59,4,False,Left,Front,Left,Centre,76
<_io.BytesIO object at 0x00000258DAB269F0>,0.2593153119087219,0.04159487783908844,-0.05287062004208565,221989,59,4,False,Left,Front,Left,Centre,76
<_io.BytesIO object at 0x00000258DAB15090>,0.29609644412994385,0.04435483366250992,0.023977478966116905,221989,59,4,False,Left,Front,Left,Centre,76
<_io.BytesIO object at 0x00000258DAB150E0>,0.30305716395378113,0.030676739290356636,-0.055554814636707306,221989,59,4,False,Left,Front,Left,Centre,76
<_io.BytesIO object at 0x00000258DAB15A40>,0.23779918253421783,0.000860823318362236,-0.06472843140363693,221989,59,4,False,Left,Front,Left,Centre,76
<_io.BytesIO object at 0x00000258D7D43720>,0.21513330936431885,0.0030817664228379726,0.004053161479532719,221989,59,4,False,Left,Front,Left,Centre,76
<_io.BytesIO object at 0x00000258D7D43040>,0.7437006831169128,0.07657638937234879,-0.08598789572715759,221989,59,4,False,Left,Front,Left,Centre,76
<_io.BytesIO object at 0x00000258D7D43DB0>,0.7804713845252991,0.08125767111778259,-0.10655105113983154,221989,59,4,False,Left,Front,Left,Centre,76
<_io.BytesIO object at 0x00000258D7D43900>,0.8067446351051331,0.0468214750289917,-0.09956982731819153,221989,59,4,False,Left,Front,Left,Centre,76
<_io.BytesIO object at 0x00000258D7D43EA0>,0.8429300785064697,0.044754888862371445,-0.06059595197439194,221989,59,4,False,Left,Front,Left,Centre,76
<_io.BytesIO object at 0x00000258D7D43D60>,0.7921145558357239,0.08691009879112244,0.007902637124061584,221989,59,4,False,Left,Front,Left,Centre,76
<_io.BytesIO object at 0x00000258D2805720>,0.2593406140804291,0.041571903973817825,-0.05288451910018921,221990,59,4,False,Left,Front,Left,Centre,76
<_io.BytesIO object at 0x00000258D7D306D0>,0.2960933744907379,0.04435820132493973,0.02397092990577221,221990,59,4,False,Left,Front,Left,Centre,76
<_io.BytesIO object at 0x00000258D7D30C70>,0.30307355523109436,0.03064747527241707,-0.05555758252739906,221990,59,4,False,Left,Front,Left,Centre,76
<_io.BytesIO object at 0x00000258D7D30590>,0.23784418404102325,0.0008225859492085874,-0.06474215537309647,221990,59,4,False,Left,Front,Left,Centre,76
<_io.BytesIO object at 0x00000258D7D30220>,0.21513015031814575,0.003085028612986207,0.004038448445498943,221990,59,4,False,Left,Front,Left,Centre,76
<_io.BytesIO object at 0x00000258D7D5E090>,0.7437006831169128,0.07657638937234879,-0.08598789572715759,221990,59,4,False,Left,Front,Left,Centre,76
<_io.BytesIO object at 0x00000258D7D5E8B0>,0.7804713845252991,0.08125767111778259,-0.10655105113983154,221990,59,4,False,Left,Front,Left,Centre,76
<_io.BytesIO object at 0x00000258D7D5EB80>,0.8067446351051331,0.0468214750289917,-0.09956982731819153,221990,59,4,False,Left,Front,Left,Centre,76
<_io.BytesIO object at 0x00000258D7D5E360>,0.8429300785064697,0.044754888862371445,-0.06059595197439194,221990,59,4,False,Left,Front,Left,Centre,76
<_io.BytesIO object at 0x00000258D7D5E040>,0.7921145558357239,0.08691009879112244,0.007902637124061584,221990,59,4,False,Left,Front,Left,Centre,76
<_io.BytesIO object at 0x00000258D7DC4B80>,0.2593609690666199,0.04156448319554329,-0.052909135818481445,221991,59,4,False,Left,Front,Left,Centre,76
<_io.BytesIO object at 0x00000258D7DC49F0>,0.2961030900478363,0.044358689337968826,0.02396501787006855,221991,59,4,False,Left,Front,Left,Centre,76
<_io.BytesIO object at 0x00000258D7DC48B0>,0.3030805289745331,0.03066338412463665,-0.05557277798652649,221991,59,4,False,Left,Front,Left,Centre,76
<_io.BytesIO object at 0x00000258D7DC4680>,0.23785437643527985,0.0008166682673618197,-0.06475383043289185,221991,59,4,False,Left,Front,Left,Centre,76
<_io.BytesIO object at 0x00000258DAB5DEF0>,0.21513117849826813,0.0030913713853806257,0.0040343631990253925,221991,59,4,False,Left,Front,Left,Centre,76
<_io.BytesIO object at 0x00000258DAB5DDB0>,0.7437006831169128,0.07657638937234879,-0.08598789572715759,221991,59,4,False,Left,Front,Left,Centre,76
<_io.BytesIO object at 0x00000258DAB5D8B0>,0.7804713845252991,0.08125767111778259,-0.10655105113983154,221991,59,4,False,Left,Front,Left,Centre,76
<_io.BytesIO object at 0x00000258DAB5DAE0>,0.8067446351051331,0.0468214750289917,-0.09956982731819153,221991,59,4,False,Left,Front,Left,Centre,76
<_io.BytesIO object at 0x00000258D7D49B80>,0.8429300785064697,0.044754888862371445,-0.06059595197439194,221991,59,4,False,Left,Front,Left,Centre,76
<_io.BytesIO object at 0x00000258D7D49590>,0.7921145558357239,0.08691009879112244,0.007902637124061584,221991,59,4,False,Left,Front,Left,Centre,76
<_io.BytesIO object at 0x00000258DAC21360>,0.2593733072280884,0.0415557436645031,-0.052932944148778915,221992,59,4,False,Left,Front,Left,Centre,76
<_io.BytesIO object at 0x00000258DAC21630>,0.2961021661758423,0.044365134090185165,0.023952757939696312,221992,59,4,False,Left,Front,Left,Centre,76
<_io.BytesIO object at 0x00000258DAB1F9A0>,0.3031211495399475,0.03061603009700775,-0.05559839680790901,221992,59,4,False,Left,Front,Left,Centre,76
<_io.BytesIO object at 0x00000258DAB1FA90>,0.23783458769321442,0.0008608089410699904,-0.06476619839668274,221992,59,4,False,Left,Front,Left,Centre,76
<_io.BytesIO object at 0x00000258DAB1F590>,0.215144544839859,0.003093558130785823,0.004020445980131626,221992,59,4,False,Left,Front,Left,Centre,76
<_io.BytesIO object at 0x00000258DAB3D220>,0.7437006831169128,0.07657638937234879,-0.08598789572715759,221992,59,4,False,Left,Front,Left,Centre,76
<_io.BytesIO object at 0x00000258DAB3D950>,0.7804713845252991,0.08125767111778259,-0.10655105113983154,221992,59,4,False,Left,Front,Left,Centre,76
<_io.BytesIO object at 0x00000258DAB3DF90>,0.8067446351051331,0.0468214750289917,-0.09956982731819153,221992,59,4,False,Left,Front,Left,Centre,76
<_io.BytesIO object at 0x00000258DAB3DD60>,0.8429300785064697,0.044754888862371445,-0.06059595197439194,221992,59,4,False,Left,Front,Left,Centre,76
<_io.BytesIO object at 0x00000258DAB3DB30>,0.7921145558357239,0.08691009879112244,0.007902637124061584,221992,59,4,False,Left,Front,Left,Centre,76
<_io.BytesIO object at 0x00000258D7D608B0>,0.2593831717967987,0.041558124125003815,-0.05294656753540039,221993,59,4,False,Left,Front,Left,Centre,76
<_io.BytesIO object at 0x00000258D7D60360>,0.2961117923259735,0.044360704720020294,0.023943033069372177,221993,59,4,False,Left,Front,Left,Centre,76
<_io.BytesIO object at 0x00000258D7D609A0>,0.3031383752822876,0.030606864020228386,-0.055601127445697784,221993,59,4,False,Left,Front,Left,Centre,76
<_io.BytesIO object at 0x00000258D7D60180>,0.2378481924533844,0.0008691063267178833,-0.06478522717952728,221993,59,4,False,Left,Front,Left,Centre,76
<_io.BytesIO object at 0x00000258D7D603B0>,0.21510110795497894,0.0030385232530534267,0.0039566452614963055,221993,59,4,False,Left,Front,Left,Centre,76
<_io.BytesIO object at 0x00000258D7D60720>,0.7437006831169128,0.07657638937234879,-0.08598789572715759,221993,59,4,False,Left,Front,Left,Centre,76
<_io.BytesIO object at 0x00000258D7D33E00>,0.7804713845252991,0.08125767111778259,-0.10655105113983154,221993,59,4,False,Left,Front,Left,Centre,76
<_io.BytesIO object at 0x00000258D7D33770>,0.8067446351051331,0.0468214750289917,-0.09956982731819153,221993,59,4,False,Left,Front,Left,Centre,76
<_io.BytesIO object at 0x00000258D7D336D0>,0.8429300785064697,0.044754888862371445,-0.06059595197439194,221993,59,4,False,Left,Front,Left,Centre,76
<_io.BytesIO object at 0x00000258D7D33950>,0.7921145558357239,0.08691009879112244,0.007902637124061584,221993,59,4,False,Left,Front,Left,Centre,76
<_io.BytesIO object at 0x00000258DAB1F270>,0.25939685106277466,0.04155126214027405,-0.05297091603279114,221994,59,4,False,Left,Front,Left,Centre,76
<_io.BytesIO object at 0x00000258DAC216D0>,0.2961181402206421,0.0443536676466465,0.023941196501255035,221994,59,4,False,Left,Front,Left,Centre,76
<_io.BytesIO object at 0x00000258DAC21B30>,0.3031519949436188,0.030601711943745613,-0.05561869218945503,221994,59,4,False,Left,Front,Left,Centre,76
<_io.BytesIO object at 0x00000258DAC21180>,0.23786349594593048,0.0008645690977573395,-0.06478918343782425,221994,59,4,False,Left,Front,Left,Centre,76
<_io.BytesIO object at 0x00000258DAC217C0>,0.21519170701503754,0.0030494388192892075,0.0039274608716368675,221994,59,4,False,Left,Front,Left,Centre,76
<_io.BytesIO object at 0x00000258DAC21400>,0.7437006831169128,0.07657638937234879,-0.08598789572715759,221994,59,4,False,Left,Front,Left,Centre,76
<_io.BytesIO object at 0x00000258DAC21900>,0.7804713845252991,0.08125767111778259,-0.10655105113983154,221994,59,4,False,Left,Front,Left,Centre,76
<_io.BytesIO object at 0x00000258D7D249A0>,0.8067446351051331,0.0468214750289917,-0.09956982731819153,221994,59,4,False,Left,Front,Left,Centre,76
<_io.BytesIO object at 0x00000258D7D49090>,0.8429300785064697,0.044754888862371445,-0.06059595197439194,221994,59,4,False,Left,Front,Left,Centre,76
<_io.BytesIO object at 0x00000258D7D49EF0>,0.7921145558357239,0.08691009879112244,0.007902637124061584,221994,59,4,False,Left,Front,Left,Centre,76
<_io.BytesIO object at 0x00000258D7DC4220>,0.25941163301467896,0.041553378105163574,-0.05296828970313072,221995,59,4,False,Left,Front,Left,Centre,76
<_io.BytesIO object at 0x00000258D7DC47C0>,0.2961101531982422,0.044355060905218124,0.023938314989209175,221995,59,4,False,Left,Front,Left,Centre,76
<_io.BytesIO object at 0x00000258D7DC4540>,0.3031611144542694,0.030589653179049492,-0.055612534284591675,221995,59,4,False,Left,Front,Left,Centre,76
<_io.BytesIO object at 0x00000258D7DC4360>,0.23787495493888855,0.0008657388971187174,-0.0648016408085823,221995,59,4,False,Left,Front,Left,Centre,76
<_io.BytesIO object at 0x00000258DAB397C0>,0.21510225534439087,0.0030520716682076454,0.0039360481314361095,221995,59,4,False,Left,Front,Left,Centre,76
<_io.BytesIO object at 0x00000258DAB39220>,0.7437006831169128,0.07657638937234879,-0.08598789572715759,221995,59,4,False,Left,Front,Left,Centre,76
<_io.BytesIO object at 0x00000258DAB39860>,0.7804713845252991,0.08125767111778259,-0.10655105113983154,221995,59,4,False,Left,Front,Left,Centre,76
<_io.BytesIO object at 0x00000258DAB391D0>,0.8067446351051331,0.0468214750289917,-0.09956982731819153,221995,59,4,False,Left,Front,Left,Centre,76
<_io.BytesIO object at 0x00000258DAB39770>,0.8429300785064697,0.044754888862371445,-0.06059595197439194,221995,59,4,False,Left,Front,Left,Centre,76
<_io.BytesIO object at 0x00000258DAB396D0>,0.7921145558357239,0.08691009879112244,0.007902637124061584,221995,59,4,False,Left,Front,Left,Centre,76
<_io.BytesIO object at 0x00000258D7D306D0>,0.25942474603652954,0.04155584052205086,-0.05298542603850365,221996,59,4,False,Left,Front,Left,Centre,76
<_io.BytesIO object at 0x00000258D7D30E00>,0.296111524105072,0.044354602694511414,0.023931458592414856,221996,59,4,False,Left,Front,Left,Centre,76
<_io.BytesIO object at 0x00000258D2805130>,0.30316779017448425,0.03059195913374424,-0.055618252605199814,221996,59,4,False,Left,Front,Left,Centre,76
<_io.BytesIO object at 0x00000258D2805590>,0.23789216578006744,0.0008777673938311636,-0.0648147314786911,221996,59,4,False,Left,Front,Left,Centre,76
<_io.BytesIO object at 0x00000258D2805090>,0.21510867774486542,0.0030491529032588005,0.003937546629458666,221996,59,4,False,Left,Front,Left,Centre,76
<_io.BytesIO object at 0x00000258DAB24090>,0.7437006831169128,0.07657638937234879,-0.08598789572715759,221996,59,4,False,Left,Front,Left,Centre,76
<_io.BytesIO object at 0x00000258DAB24770>,0.7804713845252991,0.08125767111778259,-0.10655105113983154,221996,59,4,False,Left,Front,Left,Centre,76
<_io.BytesIO object at 0x00000258DAB24EF0>,0.8067446351051331,0.0468214750289917,-0.09956982731819153,221996,59,4,False,Left,Front,Left,Centre,76
<_io.BytesIO object at 0x00000258DAB24F90>,0.8429300785064697,0.044754888862371445,-0.06059595197439194,221996,59,4,False,Left,Front,Left,Centre,76
<_io.BytesIO object at 0x00000258DAB24180>,0.7921145558357239,0.08691009879112244,0.007902637124061584,221996,59,4,False,Left,Front,Left,Centre,76
<_io.BytesIO object at 0x00000258DAB154F0>,0.25942492485046387,0.04156188666820526,-0.05297906696796417,221997,59,4,False,Left,Front,Left,Centre,76
<_io.BytesIO object at 0x00000258DAB15680>,0.2961060702800751,0.044354766607284546,0.02393888682126999,221997,59,4,False,Left,Front,Left,Centre,76
<_io.BytesIO object at 0x00000258DAB15D10>,0.30317509174346924,0.030596986413002014,-0.055610138922929764,221997,59,4,False,Left,Front,Left,Centre,76
<_io.BytesIO object at 0x00000258DAB269F0>,0.23788461089134216,0.0008865752024576068,-0.06482156366109848,221997,59,4,False,Left,Front,Left,Centre,76
<_io.BytesIO object at 0x00000258DAB26C70>,0.21510536968708038,0.0030508283525705338,0.003930459264665842,221997,59,4,False,Left,Front,Left,Centre,76
<_io.BytesIO object at 0x00000258DAB26C20>,0.7437006831169128,0.07657638937234879,-0.08598789572715759,221997,59,4,False,Left,Front,Left,Centre,76
<_io.BytesIO object at 0x00000258DAB26A90>,0.7804713845252991,0.08125767111778259,-0.10655105113983154,221997,59,4,False,Left,Front,Left,Centre,76
<_io.BytesIO object at 0x00000258DAB26180>,0.8067446351051331,0.0468214750289917,-0.09956982731819153,221997,59,4,False,Left,Front,Left,Centre,76
<_io.BytesIO object at 0x00000258DAB26900>,0.8429300785064697,0.044754888862371445,-0.06059595197439194,221997,59,4,False,Left,Front,Left,Centre,76
<_io.BytesIO object at 0x00000258DAB26860>,0.7921145558357239,0.08691009879112244,0.007902637124061584,221997,59,4,False,Left,Front,Left,Centre,76
<_io.BytesIO object at 0x00000258DAB15450>,0.25942912697792053,0.0415603406727314,-0.05298177897930145,221998,59,4,False,Left,Front,Left,Centre,76
<_io.BytesIO object at 0x00000258D7D43F40>,0.296101838350296,0.04435135796666145,0.023937556892633438,221998,59,4,False,Left,Front,Left,Centre,76
<_io.BytesIO object at 0x00000258D7D43810>,0.30317622423171997,0.03059832938015461,-0.05560331791639328,221998,59,4,False,Left,Front,Left,Centre,76
<_io.BytesIO object at 0x00000258D7D43310>,0.23789502680301666,0.0008888127631507814,-0.06482717394828796,221998,59,4,False,Left,Front,Left,Centre,76
<_io.BytesIO object at 0x00000258D7D43A90>,0.21510396897792816,0.003054863540455699,0.003925818484276533,221998,59,4,False,Left,Front,Left,Centre,76
<_io.BytesIO object at 0x00000258D7D43270>,0.7437006831169128,0.07657638937234879,-0.08598789572715759,221998,59,4,False,Left,Front,Left,Centre,76
<_io.BytesIO object at 0x00000258D7D434A0>,0.7804713845252991,0.08125767111778259,-0.10655105113983154,221998,59,4,False,Left,Front,Left,Centre,76
<_io.BytesIO object at 0x00000258DAB24BD0>,0.8067446351051331,0.0468214750289917,-0.09956982731819153,221998,59,4,False,Left,Front,Left,Centre,76
<_io.BytesIO object at 0x00000258DAB24EA0>,0.8429300785064697,0.044754888862371445,-0.06059595197439194,221998,59,4,False,Left,Front,Left,Centre,76
<_io.BytesIO object at 0x00000258DAB246D0>,0.7921145558357239,0.08691009879112244,0.007902637124061584,221998,59,4,False,Left,Front,Left,Centre,76
<_io.BytesIO object at 0x00000258D7D5ED10>,0.2594428062438965,0.04157300665974617,-0.05298513546586037,221999,59,4,False,Left,Front,Left,Centre,76
<_io.BytesIO object at 0x00000258D7D5EAE0>,0.2961006760597229,0.04435626044869423,0.023945337161421776,221999,59,4,False,Left,Front,Left,Centre,76
<_io.BytesIO object at 0x00000258DAB39630>,0.3031856119632721,0.030604369938373566,-0.05559471249580383,221999,59,4,False,Left,Front,Left,Centre,76
<_io.BytesIO object at 0x00000258DAB396D0>,0.2379128485918045,0.0008990984060801566,-0.06483392417430878,221999,59,4,False,Left,Front,Left,Centre,76
<_io.BytesIO object at 0x00000258DAB39C20>,0.21511144936084747,0.0030596584547311068,0.003930280916392803,221999,59,4,False,Left,Front,Left,Centre,76
<_io.BytesIO object at 0x00000258DAB39310>,0.7437006831169128,0.07657638937234879,-0.08598789572715759,221999,59,4,False,Left,Front,Left,Centre,76
<_io.BytesIO object at 0x00000258DAB39E00>,0.7804713845252991,0.08125767111778259,-0.10655105113983154,221999,59,4,False,Left,Front,Left,Centre,76
<_io.BytesIO object at 0x00000258DAB39EF0>,0.8067446351051331,0.0468214750289917,-0.09956982731819153,221999,59,4,False,Left,Front,Left,Centre,76
<_io.BytesIO object at 0x00000258D7DC4A40>,0.8429300785064697,0.044754888862371445,-0.06059595197439194,221999,59,4,False,Left,Front,Left,Centre,76
<_io.BytesIO object at 0x00000258D7DC4E50>,0.7921145558357239,0.08691009879112244,0.007902637124061584,221999,59,4,False,Left,Front,Left,Centre,76
<_io.BytesIO object at 0x00000258D7D49EF0>,0.25945577025413513,0.041583284735679626,-0.05299388989806175,222000,59,4,False,Left,Front,Left,Centre,76
<_io.BytesIO object at 0x00000258D7D24A90>,0.29610148072242737,0.04436663165688515,0.0239443089812994,222000,59,4,False,Left,Front,Left,Centre,76
<_io.BytesIO object at 0x00000258DAC21950>,0.30319878458976746,0.03060835599899292,-0.055585626512765884,222000,59,4,False,Left,Front,Left,Centre,76
<_io.BytesIO object at 0x00000258DAC21810>,0.23794391751289368,0.0009060811717063189,-0.06484457850456238,222000,59,4,False,Left,Front,Left,Centre,76
<_io.BytesIO object at 0x00000258DAC21180>,0.21520382165908813,0.0030595725402235985,0.003910720814019442,222000,59,4,False,Left,Front,Left,Centre,76
<_io.BytesIO object at 0x00000258DAC21770>,0.7437006831169128,0.07657638937234879,-0.08598789572715759,222000,59,4,False,Left,Front,Left,Centre,76
<_io.BytesIO object at 0x00000258DAC210E0>,0.7804713845252991,0.08125767111778259,-0.10655105113983154,222000,59,4,False,Left,Front,Left,Centre,76
<_io.BytesIO object at 0x00000258DAC21D60>,0.8067446351051331,0.0468214750289917,-0.09956982731819153,222000,59,4,False,Left,Front,Left,Centre,76
<_io.BytesIO object at 0x00000258DAB1FCC0>,0.8429300785064697,0.044754888862371445,-0.06059595197439194,222000,59,4,False,Left,Front,Left,Centre,76
<_io.BytesIO object at 0x00000258DAB1FC20>,0.7921145558357239,0.08691009879112244,0.007902637124061584,222000,59,4,False,Left,Front,Left,Centre,76
<_io.BytesIO object at 0x00000258DAB3D2C0>,0.2594582736492157,0.04158930480480194,-0.05300387740135193,222001,59,4,False,Left,Front,Left,Centre,76
<_io.BytesIO object at 0x00000258DAB3D360>,0.296098530292511,0.044362057000398636,0.02394934743642807,222001,59,4,False,Left,Front,Left,Centre,76
<_io.BytesIO object at 0x00000258D7D309A0>,0.303201824426651,0.030605299398303032,-0.055579595267772675,222001,59,4,False,Left,Front,Left,Centre,76
<_io.BytesIO object at 0x00000258D7D30C20>,0.23795495927333832,0.0009232360171154141,-0.06484893709421158,222001,59,4,False,Left,Front,Left,Centre,76
<_io.BytesIO object at 0x00000258D7D303B0>,0.21520428359508514,0.0030645711813122034,0.0039093890227377415,222001,59,4,False,Left,Front,Left,Centre,76
<_io.BytesIO object at 0x00000258D7D30950>,0.7437006831169128,0.07657638937234879,-0.08598789572715759,222001,59,4,False,Left,Front,Left,Centre,76
<_io.BytesIO object at 0x00000258D7D30590>,0.7804713845252991,0.08125767111778259,-0.10655105113983154,222001,59,4,False,Left,Front,Left,Centre,76
<_io.BytesIO object at 0x00000258D7D30400>,0.8067446351051331,0.0468214750289917,-0.09956982731819153,222001,59,4,False,Left,Front,Left,Centre,76
<_io.BytesIO object at 0x00000258D7D33A40>,0.8429300785064697,0.044754888862371445,-0.06059595197439194,222001,59,4,False,Left,Front,Left,Centre,76
<_io.BytesIO object at 0x00000258D7D33AE0>,0.7921145558357239,0.08691009879112244,0.007902637124061584,222001,59,4,False,Left,Front,Left,Centre,76
<_io.BytesIO object at 0x00000258D7D33C20>,0.2595406472682953,0.041587430983781815,-0.05298133194446564,222002,59,4,False,Left,Front,Left,Centre,76
<_io.BytesIO object at 0x00000258D7D30360>,0.29609572887420654,0.044360484927892685,0.02395264245569706,222002,59,4,False,Left,Front,Left,Centre,76
<_io.BytesIO object at 0x00000258D7D303B0>,0.30321455001831055,0.030622202903032303,-0.05557277798652649,222002,59,4,False,Left,Front,Left,Centre,76
<_io.BytesIO object at 0x00000258D7D30B80>,0.23796097934246063,0.0009286911226809025,-0.06485768407583237,222002,59,4,False,Left,Front,Left,Centre,76
<_io.BytesIO object at 0x00000258D7D30AE0>,0.21511968970298767,0.0030625341460108757,0.003934042528271675,222002,59,4,False,Left,Front,Left,Centre,76
<_io.BytesIO object at 0x00000258D7D30540>,0.7437006831169128,0.07657638937234879,-0.08598789572715759,222002,59,4,False,Left,Front,Left,Centre,76
<_io.BytesIO object at 0x00000258DAB3DF90>,0.7804713845252991,0.08125767111778259,-0.10655105113983154,222002,59,4,False,Left,Front,Left,Centre,76
<_io.BytesIO object at 0x00000258DAB3DE00>,0.8067446351051331,0.0468214750289917,-0.09956982731819153,222002,59,4,False,Left,Front,Left,Centre,76
<_io.BytesIO object at 0x00000258DAB3DEA0>,0.8429300785064697,0.044754888862371445,-0.06059595197439194,222002,59,4,False,Left,Front,Left,Centre,76
<_io.BytesIO object at 0x00000258DAB3DB30>,0.7921145558357239,0.08691009879112244,0.007902637124061584,222002,59,4,False,Left,Front,Left,Centre,76
<_io.BytesIO object at 0x00000258DAB1FB30>,0.2595502436161041,0.04159218445420265,-0.05298478156328201,222003,59,4,False,Left,Front,Left,Centre,76
<_io.BytesIO object at 0x00000258DAC21130>,0.2961012125015259,0.04436103254556656,0.023949993774294853,222003,59,4,False,Left,Front,Left,Centre,76
<_io.BytesIO object at 0x00000258DAC211D0>,0.3032236099243164,0.03062593564391136,-0.055562254041433334,222003,59,4,False,Left,Front,Left,Centre,76
<_io.BytesIO object at 0x00000258DAC219F0>,0.23797571659088135,0.00094955152599141,-0.06485825031995773,222003,59,4,False,Left,Front,Left,Centre,76
<_io.BytesIO object at 0x00000258DAC21590>,0.21520626544952393,0.0030745891854166985,0.003907997626811266,222003,59,4,False,Left,Front,Left,Centre,76
<_io.BytesIO object at 0x00000258DAC21A40>,0.7437006831169128,0.07657638937234879,-0.08598789572715759,222003,59,4,False,Left,Front,Left,Centre,76
<_io.BytesIO object at 0x00000258D7D249A0>,0.7804713845252991,0.08125767111778259,-0.10655105113983154,222003,59,4,False,Left,Front,Left,Centre,76
<_io.BytesIO object at 0x00000258D7D49860>,0.8067446351051331,0.0468214750289917,-0.09956982731819153,222003,59,4,False,Left,Front,Left,Centre,76
<_io.BytesIO object at 0x00000258D7D494F0>,0.8429300785064697,0.044754888862371445,-0.06059595197439194,222003,59,4,False,Left,Front,Left,Centre,76
<_io.BytesIO object at 0x00000258D7D49900>,0.7921145558357239,0.08691009879112244,0.007902637124061584,222003,59,4,False,Left,Front,Left,Centre,76
<_io.BytesIO object at 0x00000258D7DC4D60>,0.2595667541027069,0.04159412160515785,-0.053002696484327316,222004,59,4,False,Left,Front,Left,Centre,76
<_io.BytesIO object at 0x00000258DAB39A40>,0.29610323905944824,0.04436209425330162,0.02395436353981495,222004,59,4,False,Left,Front,Left,Centre,76
<_io.BytesIO object at 0x00000258DAB39540>,0.30322936177253723,0.030627572908997536,-0.05555694177746773,222004,59,4,False,Left,Front,Left,Centre,76
<_io.BytesIO object at 0x00000258DAB39270>,0.2379917949438095,0.0009564307401888072,-0.0648704543709755,222004,59,4,False,Left,Front,Left,Centre,76
<_io.BytesIO object at 0x00000258DAB39090>,0.21520788967609406,0.003072935389354825,0.0039034169167280197,222004,59,4,False,Left,Front,Left,Centre,76
<_io.BytesIO object at 0x00000258DAB39D60>,0.7437006831169128,0.07657638937234879,-0.08598789572715759,222004,59,4,False,Left,Front,Left,Centre,76
<_io.BytesIO object at 0x00000258D7D5EE50>,0.7804713845252991,0.08125767111778259,-0.10655105113983154,222004,59,4,False,Left,Front,Left,Centre,76
<_io.BytesIO object at 0x00000258D7D5EE00>,0.8067446351051331,0.0468214750289917,-0.09956982731819153,222004,59,4,False,Left,Front,Left,Centre,76
<_io.BytesIO object at 0x00000258D7D5E2C0>,0.8429300785064697,0.044754888862371445,-0.06059595197439194,222004,59,4,False,Left,Front,Left,Centre,76
<_io.BytesIO object at 0x00000258D7D5E040>,0.7921145558357239,0.08691009879112244,0.007902637124061584,222004,59,4,False,Left,Front,Left,Centre,76
<_io.BytesIO object at 0x00000258DAB24900>,0.25957372784614563,0.04159567505121231,-0.05301312357187271,222005,59,4,False,Left,Front,Left,Centre,76
<_io.BytesIO object at 0x00000258D7D43770>,0.2961091101169586,0.0443536639213562,0.023945968598127365,222005,59,4,False,Left,Front,Left,Centre,76
<_io.BytesIO object at 0x00000258D7D43EF0>,0.30324655771255493,0.030617041513323784,-0.055566634982824326,222005,59,4,False,Left,Front,Left,Centre,76
<_io.BytesIO object at 0x00000258D7D43C20>,0.2380070686340332,0.0009645694517530501,-0.06488559395074844,222005,59,4,False,Left,Front,Left,Centre,76
<_io.BytesIO object at 0x00000258D7D43220>,0.21522602438926697,0.0030703446827828884,0.0038918019272387028,222005,59,4,False,Left,Front,Left,Centre,76
<_io.BytesIO object at 0x00000258D7D43360>,0.7437006831169128,0.07657638937234879,-0.08598789572715759,222005,59,4,False,Left,Front,Left,Centre,76
<_io.BytesIO object at 0x00000258D7D431D0>,0.7804713845252991,0.08125767111778259,-0.10655105113983154,222005,59,4,False,Left,Front,Left,Centre,76
<_io.BytesIO object at 0x00000258DAB15450>,0.8067446351051331,0.0468214750289917,-0.09956982731819153,222005,59,4,False,Left,Front,Left,Centre,76
<_io.BytesIO object at 0x00000258DAB157C0>,0.8429300785064697,0.044754888862371445,-0.06059595197439194,222005,59,4,False,Left,Front,Left,Centre,76
<_io.BytesIO object at 0x00000258DAB15360>,0.7921145558357239,0.08691009879112244,0.007902637124061584,222005,59,4,False,Left,Front,Left,Centre,76
<_io.BytesIO object at 0x00000258DAB26720>,0.25958192348480225,0.04161134362220764,-0.05303503945469856,222006,59,4,False,Left,Front,Left,Centre,76
<_io.BytesIO object at 0x00000258D7D60A90>,0.29611629247665405,0.04435938969254494,0.023946702480316162,222006,59,4,False,Left,Front,Left,Centre,76
<_io.BytesIO object at 0x00000258D7D60EA0>,0.30325689911842346,0.030612798407673836,-0.05556556582450867,222006,59,4,False,Left,Front,Left,Centre,76
<_io.BytesIO object at 0x00000258DAB1A180>,0.23802025616168976,0.0009839462582021952,-0.0648699402809143,222006,59,4,False,Left,Front,Left,Centre,76
<_io.BytesIO object at 0x00000258DAB1A8B0>,0.21523098647594452,0.0030819191597402096,0.003884456353262067,222006,59,4,False,Left,Front,Left,Centre,76
<_io.BytesIO object at 0x00000258D7D608B0>,0.7437006831169128,0.07657638937234879,-0.08598789572715759,222006,59,4,False,Left,Front,Left,Centre,76
<_io.BytesIO object at 0x00000258D7D604F0>,0.7804713845252991,0.08125767111778259,-0.10655105113983154,222006,59,4,False,Left,Front,Left,Centre,76
<_io.BytesIO object at 0x00000258D7D60D10>,0.8067446351051331,0.0468214750289917,-0.09956982731819153,222006,59,4,False,Left,Front,Left,Centre,76
<_io.BytesIO object at 0x00000258D7D60630>,0.8429300785064697,0.044754888862371445,-0.06059595197439194,222006,59,4,False,Left,Front,Left,Centre,76
<_io.BytesIO object at 0x00000258D7D60900>,0.7921145558357239,0.08691009879112244,0.007902637124061584,222006,59,4,False,Left,Front,Left,Centre,76
<_io.BytesIO object at 0x00000258DAB15450>,0.25960785150527954,0.041588492691516876,-0.05304235592484474,222007,59,4,False,Left,Front,Left,Centre,76
<_io.BytesIO object at 0x00000258D7D431D0>,0.2961113154888153,0.04435286298394203,0.02393411472439766,222007,59,4,False,Left,Front,Left,Centre,76
<_io.BytesIO object at 0x00000258D7D43810>,0.30326083302497864,0.030619405210018158,-0.05556711554527283,222007,59,4,False,Left,Front,Left,Centre,76
<_io.BytesIO object at 0x00000258D7D43EF0>,0.2380380928516388,0.0009927598293870687,-0.06488650292158127,222007,59,4,False,Left,Front,Left,Centre,76
<_io.BytesIO object at 0x00000258D7D43590>,0.21523481607437134,0.0030864912550896406,0.003875886555761099,222007,59,4,False,Left,Front,Left,Centre,76
<_io.BytesIO object at 0x00000258D7D439A0>,0.7437006831169128,0.07657638937234879,-0.08598789572715759,222007,59,4,False,Left,Front,Left,Centre,76
<_io.BytesIO object at 0x00000258D7D43040>,0.7804713845252991,0.08125767111778259,-0.10655105113983154,222007,59,4,False,Left,Front,Left,Centre,76
<_io.BytesIO object at 0x00000258DAB244A0>,0.8067446351051331,0.0468214750289917,-0.09956982731819153,222007,59,4,False,Left,Front,Left,Centre,76
<_io.BytesIO object at 0x00000258DAB247C0>,0.8429300785064697,0.044754888862371445,-0.06059595197439194,222007,59,4,False,Left,Front,Left,Centre,76
<_io.BytesIO object at 0x00000258DAB24B30>,0.7921145558357239,0.08691009879112244,0.007902637124061584,222007,59,4,False,Left,Front,Left,Centre,76
<_io.BytesIO object at 0x00000258D7D5EEA0>,0.25961413979530334,0.041596632450819016,-0.05305933952331543,222008,59,4,False,Left,Front,Left,Centre,76
<_io.BytesIO object at 0x00000258DAB39400>,0.29611867666244507,0.04435857757925987,0.02392308972775936,222008,59,4,False,Left,Front,Left,Centre,76
<_io.BytesIO object at 0x00000258DAB39630>,0.3032775819301605,0.030614098533988,-0.055576395243406296,222008,59,4,False,Left,Front,Left,Centre,76
<_io.BytesIO object at 0x00000258DAB39540>,0.23805208504199982,0.0010094664758071303,-0.06490065157413483,222008,59,4,False,Left,Front,Left,Centre,76
<_io.BytesIO object at 0x00000258DAB39130>,0.21523146331310272,0.0030955090187489986,0.0038608096074312925,222008,59,4,False,Left,Front,Left,Centre,76
<_io.BytesIO object at 0x00000258DAB39E00>,0.7437006831169128,0.07657638937234879,-0.08598789572715759,222008,59,4,False,Left,Front,Left,Centre,76
<_io.BytesIO object at 0x00000258DAB394A0>,0.7804713845252991,0.08125767111778259,-0.10655105113983154,222008,59,4,False,Left,Front,Left,Centre,76
<_io.BytesIO object at 0x00000258DAB399F0>,0.8067446351051331,0.0468214750289917,-0.09956982731819153,222008,59,4,False,Left,Front,Left,Centre,76
<_io.BytesIO object at 0x00000258D7DC4A40>,0.8429300785064697,0.044754888862371445,-0.06059595197439194,222008,59,4,False,Left,Front,Left,Centre,76
<_io.BytesIO object at 0x00000258D7DC4EF0>,0.7921145558357239,0.08691009879112244,0.007902637124061584,222008,59,4,False,Left,Front,Left,Centre,76
