_io,asset_ID,pos_x,pos_y,pos_z,rot_w,rot_x,rot_y,rot_z,error,tracking_valid,frame,trial_num,block_num,practicing,left_right_hand,palm_back_hand,target_loc,distractor_loc,participant_id
<_io.BytesIO object at 0x0000014EBBD59130>,1058445822,0.12174531817436218,-0.14412295818328857,0.6305939555168152,0.09806446731090546,-0.1351439505815506,0.5876140594482422,0.11918095499277115,-0.05671986937522888,-11624,195600,18,4,False,Left,Front,Centre,Right,50
<_io.BytesIO object at 0x0000014EBBD59630>,1299857182,-9.491508144102695e+24,9.157724663188392e-30,-1.2243736248533924e+28,2.9334363443345896e+36,2.5185537299309937e-40,6.979497708007332e-39,9.183549615799121e-41,0.283203125,15998,195600,18,4,False,Left,Front,Centre,Right,50
<_io.BytesIO object at 0x0000014EBBD59C70>,1031900848,-0.04537054896354675,-0.0866372212767601,-0.24901245534420013,-0.1291971057653427,-0.9559261798858643,0.003675067098811269,1.8367239361444675e-40,5.59128191571766e+24,16133,195600,18,4,False,Left,Front,Centre,Right,50
<_io.BytesIO object at 0x0000014EBBD59D60>,1038037593,0.27638304233551025,-0.29345840215682983,0.0909462496638298,0.52028489112854,-0.7968152761459351,0.0,0.0,0.0,0,195600,18,4,False,Left,Front,Centre,Right,50
<_io.BytesIO object at 0x0000014EBBD59450>,0,0.0,1.401298464324817e-44,3.643376007244524e-43,9.183689745645554e-41,0.29356709122657776,0.08017794042825699,-0.07301337271928787,0.007841336540877819,586,195600,18,4,False,Left,Front,Centre,Right,50
<_io.BytesIO object at 0x0000014EBBD48DB0>,1058445768,0.12071428447961807,-0.14431752264499664,0.6304724812507629,0.0970829501748085,-0.1348915696144104,0.5862883925437927,0.11765685677528381,-0.05703214183449745,-15519,195601,18,4,False,Left,Front,Centre,Right,50
<_io.BytesIO object at 0x0000014EBBD48450>,2747416350,6.658406597591131e-22,1.1268352380746152e-13,-0.006873980164527893,-5.791549539501025e-25,2.5185537299309937e-40,6.979497708007332e-39,9.183549615799121e-41,0.07958984375,15998,195601,18,4,False,Left,Front,Centre,Right,50
<_io.BytesIO object at 0x0000014EBBD48AE0>,1031882754,-0.04549810290336609,-0.08652301877737045,-0.24895256757736206,-0.1291915476322174,-0.9559528827667236,0.0036536739207804203,1.8367239361444675e-40,5.59128191571766e+24,16133,195601,18,4,False,Left,Front,Centre,Right,50
<_io.BytesIO object at 0x0000014EBBD48B30>,1038037593,0.27638304233551025,-0.29345840215682983,0.0909462496638298,0.52028489112854,-0.7968152761459351,0.0,0.0,0.0,0,195601,18,4,False,Left,Front,Centre,Right,50
<_io.BytesIO object at 0x0000014EBBD484F0>,0,0.0,1.401298464324817e-44,3.643376007244524e-43,9.183689745645554e-41,0.29355695843696594,0.08003519475460052,-0.07313572615385056,0.007841069251298904,586,195601,18,4,False,Left,Front,Centre,Right,50
<_io.BytesIO object at 0x0000014EBBD59C70>,1058445092,0.11979005485773087,-0.1445522904396057,0.6305332779884338,0.0964571163058281,-0.1349414885044098,0.5848110318183899,0.11596004664897919,-0.05729435756802559,-21123,195602,18,4,False,Left,Front,Centre,Right,50
<_io.BytesIO object at 0x0000014EBBD59540>,220544798,-1.176992632125593e+24,0.043149590492248535,-8.677381729826905e-13,-2.279284134140149e-15,2.5185537299309937e-40,6.979497708007332e-39,9.183549615799121e-41,9.834766387939453e-07,15998,195602,18,4,False,Left,Front,Centre,Right,50
<_io.BytesIO object at 0x0000014EBBD59D60>,1031861975,-0.045631732791662216,-0.08653531968593597,-0.24897894263267517,-0.12932643294334412,-0.9559266567230225,0.0036476366221904755,1.8367239361444675e-40,5.59128191571766e+24,16133,195602,18,4,False,Left,Front,Centre,Right,50
<_io.BytesIO object at 0x0000014EBBD59AE0>,1038037593,0.27638304233551025,-0.29345840215682983,0.0909462496638298,0.52028489112854,-0.7968152761459351,0.0,0.0,0.0,0,195602,18,4,False,Left,Front,Centre,Right,50
<_io.BytesIO object at 0x0000014EBBD59180>,0,0.0,1.401298464324817e-44,3.643376007244524e-43,9.183689745645554e-41,0.29354327917099,0.07991982996463776,-0.0733068585395813,0.00784034188836813,586,195602,18,4,False,Left,Front,Centre,Right,50
<_io.BytesIO object at 0x0000014EBBD489A0>,1058441816,0.11894288659095764,-0.14470051229000092,0.6305317878723145,0.09569979459047318,-0.1348697394132614,0.5833707451820374,0.11411046981811523,-0.057541340589523315,-29832,195603,18,4,False,Left,Front,Centre,Right,50
<_io.BytesIO object at 0x0000014EBBD48630>,3067428638,6.989270259805693e-22,7473938944.0,2.945151067468288e-12,-50493.36328125,2.5185537299309937e-40,6.979497708007332e-39,9.183549615799121e-41,0.00055694580078125,15998,195603,18,4,False,Left,Front,Centre,Right,50
<_io.BytesIO object at 0x0000014EBBD480E0>,1031838306,-0.04577038809657097,-0.08663749694824219,-0.24888521432876587,-0.12914147973060608,-0.9559668302536011,0.0036231502890586853,1.8367239361444675e-40,5.59128191571766e+24,16133,195603,18,4,False,Left,Front,Centre,Right,50
<_io.BytesIO object at 0x0000014EBBD48D10>,1038037593,0.27638304233551025,-0.29345840215682983,0.0909462496638298,0.52028489112854,-0.7968152761459351,0.0,0.0,0.0,0,195603,18,4,False,Left,Front,Centre,Right,50
<_io.BytesIO object at 0x0000014EBBD48310>,0,0.0,1.401298464324817e-44,3.643376007244524e-43,9.183689745645554e-41,0.29352936148643494,0.07970087230205536,-0.07344140857458115,0.007839610800147057,586,195603,18,4,False,Left,Front,Centre,Right,50
<_io.BytesIO object at 0x0000014EBBD594F0>,1058437716,0.11838885396718979,-0.14475613832473755,0.6304603815078735,0.0953538790345192,-0.13473932445049286,0.5820825099945068,0.11245955526828766,-0.05765668302774429,26770,195604,18,4,False,Left,Front,Centre,Right,50
<_io.BytesIO object at 0x0000014EBBD59B30>,2729721630,-9.473162398091356e-24,1229172529692672.0,-0.035948872566223145,-1.0227840166173674e+29,2.5185537299309937e-40,6.979497708007332e-39,9.183549615799121e-41,7.43865966796875e-05,15998,195604,18,4,False,Left,Front,Centre,Right,50
<_io.BytesIO object at 0x0000014EBBD59BD0>,1031816023,-0.045927517116069794,-0.08642846345901489,-0.24932198226451874,-0.12898342311382294,-0.9558932781219482,0.0036235451698303223,1.8367239361444675e-40,5.59128191571766e+24,16133,195604,18,4,False,Left,Front,Centre,Right,50
<_io.BytesIO object at 0x0000014EBBD59C70>,1038037593,0.27638304233551025,-0.29345840215682983,0.0909462496638298,0.52028489112854,-0.7968152761459351,0.0,0.0,0.0,0,195604,18,4,False,Left,Front,Centre,Right,50
<_io.BytesIO object at 0x0000014EBBD59A40>,0,0.0,1.401298464324817e-44,3.643376007244524e-43,9.183689745645554e-41,0.2935158908367157,0.07945189625024796,-0.07363449037075043,0.007839478552341461,586,195604,18,4,False,Left,Front,Centre,Right,50
<_io.BytesIO object at 0x0000014EBBCBD130>,1058435767,0.11809662729501724,-0.14483602344989777,0.6303534507751465,0.0951855480670929,-0.13468892872333527,0.5811135172843933,0.11117324978113174,-0.05768919736146927,13200,195605,18,4,False,Left,Front,Centre,Right,50
<_io.BytesIO object at 0x0000014EBBCBDC70>,1568292638,8.345029543827866e+16,232811420188672.0,7.693693772348187e-14,3.868897864296554e-14,2.518567742915637e-40,6.979497708007332e-39,9.183549615799121e-41,2.3990869522094727e-06,15998,195605,18,4,False,Left,Front,Centre,Right,50
<_io.BytesIO object at 0x0000014EBBCBDA40>,1031798825,-0.046064384281635284,-0.0860838070511818,-0.24940617382526398,-0.12873442471027374,-0.9559360146522522,0.00363636645488441,1.8367239361444675e-40,5.59128191571766e+24,16133,195605,18,4,False,Left,Front,Centre,Right,50
<_io.BytesIO object at 0x0000014EBBCBD7C0>,1038037593,0.27638304233551025,-0.29345840215682983,0.0909462496638298,0.52028489112854,-0.7968152761459351,0.0,0.0,0.0,0,195605,18,4,False,Left,Front,Centre,Right,50
<_io.BytesIO object at 0x0000014EBBCBDEF0>,0,0.0,1.401298464324817e-44,3.643376007244524e-43,9.183689745645554e-41,0.2935331165790558,0.0793020948767662,-0.07373999804258347,0.00783879030495882,586,195605,18,4,False,Left,Front,Centre,Right,50
<_io.BytesIO object at 0x0000014EBBD486D0>,1058434932,0.11821241676807404,-0.14485731720924377,0.6302744150161743,0.09516371041536331,-0.13470780849456787,0.5805333256721497,0.11032883822917938,-0.05765007436275482,-11056,195606,18,4,False,Left,Front,Centre,Right,50
<_io.BytesIO object at 0x0000014EBBD48180>,2077245213,2.266029693171925e+19,288863328.0,4.639070994016947e-08,9.649476597161226e+20,2.518567742915637e-40,6.979497708007332e-39,9.183549615799121e-41,0.00135040283203125,15998,195606,18,4,False,Left,Front,Centre,Right,50
<_io.BytesIO object at 0x0000014EBBD487C0>,1031763466,-0.04616102948784828,-0.08639822155237198,-0.24953946471214294,-0.12846240401268005,-0.9559094309806824,0.0036316760815680027,1.8367239361444675e-40,5.59128191571766e+24,16133,195606,18,4,False,Left,Front,Centre,Right,50
<_io.BytesIO object at 0x0000014EBBD484A0>,1038037593,0.27638304233551025,-0.29345840215682983,0.0909462496638298,0.52028489112854,-0.7968152761459351,0.0,0.0,0.0,0,195606,18,4,False,Left,Front,Centre,Right,50
<_io.BytesIO object at 0x0000014EBBD48DB0>,0,0.0,1.401298464324817e-44,3.643376007244524e-43,9.183689745645554e-41,0.2935444414615631,0.079159677028656,-0.07384835183620453,0.00783784594386816,586,195606,18,4,False,Left,Front,Centre,Right,50
<_io.BytesIO object at 0x0000014EBBCBDF40>,1058438759,0.11866390705108643,-0.1449345350265503,0.6302952170372009,0.09526071697473526,-0.13479158282279968,0.5804855823516846,0.11027129739522934,-0.057632140815258026,24157,195607,18,4,False,Left,Front,Centre,Right,50
<_io.BytesIO object at 0x0000014EBBCBD0E0>,1664237341,6.565595587842425e+25,0.001455236691981554,-2.0198336465500897e+18,-1.8495398084166642e-13,2.518567742915637e-40,6.979497708007332e-39,9.183549615799121e-41,0.0654296875,15998,195607,18,4,False,Left,Front,Centre,Right,50
<_io.BytesIO object at 0x0000014EBBD484A0>,1031737849,-0.046244654804468155,-0.08673742413520813,-0.2496417760848999,-0.12823104858398438,-0.9558830857276917,0.0036175723653286695,1.8367239361444675e-40,5.59128191571766e+24,16133,195607,18,4,False,Left,Front,Centre,Right,50
<_io.BytesIO object at 0x0000014EBBD48A90>,1038037593,0.27638304233551025,-0.29345840215682983,0.0909462496638298,0.52028489112854,-0.7968152761459351,0.0,0.0,0.0,0,195607,18,4,False,Left,Front,Centre,Right,50
<_io.BytesIO object at 0x0000014EBBD48AE0>,0,0.0,1.401298464324817e-44,3.643376007244524e-43,9.183689745645554e-41,0.29356619715690613,0.07906809449195862,-0.07394866645336151,0.007836753502488136,586,195607,18,4,False,Left,Front,Centre,Right,50
<_io.BytesIO object at 0x0000014EBBCBD090>,1058443330,0.11945974081754684,-0.1451139599084854,0.6304086446762085,0.0956164002418518,-0.13491281867027283,0.5805999040603638,0.1108279749751091,-0.05763953551650047,1966,195608,18,4,False,Left,Front,Centre,Right,50
<_io.BytesIO object at 0x0000014EBBCBDDB0>,2012954397,-6.942392221503028e-37,4.098779963438576e-13,-2.2846014826875355e-32,-9.999437480508228e+27,2.518567742915637e-40,6.979497708007332e-39,9.183549615799121e-41,24.0,15998,195608,18,4,False,Left,Front,Centre,Right,50
<_io.BytesIO object at 0x0000014EBBCBDF40>,1031717869,-0.046319928020238876,-0.08678273856639862,-0.24980713427066803,-0.12808898091316223,-0.9558547735214233,0.0036067001055926085,1.8367239361444675e-40,5.59128191571766e+24,16133,195608,18,4,False,Left,Front,Centre,Right,50
<_io.BytesIO object at 0x0000014EBBCBD810>,1038037593,0.27638304233551025,-0.29345840215682983,0.0909462496638298,0.52028489112854,-0.7968152761459351,0.0,0.0,0.0,0,195608,18,4,False,Left,Front,Centre,Right,50
<_io.BytesIO object at 0x0000014EBBCBDF40>,0,0.0,1.401298464324817e-44,3.643376007244524e-43,9.183689745645554e-41,0.2935636639595032,0.0790068730711937,-0.07403045892715454,0.00783579796552658,586,195608,18,4,False,Left,Front,Centre,Right,50
<_io.BytesIO object at 0x0000014EBBD48AE0>,1058449029,0.12042958289384842,-0.1451975703239441,0.6305388808250427,0.09653405100107193,-0.13497008383274078,0.5807381868362427,0.11194884032011032,-0.05772315338253975,-9201,195609,18,4,False,Left,Front,Centre,Right,50
<_io.BytesIO object at 0x0000014EBBD48770>,3607117596,5093399724032.0,2.5395331860631962e-14,1.2907876225654036e-06,2.8624097890776295e-34,2.5185817559002802e-40,6.979497708007332e-39,9.183549615799121e-41,2384.0,15998,195609,18,4,False,Left,Front,Centre,Right,50
<_io.BytesIO object at 0x0000014EBBCBDA40>,1031711341,-0.046360407024621964,-0.08710692822933197,-0.24986407160758972,-0.12805640697479248,-0.955814778804779,0.003593247849494219,1.8367239361444675e-40,5.59128191571766e+24,16133,195609,18,4,False,Left,Front,Centre,Right,50
<_io.BytesIO object at 0x0000014EBBCBD400>,1038037593,0.27638304233551025,-0.29345840215682983,0.0909462496638298,0.52028489112854,-0.7968152761459351,0.0,0.0,0.0,0,195609,18,4,False,Left,Front,Centre,Right,50
<_io.BytesIO object at 0x0000014EBBCBD4F0>,0,0.0,1.401298464324817e-44,3.643376007244524e-43,9.183689745645554e-41,0.29358047246932983,0.07897928357124329,-0.07407975941896439,0.007834718562662601,586,195609,18,4,False,Left,Front,Centre,Right,50
<_io.BytesIO object at 0x0000014EBBD487C0>,1058452914,0.12173767387866974,-0.14531856775283813,0.6306613087654114,0.09739729762077332,-0.13486221432685852,0.5808886289596558,0.11331910640001297,-0.057768672704696655,-14457,195610,18,4,False,Left,Front,Centre,Right,50
<_io.BytesIO object at 0x0000014EBBD48A40>,3647815452,-8.317544267403801e+36,3.6726895302763296e-08,-2.794060379228046e+35,2.4188425613932485e-30,2.5185817559002802e-40,6.979497708007332e-39,9.183549615799121e-41,732.0,15998,195610,18,4,False,Left,Front,Centre,Right,50
<_io.BytesIO object at 0x0000014EBBD48C70>,1031720101,-0.046372681856155396,-0.08745726197957993,-0.2499856799840927,-0.12816862761974335,-0.9557359218597412,0.0035796307493001223,1.8367239361444675e-40,5.59128191571766e+24,16133,195610,18,4,False,Left,Front,Centre,Right,50
<_io.BytesIO object at 0x0000014EBBD48A90>,1038037593,0.27638304233551025,-0.29345840215682983,0.0909462496638298,0.52028489112854,-0.7968152761459351,0.0,0.0,0.0,0,195610,18,4,False,Left,Front,Centre,Right,50
<_io.BytesIO object at 0x0000014EBBD481D0>,0,0.0,1.401298464324817e-44,3.643376007244524e-43,9.183689745645554e-41,0.2935732305049896,0.07904448360204697,-0.07408921420574188,0.007833759300410748,586,195610,18,4,False,Left,Front,Centre,Right,50
<_io.BytesIO object at 0x0000014EBBCBD590>,1058456204,0.1231953501701355,-0.14547663927078247,0.6308042407035828,0.09872059524059296,-0.13460305333137512,0.5808970332145691,0.1153554916381836,-0.05806355178356171,-12008,195611,18,4,False,Left,Front,Centre,Right,50
<_io.BytesIO object at 0x0000014EBBCBDC70>,1133199132,4.099462106564997e-23,7364307.5,4.2218972830813466e-27,-3.465518916829184e+16,2.518567742915637e-40,6.979497708007332e-39,9.183549615799121e-41,1.140625,15998,195611,18,4,False,Left,Front,Centre,Right,50
<_io.BytesIO object at 0x0000014EBBCBD8B0>,1031746407,-0.046355586498975754,-0.08775347471237183,-0.2500038146972656,-0.12851829826831818,-0.9556571245193481,0.0035724476911127567,1.8367239361444675e-40,5.59128191571766e+24,16133,195611,18,4,False,Left,Front,Centre,Right,50
<_io.BytesIO object at 0x0000014EBBCBDA40>,1038037593,0.27638304233551025,-0.29345840215682983,0.0909462496638298,0.52028489112854,-0.7968152761459351,0.0,0.0,0.0,0,195611,18,4,False,Left,Front,Centre,Right,50
<_io.BytesIO object at 0x0000014EBBCBD9A0>,0,0.0,1.401298464324817e-44,3.643376007244524e-43,9.183689745645554e-41,0.29356202483177185,0.07915788888931274,-0.07403358817100525,0.007832556031644344,586,195611,18,4,False,Left,Front,Centre,Right,50
<_io.BytesIO object at 0x0000014EBBD48630>,1058460980,0.12474280595779419,-0.14571695029735565,0.6316002011299133,0.10129574686288834,-0.1348361223936081,0.5812925696372986,0.11794490367174149,-0.05826596915721893,-5121,195612,18,4,False,Left,Front,Centre,Right,50
<_io.BytesIO object at 0x0000014EBBD59630>,254230300,-5.2628118785842427e+20,7.082996731528348e+19,-28959.5625,-4.208282036895298e-25,2.518567742915637e-40,6.979497708007332e-39,9.183549615799121e-41,0.00078582763671875,15998,195612,18,4,False,Left,Front,Centre,Right,50
<_io.BytesIO object at 0x0000014EBBD59180>,1031774093,-0.0463104322552681,-0.08803195506334305,-0.24998974800109863,-0.12869815528392792,-0.9556109309196472,0.0035601113922894,1.8367239361444675e-40,5.59128191571766e+24,16133,195612,18,4,False,Left,Front,Centre,Right,50
<_io.BytesIO object at 0x0000014EBBD59E00>,1038037593,0.27638304233551025,-0.29345840215682983,0.0909462496638298,0.52028489112854,-0.7968152761459351,0.0,0.0,0.0,0,195612,18,4,False,Left,Front,Centre,Right,50
<_io.BytesIO object at 0x0000014EBBD59360>,0,0.0,1.401298464324817e-44,3.643376007244524e-43,9.183689745645554e-41,0.2935308814048767,0.07927627116441727,-0.07399805635213852,0.007831362076103687,586,195612,18,4,False,Left,Front,Centre,Right,50
<_io.BytesIO object at 0x0000014EBBCBD3B0>,1058469509,0.12665359675884247,-0.14579208195209503,0.6321531534194946,0.10328323394060135,-0.13468459248542786,0.5816062092781067,0.12041876465082169,-0.05832795053720474,5069,195613,18,4,False,Left,Front,Centre,Right,50
<_io.BytesIO object at 0x0000014EBBCBD450>,1715814173,-2.089919040152563e-35,-4.329874927514181e-38,-3.7438691513098475e-36,6.9455592061691725e-15,2.518567742915637e-40,6.979497708007332e-39,9.183549615799121e-41,4.6202330850064754e-10,15998,195613,18,4,False,Left,Front,Centre,Right,50
<_io.BytesIO object at 0x0000014EBBCBDD10>,1031808189,-0.04624992981553078,-0.0885753259062767,-0.2500680088996887,-0.12886954843997955,-0.9555172324180603,0.0035641416907310486,1.8367239361444675e-40,5.59128191571766e+24,16133,195613,18,4,False,Left,Front,Centre,Right,50
<_io.BytesIO object at 0x0000014EBBCBDBD0>,1038037593,0.27638304233551025,-0.29345840215682983,0.0909462496638298,0.52028489112854,-0.7968152761459351,0.0,0.0,0.0,0,195613,18,4,False,Left,Front,Centre,Right,50
<_io.BytesIO object at 0x0000014EBBCBD180>,0,0.0,1.401298464324817e-44,3.643376007244524e-43,9.183689745645554e-41,0.2935355603694916,0.079526387155056,-0.07392999529838562,0.007829388603568077,586,195613,18,4,False,Left,Front,Centre,Right,50
<_io.BytesIO object at 0x0000014EBBD48F40>,1058478513,0.12861177325248718,-0.14562499523162842,0.6324625015258789,0.10521382838487625,-0.13451530039310455,0.5820953249931335,0.12328791618347168,-0.05833813548088074,16484,195614,18,4,False,Left,Front,Centre,Right,50
<_io.BytesIO object at 0x0000014EBBD48310>,2776907549,-2.2560027283405043e+29,-3.4137314963754786e-14,0.033995747566223145,-6.267779525476112e-18,2.5185537299309937e-40,6.979497708007332e-39,9.183549615799121e-41,8.456776945386935e-17,15998,195614,18,4,False,Left,Front,Centre,Right,50
<_io.BytesIO object at 0x0000014EBBCBDBD0>,1031833536,-0.04615984112024307,-0.08883899450302124,-0.2499391734600067,-0.12940536439418793,-0.9554539918899536,0.003554627299308777,1.8367239361444675e-40,5.59128191571766e+24,16133,195614,18,4,False,Left,Front,Centre,Right,50
<_io.BytesIO object at 0x0000014EBBCBDB30>,1038037593,0.27638304233551025,-0.29345840215682983,0.0909462496638298,0.52028489112854,-0.7968152761459351,0.0,0.0,0.0,0,195614,18,4,False,Left,Front,Centre,Right,50
<_io.BytesIO object at 0x0000014EBBCBD6D0>,0,0.0,1.401298464324817e-44,3.643376007244524e-43,9.183689745645554e-41,0.2934676706790924,0.07975754886865616,-0.07374924421310425,0.00782771222293377,586,195614,18,4,False,Left,Front,Centre,Right,50
<_io.BytesIO object at 0x0000014EBBD48590>,1058489722,0.13076646625995636,-0.1452331840991974,0.6330203413963318,0.10735027492046356,-0.13411732017993927,0.5829298496246338,0.12623602151870728,-0.05804658681154251,26947,195615,18,4,False,Left,Front,Centre,Right,50
<_io.BytesIO object at 0x0000014EBBD489A0>,683097885,129146.1640625,-33224602419200.0,2.3800920892054748e+37,-3.8268593766864754e+25,2.5185397169463505e-40,6.979497708007332e-39,9.183549615799121e-41,4.367513634279986e-21,15998,195615,18,4,False,Left,Front,Centre,Right,50
<_io.BytesIO object at 0x0000014EBBCBDAE0>,1031857829,-0.04605046659708023,-0.08915617316961288,-0.2498500496149063,-0.12972158193588257,-0.9554049372673035,0.0035588182508945465,1.8367239361444675e-40,5.59128191571766e+24,16133,195615,18,4,False,Left,Front,Centre,Right,50
<_io.BytesIO object at 0x0000014EBBCBD540>,1038037593,0.27638304233551025,-0.29345840215682983,0.0909462496638298,0.52028489112854,-0.7968152761459351,0.0,0.0,0.0,0,195615,18,4,False,Left,Front,Centre,Right,50
<_io.BytesIO object at 0x0000014EBBCBD9A0>,0,0.0,1.401298464324817e-44,3.643376007244524e-43,9.183689745645554e-41,0.29342570900917053,0.07996950298547745,-0.07361214607954025,0.007825993932783604,586,195615,18,4,False,Left,Front,Centre,Right,50
<_io.BytesIO object at 0x0000014EBBD48C70>,1058502465,0.1330476999282837,-0.14472271502017975,0.6337413787841797,0.10961887240409851,-0.13367614150047302,0.5838285684585571,0.12910419702529907,-0.05755447968840599,-26272,195616,18,4,False,Left,Front,Centre,Right,50
<_io.BytesIO object at 0x0000014EBBD48400>,479543069,-2.7137411549749154e-18,5.442136913561153e-26,3.7228061760485087e+36,2.604978946411154e-25,2.5185397169463505e-40,6.979497708007332e-39,9.183549615799121e-41,1.2682359001057163e-25,15998,195616,18,4,False,Left,Front,Centre,Right,50
<_io.BytesIO object at 0x0000014EBBD48C20>,1031879529,-0.0458955317735672,-0.09032467007637024,-0.24974055588245392,-0.13013815879821777,-0.955267071723938,0.0035338427405804396,1.8367239361444675e-40,5.59128191571766e+24,16133,195616,18,4,False,Left,Front,Centre,Right,50
<_io.BytesIO object at 0x0000014EBBD488B0>,1038037593,0.27638304233551025,-0.29345840215682983,0.0909462496638298,0.52028489112854,-0.7968152761459351,0.0,0.0,0.0,0,195616,18,4,False,Left,Front,Centre,Right,50
<_io.BytesIO object at 0x0000014EBBD48F40>,0,0.0,1.401298464324817e-44,3.643376007244524e-43,9.183689745645554e-41,0.293368399143219,0.08019033074378967,-0.07346934080123901,0.007824201136827469,586,195616,18,4,False,Left,Front,Centre,Right,50
<_io.BytesIO object at 0x0000014EBBCBDA40>,1058516079,0.13540391623973846,-0.14420157670974731,0.6344830989837646,0.11199312657117844,-0.1330590844154358,0.5847010612487793,0.13178332149982452,-0.05686100572347641,-12510,195617,18,4,False,Left,Front,Centre,Right,50
<_io.BytesIO object at 0x0000014EBBCBDDB0>,1473396509,-1.9586697279778623e-19,1.3540742429540842e-06,-1.5244378249782886e+18,179484770697216.0,2.5185257039617072e-40,6.979497708007332e-39,9.183549615799121e-41,7.010384997569539e-32,15998,195617,18,4,False,Left,Front,Centre,Right,50
<_io.BytesIO object at 0x0000014EBBCBD7C0>,1031903702,-0.045744676142930984,-0.09077434241771698,-0.24949601292610168,-0.13052156567573547,-0.9552360773086548,0.003531096037477255,1.8367239361444675e-40,5.59128191571766e+24,16133,195617,18,4,False,Left,Front,Centre,Right,50
<_io.BytesIO object at 0x0000014EBBCBDC70>,1038037593,0.27638304233551025,-0.29345840215682983,0.0909462496638298,0.52028489112854,-0.7968152761459351,0.0,0.0,0.0,0,195617,18,4,False,Left,Front,Centre,Right,50
<_io.BytesIO object at 0x0000014EBBCBDA90>,0,0.0,1.401298464324817e-44,3.643376007244524e-43,9.183689745645554e-41,0.2932870388031006,0.08040137588977814,-0.07327671349048615,0.007822425104677677,586,195617,18,4,False,Left,Front,Centre,Right,50
<_io.BytesIO object at 0x0000014EBBD489A0>,1058529274,0.13773015141487122,-0.14358414709568024,0.6350134611129761,0.11426068097352982,-0.13246934115886688,0.5856648087501526,0.13459478318691254,-0.05601172894239426,-44,195618,18,4,False,Left,Front,Centre,Right,50
<_io.BytesIO object at 0x0000014EBBD48900>,3335339805,5.365874500368019e-36,4529662562664448.0,2.7693556563361794e-21,1.3405903987249358e+34,2.518511690977064e-40,6.979497708007332e-39,9.183549615799121e-41,-1.3458433457322273e+37,15997,195618,18,4,False,Left,Front,Centre,Right,50
<_io.BytesIO object at 0x0000014EBBD48220>,1031926835,-0.04557310789823532,-0.09113957732915878,-0.24942819774150848,-0.1305146962404251,-0.9552199840545654,0.0035349316895008087,1.8367239361444675e-40,5.59128191571766e+24,16133,195618,18,4,False,Left,Front,Centre,Right,50
<_io.BytesIO object at 0x0000014EBBD489F0>,1038037593,0.27638304233551025,-0.29345840215682983,0.0909462496638298,0.52028489112854,-0.7968152761459351,0.0,0.0,0.0,0,195618,18,4,False,Left,Front,Centre,Right,50
<_io.BytesIO object at 0x0000014EBBD48950>,0,0.0,1.401298464324817e-44,3.643376007244524e-43,9.183689745645554e-41,0.29323384165763855,0.08058209717273712,-0.07311632484197617,0.007820726372301579,586,195618,18,4,False,Left,Front,Centre,Right,50
<_io.BytesIO object at 0x0000014EBBCBD4F0>,1058541778,0.14013445377349854,-0.14285027980804443,0.6356735229492188,0.11659520119428635,-0.13174502551555634,0.5866759419441223,0.13720688223838806,-0.055187199264764786,9939,195619,18,4,False,Left,Front,Centre,Right,50
<_io.BytesIO object at 0x0000014EBBCBD450>,3132047134,-1.2773682932298126e-33,9.506633745596746e+27,7.879578100704294e+33,-2.0734345807909382e-17,2.5184976779924207e-40,6.979497708007332e-39,9.183549615799121e-41,-5.917353387784118e+29,15997,195619,18,4,False,Left,Front,Centre,Right,50
<_io.BytesIO object at 0x0000014EBBCBDD10>,1031946536,-0.04544127359986305,-0.0912824347615242,-0.2493145614862442,-0.13062486052513123,-0.9552209377288818,0.00353323295712471,1.8367239361444675e-40,5.59128191571766e+24,16133,195619,18,4,False,Left,Front,Centre,Right,50
<_io.BytesIO object at 0x0000014EBBCBDBD0>,1038037593,0.27638304233551025,-0.29345840215682983,0.0909462496638298,0.52028489112854,-0.7968152761459351,0.0,0.0,0.0,0,195619,18,4,False,Left,Front,Centre,Right,50
<_io.BytesIO object at 0x0000014EBBCBDD60>,0,0.0,1.401298464324817e-44,3.643376007244524e-43,9.183689745645554e-41,0.29317259788513184,0.08076164871454239,-0.0729728415608406,0.007819080725312233,586,195619,18,4,False,Left,Front,Centre,Right,50
<_io.BytesIO object at 0x0000014EBBD48310>,1058554363,0.14238381385803223,-0.14205534756183624,0.6364156603813171,0.11897453665733337,-0.13097815215587616,0.5876965522766113,0.13982315361499786,-0.05408879369497299,22599,195620,18,4,False,Left,Front,Centre,Right,50
<_io.BytesIO object at 0x0000014EBBD489F0>,1095450398,-3.397882088683284e+29,-9.658156496783477e-10,-5.689404297963138e+25,6.121382287203204e+29,2.5184836650077775e-40,6.979497708007332e-39,9.183549615799121e-41,-2.7743903086859166e+23,15997,195620,18,4,False,Left,Front,Centre,Right,50
<_io.BytesIO object at 0x0000014EBBD48400>,1031965932,-0.045289546251297,-0.09126252681016922,-0.24916942417621613,-0.13093259930610657,-0.9552185535430908,0.0035374804865568876,1.8367239361444675e-40,5.59128191571766e+24,16133,195620,18,4,False,Left,Front,Centre,Right,50
<_io.BytesIO object at 0x0000014EBBD48F40>,1038037593,0.27638304233551025,-0.29345840215682983,0.0909462496638298,0.52028489112854,-0.7968152761459351,0.0,0.0,0.0,0,195620,18,4,False,Left,Front,Centre,Right,50
<_io.BytesIO object at 0x0000014EBBD48180>,0,0.0,1.401298464324817e-44,3.643376007244524e-43,9.183689745645554e-41,0.2931152880191803,0.0809575617313385,-0.07274846732616425,0.00781799666583538,586,195620,18,4,False,Left,Front,Centre,Right,50
<_io.BytesIO object at 0x0000014EBBCBD0E0>,1058565101,0.14449942111968994,-0.14122270047664642,0.6369494795799255,0.12116537988185883,-0.1303395926952362,0.58888179063797,0.14241944253444672,-0.05319090187549591,-24636,195621,18,4,False,Left,Front,Centre,Right,50
<_io.BytesIO object at 0x0000014EBBCBDB80>,1281572638,-7.78895231732385e-13,-71325683023872.0,26508866.0,7.423385300397566e+31,2.5184696520231342e-40,6.979497708007332e-39,9.183549615799121e-41,-1.8734974449861263e+18,15997,195621,18,4,False,Left,Front,Centre,Right,50
<_io.BytesIO object at 0x0000014EBBCBD040>,1031982723,-0.04517417401075363,-0.09136270731687546,-0.24894219636917114,-0.131271094083786,-0.9552217125892639,0.003527721855789423,1.8367239361444675e-40,5.59128191571766e+24,16133,195621,18,4,False,Left,Front,Centre,Right,50
<_io.BytesIO object at 0x0000014EBBCBD810>,1038037593,0.27638304233551025,-0.29345840215682983,0.0909462496638298,0.52028489112854,-0.7968152761459351,0.0,0.0,0.0,0,195621,18,4,False,Left,Front,Centre,Right,50
<_io.BytesIO object at 0x0000014EBBCBD900>,0,0.0,1.401298464324817e-44,3.643376007244524e-43,9.183689745645554e-41,0.29306334257125854,0.08109737932682037,-0.07257922738790512,0.007815908640623093,586,195621,18,4,False,Left,Front,Centre,Right,50
<_io.BytesIO object at 0x0000014EBBD48DB0>,1058574916,0.14647196233272552,-0.1401340663433075,0.6376661658287048,0.12302663177251816,-0.12945187091827393,0.5900082588195801,0.14485228061676025,-0.052007488906383514,-7884,195622,18,4,False,Left,Front,Centre,Right,50
<_io.BytesIO object at 0x0000014EBBD48D10>,211894046,-17201846.0,-6.738745663321092e+28,5.181152529016086e-27,5141907968.0,2.518455639038491e-40,6.979497708007332e-39,9.183549615799121e-41,-2.3490775656364507e+19,15997,195622,18,4,False,Left,Front,Centre,Right,50
<_io.BytesIO object at 0x0000014EBBCBD810>,1031993419,-0.045048486441373825,-0.09196975082159042,-0.2487761527299881,-0.13125579059123993,-0.9552088975906372,0.0034926615189760923,1.8367239361444675e-40,5.59128191571766e+24,16133,195622,18,4,False,Left,Front,Centre,Right,50
<_io.BytesIO object at 0x0000014EBBCBDD10>,1038037593,0.27638304233551025,-0.29345840215682983,0.0909462496638298,0.52028489112854,-0.7968152761459351,0.0,0.0,0.0,0,195622,18,4,False,Left,Front,Centre,Right,50
<_io.BytesIO object at 0x0000014EBBCBDD60>,0,0.0,1.401298464324817e-44,3.643376007244524e-43,9.183689745645554e-41,0.2930544316768646,0.08119647949934006,-0.07244934141635895,0.0078138317912817,586,195622,18,4,False,Left,Front,Centre,Right,50
<_io.BytesIO object at 0x0000014EBBD48540>,1058586204,0.14832891523838043,-0.13919714093208313,0.6382849216461182,0.12493934482336044,-0.12857022881507874,0.5913222432136536,0.14730481803417206,-0.05086950957775116,8311,195623,18,4,False,Left,Front,Centre,Right,50
<_io.BytesIO object at 0x0000014EBBD488B0>,2175352607,2.6704509605888655e+18,1.5751636338080805e-29,-2.8750738066259278e+29,1.0230085139915678e-20,2.5184416260538477e-40,6.979497708007332e-39,9.183549615799121e-41,-5.38990803403701e+19,15997,195623,18,4,False,Left,Front,Centre,Right,50
<_io.BytesIO object at 0x0000014EBBD480E0>,1032004355,-0.04493892937898636,-0.09232126176357269,-0.2483585923910141,-0.13146241009235382,-0.9552552103996277,0.0034851660020649433,1.8367239361444675e-40,5.59128191571766e+24,16133,195623,18,4,False,Left,Front,Centre,Right,50
<_io.BytesIO object at 0x0000014EBBD48090>,1038037593,0.27638304233551025,-0.29345840215682983,0.0909462496638298,0.52028489112854,-0.7968152761459351,0.0,0.0,0.0,0,195623,18,4,False,Left,Front,Centre,Right,50
<_io.BytesIO object at 0x0000014EBBD48590>,0,0.0,1.401298464324817e-44,3.643376007244524e-43,9.183689745645554e-41,0.293084979057312,0.0812872126698494,-0.0722607970237732,0.007811802439391613,586,195623,18,4,False,Left,Front,Centre,Right,50
<_io.BytesIO object at 0x0000014EBBD59040>,1058597654,0.1502726823091507,-0.13821086287498474,0.6388866305351257,0.12675608694553375,-0.12753893435001373,0.5925291776657104,0.1494971364736557,-0.04973936825990677,26694,195624,18,4,False,Left,Front,Centre,Right,50
<_io.BytesIO object at 0x0000014EBBD59220>,3628220191,1.2247705516943734e-35,0.00027034859522245824,-0.03228677064180374,-143606.6875,2.5184136000845612e-40,6.979497708007332e-39,9.183549615799121e-41,-3.7631357910367485e+21,15997,195624,18,4,False,Left,Front,Centre,Right,50
<_io.BytesIO object at 0x0000014EBBD597C0>,1032015189,-0.04483909532427788,-0.09246518462896347,-0.24811623990535736,-0.1317010372877121,-0.9552714228630066,0.003478598315268755,1.8367239361444675e-40,5.59128191571766e+24,16133,195624,18,4,False,Left,Front,Centre,Right,50
<_io.BytesIO object at 0x0000014EBBD59F40>,1038037593,0.27638304233551025,-0.29345840215682983,0.0909462496638298,0.52028489112854,-0.7968152761459351,0.0,0.0,0.0,0,195624,18,4,False,Left,Front,Centre,Right,50
<_io.BytesIO object at 0x0000014EBBD59540>,0,0.0,1.401298464324817e-44,3.643376007244524e-43,9.183689745645554e-41,0.2931198477745056,0.081392802298069,-0.07212018221616745,0.007809439208358526,586,195624,18,4,False,Left,Front,Centre,Right,50
<_io.BytesIO object at 0x0000014EBBCBDEF0>,1058608428,0.15197579562664032,-0.1371174454689026,0.6394273042678833,0.12835100293159485,-0.1265476644039154,0.5940101146697998,0.1518738716840744,-0.048491425812244415,-20897,195625,18,4,False,Left,Front,Centre,Right,50
<_io.BytesIO object at 0x0000014EBBD48400>,761085727,-2.0433829747200372e-19,724734771200.0,2.012994256486005e-36,1.871706890300293e+17,2.518399587099918e-40,6.979497708007332e-39,9.183549615799121e-41,-1.6712190530352634e+28,15997,195625,18,4,False,Left,Front,Centre,Right,50
<_io.BytesIO object at 0x0000014EBBD489A0>,1032021340,-0.04474245756864548,-0.09253911674022675,-0.24779322743415833,-0.13186368346214294,-0.9553256034851074,0.0034668389707803726,1.8367239361444675e-40,5.59128191571766e+24,16133,195625,18,4,False,Left,Front,Centre,Right,50
<_io.BytesIO object at 0x0000014EBBD48810>,1038037593,0.27638304233551025,-0.29345840215682983,0.0909462496638298,0.52028489112854,-0.7968152761459351,0.0,0.0,0.0,0,195625,18,4,False,Left,Front,Centre,Right,50
<_io.BytesIO object at 0x0000014EBBD48EF0>,0,0.0,1.401298464324817e-44,3.643376007244524e-43,9.183689745645554e-41,0.2931380867958069,0.08142217993736267,-0.07201582938432693,0.007807202637195587,586,195625,18,4,False,Left,Front,Centre,Right,50
<_io.BytesIO object at 0x0000014EBBCBDF90>,1058619177,0.15361927449703217,-0.13595256209373474,0.6401061415672302,0.1300516575574875,-0.1254081130027771,0.5953022837638855,0.15416736900806427,-0.04720282554626465,-900,195626,18,4,False,Left,Front,Centre,Right,50
<_io.BytesIO object at 0x0000014EBBCBD6D0>,1892957983,1.5539115527979433e-35,1.151342073094039e+36,0.7314320802688599,-1.3467510138378015e+25,2.5183715611306315e-40,6.979497708007332e-39,9.183549615799121e-41,-2.7129751085844474e+35,15997,195626,18,4,False,Left,Front,Centre,Right,50
<_io.BytesIO object at 0x0000014EBBCBD7C0>,1032027405,-0.04467093199491501,-0.09251784533262253,-0.2474416196346283,-0.1320076733827591,-0.9553989171981812,0.0034689560998231173,1.8367239361444675e-40,5.59128191571766e+24,16133,195626,18,4,False,Left,Front,Centre,Right,50
<_io.BytesIO object at 0x0000014EBBCBDB30>,1038037593,0.27638304233551025,-0.29345840215682983,0.0909462496638298,0.52028489112854,-0.7968152761459351,0.0,0.0,0.0,0,195626,18,4,False,Left,Front,Centre,Right,50
<_io.BytesIO object at 0x0000014EBBCBDD60>,0,0.0,1.401298464324817e-44,3.643376007244524e-43,9.183689745645554e-41,0.2932184636592865,0.08149461448192596,-0.0718957707285881,0.0078043551184237,586,195626,18,4,False,Left,Front,Centre,Right,50
<_io.BytesIO object at 0x0000014EBBD482C0>,1058634062,0.15526077151298523,-0.13465377688407898,0.6407431364059448,0.13150832056999207,-0.12412115186452866,0.5967928171157837,0.1563795804977417,-0.04575623199343681,18998,195627,18,4,False,Left,Front,Centre,Right,50
<_io.BytesIO object at 0x0000014EBBD59F90>,3976871712,4051.844482421875,-3.438823071315676e-18,5.035094135151243e+26,135519072.0,2.5183575481459882e-40,6.979497708007332e-39,9.183549615799121e-41,3.311953624479896e-26,15998,195627,18,4,False,Left,Front,Centre,Right,50
<_io.BytesIO object at 0x0000014EBBD59CC0>,1032028298,-0.044602569192647934,-0.09318097680807114,-0.2470635026693344,-0.13160021603107452,-0.9554885029792786,0.0034601581282913685,1.8367239361444675e-40,5.59128191571766e+24,16133,195627,18,4,False,Left,Front,Centre,Right,50
<_io.BytesIO object at 0x0000014EBBD597C0>,1038037593,0.27638304233551025,-0.29345840215682983,0.0909462496638298,0.52028489112854,-0.7968152761459351,0.0,0.0,0.0,0,195627,18,4,False,Left,Front,Centre,Right,50
<_io.BytesIO object at 0x0000014EBBD59040>,0,0.0,1.401298464324817e-44,3.643376007244524e-43,9.183689745645554e-41,0.29343125224113464,0.08150574564933777,-0.07180619239807129,0.007805213797837496,586,195627,18,4,False,Left,Front,Centre,Right,50
<_io.BytesIO object at 0x0000014EBBD489A0>,1058644391,0.15675689280033112,-0.13310961425304413,0.641427218914032,0.1330757886171341,-0.12281951308250427,0.5983542203903198,0.15859155356884003,-0.04432747885584831,-25448,195628,18,4,False,Left,Front,Centre,Right,50
<_io.BytesIO object at 0x0000014EBBD48A40>,405290784,-3.222344057331405e+35,-1.7670940621883346e-07,-40063082496.0,-2.288159217656016e-09,2.5183295221767018e-40,6.979497708007332e-39,9.183549615799121e-41,2.717825964282383e-13,15998,195628,18,4,False,Left,Front,Centre,Right,50
<_io.BytesIO object at 0x0000014EBBD48D10>,1032031477,-0.044551949948072433,-0.09327226132154465,-0.24660466611385345,-0.13167805969715118,-0.9555874466896057,0.00345819303765893,1.8367239361444675e-40,5.59128191571766e+24,16133,195628,18,4,False,Left,Front,Centre,Right,50
<_io.BytesIO object at 0x0000014EBBD48900>,1038037593,0.27638304233551025,-0.29345840215682983,0.0909462496638298,0.52028489112854,-0.7968152761459351,0.0,0.0,0.0,0,195628,18,4,False,Left,Front,Centre,Right,50
<_io.BytesIO object at 0x0000014EBBD48770>,0,0.0,1.401298464324817e-44,3.643376007244524e-43,9.183689745645554e-41,0.2935711443424225,0.0815521702170372,-0.07167462259531021,0.0078059532679617405,586,195628,18,4,False,Left,Front,Centre,Right,50
<_io.BytesIO object at 0x0000014EBBCBDC20>,1058656318,0.15825167298316956,-0.13152870535850525,0.6421147584915161,0.13436809182167053,-0.12140897661447525,0.5999240875244141,0.16070029139518738,-0.04276285693049431,-6211,195629,18,4,False,Left,Front,Centre,Right,50
<_io.BytesIO object at 0x0000014EBBCBD3B0>,1450721056,-2.942268494432343e-37,-1.370479055645117e+20,-1.0369385584782213e+18,-2.0128028567561063e+30,2.5183014962074153e-40,6.979497708007332e-39,9.183549615799121e-41,1.5078125,15998,195629,18,4,False,Left,Front,Centre,Right,50
<_io.BytesIO object at 0x0000014EBBCBD540>,1032032092,-0.04450969398021698,-0.09326954931020737,-0.24624060094356537,-0.131831556558609,-0.9556604623794556,0.003455107333138585,1.8367239361444675e-40,5.59128191571766e+24,16133,195629,18,4,False,Left,Front,Centre,Right,50
<_io.BytesIO object at 0x0000014EBBCBDA40>,1038037593,0.27638304233551025,-0.29345840215682983,0.0909462496638298,0.52028489112854,-0.7968152761459351,0.0,0.0,0.0,0,195629,18,4,False,Left,Front,Centre,Right,50
<_io.BytesIO object at 0x0000014EBBCBD180>,0,0.0,1.401298464324817e-44,3.643376007244524e-43,9.183689745645554e-41,0.29367396235466003,0.08158834278583527,-0.07159626483917236,0.0078064450062811375,586,195629,18,4,False,Left,Front,Centre,Right,50
<_io.BytesIO object at 0x0000014EBBD59770>,1058667294,0.15979579091072083,-0.12976861000061035,0.6428071856498718,0.13564848899841309,-0.11987544596195221,0.6018027067184448,0.16289398074150085,-0.04097333922982216,11199,195630,18,4,False,Left,Front,Centre,Right,50
<_io.BytesIO object at 0x0000014EBBCBD680>,4277485345,-1.2877042905246193e-20,-8.792022232670231e+33,1.3849274300824656e+20,4.048858071802789e-30,2.5182734702381288e-40,6.979497708007332e-39,9.183549615799121e-41,2779565395017728.0,15998,195630,18,4,False,Left,Front,Centre,Right,50
<_io.BytesIO object at 0x0000014EBBCBD590>,1032035000,-0.04447385296225548,-0.09311020374298096,-0.24595387279987335,-0.13195987045764923,-0.9557321071624756,0.003458301769569516,1.8367239361444675e-40,5.59128191571766e+24,16133,195630,18,4,False,Left,Front,Centre,Right,50
<_io.BytesIO object at 0x0000014EBBCBD130>,1038037593,0.27638304233551025,-0.29345840215682983,0.0909462496638298,0.52028489112854,-0.7968152761459351,0.0,0.0,0.0,0,195630,18,4,False,Left,Front,Centre,Right,50
<_io.BytesIO object at 0x0000014EBBCBDAE0>,0,0.0,1.401298464324817e-44,3.643376007244524e-43,9.183689745645554e-41,0.29379743337631226,0.0816049799323082,-0.07153314352035522,0.0078070457093417645,586,195630,18,4,False,Left,Front,Centre,Right,50
<_io.BytesIO object at 0x0000014EBBD59F40>,1058686769,0.16123656928539276,-0.1280761957168579,0.6437792181968689,0.13708363473415375,-0.11804953217506409,0.6034592390060425,0.1646840125322342,-0.03914143517613411,28845,195631,18,4,False,Left,Front,Centre,Right,50
<_io.BytesIO object at 0x0000014EBBD59630>,1731739425,-0.000338059471687302,2.2067847903013234e-21,-5.265204099208501e+34,-999417482051584.0,2.5182034053149125e-40,6.979497708007332e-39,9.183549615799121e-41,2.2183885503994015e+31,15998,195631,18,4,False,Left,Front,Centre,Right,50
<_io.BytesIO object at 0x0000014EBBD59BD0>,1032036164,-0.04446106031537056,-0.09286367893218994,-0.2455243468284607,-0.13229916989803314,-0.9558196663856506,0.003454481717199087,1.8367239361444675e-40,5.59128191571766e+24,16133,195631,18,4,False,Left,Front,Centre,Right,50
<_io.BytesIO object at 0x0000014EBBD593B0>,1038037593,0.27638304233551025,-0.29345840215682983,0.0909462496638298,0.52028489112854,-0.7968152761459351,0.0,0.0,0.0,0,195631,18,4,False,Left,Front,Centre,Right,50
<_io.BytesIO object at 0x0000014EBBD59180>,0,0.0,1.401298464324817e-44,3.643376007244524e-43,9.183689745645554e-41,0.2939137816429138,0.08162283152341843,-0.07146908342838287,0.007807642221450806,586,195631,18,4,False,Left,Front,Centre,Right,50
<_io.BytesIO object at 0x0000014EBBCBD810>,1058699929,0.16261540353298187,-0.12596838176250458,0.6445468664169312,0.13816532492637634,-0.11614465713500977,0.6053189635276794,0.16655483841896057,-0.03712224215269089,-21064,195632,18,4,False,Left,Front,Centre,Right,50
<_io.BytesIO object at 0x0000014EBBCBDF40>,3259842337,7.655047644862531e+30,0.0001933477324200794,4.392781920614652e-05,-7.252389754700058e-36,2.5181473533763395e-40,6.979497708007332e-39,9.183549615799121e-41,-1.608151503563342e-32,15998,195632,18,4,False,Left,Front,Centre,Right,50
<_io.BytesIO object at 0x0000014EBBCBD0E0>,1032035317,-0.04446331411600113,-0.09269565343856812,-0.24509330093860626,-0.13265252113342285,-0.9558975696563721,0.0034443563781678677,1.8367239361444675e-40,5.59128191571766e+24,16133,195632,18,4,False,Left,Front,Centre,Right,50
<_io.BytesIO object at 0x0000014EBBCBD3B0>,1038037593,0.27638304233551025,-0.29345840215682983,0.0909462496638298,0.52028489112854,-0.7968152761459351,0.0,0.0,0.0,0,195632,18,4,False,Left,Front,Centre,Right,50
<_io.BytesIO object at 0x0000014EBBCBDD60>,0,0.0,1.401298464324817e-44,3.643376007244524e-43,9.183689745645554e-41,0.294012188911438,0.08163262158632278,-0.07142841815948486,0.0078080506063997746,586,195632,18,4,False,Left,Front,Centre,Right,50
<_io.BytesIO object at 0x0000014EBBD59CC0>,1058715718,0.16378635168075562,-0.12362940609455109,0.6452518701553345,0.13909077644348145,-0.11420537531375885,0.6072948575019836,0.1683776080608368,-0.0349099300801754,-6183,195633,18,4,False,Left,Front,Centre,Right,50
<_io.BytesIO object at 0x0000014EBBD59090>,2665103137,4.8596780175409425e+37,29224519680.0,0.2797785699367523,-245072232448.0,2.5180772884531233e-40,6.979497708007332e-39,9.183549615799121e-41,-3.6422416731934915e-20,15998,195633,18,4,False,Left,Front,Centre,Right,50
<_io.BytesIO object at 0x0000014EBBD59C70>,1032034468,-0.04448174685239792,-0.09197457879781723,-0.2445858269929886,-0.13299812376499176,-0.9560492038726807,0.00344636058434844,1.8367239361444675e-40,5.59128191571766e+24,16133,195633,18,4,False,Left,Front,Centre,Right,50
<_io.BytesIO object at 0x0000014EBBD59630>,1038037593,0.27638304233551025,-0.29345840215682983,0.0909462496638298,0.52028489112854,-0.7968152761459351,0.0,0.0,0.0,0,195633,18,4,False,Left,Front,Centre,Right,50
<_io.BytesIO object at 0x0000014EBBD59B80>,0,0.0,1.401298464324817e-44,3.643376007244524e-43,9.183689745645554e-41,0.2940850555896759,0.08164393901824951,-0.07138169556856155,0.0078083425760269165,586,195633,18,4,False,Left,Front,Centre,Right,50
<_io.BytesIO object at 0x0000014EBBCBD9A0>,1058731633,0.1649465560913086,-0.12123410403728485,0.6461440920829773,0.13993395864963531,-0.1119416132569313,0.6092312932014465,0.16982513666152954,-0.03260667994618416,5704,195634,18,4,False,Left,Front,Centre,Right,50
<_io.BytesIO object at 0x0000014EBBCBDD60>,354434850,-214161856.0,6.902457299863098e+26,7.457930678356206e-06,-45970947571712.0,2.518007223529907e-40,6.979497708007332e-39,9.183549615799121e-41,-4.540197551250458e-09,15998,195634,18,4,False,Left,Front,Centre,Right,50
<_io.BytesIO object at 0x0000014EBBD59900>,1032031917,-0.04450713470578194,-0.09200365096330643,-0.2441762387752533,-0.13311977684497833,-0.9561340808868408,0.0034409225918352604,1.8367239361444675e-40,5.59128191571766e+24,16133,195634,18,4,False,Left,Front,Centre,Right,50
<_io.BytesIO object at 0x0000014EBBD59270>,1038037593,0.27638304233551025,-0.29345840215682983,0.0909462496638298,0.52028489112854,-0.7968152761459351,0.0,0.0,0.0,0,195634,18,4,False,Left,Front,Centre,Right,50
<_io.BytesIO object at 0x0000014EBBD59B30>,0,0.0,1.401298464324817e-44,3.643376007244524e-43,9.183689745645554e-41,0.2941841781139374,0.08166184276342392,-0.07136762142181396,0.007808927446603775,586,195634,18,4,False,Left,Front,Centre,Right,50
<_io.BytesIO object at 0x0000014EBBCBDD60>,1058744542,0.16613741219043732,-0.11832478642463684,0.6468469500541687,0.14060918986797333,-0.10966045409440994,0.6112021207809448,0.1713123321533203,-0.030055608600378036,18496,195635,18,4,False,Left,Front,Centre,Right,50
<_io.BytesIO object at 0x0000014EBBD59C20>,2188590882,6.557432934861537e-32,-5.049290066209057e-33,-1.6189673665530935e+28,2.768030956786016e+35,2.517937158606691e-40,6.979497708007332e-39,9.183549615799121e-41,-14.125,15998,195635,18,4,False,Left,Front,Centre,Right,50
<_io.BytesIO object at 0x0000014EBBD59BD0>,1032031883,-0.04452894255518913,-0.0916447639465332,-0.24368813633918762,-0.13352207839488983,-0.9562369585037231,0.003429846139624715,1.8367239361444675e-40,5.59128191571766e+24,16133,195635,18,4,False,Left,Front,Centre,Right,50
<_io.BytesIO object at 0x0000014EBBD597C0>,1038037593,0.27638304233551025,-0.29345840215682983,0.0909462496638298,0.52028489112854,-0.7968152761459351,0.0,0.0,0.0,0,195635,18,4,False,Left,Front,Centre,Right,50
<_io.BytesIO object at 0x0000014EBBD59E00>,0,0.0,1.401298464324817e-44,3.643376007244524e-43,9.183689745645554e-41,0.2942747473716736,0.08164548873901367,-0.07134135067462921,0.007809260860085487,586,195635,18,4,False,Left,Front,Centre,Right,50
<_io.BytesIO object at 0x0000014EBBD398B0>,1058763977,0.1670682579278946,-0.11579712480306625,0.6476680040359497,0.1411477029323578,-0.10703125596046448,0.6131421327590942,0.17249557375907898,-0.02732555940747261,32162,195636,18,4,False,Left,Front,Centre,Right,50
<_io.BytesIO object at 0x0000014EBBD39860>,1520975650,0.00017856666818261147,-3.652111178672168e-18,7.759006211079448e+20,-9.121994425945922e+19,2.5178530806988313e-40,6.979497708007332e-39,9.183549615799121e-41,-1358954496.0,15998,195636,18,4,False,Left,Front,Centre,Right,50
<_io.BytesIO object at 0x0000014EBBD39090>,1032030974,-0.044553015381097794,-0.0916285365819931,-0.2432554066181183,-0.13381899893283844,-0.9563071727752686,0.0034187741111963987,1.8367239361444675e-40,5.59128191571766e+24,16133,195636,18,4,False,Left,Front,Centre,Right,50
<_io.BytesIO object at 0x0000014EBBD399A0>,1038037593,0.27638304233551025,-0.29345840215682983,0.0909462496638298,0.52028489112854,-0.7968152761459351,0.0,0.0,0.0,0,195636,18,4,False,Left,Front,Centre,Right,50
<_io.BytesIO object at 0x0000014EBBD39450>,0,0.0,1.401298464324817e-44,3.643376007244524e-43,9.183689745645554e-41,0.2943499684333801,0.08167172968387604,-0.07130167633295059,0.007810133974999189,586,195636,18,4,False,Left,Front,Centre,Right,50
<_io.BytesIO object at 0x0000014EBBC99130>,1058784229,0.16795025765895844,-0.11301592737436295,0.6484497785568237,0.14174021780490875,-0.10430332273244858,0.6150055527687073,0.1733824461698532,-0.02428056299686432,-21921,195637,18,4,False,Left,Front,Centre,Right,50
<_io.BytesIO object at 0x0000014EBBC994F0>,3797499682,-5.8231529692420736e-05,-2.827330263244221e-06,-7.173959150716688e-32,-8881400971264.0,2.517769002790972e-40,6.979497708007332e-39,9.183549615799121e-41,-6931321301499904.0,15998,195637,18,4,False,Left,Front,Centre,Right,50
<_io.BytesIO object at 0x0000014EBBC99F90>,1032029962,-0.04460456594824791,-0.09150207042694092,-0.24266284704208374,-0.13432137668132782,-0.9563994407653809,0.0034177335910499096,1.8367239361444675e-40,5.59128191571766e+24,16133,195637,18,4,False,Left,Front,Centre,Right,50
<_io.BytesIO object at 0x0000014EBBC99C20>,1038037593,0.27638304233551025,-0.29345840215682983,0.0909462496638298,0.52028489112854,-0.7968152761459351,0.0,0.0,0.0,0,195637,18,4,False,Left,Front,Centre,Right,50
<_io.BytesIO object at 0x0000014EBBC992C0>,0,0.0,1.401298464324817e-44,3.643376007244524e-43,9.183689745645554e-41,0.29441502690315247,0.08169692009687424,-0.07128775864839554,0.0078108892776072025,586,195637,18,4,False,Left,Front,Centre,Right,50
<_io.BytesIO object at 0x0000014EBBD48C20>,1058799265,0.16877220571041107,-0.10982337594032288,0.6491391658782959,0.14207039773464203,-0.10134963691234589,0.616809070110321,0.17412887513637543,-0.021069107577204704,-8239,195638,18,4,False,Left,Front,Centre,Right,50
<_io.BytesIO object at 0x0000014EBBD59B80>,2178498338,-3.2390780314987244e-29,-3619495168.0,-4.040721504078323e-22,3.395135975602866e+34,2.5176849248831123e-40,6.979497708007332e-39,9.183549615799121e-41,-5.5109647920207285e+20,15998,195638,18,4,False,Left,Front,Centre,Right,50
<_io.BytesIO object at 0x0000014EBBD487C0>,1032028972,-0.04462567716836929,-0.09164644777774811,-0.2422027736902237,-0.1346285343170166,-0.9564590454101562,0.003406636882573366,1.8367239361444675e-40,5.59128191571766e+24,16133,195638,18,4,False,Left,Front,Centre,Right,50
<_io.BytesIO object at 0x0000014EBBD59DB0>,1038037593,0.27638304233551025,-0.29345840215682983,0.0909462496638298,0.52028489112854,-0.7968152761459351,0.0,0.0,0.0,0,195638,18,4,False,Left,Front,Centre,Right,50
<_io.BytesIO object at 0x0000014EBBD59BD0>,0,0.0,1.401298464324817e-44,3.643376007244524e-43,9.183689745645554e-41,0.29448115825653076,0.08176293224096298,-0.07125216722488403,0.007811638526618481,586,195638,18,4,False,Left,Front,Centre,Right,50
<_io.BytesIO object at 0x0000014EBBCA7D10>,1058817115,0.16931948065757751,-0.10652585327625275,0.6500621438026428,0.14251559972763062,-0.09821438789367676,0.6185101270675659,0.1747901886701584,-0.017757702618837357,5199,195639,18,4,False,Left,Front,Centre,Right,50
<_io.BytesIO object at 0x0000014EBBCA70E0>,2006662947,-6.011461084844063e+28,-6.8523460201046606e+19,5.406391556829811e+35,-1.898305708891712e-05,2.5175868339906096e-40,6.979497708007332e-39,9.183549615799121e-41,-1.1847473032223366e+26,15998,195639,18,4,False,Left,Front,Centre,Right,50
<_io.BytesIO object at 0x0000014EBBCA7B80>,1032029182,-0.044657621532678604,-0.09142863005399704,-0.24186986684799194,-0.13499701023101807,-0.9565122723579407,0.0033996410202234983,1.8367239361444675e-40,5.59128191571766e+24,16133,195639,18,4,False,Left,Front,Centre,Right,50
<_io.BytesIO object at 0x0000014EBBCA74F0>,1038037593,0.27638304233551025,-0.29345840215682983,0.0909462496638298,0.52028489112854,-0.7968152761459351,0.0,0.0,0.0,0,195639,18,4,False,Left,Front,Centre,Right,50
<_io.BytesIO object at 0x0000014EBBCA75E0>,0,0.0,1.401298464324817e-44,3.643376007244524e-43,9.183689745645554e-41,0.2945350706577301,0.08177462220191956,-0.07123516499996185,0.0078123826533555984,586,195639,18,4,False,Left,Front,Centre,Right,50
<_io.BytesIO object at 0x0000014EBBD55DB0>,1058835285,0.16992461681365967,-0.10296688973903656,0.6509335041046143,0.14272147417068481,-0.09488500654697418,0.6202270984649658,0.17540857195854187,-0.014268928207457066,14882,195640,18,4,False,Left,Front,Centre,Right,50
<_io.BytesIO object at 0x0000014EBBD558B0>,1250246435,3.602469410561755e-14,2.043150608393219e-33,1.2523416329745387e+20,-0.918911874294281,2.517488743098107e-40,6.979497708007332e-39,9.183549615799121e-41,-1.2973611611710785e+30,15998,195640,18,4,False,Left,Front,Centre,Right,50
<_io.BytesIO object at 0x0000014EBBD55680>,1032028420,-0.04467656463384628,-0.09122222661972046,-0.24140828847885132,-0.13545836508274078,-0.9565833210945129,0.0034015390556305647,1.8367239361444675e-40,5.59128191571766e+24,16133,195640,18,4,False,Left,Front,Centre,Right,50
<_io.BytesIO object at 0x0000014EBBD55770>,1038037593,0.27638304233551025,-0.29345840215682983,0.0909462496638298,0.52028489112854,-0.7968152761459351,0.0,0.0,0.0,0,195640,18,4,False,Left,Front,Centre,Right,50
<_io.BytesIO object at 0x0000014EBBD664F0>,0,0.0,1.401298464324817e-44,3.643376007244524e-43,9.183689745645554e-41,0.2945880591869354,0.0818193182349205,-0.07119289040565491,0.00781325064599514,586,195640,18,4,False,Left,Front,Centre,Right,50
<_io.BytesIO object at 0x0000014EBBD31C70>,1058855043,0.17038941383361816,-0.09920621663331985,0.6518160104751587,0.14298030734062195,-0.09142502397298813,0.6218445301055908,0.17586486041545868,-0.01054137572646141,23074,195641,18,4,False,Left,Front,Centre,Right,50
<_io.BytesIO object at 0x0000014EB4345220>,2220965667,-9.594790194569219e-17,0.0015391380293294787,0.09094074368476868,0.0016650501638650894,2.517390652205604e-40,6.979497708007332e-39,9.183549615799121e-41,-4.932682015608086e+35,15998,195641,18,4,False,Left,Front,Centre,Right,50
<_io.BytesIO object at 0x0000014EB43452C0>,1032023931,-0.04469076171517372,-0.0913042351603508,-0.24109706282615662,-0.13574296236038208,-0.9566136002540588,0.0033736657351255417,1.8367239361444675e-40,5.59128191571766e+24,16133,195641,18,4,False,Left,Front,Centre,Right,50
<_io.BytesIO object at 0x0000014EB43450E0>,1038037593,0.27638304233551025,-0.29345840215682983,0.0909462496638298,0.52028489112854,-0.7968152761459351,0.0,0.0,0.0,0,195641,18,4,False,Left,Front,Centre,Right,50
<_io.BytesIO object at 0x0000014EB4345360>,0,0.0,1.401298464324817e-44,3.643376007244524e-43,9.183689745645554e-41,0.29460611939430237,0.08182242512702942,-0.07119971513748169,0.00781385600566864,586,195641,18,4,False,Left,Front,Centre,Right,50
<_io.BytesIO object at 0x0000014EBBD55680>,1058876100,0.17093010246753693,-0.09535514563322067,0.6528612375259399,0.14318551123142242,-0.08770905435085297,0.6234936118125916,0.17634865641593933,-0.0067137908190488815,32043,195642,18,4,False,Left,Front,Centre,Right,50
<_io.BytesIO object at 0x0000014EBBD55040>,3351461667,-6.852184799593934e-19,1.2859188400294781e+26,-1.5488018989562988,-3.644841373162677e-12,2.517278548328458e-40,6.979497708007332e-39,9.183549615799121e-41,-1.940672873845977e+38,15998,195642,18,4,False,Left,Front,Centre,Right,50
<_io.BytesIO object at 0x0000014EBBD55860>,1032021958,-0.044697105884552,-0.09117574989795685,-0.24068458378314972,-0.13609395921230316,-0.9566798210144043,0.00336650712415576,1.8367239361444675e-40,5.59128191571766e+24,16133,195642,18,4,False,Left,Front,Centre,Right,50
<_io.BytesIO object at 0x0000014EBBD551D0>,1038037593,0.27638304233551025,-0.29345840215682983,0.0909462496638298,0.52028489112854,-0.7968152761459351,0.0,0.0,0.0,0,195642,18,4,False,Left,Front,Centre,Right,50
<_io.BytesIO object at 0x0000014EBBD55950>,0,0.0,1.401298464324817e-44,3.643376007244524e-43,9.183689745645554e-41,0.2946356534957886,0.08186108618974686,-0.07113154232501984,0.007814455777406693,586,195642,18,4,False,Left,Front,Centre,Right,50
<_io.BytesIO object at 0x0000014EBBCA7F40>,1058896922,0.17138417065143585,-0.0914660394191742,0.6541793942451477,0.14341500401496887,-0.08377115428447723,0.6251875758171082,0.17665724456310272,-0.0027172062546014786,-19013,195643,18,4,False,Left,Front,Centre,Right,50
<_io.BytesIO object at 0x0000014EBBCA7F90>,1067728675,0.6845344305038452,-3.0379029314797886e-32,-7927121920.0,-3.07233877729355e+20,2.517166444451312e-40,6.979497708007332e-39,9.183549615799121e-41,1.2166366531010676e-36,15999,195643,18,4,False,Left,Front,Centre,Right,50
<_io.BytesIO object at 0x0000014EBBCA7450>,1032019197,-0.04471418634057045,-0.09081459045410156,-0.2403583526611328,-0.1364297866821289,-0.956748366355896,0.003371593076735735,1.8367239361444675e-40,5.59128191571766e+24,16133,195643,18,4,False,Left,Front,Centre,Right,50
<_io.BytesIO object at 0x0000014EBBCA7E50>,1038037593,0.27638304233551025,-0.29345840215682983,0.0909462496638298,0.52028489112854,-0.7968152761459351,0.0,0.0,0.0,0,195643,18,4,False,Left,Front,Centre,Right,50
<_io.BytesIO object at 0x0000014EBBCA7B30>,0,0.0,1.401298464324817e-44,3.643376007244524e-43,9.183689745645554e-41,0.2946753203868866,0.08186104893684387,-0.07111773639917374,0.007814737968146801,586,195643,18,4,False,Left,Front,Centre,Right,50
<_io.BytesIO object at 0x0000014EBBD48950>,1058918865,0.17177098989486694,-0.08727439492940903,0.6552611589431763,0.14347940683364868,-0.07980471849441528,0.6269609928131104,0.17711427807807922,0.001423476729542017,-3798,195644,18,4,False,Left,Front,Centre,Right,50
<_io.BytesIO object at 0x0000014EBBD488B0>,3448127267,-247030.59375,-4.554262638092041,3.4185794801846658e-18,-6.372096455129536e-30,2.517054340574166e-40,6.979497708007332e-39,9.183549615799121e-41,4.70197740328915e-35,15999,195644,18,4,False,Left,Front,Centre,Right,50
<_io.BytesIO object at 0x0000014EBBD487C0>,1032015285,-0.04471271112561226,-0.09043540805578232,-0.23989538848400116,-0.1369834542274475,-0.9568213820457458,0.0033589228987693787,1.8367239361444675e-40,5.59128191571766e+24,16133,195644,18,4,False,Left,Front,Centre,Right,50
<_io.BytesIO object at 0x0000014EBBD48590>,1038037593,0.27638304233551025,-0.29345840215682983,0.0909462496638298,0.52028489112854,-0.7968152761459351,0.0,0.0,0.0,0,195644,18,4,False,Left,Front,Centre,Right,50
<_io.BytesIO object at 0x0000014EBBD48770>,0,0.0,1.401298464324817e-44,3.643376007244524e-43,9.183689745645554e-41,0.2946673631668091,0.08187703788280487,-0.07104351371526718,0.007815120741724968,586,195644,18,4,False,Left,Front,Centre,Right,50
<_io.BytesIO object at 0x0000014EBBC99F90>,1058942985,0.17207731306552887,-0.08305484056472778,0.6563776135444641,0.1434280127286911,-0.07568233460187912,0.6288862824440002,0.17731624841690063,0.005631141364574432,12559,195645,18,4,False,Left,Front,Centre,Right,50
<_io.BytesIO object at 0x0000014EBBC99130>,858341156,6.047806144771073e-10,-6.2664853616448885e+31,9.561609452335765e-15,-0.4496903717517853,2.516928223712377e-40,6.979497708007332e-39,9.183549615799121e-41,1.1170393677445968e-32,15999,195645,18,4,False,Left,Front,Centre,Right,50
<_io.BytesIO object at 0x0000014EBBC994F0>,1032010167,-0.04471868649125099,-0.09002293646335602,-0.2394004911184311,-0.13774238526821136,-0.9568752646446228,0.0033435288351029158,1.8367239361444675e-40,5.59128191571766e+24,16133,195645,18,4,False,Left,Front,Centre,Right,50
<_io.BytesIO object at 0x0000014EBBC99D10>,1038037593,0.27638304233551025,-0.29345840215682983,0.0909462496638298,0.52028489112854,-0.7968152761459351,0.0,0.0,0.0,0,195645,18,4,False,Left,Front,Centre,Right,50
<_io.BytesIO object at 0x0000014EB8F5FD60>,0,0.0,1.401298464324817e-44,3.643376007244524e-43,9.183689745645554e-41,0.2946784794330597,0.08188528567552567,-0.07099266350269318,0.007815683260560036,586,195645,18,4,False,Left,Front,Centre,Right,50
<_io.BytesIO object at 0x0000014EBBD59B80>,1058966750,0.17225207388401031,-0.07864372432231903,0.6576273441314697,0.14336682856082916,-0.07131585478782654,0.6308286786079407,0.17750979959964752,0.009962469339370728,28415,195646,18,4,False,Left,Front,Centre,Right,50
<_io.BytesIO object at 0x0000014EBBD59EF0>,1356283684,1.4582025457259794e+30,3.8499731831384554e-13,-6.289082815062357e+35,-9.076065562054168e+24,2.5168021068505877e-40,6.979497708007332e-39,9.183549615799121e-41,7.559275031719901e-33,15999,195646,18,4,False,Left,Front,Centre,Right,50
<_io.BytesIO object at 0x0000014EBBD596D0>,1032006042,-0.044714637100696564,-0.09000857919454575,-0.23896318674087524,-0.1382596492767334,-0.9569113254547119,0.00333990715444088,1.8367239361444675e-40,5.59128191571766e+24,16133,195646,18,4,False,Left,Front,Centre,Right,50
<_io.BytesIO object at 0x0000014EBBD594A0>,1038037593,0.27638304233551025,-0.29345840215682983,0.0909462496638298,0.52028489112854,-0.7968152761459351,0.0,0.0,0.0,0,195646,18,4,False,Left,Front,Centre,Right,50
<_io.BytesIO object at 0x0000014EBBD590E0>,0,0.0,1.401298464324817e-44,3.643376007244524e-43,9.183689745645554e-41,0.2947336435317993,0.08193837851285934,-0.07092013210058212,0.007815622724592686,586,195646,18,4,False,Left,Front,Centre,Right,50
<_io.BytesIO object at 0x0000014EBBD46C70>,1058989388,0.17226943373680115,-0.07418269664049149,0.658873975276947,0.14325109124183655,-0.06704059988260269,0.632929265499115,0.17766118049621582,0.01434917002916336,-20651,195647,18,4,False,Left,Front,Centre,Right,50
<_io.BytesIO object at 0x0000014EBBD46BD0>,903692068,1.16594398021698,2.2043444795135754e+18,-2.460574101600571e-19,-497531392.0,2.5166759899887985e-40,6.979497708007332e-39,9.183549615799121e-41,3.827785764469631e-33,15999,195647,18,4,False,Left,Front,Centre,Right,50
<_io.BytesIO object at 0x0000014EBBD46310>,1031997952,-0.04470886290073395,-0.08955691754817963,-0.2383948713541031,-0.13896594941616058,-0.9569931626319885,0.0033201284240931273,1.8367239361444675e-40,5.59128191571766e+24,16133,195647,18,4,False,Left,Front,Centre,Right,50
<_io.BytesIO object at 0x0000014EBBD46A40>,1038037593,0.27638304233551025,-0.29345840215682983,0.0909462496638298,0.52028489112854,-0.7968152761459351,0.0,0.0,0.0,0,195647,18,4,False,Left,Front,Centre,Right,50
<_io.BytesIO object at 0x0000014EBBD469F0>,0,0.0,1.401298464324817e-44,3.643376007244524e-43,9.183689745645554e-41,0.2947438061237335,0.08192291855812073,-0.07086154818534851,0.007815314456820488,586,195647,18,4,False,Left,Front,Centre,Right,50
<_io.BytesIO object at 0x0000014EB8F37810>,1059012366,0.17212921380996704,-0.0695955753326416,0.6600823402404785,0.14266997575759888,-0.06260105222463608,0.6350607872009277,0.17756518721580505,0.018850622698664665,2833,195648,18,4,False,Left,Front,Centre,Right,50
<_io.BytesIO object at 0x0000014EBBCC0E50>,2267299621,1.2717986483191042e-35,-1.9971115755746894e-25,1.6243332234822105e-09,-1.399706589269344e-39,2.5165498731270092e-40,6.979497708007332e-39,9.183549615799121e-41,2.1281525885478956e-32,15999,195648,18,4,False,Left,Front,Centre,Right,50
<_io.BytesIO object at 0x0000014EB8F37C70>,1031992784,-0.04468078538775444,-0.08861203491687775,-0.23759357631206512,-0.1398404985666275,-0.9571529626846313,0.0033345550764352083,1.8367239361444675e-40,5.59128191571766e+24,16133,195648,18,4,False,Left,Front,Centre,Right,50
<_io.BytesIO object at 0x0000014EBBCC0130>,1038037593,0.27638304233551025,-0.29345840215682983,0.0909462496638298,0.52028489112854,-0.7968152761459351,0.0,0.0,0.0,0,195648,18,4,False,Left,Front,Centre,Right,50
<_io.BytesIO object at 0x0000014EBBCC0C70>,0,0.0,1.401298464324817e-44,3.643376007244524e-43,9.183689745645554e-41,0.29475969076156616,0.08196894824504852,-0.07070042937994003,0.007815138436853886,586,195648,18,4,False,Left,Front,Centre,Right,50
<_io.BytesIO object at 0x0000014EBBD6F5E0>,1059036902,0.1718980371952057,-0.06476454436779022,0.6611763834953308,0.1420927345752716,-0.05814751610159874,0.6370736360549927,0.17746944725513458,0.023395461961627007,18412,195649,18,4,False,Left,Front,Centre,Right,50
<_io.BytesIO object at 0x0000014EBBD6FEA0>,4256841509,3.294922629080641e-37,-3379.740234375,0.00965860951691866,2.342484860311963e-20,2.5163396783573605e-40,6.979497708007332e-39,9.183549615799121e-41,8.365758195932056e-34,15999,195649,18,4,False,Left,Front,Centre,Right,50
<_io.BytesIO object at 0x0000014EBBD6FEF0>,1031988675,-0.044682860374450684,-0.08761425316333771,-0.23702217638492584,-0.14072315394878387,-0.9572571516036987,0.003320570569485426,1.8367239361444675e-40,5.59128191571766e+24,16133,195649,18,4,False,Left,Front,Centre,Right,50
<_io.BytesIO object at 0x0000014EBBD6F220>,1038037593,0.27638304233551025,-0.29345840215682983,0.0909462496638298,0.52028489112854,-0.7968152761459351,0.0,0.0,0.0,0,195649,18,4,False,Left,Front,Centre,Right,50
<_io.BytesIO object at 0x0000014EBBD6F2C0>,0,0.0,1.401298464324817e-44,3.643376007244524e-43,9.183689745645554e-41,0.2947496473789215,0.08197484165430069,-0.07065075635910034,0.007814962416887283,586,195649,18,4,False,Left,Front,Centre,Right,50
<_io.BytesIO object at 0x0000014EBBD555E0>,1059060646,0.17161400616168976,-0.059965454041957855,0.6622315049171448,0.14148059487342834,-0.053560055792331696,0.6388205289840698,0.17695613205432892,0.027996232733130455,-29501,195650,18,4,False,Left,Front,Centre,Right,50
<_io.BytesIO object at 0x0000014EBBD55590>,724188965,-2445161.5,1.6276488039687404e-38,105359130624.0,7.331452315928969e-18,2.5160734316491388e-40,6.979497708007332e-39,9.183549615799121e-41,1.4179400606793843e-37,15999,195650,18,4,False,Left,Front,Centre,Right,50
<_io.BytesIO object at 0x0000014EBBD55770>,1031978107,-0.04470917955040932,-0.08683071285486221,-0.23617158830165863,-0.14184905588626862,-0.9573726058006287,0.00328943133354187,1.8367239361444675e-40,5.59128191571766e+24,16133,195650,18,4,False,Left,Front,Centre,Right,50
<_io.BytesIO object at 0x0000014EBBD55720>,1038037593,0.27638304233551025,-0.29345840215682983,0.0909462496638298,0.52028489112854,-0.7968152761459351,0.0,0.0,0.0,0,195650,18,4,False,Left,Front,Centre,Right,50
<_io.BytesIO object at 0x0000014EBBD55220>,0,0.0,1.401298464324817e-44,3.643376007244524e-43,9.183689745645554e-41,0.2946799397468567,0.08192043751478195,-0.07056891918182373,0.007815412245690823,586,195650,18,4,False,Left,Front,Centre,Right,50
<_io.BytesIO object at 0x0000014EBBD667C0>,1059085766,0.17122158408164978,-0.05503502115607262,0.6635876297950745,0.14092281460762024,-0.04882120341062546,0.6407701969146729,0.1765548586845398,0.032743632793426514,-17207,195651,18,4,False,Left,Front,Centre,Right,50
<_io.BytesIO object at 0x0000014EBBD66900>,2009022245,58615180296192.0,0.027738817036151886,26.405834197998047,-933447589691392.0,2.515793171956274e-40,6.979497708007332e-39,9.183549615799121e-41,-6.745832078608448e+37,15998,195651,18,4,False,Left,Front,Centre,Right,50
<_io.BytesIO object at 0x0000014EBBD66F90>,1031968142,-0.04472703859210014,-0.086851567029953,-0.2356007844209671,-0.14268167316913605,-0.9573876857757568,0.003281645942479372,1.8367239361444675e-40,5.59128191571766e+24,16133,195651,18,4,False,Left,Front,Centre,Right,50
<_io.BytesIO object at 0x0000014EBBD66270>,1038037593,0.27638304233551025,-0.29345840215682983,0.0909462496638298,0.52028489112854,-0.7968152761459351,0.0,0.0,0.0,0,195651,18,4,False,Left,Front,Centre,Right,50
<_io.BytesIO object at 0x0000014EBBC900E0>,0,0.0,1.401298464324817e-44,3.643376007244524e-43,9.183689745645554e-41,0.29468777775764465,0.08197268098592758,-0.07052057236433029,0.007815336808562279,586,195651,18,4,False,Left,Front,Centre,Right,50
<_io.BytesIO object at 0x0000014EBBCA7DB0>,1059111704,0.17085374891757965,-0.0500580370426178,0.6647976040840149,0.13995707035064697,-0.04407289996743202,0.6428216695785522,0.17578965425491333,0.0376984141767025,-326,195652,18,4,False,Left,Front,Centre,Right,50
<_io.BytesIO object at 0x0000014EBBD5BB80>,239288101,-2.6126103934920976e+37,1.635137278937727e+33,2.721955228832424e-37,-14892492.0,2.515512912263409e-40,6.979497708007332e-39,9.183549615799121e-41,-1.1879975212327686e+37,15998,195652,18,4,False,Left,Front,Centre,Right,50
<_io.BytesIO object at 0x0000014EBBD5B310>,1031956962,-0.0447457917034626,-0.0864928737282753,-0.23493817448616028,-0.14357668161392212,-0.9574490785598755,0.0032656609546393156,1.8367239361444675e-40,5.59128191571766e+24,16133,195652,18,4,False,Left,Front,Centre,Right,50
<_io.BytesIO object at 0x0000014EBBD5BBD0>,1038037593,0.27638304233551025,-0.29345840215682983,0.0909462496638298,0.52028489112854,-0.7968152761459351,0.0,0.0,0.0,0,195652,18,4,False,Left,Front,Centre,Right,50
<_io.BytesIO object at 0x0000014EBBD5BF90>,0,0.0,1.401298464324817e-44,3.643376007244524e-43,9.183689745645554e-41,0.29466840624809265,0.08196830749511719,-0.0704575702548027,0.007815279997885227,586,195652,18,4,False,Left,Front,Centre,Right,50
<_io.BytesIO object at 0x0000014EBBD39900>,1059136896,0.1703641265630722,-0.04494566470384598,0.6662455797195435,0.13931964337825775,-0.03921572118997574,0.6449171304702759,0.17511670291423798,0.04261543229222298,19720,195653,18,4,False,Left,Front,Centre,Right,50
<_io.BytesIO object at 0x0000014EBBD39630>,2089565990,-2.4343843320346545e-33,-4.474773902529705e-07,-5.19565943392777e-23,2.638376192737471e+26,2.515246665555187e-40,6.979497708007332e-39,9.183549615799121e-41,-1.1520408654874149e+34,15998,195653,18,4,False,Left,Front,Centre,Right,50
<_io.BytesIO object at 0x0000014EBBD397C0>,1031944821,-0.04478665068745613,-0.08602779358625412,-0.23414933681488037,-0.14442779123783112,-0.9575561881065369,0.0032464154064655304,1.8367239361444675e-40,5.59128191571766e+24,16133,195653,18,4,False,Left,Front,Centre,Right,50
<_io.BytesIO object at 0x0000014EBBD398B0>,1038037593,0.27638304233551025,-0.29345840215682983,0.0909462496638298,0.52028489112854,-0.7968152761459351,0.0,0.0,0.0,0,195653,18,4,False,Left,Front,Centre,Right,50
<_io.BytesIO object at 0x0000014EBBD39220>,0,0.0,1.401298464324817e-44,3.643376007244524e-43,9.183689745645554e-41,0.29467716813087463,0.0819632038474083,-0.07040508836507797,0.007815355435013771,586,195653,18,4,False,Left,Front,Centre,Right,50
<_io.BytesIO object at 0x0000014EBBC99CC0>,1059164876,0.16994979977607727,-0.03974451497197151,0.667626678943634,0.13840605318546295,-0.03427521139383316,0.6471413373947144,0.1742984801530838,0.04767023026943207,-25079,195654,18,4,False,Left,Front,Centre,Right,50
<_io.BytesIO object at 0x0000014EBBC99090>,715996966,-1.1105225022952765e-29,-2.7460468748043627e+34,0.011794840916991234,5.4581774606940096e+35,2.514966405862322e-40,6.979497708007332e-39,9.183549615799121e-41,-3.0634551465355483e+35,15998,195654,18,4,False,Left,Front,Centre,Right,50
<_io.BytesIO object at 0x0000014EBBC99590>,1031930252,-0.04479839652776718,-0.0851842612028122,-0.23346690833568573,-0.14536726474761963,-0.9576561450958252,0.0032086041755974293,1.8367239361444675e-40,5.59128191571766e+24,16133,195654,18,4,False,Left,Front,Centre,Right,50
<_io.BytesIO object at 0x0000014EBBC99860>,1038037593,0.27638304233551025,-0.29345840215682983,0.0909462496638298,0.52028489112854,-0.7968152761459351,0.0,0.0,0.0,0,195654,18,4,False,Left,Front,Centre,Right,50
<_io.BytesIO object at 0x0000014EBBC992C0>,0,0.0,1.401298464324817e-44,3.643376007244524e-43,9.183689745645554e-41,0.2946583330631256,0.08187593519687653,-0.07034461200237274,0.007816134952008724,586,195654,18,4,False,Left,Front,Centre,Right,50
<_io.BytesIO object at 0x0000014EBBD5B3B0>,1059195600,0.16936640441417694,-0.0344652384519577,0.6686317324638367,0.1373475044965744,-0.02933591604232788,0.649572491645813,0.17346006631851196,0.052957795560359955,-2747,195655,18,4,False,Left,Front,Centre,Right,50
<_io.BytesIO object at 0x0000014EBBD5BB30>,2165653286,9.835775896729893e-20,0.0004505892866291106,-4.689942974244076e-30,-3.9502534679157005e-30,2.5146581202001707e-40,6.979497708007332e-39,9.183549615799121e-41,-4.785220784825697e+37,15998,195655,18,4,False,Left,Front,Centre,Right,50
<_io.BytesIO object at 0x0000014EBBD5B090>,1031919393,-0.04483077675104141,-0.08435913920402527,-0.23273245990276337,-0.1462172269821167,-0.9577785730361938,0.003198488848283887,1.8367239361444675e-40,5.59128191571766e+24,16133,195655,18,4,False,Left,Front,Centre,Right,50
<_io.BytesIO object at 0x0000014EBBD5B720>,1038037593,0.27638304233551025,-0.29345840215682983,0.0909462496638298,0.52028489112854,-0.7968152761459351,0.0,0.0,0.0,0,195655,18,4,False,Left,Front,Centre,Right,50
<_io.BytesIO object at 0x0000014EBBD5B770>,0,0.0,1.401298464324817e-44,3.643376007244524e-43,9.183689745645554e-41,0.294683575630188,0.08185020834207535,-0.07028631865978241,0.00781679805368185,586,195655,18,4,False,Left,Front,Centre,Right,50
<_io.BytesIO object at 0x0000014EBBC90680>,1059224626,0.16875821352005005,-0.028989175334572792,0.670224666595459,0.13650743663311005,-0.02416270598769188,0.6519264578819275,0.17256292700767517,0.05841584876179695,22820,195656,18,4,False,Left,Front,Centre,Right,50
<_io.BytesIO object at 0x0000014EBBC90BD0>,2421440295,8.116323534377388e-23,-5.517360822978556e-32,7.75174048502156e-32,-5.247524389945885e+23,2.514055561860511e-40,6.979497708007332e-39,9.183549615799121e-41,2.256949153578792e-36,15999,195656,18,4,False,Left,Front,Centre,Right,50
<_io.BytesIO object at 0x0000014EBBC90C20>,1031907099,-0.04486231133341789,-0.0837165117263794,-0.23194776475429535,-0.14702022075653076,-0.9579023122787476,0.003177961800247431,1.8367239361444675e-40,5.59128191571766e+24,16133,195656,18,4,False,Left,Front,Centre,Right,50
<_io.BytesIO object at 0x0000014EBBC90EF0>,1038037593,0.27638304233551025,-0.29345840215682983,0.0909462496638298,0.52028489112854,-0.7968152761459351,0.0,0.0,0.0,0,195656,18,4,False,Left,Front,Centre,Right,50
<_io.BytesIO object at 0x0000014EBBC90D10>,0,0.0,1.401298464324817e-44,3.643376007244524e-43,9.183689745645554e-41,0.29474079608917236,0.08182736486196518,-0.07023395597934723,0.007817455567419529,586,195656,18,4,False,Left,Front,Centre,Right,50
<_io.BytesIO object at 0x0000014EBBCC0B30>,1059254421,0.16817255318164825,-0.023305026814341545,0.6718369126319885,0.13554894924163818,-0.018870709463953972,0.6545551419258118,0.17142857611179352,0.06404358148574829,-12948,195657,18,4,False,Left,Front,Centre,Right,50
<_io.BytesIO object at 0x0000014EBBCC0630>,2500214567,4.3352128798693906e-14,-1.2340075774077552e+22,nan,2.5089489947421884e-13,2.5134530035208514e-40,6.979497708007332e-39,9.183549615799121e-41,1.2227344030925683e-29,15999,195657,18,4,False,Left,Front,Centre,Right,50
<_io.BytesIO object at 0x0000014EBBCC08B0>,1031895745,-0.04489666223526001,-0.08294764906167984,-0.2310757339000702,-0.14796006679534912,-0.9580352902412415,0.00315562030300498,1.8367239361444675e-40,5.59128191571766e+24,16133,195657,18,4,False,Left,Front,Centre,Right,50
<_io.BytesIO object at 0x0000014EBBCC01D0>,1038037593,0.27638304233551025,-0.29345840215682983,0.0909462496638298,0.52028489112854,-0.7968152761459351,0.0,0.0,0.0,0,195657,18,4,False,Left,Front,Centre,Right,50
<_io.BytesIO object at 0x0000014EBBCC09F0>,0,0.0,1.401298464324817e-44,3.643376007244524e-43,9.183689745645554e-41,0.2948012948036194,0.08180101960897446,-0.07017237693071365,0.007818110287189484,586,195657,18,4,False,Left,Front,Centre,Right,50
<_io.BytesIO object at 0x0000014EBBD6FDB0>,1059285832,0.16772612929344177,-0.01733654923737049,0.6733925938606262,0.13466747105121613,-0.013382552191615105,0.6571610569953918,0.17048411071300507,0.06977054476737976,19199,195658,18,4,False,Left,Front,Centre,Right,50
<_io.BytesIO object at 0x0000014EBBD6FC70>,2358656808,5162227728384.0,1705898.5,4.471877029032595e-23,5.423245335342379e-14,2.5126822893654727e-40,6.979497708007332e-39,9.183549615799121e-41,1.6601845766184287e-19,15999,195658,18,4,False,Left,Front,Centre,Right,50
<_io.BytesIO object at 0x0000014EBBD6F8B0>,1031882367,-0.044955722987651825,-0.08212997019290924,-0.23012234270572662,-0.1487877368927002,-0.9582069516181946,0.003120255656540394,1.8367239361444675e-40,5.59128191571766e+24,16133,195658,18,4,False,Left,Front,Centre,Right,50
<_io.BytesIO object at 0x0000014EBBD6FF90>,1038037593,0.27638304233551025,-0.29345840215682983,0.0909462496638298,0.52028489112854,-0.7968152761459351,0.0,0.0,0.0,0,195658,18,4,False,Left,Front,Centre,Right,50
<_io.BytesIO object at 0x0000014EBBD6F860>,0,0.0,1.401298464324817e-44,3.643376007244524e-43,9.183689745645554e-41,0.2948979437351227,0.08177677541971207,-0.07010942697525024,0.007818514481186867,586,195658,18,4,False,Left,Front,Centre,Right,50
<_io.BytesIO object at 0x0000014EBBCC0310>,1059313591,0.16694697737693787,-0.011129635386168957,0.675054132938385,0.13381224870681763,-0.007522295229136944,0.6600461602210999,0.16954198479652405,0.07583681493997574,-9800,195659,18,4,False,Left,Front,Centre,Right,50
<_io.BytesIO object at 0x0000014EBBCC0EF0>,3033087784,-7.974651816766709e-05,-4.622688662387449e-16,3.38325500302721e+17,2.5066385675615538e-36,2.5113230298550777e-40,6.979497708007332e-39,9.183549615799121e-41,1.709850039333105e-10,15999,195659,18,4,False,Left,Front,Centre,Right,50
<_io.BytesIO object at 0x0000014EBBCC0590>,1031866200,-0.04499462991952896,-0.081991046667099,-0.229134663939476,-0.1495852768421173,-0.9583313465118408,0.003083403455093503,1.8367239361444675e-40,5.59128191571766e+24,16133,195659,18,4,False,Left,Front,Centre,Right,50
<_io.BytesIO object at 0x0000014EBBCC0B80>,1038037593,0.27638304233551025,-0.29345840215682983,0.0909462496638298,0.52028489112854,-0.7968152761459351,0.0,0.0,0.0,0,195659,18,4,False,Left,Front,Centre,Right,50
<_io.BytesIO object at 0x0000014EBBCC0130>,0,0.0,1.401298464324817e-44,3.643376007244524e-43,9.183689745645554e-41,0.29500091075897217,0.08173970878124237,-0.07003355771303177,0.007818897254765034,586,195659,18,4,False,Left,Front,Centre,Right,50
<_io.BytesIO object at 0x0000014EBBD46860>,1059341525,0.16615115106105804,-0.004678833764046431,0.6765980124473572,0.13293100893497467,-0.001447812421247363,0.6627944707870483,0.16852468252182007,0.08196532726287842,30826,195660,18,4,False,Left,Front,Centre,Right,50
<_io.BytesIO object at 0x0000014EBBCA7630>,3940630313,5.188358010907351e-38,5.9039449889179094e-33,-105.62335968017578,359118816.0,2.507945900556055e-40,6.979497708007332e-39,9.183549615799121e-41,2583691264.0,15999,195660,18,4,False,Left,Front,Centre,Right,50
<_io.BytesIO object at 0x0000014EBBD46400>,1031848963,-0.04501298815011978,-0.0827469527721405,-0.2282085418701172,-0.1503252536058426,-0.9583715796470642,0.0030435104854404926,1.8367239361444675e-40,5.59128191571766e+24,16133,195660,18,4,False,Left,Front,Centre,Right,50
<_io.BytesIO object at 0x0000014EBBCA7F40>,1038037593,0.27638304233551025,-0.29345840215682983,0.0909462496638298,0.52028489112854,-0.7968152761459351,0.0,0.0,0.0,0,195660,18,4,False,Left,Front,Centre,Right,50
<_io.BytesIO object at 0x0000014EBBCA7EF0>,0,0.0,1.401298464324817e-44,3.643376007244524e-43,9.183689745645554e-41,0.29514533281326294,0.0817265510559082,-0.06991162896156311,0.00781799852848053,586,195660,18,4,False,Left,Front,Centre,Right,50
<_io.BytesIO object at 0x0000014EBBD48E00>,1059367915,0.1653270572423935,0.0021902269218117,0.6780980229377747,0.13203741610050201,0.0049641309306025505,0.6657956838607788,0.16774797439575195,0.08851936459541321,2352,195661,18,4,False,Left,Front,Centre,Right,50
<_io.BytesIO object at 0x0000014EBBD48810>,2794012458,0.0007485981332138181,1.0875638256625656e+23,-9431522738176.0,5.056487359124005e-19,2.0502818221075696e-40,6.979497708007332e-39,9.183549615799121e-41,4.231240368651202e+25,15999,195661,18,4,False,Left,Front,Centre,Right,50
<_io.BytesIO object at 0x0000014EBBD48CC0>,1031834272,-0.04507105052471161,-0.08214906603097916,-0.22736550867557526,-0.1516028642654419,-0.9584221243858337,0.003001214237883687,1.8367239361444675e-40,5.59128191571766e+24,16133,195661,18,4,False,Left,Front,Centre,Right,50
<_io.BytesIO object at 0x0000014EBBD48400>,1038037593,0.27638304233551025,-0.29345840215682983,0.0909462496638298,0.52028489112854,-0.7968152761459351,0.0,0.0,0.0,0,195661,18,4,False,Left,Front,Centre,Right,50
<_io.BytesIO object at 0x0000014EBBD48220>,0,0.0,1.401298464324817e-44,3.643376007244524e-43,9.183689745645554e-41,0.29516950249671936,0.08166763186454773,-0.06997019052505493,0.007817525416612625,586,195661,18,4,False,Left,Front,Centre,Right,50
<_io.BytesIO object at 0x0000014EBBC99F40>,1059393485,0.16445715725421906,0.009417759254574776,0.6794402599334717,0.1309773027896881,0.011661134660243988,0.6686300039291382,0.1668582707643509,0.09524311125278473,-21596,195662,18,4,False,Left,Front,Centre,Right,50
<_io.BytesIO object at 0x0000014EB8F5F360>,3425910570,3749342871552.0,-0.16625067591667175,-2.7197057915682816e+16,-9.287811492120213e-11,2.0527200814354948e-40,6.979497708007332e-39,9.183549615799121e-41,-5.032585189457918e-38,15999,195662,18,4,False,Left,Front,Centre,Right,50
<_io.BytesIO object at 0x0000014EBBC99D10>,1031812883,-0.045187417417764664,-0.0800822302699089,-0.22630786895751953,-0.15271532535552979,-0.9586708545684814,0.0030278372578322887,1.8367239361444675e-40,5.59128191571766e+24,16133,195662,18,4,False,Left,Front,Centre,Right,50
<_io.BytesIO object at 0x0000014EB8F5F9A0>,1038037593,0.27638304233551025,-0.29345840215682983,0.0909462496638298,0.52028489112854,-0.7968152761459351,0.0,0.0,0.0,0,195662,18,4,False,Left,Front,Centre,Right,50
<_io.BytesIO object at 0x0000014EB8F5F5E0>,0,0.0,1.401298464324817e-44,3.643376007244524e-43,9.183689745645554e-41,0.29526597261428833,0.08158376812934875,-0.06997158378362656,0.007817136123776436,586,195662,18,4,False,Left,Front,Centre,Right,50
<_io.BytesIO object at 0x0000014EBBD48220>,1059415473,0.1635042279958725,0.017041431739926338,0.6807394027709961,0.12995195388793945,0.01879645138978958,0.6714008450508118,0.16594864428043365,0.10242682695388794,21154,195663,18,4,False,Left,Front,Centre,Right,50
<_io.BytesIO object at 0x0000014EBBD48CC0>,3623173931,125756882944.0,3.8014951259103944e-26,9.744694630846624e-36,-6.146157620285757e-34,2.05407934094589e-40,6.979497708007332e-39,9.183549615799121e-41,-1.3715157481941631e-17,15999,195663,18,4,False,Left,Front,Centre,Right,50
<_io.BytesIO object at 0x0000014EBBD48400>,1031786231,-0.0452607199549675,-0.07895596325397491,-0.22544732689857483,-0.1536744385957718,-0.9588136672973633,0.003016690257936716,1.8367239361444675e-40,5.59128191571766e+24,16133,195663,18,4,False,Left,Front,Centre,Right,50
<_io.BytesIO object at 0x0000014EBBD489F0>,1038037593,0.27638304233551025,-0.29345840215682983,0.0909462496638298,0.52028489112854,-0.7968152761459351,0.0,0.0,0.0,0,195663,18,4,False,Left,Front,Centre,Right,50
<_io.BytesIO object at 0x0000014EBBD48810>,0,0.0,1.401298464324817e-44,3.643376007244524e-43,9.183689745645554e-41,0.2954123616218567,0.08152434974908829,-0.06997036933898926,0.007816608063876629,586,195663,18,4,False,Left,Front,Centre,Right,50
<_io.BytesIO object at 0x0000014EBBD465E0>,1059437573,0.16259248554706573,0.025036823004484177,0.68185955286026,0.1286824643611908,0.026412129402160645,0.6740796566009521,0.16502468287944794,0.10987459868192673,-6771,195664,18,4,False,Left,Front,Centre,Right,50
<_io.BytesIO object at 0x0000014EBBD46EF0>,3629203243,7.926087340779103e-26,38.3102912902832,1.4450160809344506e-18,3.418352027932485e-24,2.0549761719630577e-40,6.979497708007332e-39,9.183549615799121e-41,-10.0,15999,195664,18,4,False,Left,Front,Centre,Right,50
<_io.BytesIO object at 0x0000014EBBD466D0>,1031742476,-0.04530380293726921,-0.07853624224662781,-0.22455979883670807,-0.15456467866897583,-0.958913266658783,0.003000637050718069,1.8367239361444675e-40,5.59128191571766e+24,16133,195664,18,4,False,Left,Front,Centre,Right,50
<_io.BytesIO object at 0x0000014EBBC90B80>,1038037593,0.27638304233551025,-0.29345840215682983,0.0909462496638298,0.52028489112854,-0.7968152761459351,0.0,0.0,0.0,0,195664,18,4,False,Left,Front,Centre,Right,50
<_io.BytesIO object at 0x0000014EBBC90950>,0,0.0,1.401298464324817e-44,3.643376007244524e-43,9.183689745645554e-41,0.2955203950405121,0.08145219832658768,-0.0699191689491272,0.007815735414624214,586,195664,18,4,False,Left,Front,Centre,Right,50
<_io.BytesIO object at 0x0000014EBBD31EF0>,1059458567,0.1617559939622879,0.033474430441856384,0.6829942464828491,0.12761683762073517,0.03453601524233818,0.67652428150177,0.1639852672815323,0.11780401319265366,23627,195665,18,4,False,Left,Front,Centre,Right,50
<_io.BytesIO object at 0x0000014EBBD31E00>,3023847212,-4.7052694593352676e+35,1.5551090005056619e+29,-1.6592112113887608e+26,-6.919995608694285e+37,2.05571886014915e-40,6.979497708007332e-39,9.183549615799121e-41,-2.8688376383433095e+23,15999,195665,18,4,False,Left,Front,Centre,Right,50
<_io.BytesIO object at 0x0000014EBBD31D10>,1031685244,-0.04534686356782913,-0.07804739475250244,-0.22323311865329742,-0.15565557777881622,-0.959086537361145,0.002983208280056715,1.8367239361444675e-40,5.59128191571766e+24,16133,195665,18,4,False,Left,Front,Centre,Right,50
<_io.BytesIO object at 0x0000014EBBD318B0>,1038037593,0.27638304233551025,-0.29345840215682983,0.0909462496638298,0.52028489112854,-0.7968152761459351,0.0,0.0,0.0,0,195665,18,4,False,Left,Front,Centre,Right,50
<_io.BytesIO object at 0x0000014EB4345360>,0,0.0,1.401298464324817e-44,3.643376007244524e-43,9.183689745645554e-41,0.29565390944480896,0.08134251832962036,-0.06982159614562988,0.007815232500433922,586,195665,18,4,False,Left,Front,Centre,Right,50
<_io.BytesIO object at 0x0000014EBBD5B720>,1059478513,0.1606513261795044,0.04231925681233406,0.6837359070777893,0.12629780173301697,0.04286902770400047,0.6784691214561462,0.16275987029075623,0.12626364827156067,-13272,195666,18,4,False,Left,Front,Centre,Right,50
<_io.BytesIO object at 0x0000014EBBD5BF90>,2152349484,-4.823866065564844e-35,-9.729368011800312e-23,-1.5861207458556237e-08,-8.429926631716094e+29,2.0562093146116636e-40,6.979497708007332e-39,9.183549615799121e-41,8.13442090769023e-36,16000,195666,18,4,False,Left,Front,Centre,Right,50
<_io.BytesIO object at 0x0000014EBBD5BAE0>,1031627098,-0.04541926085948944,-0.07770521938800812,-0.22206339240074158,-0.1569511890411377,-0.9591747522354126,0.0029612197540700436,1.8367239361444675e-40,5.59128191571766e+24,16133,195666,18,4,False,Left,Front,Centre,Right,50
<_io.BytesIO object at 0x0000014EBBD5B680>,1038037593,0.27638304233551025,-0.29345840215682983,0.0909462496638298,0.52028489112854,-0.7968152761459351,0.0,0.0,0.0,0,195666,18,4,False,Left,Front,Centre,Right,50
<_io.BytesIO object at 0x0000014EBBD5B1D0>,0,0.0,1.401298464324817e-44,3.643376007244524e-43,9.183689745645554e-41,0.29578831791877747,0.08124462515115738,-0.06978677213191986,0.00781438872218132,586,195666,18,4,False,Left,Front,Centre,Right,50
<_io.BytesIO object at 0x0000014EBBCC0F40>,1059506247,0.15889158844947815,0.06099165603518486,0.6849226355552673,0.12405958026647568,0.06103423610329628,0.681037425994873,0.16041994094848633,0.1443956047296524,13925,195668,18,4,False,Left,Front,Centre,Right,50
<_io.BytesIO object at 0x0000014EBBCC0C20>,2494578477,-7.870745127008809e-35,-1720067555328.0,-2.1385533818974402e-17,-1.247046466090751e-08,2.057260288459907e-40,6.979497708007332e-39,9.183549615799121e-41,2.0889956431346945e-12,16000,195668,18,4,False,Left,Front,Centre,Right,50
<_io.BytesIO object at 0x0000014EBBCC0B30>,1031513543,-0.04555398225784302,-0.07642725855112076,-0.2198306769132614,-0.15910455584526062,-0.95943683385849,0.0029244213365018368,1.8367239361444675e-40,5.59128191571766e+24,16133,195668,18,4,False,Left,Front,Centre,Right,50
<_io.BytesIO object at 0x0000014EBBCC06D0>,1038037593,0.27638304233551025,-0.29345840215682983,0.0909462496638298,0.52028489112854,-0.7968152761459351,0.0,0.0,0.0,0,195668,18,4,False,Left,Front,Centre,Right,50
<_io.BytesIO object at 0x0000014EBBCC0C70>,0,0.0,1.401298464324817e-44,3.643376007244524e-43,9.183689745645554e-41,0.2961038053035736,0.08099962770938873,-0.06968579441308975,0.007813599891960621,586,195668,18,4,False,Left,Front,Centre,Right,50
<_io.BytesIO object at 0x0000014EB8F37310>,1059511234,0.15793369710445404,0.07081747055053711,0.685092031955719,0.12300772219896317,0.0707821324467659,0.681528627872467,0.15936815738677979,0.15396913886070251,16955,195669,18,4,False,Left,Front,Centre,Right,50
<_io.BytesIO object at 0x0000014EB8F37450>,2583117613,-2.0534075483327808e-29,-7.299214373716545e+19,-3113795190784.0,3.7196466064450414e+34,2.0575685741220586e-40,6.979497708007332e-39,9.183549615799121e-41,51.75,16000,195669,18,4,False,Left,Front,Centre,Right,50
<_io.BytesIO object at 0x0000014EB8F37E00>,1031446389,-0.04562230035662651,-0.07604800164699554,-0.2186271697282791,-0.15975554287433624,-0.9596337676048279,0.0029010330326855183,1.8367239361444675e-40,5.59128191571766e+24,16133,195669,18,4,False,Left,Front,Centre,Right,50
<_io.BytesIO object at 0x0000014EB8F37130>,1038037593,0.27638304233551025,-0.29345840215682983,0.0909462496638298,0.52028489112854,-0.7968152761459351,0.0,0.0,0.0,0,195669,18,4,False,Left,Front,Centre,Right,50
<_io.BytesIO object at 0x0000014EB8F37B30>,0,0.0,1.401298464324817e-44,3.643376007244524e-43,9.183689745645554e-41,0.2963475286960602,0.080834299325943,-0.06958633661270142,0.007812566123902798,586,195669,18,4,False,Left,Front,Centre,Right,50
<_io.BytesIO object at 0x0000014EBBCA7A90>,1059507504,0.15696971118450165,0.08068662881851196,0.6850425601005554,0.12216968089342117,0.080497607588768,0.6813710331916809,0.15837572515010834,0.1639939695596695,10057,195670,18,4,False,Left,Front,Centre,Right,50
<_io.BytesIO object at 0x0000014EBBCA71D0>,355221293,6.290346484534398e+19,-2.1419403914090906e+17,3.023659701529745e-31,1.3558608360191733e+28,2.0578488338149236e-40,6.979497708007332e-39,9.183549615799121e-41,4.638707616191611e+17,16000,195670,18,4,False,Left,Front,Centre,Right,50
<_io.BytesIO object at 0x0000014EBBCA79A0>,1031382252,-0.045692022889852524,-0.07517782598733902,-0.217240571975708,-0.16088266670703888,-0.9598289728164673,0.0028902629856020212,1.8367239361444675e-40,5.59128191571766e+24,16133,195670,18,4,False,Left,Front,Centre,Right,50
<_io.BytesIO object at 0x0000014EBBD59540>,1038037593,0.27638304233551025,-0.29345840215682983,0.0909462496638298,0.52028489112854,-0.7968152761459351,0.0,0.0,0.0,0,195670,18,4,False,Left,Front,Centre,Right,50
<_io.BytesIO object at 0x0000014EBBD59360>,0,0.0,1.401298464324817e-44,3.643376007244524e-43,9.183689745645554e-41,0.29655638337135315,0.0807049572467804,-0.06950544565916061,0.007811965420842171,586,195670,18,4,False,Left,Front,Centre,Right,50
<_io.BytesIO object at 0x0000014EBBD66680>,1059499308,0.15610016882419586,0.09078758209943771,0.6845333576202393,0.12132357060909271,0.09051866084337234,0.6805709004402161,0.15719646215438843,0.17405205965042114,-7245,195671,18,4,False,Left,Front,Centre,Right,50
<_io.BytesIO object at 0x0000014EBBD667C0>,1753956140,-2.9927437299053786e-31,-5.4450836181640625,2.3675143470030038e-14,-1.9972806414089275e-27,2.0581290935077886e-40,6.979497708007332e-39,9.183549615799121e-41,7.808727697405893e+32,16000,195671,18,4,False,Left,Front,Centre,Right,50
<_io.BytesIO object at 0x0000014EBBD66450>,1031320612,-0.04576437920331955,-0.07410895079374313,-0.2158653438091278,-0.16176186501979828,-0.9600746035575867,0.0028546543326228857,1.8367239361444675e-40,5.59128191571766e+24,16133,195671,18,4,False,Left,Front,Centre,Right,50
<_io.BytesIO object at 0x0000014EBBD66310>,1038037593,0.27638304233551025,-0.29345840215682983,0.0909462496638298,0.52028489112854,-0.7968152761459351,0.0,0.0,0.0,0,195671,18,4,False,Left,Front,Centre,Right,50
<_io.BytesIO object at 0x0000014EBBD66400>,0,0.0,1.401298464324817e-44,3.643376007244524e-43,9.183689745645554e-41,0.2967640161514282,0.08053833246231079,-0.06944896280765533,0.007811191491782665,586,195671,18,4,False,Left,Front,Centre,Right,50
<_io.BytesIO object at 0x0000014EBBC99540>,1059483675,0.15515971183776855,0.10101035237312317,0.6838312149047852,0.12061306834220886,0.1007247269153595,0.6794081926345825,0.15630260109901428,0.1843404769897461,-18224,195672,18,4,False,Left,Front,Centre,Right,50
<_io.BytesIO object at 0x0000014EBBC99090>,3729145644,-1.8125601798999823e-24,-5.565081733665321e-21,6.926987042262554e+26,2.528154756487514e-28,2.0584233661852968e-40,6.979497708007332e-39,9.183549615799121e-41,-1.0258978300218214e-25,16000,195672,18,4,False,Left,Front,Centre,Right,50
<_io.BytesIO object at 0x0000014EBBC994F0>,1031257416,-0.045806869864463806,-0.07287987321615219,-0.21428748965263367,-0.16284571588039398,-0.9603388905525208,0.0028397280257195234,1.8367239361444675e-40,5.59128191571766e+24,16133,195672,18,4,False,Left,Front,Centre,Right,50
<_io.BytesIO object at 0x0000014EBBC991D0>,1038037593,0.27638304233551025,-0.29345840215682983,0.0909462496638298,0.52028489112854,-0.7968152761459351,0.0,0.0,0.0,0,195672,18,4,False,Left,Front,Centre,Right,50
<_io.BytesIO object at 0x0000014EBBC997C0>,0,0.0,1.401298464324817e-44,3.643376007244524e-43,9.183689745645554e-41,0.2970159351825714,0.08039254695177078,-0.06935645639896393,0.007810435723513365,586,195672,18,4,False,Left,Front,Centre,Right,50
<_io.BytesIO object at 0x0000014EBBD488B0>,1059462062,0.15435048937797546,0.11132539808750153,0.6827509999275208,0.11982614547014236,0.1109478622674942,0.6779102683067322,0.1553509682416916,0.19466477632522583,-22917,195673,18,4,False,Left,Front,Centre,Right,50
<_io.BytesIO object at 0x0000014EBBD59EF0>,68697900,-4.1732572952923874e-08,4.1037474492422554e+17,-1.8901947425959503e-24,-7.462049038604913e-19,2.0587036258781618e-40,6.979497708007332e-39,9.183549615799121e-41,-1.1781230568885803e-07,16000,195673,18,4,False,Left,Front,Centre,Right,50
<_io.BytesIO object at 0x0000014EBBD59CC0>,1031200014,-0.04584275186061859,-0.07199134677648544,-0.21309854090213776,-0.16356462240219116,-0.9605482220649719,0.0028156721964478493,1.8367239361444675e-40,5.59128191571766e+24,16133,195673,18,4,False,Left,Front,Centre,Right,50
<_io.BytesIO object at 0x0000014EBBD59D60>,1038037593,0.27638304233551025,-0.29345840215682983,0.0909462496638298,0.52028489112854,-0.7968152761459351,0.0,0.0,0.0,0,195673,18,4,False,Left,Front,Centre,Right,50
<_io.BytesIO object at 0x0000014EBBD59220>,0,0.0,1.401298464324817e-44,3.643376007244524e-43,9.183689745645554e-41,0.29728224873542786,0.08024061471223831,-0.06926678121089935,0.0078099193051457405,586,195673,18,4,False,Left,Front,Centre,Right,50
<_io.BytesIO object at 0x0000014EB8F37450>,1059436733,0.15341050922870636,0.12163787335157394,0.6813858151435852,0.11895667761564255,0.12132902443408966,0.6760284900665283,0.15430043637752533,0.20503216981887817,5070,195674,18,4,False,Left,Front,Centre,Right,50
<_io.BytesIO object at 0x0000014EB8F37B80>,322715436,-2.83805553308796e-23,6.236497116211335e-34,-8.252699257476219e+17,701113827328.0,2.05899789855567e-40,6.979497708007332e-39,9.183549615799121e-41,-980764371976192.0,16000,195674,18,4,False,Left,Front,Centre,Right,50
<_io.BytesIO object at 0x0000014EB8F37310>,1031134670,-0.045848432928323746,-0.07167376577854156,-0.211610347032547,-0.16430196166038513,-0.9607751965522766,0.0027511927764862776,1.8367239361444675e-40,5.59128191571766e+24,16133,195674,18,4,False,Left,Front,Centre,Right,50
<_io.BytesIO object at 0x0000014EB8F37770>,1038037593,0.27638304233551025,-0.29345840215682983,0.0909462496638298,0.52028489112854,-0.7968152761459351,0.0,0.0,0.0,0,195674,18,4,False,Left,Front,Centre,Right,50
<_io.BytesIO object at 0x0000014EB8F373B0>,0,0.0,1.401298464324817e-44,3.643376007244524e-43,9.183689745645554e-41,0.29758867621421814,0.08005500584840775,-0.06912538409233093,0.007809704635292292,586,195674,18,4,False,Left,Front,Centre,Right,50
<_io.BytesIO object at 0x0000014EBBCBDEF0>,1059407464,0.15270483493804932,0.13190190494060516,0.6796231269836426,0.11814478784799576,0.13146772980690002,0.673865795135498,0.15332327783107758,0.2152782529592514,-26967,195675,18,4,False,Left,Front,Centre,Right,50
<_io.BytesIO object at 0x0000014EBBCBDDB0>,3967041323,2.110694334528579e-30,-7.618112812995413e-22,6.484577874665831e-10,-2.9894773848335027e+34,2.0591940803406754e-40,6.979497708007332e-39,9.183549615799121e-41,-7.950704564631455e+34,16000,195675,18,4,False,Left,Front,Centre,Right,50
<_io.BytesIO object at 0x0000014EBBCBD950>,1031092449,-0.04583215340971947,-0.07063265889883041,-0.21003009378910065,-0.1649218201637268,-0.9610927104949951,0.002729038940742612,1.8367239361444675e-40,5.59128191571766e+24,16133,195675,18,4,False,Left,Front,Centre,Right,50
<_io.BytesIO object at 0x0000014EBBCBD590>,1038037593,0.27638304233551025,-0.29345840215682983,0.0909462496638298,0.52028489112854,-0.7968152761459351,0.0,0.0,0.0,0,195675,18,4,False,Left,Front,Centre,Right,50
<_io.BytesIO object at 0x0000014EBBCBDAE0>,0,0.0,1.401298464324817e-44,3.643376007244524e-43,9.183689745645554e-41,0.29793936014175415,0.07993415743112564,-0.06898833811283112,0.007809250149875879,586,195675,18,4,False,Left,Front,Centre,Right,50
<_io.BytesIO object at 0x0000014EBBCA3CC0>,1059373653,0.1518653780221939,0.14200714230537415,0.6777405142784119,0.11744976043701172,0.1418415606021881,0.6714598536491394,0.1523037999868393,0.22553788125514984,1098,195676,18,4,False,Left,Front,Centre,Right,50
<_io.BytesIO object at 0x0000014EBBD5B220>,3936173867,4.788473921079891e+22,2.5563591066202207e-07,3118157262749696.0,6.385549117034165e-17,2.059348223171751e-40,6.979497708007332e-39,9.183549615799121e-41,1.429791614965259e-18,16001,195676,18,4,False,Left,Front,Centre,Right,50
<_io.BytesIO object at 0x0000014EBBD5B1D0>,1031053624,-0.04578084126114845,-0.06774067878723145,-0.20753328502178192,-0.16573403775691986,-0.9617034196853638,0.002801422495394945,1.8367239361444675e-40,5.59128191571766e+24,16133,195676,18,4,False,Left,Front,Centre,Right,50
<_io.BytesIO object at 0x0000014EBBD5BBD0>,1038037593,0.27638304233551025,-0.29345840215682983,0.0909462496638298,0.52028489112854,-0.7968152761459351,0.0,0.0,0.0,0,195676,18,4,False,Left,Front,Centre,Right,50
<_io.BytesIO object at 0x0000014EBBD5B400>,0,0.0,1.401298464324817e-44,3.643376007244524e-43,9.183689745645554e-41,0.2982916235923767,0.07987696677446365,-0.06875724345445633,0.007808571215718985,586,195676,18,4,False,Left,Front,Centre,Right,50
<_io.BytesIO object at 0x0000014EBBD46720>,1059338596,0.15120266377925873,0.15210337936878204,0.6756185293197632,0.11685002595186234,0.1518193930387497,0.6688399314880371,0.15133710205554962,0.23556487262248993,25979,195677,18,4,False,Left,Front,Centre,Right,50
<_io.BytesIO object at 0x0000014EBBD46590>,3820044074,-3.336476145599948e-32,-3.0583685202145716e-06,7.784209446981549e-05,1.2860845345296864e-17,2.0594883530181836e-40,6.979497708007332e-39,9.183549615799121e-41,87552.0,16001,195677,18,4,False,Left,Front,Centre,Right,50
<_io.BytesIO object at 0x0000014EBBD465E0>,1031011468,-0.045735541731119156,-0.06658312678337097,-0.20592032372951508,-0.16589097678661346,-0.9621038436889648,0.0027981773018836975,1.8367239361444675e-40,5.59128191571766e+24,16133,195677,18,4,False,Left,Front,Centre,Right,50
<_io.BytesIO object at 0x0000014EBBD461D0>,1038037593,0.27638304233551025,-0.29345840215682983,0.0909462496638298,0.52028489112854,-0.7968152761459351,0.0,0.0,0.0,0,195677,18,4,False,Left,Front,Centre,Right,50
<_io.BytesIO object at 0x0000014EBBD46EA0>,0,0.0,1.401298464324817e-44,3.643376007244524e-43,9.183689745645554e-41,0.29863640666007996,0.07978505641222,-0.06859982758760452,0.007808018941432238,586,195677,18,4,False,Left,Front,Centre,Right,50
<_io.BytesIO object at 0x0000014EB8F37720>,1059295870,0.15060849487781525,0.16210032999515533,0.6732231974601746,0.11636058986186981,0.16176167130470276,0.6660099625587463,0.1502562314271927,0.24578432738780975,-17073,195678,18,4,False,Left,Front,Centre,Right,50
<_io.BytesIO object at 0x0000014EBBC90B30>,1417297705,8.885708451645815e+32,9.19785867343281e-31,0.010207928717136383,5.534650589341282e-17,2.059628482864616e-40,6.979497708007332e-39,9.183549615799121e-41,9.012203485997568e+29,16001,195678,18,4,False,Left,Front,Centre,Right,50
<_io.BytesIO object at 0x0000014EB8F37B30>,1030987692,-0.04566163569688797,-0.06549948453903198,-0.20415732264518738,-0.1659543812274933,-0.9625429511070251,0.002779180184006691,1.8367239361444675e-40,5.59128191571766e+24,16133,195678,18,4,False,Left,Front,Centre,Right,50
<_io.BytesIO object at 0x0000014EBBC90950>,1038037593,0.27638304233551025,-0.29345840215682983,0.0909462496638298,0.52028489112854,-0.7968152761459351,0.0,0.0,0.0,0,195678,18,4,False,Left,Front,Centre,Right,50
<_io.BytesIO object at 0x0000014EBBC90C20>,0,0.0,1.401298464324817e-44,3.643376007244524e-43,9.183689745645554e-41,0.29897305369377136,0.07972580939531326,-0.0683504268527031,0.007807934656739235,586,195678,18,4,False,Left,Front,Centre,Right,50
<_io.BytesIO object at 0x0000014EBBD48810>,1059250036,0.15007176995277405,0.17181937396526337,0.6705882549285889,0.1159641444683075,0.1715862900018692,0.6628720164299011,0.14953020215034485,0.25566020607948303,4457,195679,18,4,False,Left,Front,Centre,Right,50
<_io.BytesIO object at 0x0000014EBBD48EF0>,439435049,3.930005734904818e-13,9.567285639375237e+24,0.000863062625285238,-3.847510814666748,2.0597545997264054e-40,6.979497708007332e-39,9.183549615799121e-41,-3.1267427154504446e-22,16001,195679,18,4,False,Left,Front,Centre,Right,50
<_io.BytesIO object at 0x0000014EBBD48400>,1030973993,-0.04556829109787941,-0.06602321565151215,-0.20229527354240417,-0.16632841527462006,-0.9628356695175171,0.0027663628570735455,1.8367239361444675e-40,5.59128191571766e+24,16133,195679,18,4,False,Left,Front,Centre,Right,50
<_io.BytesIO object at 0x0000014EBBD48CC0>,1038037593,0.27638304233551025,-0.29345840215682983,0.0909462496638298,0.52028489112854,-0.7968152761459351,0.0,0.0,0.0,0,195679,18,4,False,Left,Front,Centre,Right,50
<_io.BytesIO object at 0x0000014EBBD481D0>,0,0.0,1.401298464324817e-44,3.643376007244524e-43,9.183689745645554e-41,0.29939234256744385,0.07980173081159592,-0.06800209730863571,0.007807556539773941,586,195679,18,4,False,Left,Front,Centre,Right,50
<_io.BytesIO object at 0x0000014EB8F5F5E0>,1059196723,0.14954902231693268,0.1813482642173767,0.6678459048271179,0.11574769765138626,0.18109290301799774,0.6592788100242615,0.1488516479730606,0.26543745398521423,29090,195680,18,4,False,Left,Front,Centre,Right,50
<_io.BytesIO object at 0x0000014EB8F5F9F0>,2102411048,-23520262144.0,-1.4038293213439851e+26,-2.243051445352413e-38,2.6410918962938013e-06,2.059894729572838e-40,6.979497708007332e-39,9.183549615799121e-41,-8384.0,16001,195680,18,4,False,Left,Front,Centre,Right,50
<_io.BytesIO object at 0x0000014EB8F5F180>,1030982523,-0.045500170439481735,-0.0658598393201828,-0.20032185316085815,-0.1670706570148468,-0.9631308913230896,0.002745059784501791,1.8367239361444675e-40,5.59128191571766e+24,16133,195680,18,4,False,Left,Front,Centre,Right,50
<_io.BytesIO object at 0x0000014EB8F5F040>,1038037593,0.27638304233551025,-0.29345840215682983,0.0909462496638298,0.52028489112854,-0.7968152761459351,0.0,0.0,0.0,0,195680,18,4,False,Left,Front,Centre,Right,50
<_io.BytesIO object at 0x0000014EB8F5F7C0>,0,0.0,1.401298464324817e-44,3.643376007244524e-43,9.183689745645554e-41,0.29971837997436523,0.07984334975481033,-0.06776779145002365,0.007807177025824785,586,195680,18,4,False,Left,Front,Centre,Right,50
<_io.BytesIO object at 0x0000014EBBD48EA0>,1059142829,0.14908258616924286,0.19068551063537598,0.6649104356765747,0.11561961472034454,0.19049176573753357,0.6561554074287415,0.14918005466461182,0.2740594744682312,-13058,195681,18,4,False,Left,Front,Centre,Right,50
<_io.BytesIO object at 0x0000014EBBD48AE0>,517619495,3.913382756342206e-23,6.599587912277186e+28,-6.918474950486357e-18,1.417725874682214e-21,2.060020846434627e-40,6.979497708007332e-39,9.183549615799121e-41,-1.1450945363389768e+29,16001,195681,18,4,False,Left,Front,Centre,Right,50
<_io.BytesIO object at 0x0000014EBBD48180>,1030987124,-0.04536912217736244,-0.06463783234357834,-0.19844771921634674,-0.16735802590847015,-0.9635517001152039,0.002738672774285078,1.8367239361444675e-40,5.59128191571766e+24,16133,195681,18,4,False,Left,Front,Centre,Right,50
<_io.BytesIO object at 0x0000014EBBD48EF0>,1038037593,0.27638304233551025,-0.29345840215682983,0.0909462496638298,0.52028489112854,-0.7968152761459351,0.0,0.0,0.0,0,195681,18,4,False,Left,Front,Centre,Right,50
<_io.BytesIO object at 0x0000014EBBD486D0>,0,0.0,1.401298464324817e-44,3.643376007244524e-43,9.183689745645554e-41,0.30009469389915466,0.07989787310361862,-0.06746462732553482,0.007807030342519283,586,195681,18,4,False,Left,Front,Centre,Right,50
<_io.BytesIO object at 0x0000014EB8F37A40>,1059083858,0.14854897558689117,0.19957813620567322,0.6619537472724915,0.11560207605361938,0.19945581257343292,0.6535447239875793,0.14960673451423645,0.2823512852191925,15465,195682,18,4,False,Left,Front,Centre,Right,50
<_io.BytesIO object at 0x0000014EB8F371D0>,3664068391,-0.0003247061977162957,2.0610157683442977e-40,6.979497708007332e-39,9.183549615799121e-41,1.5670109524204556e-19,-6.351741355103968e-09,2494300.75,-7.330853986786678e-05,-17020,195682,18,4,False,Left,Front,Centre,Right,50
<_io.BytesIO object at 0x0000014EB8F37E50>,3192474445,-0.16796725988388062,-0.9638180136680603,0.002715818118304014,1.8367239361444675e-40,5.59128191571766e+24,1.264539140066745e-08,-1.0891078878207312e-37,2.7225677967071533,-16746,195682,18,4,False,Left,Front,Centre,Right,50
<_io.BytesIO object at 0x0000014EBBD55540>,1035616775,0.52028489112854,-0.7968152761459351,0.0,0.0,0.0,0.0,0.0,8.265194654219209e-40,0,195682,18,4,False,Left,Front,Centre,Right,50
<_io.BytesIO object at 0x0000014EBBD6FB80>,1059023001,0.14795458316802979,0.2081400603055954,0.6587803363800049,0.11557246744632721,0.20832559466362,0.6508489847183228,0.15044888854026794,0.28991544246673584,-18263,195683,18,4,False,Left,Front,Centre,Right,50
<_io.BytesIO object at 0x0000014EBBD6FEA0>,815611686,1.0215741860725388e-38,2.061085833267514e-40,6.979497708007332e-39,9.183549615799121e-41,459561500672.0,-22.780521392822266,-39122380.0,4.6154879917992275e-10,-17020,195683,18,4,False,Left,Front,Centre,Right,50
<_io.BytesIO object at 0x0000014EBBD6FDB0>,3192349772,-0.16820943355560303,-0.9641702771186829,0.002688222797587514,1.8367239361444675e-40,5.59128191571766e+24,1.264539140066745e-08,-1.0891078878207312e-37,2.7225677967071533,-16746,195683,18,4,False,Left,Front,Centre,Right,50
<_io.BytesIO object at 0x0000014EBBD6F270>,1035616775,0.52028489112854,-0.7968152761459351,0.0,0.0,0.0,0.0,0.0,8.265194654219209e-40,0,195683,18,4,False,Left,Front,Centre,Right,50
<_io.BytesIO object at 0x0000014EBBCA7A90>,1058961994,0.14743265509605408,0.21637214720249176,0.6560688614845276,0.11562426388263702,0.21673423051834106,2.802596928649634e-45,1.064986832886861e-43,1.401298464324817e-45,-31558,195684,18,4,False,Left,Front,Centre,Right,50
<_io.BytesIO object at 0x0000014EBBCA79F0>,4103159426,4543733039104.0,3723549999104.0,4.3700318263873854e+26,-0.00033901832648552954,-2.67086256925824e+25,-746.9915771484375,1.1306797048944084e-40,2.802596928649634e-45,26772,195684,18,4,False,Left,Front,Centre,Right,50
<_io.BytesIO object at 0x0000014EBBCA73B0>,1058900416,0.14696331322193146,0.22423693537712097,0.6533427834510803,0.11613663285970688,0.22454360127449036,2.802596928649634e-45,1.064986832886861e-43,1.401298464324817e-45,-19804,195685,18,4,False,Left,Front,Centre,Right,50
<_io.BytesIO object at 0x0000014EBBCA7EA0>,1549680258,-4.8692930716001894e+17,-2.2385606285970518e+33,-2.124591603473494e-36,1.963862926446236e-11,-2.670799105464254e+37,5.2235411401263555e-37,1.1306656919097652e-40,2.802596928649634e-45,26772,195685,18,4,False,Left,Front,Centre,Right,50
<_io.BytesIO object at 0x0000014EBBD6FF40>,1058836385,0.14657101035118103,0.2316904366016388,2.802596928649634e-45,1.064986832886861e-43,1.401298464324817e-45,0.2556508183479309,0.05976700410246849,-0.04477387294173241,-4942,195686,18,4,False,Left,Front,Centre,Right,50
<_io.BytesIO object at 0x0000014EBBD55720>,1058772152,0.14596737921237946,0.2387932538986206,2.802596928649634e-45,1.064986832886861e-43,1.401298464324817e-45,0.25603556632995605,0.05985343083739281,-0.04464651644229889,-21455,195687,18,4,False,Left,Front,Centre,Right,50
<_io.BytesIO object at 0x0000014EBBD59220>,1058705967,0.1454944610595703,0.24539528787136078,2.802596928649634e-45,1.064986832886861e-43,1.401298464324817e-45,0.25638794898986816,0.059955283999443054,-0.044515665620565414,12698,195688,18,4,False,Left,Front,Centre,Right,50
<_io.BytesIO object at 0x0000014EBBD66220>,1058640315,0.1448974758386612,0.2518465518951416,2.802596928649634e-45,1.064986832886861e-43,1.401298464324817e-45,0.2567451000213623,0.060021717101335526,-0.044413045048713684,24581,195689,18,4,False,Left,Front,Centre,Right,50
<_io.BytesIO object at 0x0000014EBBD48AE0>,1058569861,0.1442391723394394,0.25784340500831604,2.802596928649634e-45,1.064986832886861e-43,1.401298464324817e-45,0.2570877969264984,0.06012188270688057,-0.04430265724658966,24049,195690,18,4,False,Left,Front,Centre,Right,50
<_io.BytesIO object at 0x0000014EB8F379A0>,1058498059,0.14368686079978943,0.2631426453590393,2.802596928649634e-45,1.064986832886861e-43,1.401298464324817e-45,0.25740477442741394,0.06018264219164848,-0.04421013966202736,20502,195691,18,4,False,Left,Front,Centre,Right,50
<_io.BytesIO object at 0x0000014EBBCC0130>,1058440609,0.14293643832206726,0.2678872346878052,2.802596928649634e-45,1.064986832886861e-43,1.401298464324817e-45,0.2577941417694092,0.060154348611831665,-0.044106416404247284,10430,195692,18,4,False,Left,Front,Centre,Right,50
<_io.BytesIO object at 0x0000014EBBD5BA90>,1058388544,0.14225637912750244,0.2721870243549347,0.6254593133926392,0.11784083396196365,0.27680832147598267,2.802596928649634e-45,1.064986832886861e-43,1.401298464324817e-45,13521,195693,18,4,False,Left,Front,Centre,Right,50
<_io.BytesIO object at 0x0000014EBBD5B4A0>,917782148,-6.942472039463556e-37,-2.767647089285674e-08,1.0856650300983262e-10,-0.3159042000770569,4.54058990558407e+27,-3.552706147253169e-22,1.130483523109403e-40,2.802596928649634e-45,26772,195693,18,4,False,Left,Front,Centre,Right,50
<_io.BytesIO object at 0x0000014EBBC997C0>,1058341360,0.1416400671005249,0.27608370780944824,0.621676504611969,0.11821984499692917,0.28198179602622986,0.5909809470176697,0.14256896078586578,0.3644930422306061,2,195694,18,4,False,Left,Front,Centre,Right,50
<_io.BytesIO object at 0x0000014EBBC99270>,4980736,9.183549615799121e-41,4.445665321764002e+21,7.905719077782947e-32,2.2807817408547585e+29,-2.1128226694014034e-36,3.050496232048888e-34,11124272.0,-1.1221784194749197e-37,-16521,195694,18,4,False,Left,Front,Centre,Right,50
<_io.BytesIO object at 0x0000014EBBC99770>,991987140,1.8367239361444675e-40,5.59128191571766e+24,1.264539140066745e-08,-1.0891078878207312e-37,2.7225677967071533,33.936119079589844,3.3213454209146676e-09,-3.120490866904267e+36,-16565,195694,18,4,False,Left,Front,Centre,Right,50
<_io.BytesIO object at 0x0000014EBBD5BEA0>,1058948790,0.11858333647251129,0.28672221302986145,0.5848140120506287,0.14169465005397797,0.3688180148601532,2.802596928649634e-45,1.064986832886861e-43,1.401298464324817e-45,-29633,195695,18,4,False,Left,Front,Centre,Right,50
<_io.BytesIO object at 0x0000014EBBD46EA0>,871644804,234.24008178710938,-4.0684687082319496e-23,5623.6875,5.524537515397716e+21,-3.733531393546375e-18,-8.006872224892675e-28,1.1305255620633327e-40,2.802596928649634e-45,26772,195695,18,4,False,Left,Front,Centre,Right,50
<_io.BytesIO object at 0x0000014EBBCBDA40>,1058891919,0.11930067092180252,0.29103583097457886,0.5787604451179504,0.1411043405532837,0.3727039694786072,2.802596928649634e-45,1.064986832886861e-43,1.401298464324817e-45,-12533,195696,18,4,False,Left,Front,Centre,Right,50
<_io.BytesIO object at 0x0000014EBBCBD680>,3300540036,5.803487204691926e-11,7.732359183325732e+23,-469217280.0,-8581305856.0,-1.1288353034679797e-25,4.094789255759679e-05,1.130483523109403e-40,2.802596928649634e-45,26772,195696,18,4,False,Left,Front,Centre,Right,50
<_io.BytesIO object at 0x0000014EB8F372C0>,1058178118,0.14057543873786926,0.37614506483078003,2.802596928649634e-45,1.064986832886861e-43,1.401298464324817e-45,0.2598017454147339,0.05995369330048561,-0.043972015380859375,14313,195697,18,4,False,Left,Front,Centre,Right,50
<_io.BytesIO object at 0x0000014EBBD39180>,1058055929,0.13951972126960754,0.37919774651527405,2.802596928649634e-45,1.064986832886861e-43,1.401298464324817e-45,0.26023632287979126,0.05987789109349251,-0.043955449014902115,2564,195698,18,4,False,Left,Front,Centre,Right,50
<_io.BytesIO object at 0x0000014EBBC90BD0>,1057933909,0.1389249861240387,0.38139572739601135,2.802596928649634e-45,1.064986832886861e-43,1.401298464324817e-45,0.2606368362903595,0.059817880392074585,-0.04394059255719185,28922,195699,18,4,False,Left,Front,Centre,Right,50
<_io.BytesIO object at 0x0000014EBBCBD400>,1057817725,0.1383245885372162,0.3828478753566742,0.5514252781867981,0.13213108479976654,0.2963053286075592,2.802596928649634e-45,1.064986832886861e-43,1.401298464324817e-45,-20777,195700,18,4,False,Left,Front,Centre,Right,50
<_io.BytesIO object at 0x0000014EBBCBDF90>,2427797125,4.5209628589348395e-29,35.18476867675781,-13588594950144.0,-2.8568890656371507e+17,-5.106832388298637e+18,1.244234499608865e-05,1.1304134581861867e-40,2.802596928649634e-45,26772,195700,18,4,False,Left,Front,Centre,Right,50
<_io.BytesIO object at 0x0000014EBBD46F90>,1057751585,0.13105368614196777,0.2980650067329407,2.802596928649634e-45,1.064986832886861e-43,1.401298464324817e-45,0.2616264224052429,0.059605151414871216,-0.0439666211605072,-20504,195701,18,4,False,Left,Front,Centre,Right,50
<_io.BytesIO object at 0x0000014EBBC99040>,1057684207,0.13002455234527588,0.2995847761631012,2.802596928649634e-45,1.064986832886861e-43,1.401298464324817e-45,0.26208898425102234,0.059496019035577774,-0.043999724090099335,-13125,195702,18,4,False,Left,Front,Centre,Right,50
<_io.BytesIO object at 0x0000014EBBD59360>,1057619794,0.12884916365146637,0.30112484097480774,2.802596928649634e-45,1.064986832886861e-43,1.401298464324817e-45,0.2626235783100128,0.059322625398635864,-0.04407884553074837,-30649,195703,18,4,False,Left,Front,Centre,Right,50
<_io.BytesIO object at 0x0000014EBBD66860>,1057553991,0.12713344395160675,0.3024689555168152,2.802596928649634e-45,1.064986832886861e-43,1.401298464324817e-45,0.263155072927475,0.059177856892347336,-0.04407745227217674,4510,195704,18,4,False,Left,Front,Centre,Right,50
<_io.BytesIO object at 0x0000014EBBCA7BD0>,1057491784,0.12528873980045319,0.3035960793495178,2.802596928649634e-45,1.064986832886861e-43,1.401298464324817e-45,0.263633131980896,0.05901864171028137,-0.04409869387745857,-18367,195705,18,4,False,Left,Front,Centre,Right,50
<_io.BytesIO object at 0x0000014EB8F37A90>,1057760268,0.15185736119747162,0.2764728367328644,2.802596928649634e-45,1.064986832886861e-43,1.401298464324817e-45,0.26802852749824524,0.0543476864695549,-0.04520532488822937,-5064,195741,18,4,False,Left,Front,Centre,Right,50
<_io.BytesIO object at 0x0000014EB8F37400>,1057828618,0.15560349822044373,0.2712401747703552,0.5979429483413696,0.15529745817184448,0.2825952470302582,2.802596928649634e-45,1.064986832886861e-43,1.401298464324817e-45,15490,195742,18,4,False,Left,Front,Centre,Right,50
<_io.BytesIO object at 0x0000014EB8F37EF0>,994655881,1.6107890646221803e-27,-6.762997821702272e-34,0.0003695255145430565,-1.7938579103543434e+36,-5.551346212537948e-29,1.6288321894698203e+22,1.1304134581861867e-40,2.802596928649634e-45,26772,195742,18,4,False,Left,Front,Centre,Right,50
<_io.BytesIO object at 0x0000014EBBC90860>,1057891324,0.1589740365743637,0.2652951180934906,0.601637601852417,0.1580507606267929,0.27706122398376465,2.802596928649634e-45,1.064986832886861e-43,1.401298464324817e-45,15565,195743,18,4,False,Left,Front,Centre,Right,50
<_io.BytesIO object at 0x0000014EBBD481D0>,4001250953,1.1759713811235306e-32,-1147051136.0,-2.770106040255118e-30,-5.990943158229456e-11,-1.624969494209709e-27,2.96872502361659e+20,1.1304134581861867e-40,2.802596928649634e-45,26772,195743,18,4,False,Left,Front,Centre,Right,50
<_io.BytesIO object at 0x0000014EBBCC0770>,1057954961,0.1625307947397232,0.2589372396469116,0.6053831577301025,0.15970732271671295,0.27037179470062256,2.802596928649634e-45,1.064986832886861e-43,1.401298464324817e-45,15781,195744,18,4,False,Left,Front,Centre,Right,50
<_io.BytesIO object at 0x0000014EBBCC0EF0>,1831878281,2.6806847946494e-19,519657.78125,-1.9612063121675387e+18,-1.1701893150960466e-39,-4.840282573344978e-27,-3.292539757602407e-24,1.1304134581861867e-40,2.802596928649634e-45,26772,195744,18,4,False,Left,Front,Centre,Right,50
<_io.BytesIO object at 0x0000014EBBD5B720>,1058018759,0.16569726169109344,0.2521947920322418,0.6089998483657837,0.1618916243314743,0.26394063234329224,2.802596928649634e-45,1.064986832886861e-43,1.401298464324817e-45,15986,195745,18,4,False,Left,Front,Centre,Right,50
<_io.BytesIO object at 0x0000014EBBD5B540>,3965075081,40061222912.0,7.327742359233367e-24,0.0011805541580542922,2.7036863307467683e-23,-2.4677018647226593e-25,1.956333771413468e+19,1.1304134581861867e-40,2.802596928649634e-45,26772,195745,18,4,False,Left,Front,Centre,Right,50
<_io.BytesIO object at 0x0000014EBBD39CC0>,1058083180,0.16874143481254578,0.24502919614315033,0.6128036379814148,0.16362698376178741,0.25680217146873474,0.5628020763397217,0.184360533952713,0.33345556259155273,2,195746,18,4,False,Left,Front,Centre,Right,50
<_io.BytesIO object at 0x0000014EBBD39310>,4980736,9.183549615799121e-41,0.03125,199.24427795410156,4.261494488763085e+37,-9259203952640.0,-1.0181963889168842e-15,-666.968994140625,-1.10340292092172e-24,-16520,195746,18,4,False,Left,Front,Centre,Right,50
<_io.BytesIO object at 0x0000014EBBD397C0>,991782256,1.8367239361444675e-40,5.59128191571766e+24,1.264539140066745e-08,-1.0891078878207312e-37,2.7225677967071533,33.936119079589844,3.3213454209146676e-09,-3.120490866904267e+36,-16565,195746,18,4,False,Left,Front,Centre,Right,50
<_io.BytesIO object at 0x0000014EBBCA7EF0>,1058148444,0.17149613797664642,0.23734621703624725,0.6164196729660034,0.1653720885515213,0.24935713410377502,0.5676689743995667,0.1882413923740387,0.3258399963378906,2,195747,18,4,False,Left,Front,Centre,Right,50
<_io.BytesIO object at 0x0000014EBBCA7A90>,4980736,9.183549615799121e-41,0.0013275146484375,-1.231694048595797e-23,-0.30710873007774353,-5.256665125429917e-14,6.1310006308223615e-34,6.054445743560791,-1.3813474972399618e-21,-16520,195747,18,4,False,Left,Front,Centre,Right,50
<_io.BytesIO object at 0x0000014EBBCA75E0>,991866335,1.8367239361444675e-40,5.59128191571766e+24,1.264539140066745e-08,-1.0891078878207312e-37,2.7225677967071533,33.936119079589844,3.3213454209146676e-09,-3.120490866904267e+36,-16565,195747,18,4,False,Left,Front,Centre,Right,50
<_io.BytesIO object at 0x0000014EBBD6FEF0>,1058217270,0.17453962564468384,0.22965292632579803,0.6201784610748291,0.16655954718589783,0.24158748984336853,0.5720428228378296,0.19164665043354034,0.3177658021450043,2,195748,18,4,False,Left,Front,Centre,Right,50
<_io.BytesIO object at 0x0000014EBBD6FD60>,4980736,9.183549615799121e-41,5.817413330078125e-05,-7.978005705646848e+21,3.038409676303757e-36,7.09384401264071e-14,3131.797607421875,1.9462060851793694e-09,-1.4806091707463251e-21,-16520,195748,18,4,False,Left,Front,Centre,Right,50
<_io.BytesIO object at 0x0000014EBBD6FC70>,991910154,1.8367239361444675e-40,5.59128191571766e+24,1.264539140066745e-08,-1.0891078878207312e-37,2.7225677967071533,33.936119079589844,3.3213454209146676e-09,-3.120490866904267e+36,-16565,195748,18,4,False,Left,Front,Centre,Right,50
<_io.BytesIO object at 0x0000014EBBD48A40>,1058283032,0.17712774872779846,0.22137488424777985,0.6238234043121338,0.1677010953426361,0.23366619646549225,0.5762002468109131,0.19497521221637726,0.30998894572257996,2,195749,18,4,False,Left,Front,Centre,Right,50
<_io.BytesIO object at 0x0000014EBBD484A0>,4980736,9.183549615799121e-41,2.514570951461792e-08,1599441.125,376559982608384.0,-2.2029484661424074e-15,-1.4098698066216525e-13,-1.9812259333338855e-32,-1.2671250585816035e-17,-16520,195749,18,4,False,Left,Front,Centre,Right,50
<_io.BytesIO object at 0x0000014EBBD48950>,991985818,1.8367239361444675e-40,5.59128191571766e+24,1.264539140066745e-08,-1.0891078878207312e-37,2.7225677967071533,33.936119079589844,3.3213454209146676e-09,-3.120490866904267e+36,-16565,195749,18,4,False,Left,Front,Centre,Right,50
<_io.BytesIO object at 0x0000014EBBCC02C0>,1058351300,0.17958196997642517,0.21301527321338654,0.6275238990783691,0.1686006486415863,0.22540345788002014,0.5809599161148071,0.19803687930107117,0.30097663402557373,-13170,195750,18,4,False,Left,Front,Centre,Right,50
<_io.BytesIO object at 0x0000014EBBCC0590>,2039496481,-2.1789495861129029e+21,2.0606234047742868e-40,6.979497708007332e-39,9.183549615799121e-41,1.2732925824820995e-11,-2.1791967358591107e-16,-2.0148748492211863e-21,-1.393983237925533e-37,-17228,195750,18,4,False,Left,Front,Centre,Right,50
<_io.BytesIO object at 0x0000014EBBCC0BD0>,3188071500,-0.197074756026268,-0.9713515043258667,0.0024848103057593107,1.8367239361444675e-40,5.59128191571766e+24,1.264539140066745e-08,-1.0891078878207312e-37,2.7225677967071533,-16746,195750,18,4,False,Left,Front,Centre,Right,50
<_io.BytesIO object at 0x0000014EBBCC0A90>,1035616775,0.52028489112854,-0.7968152761459351,0.0,0.0,0.0,0.0,0.0,8.265194654219209e-40,0,195750,18,4,False,Left,Front,Centre,Right,50
<_io.BytesIO object at 0x0000014EBBD594F0>,1058419033,0.18173110485076904,0.20435534417629242,0.631181538105011,0.16938883066177368,0.2170272022485733,0.5856025218963623,0.20073558390140533,0.2922411561012268,22600,195751,18,4,False,Left,Front,Centre,Right,50
<_io.BytesIO object at 0x0000014EBBD59AE0>,3880140578,9.87144002323339e+19,2.0605113008971408e-40,6.979497708007332e-39,9.183549615799121e-41,8.615330671091215e-14,5.1053633338445594e-27,-1.0894817682315543e+26,2.927189740598024e-11,-17232,195751,18,4,False,Left,Front,Centre,Right,50
<_io.BytesIO object at 0x0000014EBBD59090>,3188103258,-0.19657616317272186,-0.9714004397392273,0.0025191528256982565,1.8367239361444675e-40,5.59128191571766e+24,1.264539140066745e-08,-1.0891078878207312e-37,2.7225677967071533,-16746,195751,18,4,False,Left,Front,Centre,Right,50
<_io.BytesIO object at 0x0000014EBBD59C70>,1035616775,0.52028489112854,-0.7968152761459351,0.0,0.0,0.0,0.0,0.0,8.265194654219209e-40,0,195751,18,4,False,Left,Front,Centre,Right,50
<_io.BytesIO object at 0x0000014EB8F5F090>,1058487532,0.1837567389011383,0.19566452503204346,0.6346166729927063,0.16955149173736572,0.20858719944953918,0.5900052785873413,0.20312726497650146,0.283308744430542,-8783,195752,18,4,False,Left,Front,Centre,Right,50
<_io.BytesIO object at 0x0000014EB8F5FA40>,1328496418,-3.535184305292205e-06,2.0603851840353515e-40,6.979497708007332e-39,9.183549615799121e-41,1.6306400674181987e-16,-8.84757502346721e-27,1.725194423082832e-13,2042164019200.0,-17236,195752,18,4,False,Left,Front,Centre,Right,50
<_io.BytesIO object at 0x0000014EB8F5FA90>,3188129477,-0.1959535926580429,-0.9714834690093994,0.0025470179971307516,1.8367239361444675e-40,5.59128191571766e+24,1.264539140066745e-08,-1.0891078878207312e-37,2.7225677967071533,-16746,195752,18,4,False,Left,Front,Centre,Right,50
<_io.BytesIO object at 0x0000014EB8F5F360>,1035616775,0.52028489112854,-0.7968152761459351,0.0,0.0,0.0,0.0,0.0,8.265194654219209e-40,0,195752,18,4,False,Left,Front,Centre,Right,50
<_io.BytesIO object at 0x0000014EB4345130>,1058554458,0.18538489937782288,0.18683114647865295,0.6379488110542297,0.16957014799118042,0.20004424452781677,0.594390869140625,0.20553910732269287,0.27433332800865173,24399,195753,18,4,False,Left,Front,Centre,Right,50
<_io.BytesIO object at 0x0000014EBBCBD090>,2691841827,1.0099260863033385e-34,2.0602730801582055e-40,6.979497708007332e-39,9.183549615799121e-41,1.7364175418713157e-19,4.179862632771626e-14,563041792.0,2.3901065529054358e-20,-17242,195753,18,4,False,Left,Front,Centre,Right,50
<_io.BytesIO object at 0x0000014EB4345360>,3188154926,-0.19521600008010864,-0.9715965390205383,0.0025553491432219744,1.8367239361444675e-40,5.59128191571766e+24,1.264539140066745e-08,-1.0891078878207312e-37,2.7225677967071533,-16746,195753,18,4,False,Left,Front,Centre,Right,50
<_io.BytesIO object at 0x0000014EBBCBDF40>,1035616775,0.52028489112854,-0.7968152761459351,0.0,0.0,0.0,0.0,0.0,8.265194654219209e-40,0,195753,18,4,False,Left,Front,Centre,Right,50
<_io.BytesIO object at 0x0000014EBBD5BAE0>,1058622623,0.1868218332529068,0.1782331019639969,0.6414834856987,0.169648677110672,0.19178007543087006,0.5985462665557861,0.20678293704986572,0.2658165991306305,-8749,195754,18,4,False,Left,Front,Centre,Right,50
<_io.BytesIO object at 0x0000014EBBD5BBD0>,2752790307,0.001855790731497109,2.0601469632964163e-40,6.979497708007332e-39,9.183549615799121e-41,5.039846036163087e-20,-0.0017947714077308774,11812183.0,9.37321103752949e-34,-17253,195754,18,4,False,Left,Front,Centre,Right,50
<_io.BytesIO object at 0x0000014EBBD5B6D0>,3188171591,-0.19466537237167358,-0.9717005491256714,0.0025812541134655476,1.8367239361444675e-40,5.59128191571766e+24,1.264539140066745e-08,-1.0891078878207312e-37,2.7225677967071533,-16746,195754,18,4,False,Left,Front,Centre,Right,50
<_io.BytesIO object at 0x0000014EBBD5BA40>,1035616775,0.52028489112854,-0.7968152761459351,0.0,0.0,0.0,0.0,0.0,8.265194654219209e-40,0,195754,18,4,False,Left,Front,Centre,Right,50
<_io.BytesIO object at 0x0000014EBBD39A40>,1058688218,0.1879349648952484,0.1695251315832138,0.644663393497467,0.16924624145030975,0.18322837352752686,0.6023017168045044,0.2075352966785431,0.2571043372154236,15142,195755,18,4,False,Left,Front,Centre,Right,50
<_io.BytesIO object at 0x0000014EBBD397C0>,1221803812,9.140137672424316,2.060020846434627e-40,6.979497708007332e-39,9.183549615799121e-41,1.7211709488207383e-18,2.239465905545824e+26,0.0015200775815173984,-7.315788901397847e-20,-17261,195755,18,4,False,Left,Front,Centre,Right,50
<_io.BytesIO object at 0x0000014EBBD394F0>,3188176880,-0.1943877637386322,-0.9717625379562378,0.002605267334729433,1.8367239361444675e-40,5.59128191571766e+24,1.264539140066745e-08,-1.0891078878207312e-37,2.7225677967071533,-16746,195755,18,4,False,Left,Front,Centre,Right,50
<_io.BytesIO object at 0x0000014EBBD39450>,1035616775,0.52028489112854,-0.7968152761459351,0.0,0.0,0.0,0.0,0.0,8.265194654219209e-40,0,195755,18,4,False,Left,Front,Centre,Right,50
<_io.BytesIO object at 0x0000014EBBCA75E0>,1058752941,0.18866567313671112,0.16089825332164764,0.6477007269859314,0.1686759889125824,0.17498710751533508,0.6061199903488159,0.20811694860458374,0.24858662486076355,-12676,195756,18,4,False,Left,Front,Centre,Right,50
<_io.BytesIO object at 0x0000014EBBCA7450>,402276132,-2.8619417238052984e-21,2.059894729572838e-40,6.979497708007332e-39,9.183549615799121e-41,5.1736392947532295e-14,0.00016235759539995342,6.359781186378118e-29,-1.5258972635624875e-17,-17267,195756,18,4,False,Left,Front,Centre,Right,50
<_io.BytesIO object at 0x0000014EBBCA7950>,3188173530,-0.19393911957740784,-0.9718723297119141,0.002633557189255953,1.8367239361444675e-40,5.59128191571766e+24,1.264539140066745e-08,-1.0891078878207312e-37,2.7225677967071533,-16746,195756,18,4,False,Left,Front,Centre,Right,50
<_io.BytesIO object at 0x0000014EBBCA73B0>,1035616775,0.52028489112854,-0.7968152761459351,0.0,0.0,0.0,0.0,0.0,8.265194654219209e-40,0,195756,18,4,False,Left,Front,Centre,Right,50
<_io.BytesIO object at 0x0000014EBBD6FB30>,1058817808,0.1890896111726761,0.15263058245182037,0.650937557220459,0.16807706654071808,0.16691750288009644,0.6097363233566284,0.2082722932100296,0.24022254347801208,14714,195757,18,4,False,Left,Front,Centre,Right,50
<_io.BytesIO object at 0x0000014EBBD6F4A0>,1611153189,-1.3177892797656261e+23,2.0597686127110486e-40,6.979497708007332e-39,9.183549615799121e-41,2.7066562324762344e-09,5.530931275114514e-19,-100264632.0,-1.7562766020141896e-13,-17275,195757,18,4,False,Left,Front,Centre,Right,50
<_io.BytesIO object at 0x0000014EBBD6F090>,3188171431,-0.1933712214231491,-0.9720065593719482,0.0026635790709406137,1.8367239361444675e-40,5.59128191571766e+24,1.264539140066745e-08,-1.0891078878207312e-37,2.7225677967071533,-16746,195757,18,4,False,Left,Front,Centre,Right,50
<_io.BytesIO object at 0x0000014EBBD6FEA0>,1035616775,0.52028489112854,-0.7968152761459351,0.0,0.0,0.0,0.0,0.0,8.265194654219209e-40,0,195757,18,4,False,Left,Front,Centre,Right,50
<_io.BytesIO object at 0x0000014EBBC90900>,1058871751,0.18912138044834137,0.14429280161857605,0.6539045572280884,0.16717852652072906,0.15887023508548737,0.6130742430686951,0.20799989998340607,0.23214203119277954,-12750,195758,18,4,False,Left,Front,Centre,Right,50
<_io.BytesIO object at 0x0000014EBBC90AE0>,2081701669,4.25430425543781e+31,2.0596565088339026e-40,6.979497708007332e-39,9.183549615799121e-41,0.000396728515625,1.9645693492137406e-12,7.297513913013491e+20,-9.075158573118013e+22,-17287,195758,18,4,False,Left,Front,Centre,Right,50
<_io.BytesIO object at 0x0000014EBBC90D10>,3188177582,-0.19240371882915497,-0.9722033143043518,0.002686593681573868,1.8367239361444675e-40,5.59128191571766e+24,1.264539140066745e-08,-1.0891078878207312e-37,2.7225677967071533,-16746,195758,18,4,False,Left,Front,Centre,Right,50
<_io.BytesIO object at 0x0000014EBBC90040>,1035616775,0.52028489112854,-0.7968152761459351,0.0,0.0,0.0,0.0,0.0,8.265194654219209e-40,0,195758,18,4,False,Left,Front,Centre,Right,50
<_io.BytesIO object at 0x0000014EB8F37860>,1058930897,0.1891266256570816,0.1363130360841751,0.6567224860191345,0.16609324514865875,0.1510448157787323,0.6160019040107727,0.20741970837116241,0.2241615206003189,14449,195759,18,4,False,Left,Front,Centre,Right,50
<_io.BytesIO object at 0x0000014EB8F37B30>,2311995174,-3.787940871013988e+30,2.0595303919721134e-40,6.979497708007332e-39,9.183549615799121e-41,62.0,2.7291267598650116e+35,-1.456751917522206e+24,0.6552310585975647,-17302,195759,18,4,False,Left,Front,Centre,Right,50
<_io.BytesIO object at 0x0000014EB8F37900>,3188173811,-0.19166652858257294,-0.9723710417747498,0.002717111026868224,1.8367239361444675e-40,5.59128191571766e+24,1.264539140066745e-08,-1.0891078878207312e-37,2.7225677967071533,-16746,195759,18,4,False,Left,Front,Centre,Right,50
<_io.BytesIO object at 0x0000014EB8F37680>,1035616775,0.52028489112854,-0.7968152761459351,0.0,0.0,0.0,0.0,0.0,8.265194654219209e-40,0,195759,18,4,False,Left,Front,Centre,Right,50
<_io.BytesIO object at 0x0000014EB8F37E50>,1058985362,0.1887630820274353,0.12851989269256592,0.6592499017715454,0.16473405063152313,0.1433047354221344,0.6187179684638977,0.20658880472183228,0.21634511649608612,-17594,195760,18,4,False,Left,Front,Centre,Right,50
<_io.BytesIO object at 0x0000014EB8F37630>,1207779110,-1.6821539766999542e-18,2.0594182880949674e-40,6.979497708007332e-39,9.183549615799121e-41,761856.0,-1.6501397071519213e+35,685013.4375,-3.208501164224108e+34,-17304,195760,18,4,False,Left,Front,Centre,Right,50
<_io.BytesIO object at 0x0000014EB8F37040>,3188184440,-0.19087420403957367,-0.9725064039230347,0.0027238260954618454,1.8367239361444675e-40,5.59128191571766e+24,1.264539140066745e-08,-1.0891078878207312e-37,2.7225677967071533,-16746,195760,18,4,False,Left,Front,Centre,Right,50
<_io.BytesIO object at 0x0000014EB8F37770>,1035616775,0.52028489112854,-0.7968152761459351,0.0,0.0,0.0,0.0,0.0,8.265194654219209e-40,0,195760,18,4,False,Left,Front,Centre,Right,50
<_io.BytesIO object at 0x0000014EBBCBD3B0>,1059034964,0.18793219327926636,0.12088704109191895,0.6621206402778625,0.16352243721485138,0.13593338429927826,0.6212538480758667,0.20515763759613037,0.20871369540691376,14660,195761,18,4,False,Left,Front,Centre,Right,50
<_io.BytesIO object at 0x0000014EBBCBDC20>,3148365607,4.487336191963816e+29,2.0593061842178214e-40,6.979497708007332e-39,9.183549615799121e-41,3384434229248.0,-1.809040810485385e-07,-1.0858651823291513e-29,9.643014934043384e+29,-17303,195761,18,4,False,Left,Front,Centre,Right,50
<_io.BytesIO object at 0x0000014EBBCBDE50>,3188201842,-0.1900315284729004,-0.9726356267929077,0.0027355062775313854,1.8367239361444675e-40,5.59128191571766e+24,1.264539140066745e-08,-1.0891078878207312e-37,2.7225677967071533,-16746,195761,18,4,False,Left,Front,Centre,Right,50
<_io.BytesIO object at 0x0000014EBBCBD0E0>,1035616775,0.52028489112854,-0.7968152761459351,0.0,0.0,0.0,0.0,0.0,8.265194654219209e-40,0,195761,18,4,False,Left,Front,Centre,Right,50
<_io.BytesIO object at 0x0000014EBBD5BA90>,1059087466,0.1872883290052414,0.11339882016181946,0.6645640134811401,0.16193485260009766,0.1285606324672699,0.6237481236457825,0.20359814167022705,0.20132620632648468,-17880,195762,18,4,False,Left,Front,Centre,Right,50
<_io.BytesIO object at 0x0000014EBBD5B1D0>,3736420135,820191.3125,7.060421571021289e+32,-2.9616303514818556e+37,5.953458540709413e+18,2.060174989265703e-40,6.979497708007332e-39,9.183549615799121e-41,3.9271388750670725e+18,16009,195762,18,4,False,Left,Front,Centre,Right,50
<_io.BytesIO object at 0x0000014EBBD5B360>,1029272948,-0.04485368728637695,-0.014906184747815132,-0.13312841951847076,-0.18915359675884247,-0.9727669358253479,0.0027624594513326883,1.8367239361444675e-40,5.59128191571766e+24,16133,195762,18,4,False,Left,Front,Centre,Right,50
<_io.BytesIO object at 0x0000014EBBD5B7C0>,1038037593,0.27638304233551025,-0.29345840215682983,0.0909462496638298,0.52028489112854,-0.7968152761459351,0.0,0.0,0.0,0,195762,18,4,False,Left,Front,Centre,Right,50
<_io.BytesIO object at 0x0000014EBBD5B950>,0,0.0,1.401298464324817e-44,3.643376007244524e-43,9.183689745645554e-41,0.3167436420917511,0.07480473816394806,-0.06156683340668678,0.007829169742763042,586,195762,18,4,False,Left,Front,Centre,Right,50
<_io.BytesIO object at 0x0000014EBBD39810>,1059136517,0.18623562157154083,0.1061505675315857,0.6669451594352722,0.1602587103843689,0.1211155354976654,0.6262969970703125,0.20192651450634003,0.19410066306591034,20210,195763,18,4,False,Left,Front,Centre,Right,50
<_io.BytesIO object at 0x0000014EBBC90BD0>,154484520,-5.177871643104951e-16,-38.810523986816406,-3.6973948209316495e+18,3577600256.0,2.060062885388557e-40,6.979497708007332e-39,9.183549615799121e-41,1.5489362063812436e+25,16009,195763,18,4,False,Left,Front,Centre,Right,50
<_io.BytesIO object at 0x0000014EBBD393B0>,1029332667,-0.044664666056632996,-0.015282252803444862,-0.13351789116859436,-0.18852335214614868,-0.9728301167488098,0.0027966671623289585,1.8367239361444675e-40,5.59128191571766e+24,16133,195763,18,4,False,Left,Front,Centre,Right,50
<_io.BytesIO object at 0x0000014EBBC909A0>,1038037593,0.27638304233551025,-0.29345840215682983,0.0909462496638298,0.52028489112854,-0.7968152761459351,0.0,0.0,0.0,0,195763,18,4,False,Left,Front,Centre,Right,50
<_io.BytesIO object at 0x0000014EBBC901D0>,0,0.0,1.401298464324817e-44,3.643376007244524e-43,9.183689745645554e-41,0.3169015645980835,0.07493609189987183,-0.06145687773823738,0.007829919457435608,586,195763,18,4,False,Left,Front,Centre,Right,50
<_io.BytesIO object at 0x0000014EBBCA3A40>,1059186122,0.18544749915599823,0.0988258346915245,0.6694939136505127,0.1588205099105835,0.11392442882061005,0.6286877393722534,0.19994662702083588,0.18706952035427094,-17216,195764,18,4,False,Left,Front,Centre,Right,50
<_io.BytesIO object at 0x0000014EBBCA3770>,3489021736,-1.9583178268803998e-38,1.7701010266569202e-27,1.8094807532642062e+36,2.9565437836564388e-27,2.059950781511411e-40,6.979497708007332e-39,9.183549615799121e-41,1.6096120261457966e+36,16009,195764,18,4,False,Left,Front,Centre,Right,50
<_io.BytesIO object at 0x0000014EBBCA3E00>,1029400555,-0.0444633774459362,-0.01667761616408825,-0.1343972384929657,-0.1879243552684784,-0.9728020429611206,0.0028260000981390476,1.8367239361444675e-40,5.59128191571766e+24,16133,195764,18,4,False,Left,Front,Centre,Right,50
<_io.BytesIO object at 0x0000014EBBCA3F90>,1038037593,0.27638304233551025,-0.29345840215682983,0.0909462496638298,0.52028489112854,-0.7968152761459351,0.0,0.0,0.0,0,195764,18,4,False,Left,Front,Centre,Right,50
<_io.BytesIO object at 0x0000014EBBCA3E00>,0,0.0,1.401298464324817e-44,3.643376007244524e-43,9.183689745645554e-41,0.3170662224292755,0.07500404864549637,-0.06132229417562485,0.007830530405044556,586,195764,18,4,False,Left,Front,Centre,Right,50
<_io.BytesIO object at 0x0000014EBBD39090>,1059231430,0.18406683206558228,0.09195011109113693,0.6720266342163086,0.15718898177146912,0.10683245956897736,0.630919873714447,0.19784438610076904,0.17996083199977875,18444,195765,18,4,False,Left,Front,Centre,Right,50
<_io.BytesIO object at 0x0000014EBBD39720>,3446226729,-1.0216991129312905e-19,2.0890481106560243e+25,-8.368342288191923e+30,-2.0924977670899584e+23,2.0598246646496216e-40,6.979497708007332e-39,9.183549615799121e-41,-1.8681520460556188e-32,16009,195765,18,4,False,Left,Front,Centre,Right,50
<_io.BytesIO object at 0x0000014EBBD39CC0>,1029464744,-0.04423878714442253,-0.018321869894862175,-0.13494805991649628,-0.18663960695266724,-0.9729435443878174,0.002858946332708001,1.8367239361444675e-40,5.59128191571766e+24,16133,195765,18,4,False,Left,Front,Centre,Right,50
<_io.BytesIO object at 0x0000014EBBD399A0>,1038037593,0.27638304233551025,-0.29345840215682983,0.0909462496638298,0.52028489112854,-0.7968152761459351,0.0,0.0,0.0,0,195765,18,4,False,Left,Front,Centre,Right,50
<_io.BytesIO object at 0x0000014EBBC99E00>,0,0.0,1.401298464324817e-44,3.643376007244524e-43,9.183689745645554e-41,0.3173205554485321,0.07503850758075714,-0.06107242777943611,0.007831756956875324,586,195765,18,4,False,Left,Front,Centre,Right,50
<_io.BytesIO object at 0x0000014EBBD46310>,1059268779,0.18305034935474396,0.08466961979866028,0.6742995977401733,0.1555609107017517,0.0995517298579216,0.6331928968429565,0.19593296945095062,0.1732100397348404,-7242,195766,18,4,False,Left,Front,Centre,Right,50
<_io.BytesIO object at 0x0000014EBBD467C0>,79707945,3149690.5,-3624818.75,-1.4693365135690178e-35,-350175528747008.0,2.0597125607724756e-40,6.979497708007332e-39,9.183549615799121e-41,-3.2699483589986875e-24,16009,195766,18,4,False,Left,Front,Centre,Right,50
<_io.BytesIO object at 0x0000014EBBD46EF0>,1029531928,-0.043979890644550323,-0.01993693970143795,-0.13570094108581543,-0.1849544644355774,-0.9731288552284241,0.002862102584913373,1.8367239361444675e-40,5.59128191571766e+24,16133,195766,18,4,False,Left,Front,Centre,Right,50
<_io.BytesIO object at 0x0000014EBBD466D0>,1038037593,0.27638304233551025,-0.29345840215682983,0.0909462496638298,0.52028489112854,-0.7968152761459351,0.0,0.0,0.0,0,195766,18,4,False,Left,Front,Centre,Right,50
<_io.BytesIO object at 0x0000014EBBD46900>,0,0.0,1.401298464324817e-44,3.643376007244524e-43,9.183689745645554e-41,0.3174853026866913,0.07507403194904327,-0.0609101727604866,0.007833153940737247,586,195766,18,4,False,Left,Front,Centre,Right,50
<_io.BytesIO object at 0x0000014EBBD55DB0>,1059320984,0.18264250457286835,0.07780054956674576,0.6767971515655518,0.15407080948352814,0.09256131947040558,0.6353989839553833,0.1935727894306183,0.1664590984582901,26997,195767,18,4,False,Left,Front,Centre,Right,50
<_io.BytesIO object at 0x0000014EBBD55EF0>,1382825770,-1.0403957523962448e-23,5.695050415413169e-14,3.2786375353360996e-29,-4.736677440076115e-24,2.0596004568953296e-40,6.979497708007332e-39,9.183549615799121e-41,-1.0602629885170245e-14,16009,195767,18,4,False,Left,Front,Centre,Right,50
<_io.BytesIO object at 0x0000014EBBD55220>,1029590817,-0.043666474521160126,-0.02156619355082512,-0.13652931153774261,-0.18288780748844147,-0.9733688235282898,0.0028792242519557476,1.8367239361444675e-40,5.59128191571766e+24,16133,195767,18,4,False,Left,Front,Centre,Right,50
<_io.BytesIO object at 0x0000014EBBD554A0>,1038037593,0.27638304233551025,-0.29345840215682983,0.0909462496638298,0.52028489112854,-0.7968152761459351,0.0,0.0,0.0,0,195767,18,4,False,Left,Front,Centre,Right,50
<_io.BytesIO object at 0x0000014EBBD55770>,0,0.0,1.401298464324817e-44,3.643376007244524e-43,9.183689745645554e-41,0.31766098737716675,0.07509028166532516,-0.06075362488627434,0.007834495045244694,586,195767,18,4,False,Left,Front,Centre,Right,50
<_io.BytesIO object at 0x0000014EBBCC0400>,1059363342,0.18157508969306946,0.07098645716905594,0.6790426969528198,0.15252724289894104,0.08549843728542328,0.6377221345901489,0.19163140654563904,0.15985432267189026,-9216,195768,18,4,False,Left,Front,Centre,Right,50
<_io.BytesIO object at 0x0000014EB8F37770>,2747875114,-1900452249600.0,-3.974894838774474e-30,-2.0805284036383431e-13,2.3450649429669106e+33,2.0594883530181836e-40,6.979497708007332e-39,9.183549615799121e-41,-9.313225746154785e-08,16009,195768,18,4,False,Left,Front,Centre,Right,50
<_io.BytesIO object at 0x0000014EB8F37130>,1029670119,-0.04338301718235016,-0.023161835968494415,-0.1375422328710556,-0.1803625226020813,-0.9736606478691101,0.0029214241076260805,1.8367239361444675e-40,5.59128191571766e+24,16133,195768,18,4,False,Left,Front,Centre,Right,50
<_io.BytesIO object at 0x0000014EB8F37040>,1038037593,0.27638304233551025,-0.29345840215682983,0.0909462496638298,0.52028489112854,-0.7968152761459351,0.0,0.0,0.0,0,195768,18,4,False,Left,Front,Centre,Right,50
<_io.BytesIO object at 0x0000014EB8F37630>,0,0.0,1.401298464324817e-44,3.643376007244524e-43,9.183689745645554e-41,0.31786152720451355,0.07518499344587326,-0.06051505357027054,0.007835684344172478,586,195768,18,4,False,Left,Front,Centre,Right,50
<_io.BytesIO object at 0x0000014EBBD55180>,1059404030,0.1807022988796234,0.06421619653701782,0.6813186407089233,0.15115484595298767,0.07832863926887512,0.6405443549156189,0.1896996796131134,0.15333743393421173,23349,195769,18,4,False,Left,Front,Centre,Right,50
<_io.BytesIO object at 0x0000014EBBD55900>,232865579,5.4354168735337716e-12,-7.68267635998614e+28,9.529609893986942e+24,198.24119567871094,2.0593762491410377e-40,6.979497708007332e-39,9.183549615799121e-41,-0.0135498046875,16009,195769,18,4,False,Left,Front,Centre,Right,50
<_io.BytesIO object at 0x0000014EBBD55720>,1029745788,-0.043075259774923325,-0.02427026256918907,-0.13859961926937103,-0.17772412300109863,-0.9739688634872437,0.0029541458934545517,1.8367239361444675e-40,5.59128191571766e+24,16133,195769,18,4,False,Left,Front,Centre,Right,50
<_io.BytesIO object at 0x0000014EBBD556D0>,1038037593,0.27638304233551025,-0.29345840215682983,0.0909462496638298,0.52028489112854,-0.7968152761459351,0.0,0.0,0.0,0,195769,18,4,False,Left,Front,Centre,Right,50
<_io.BytesIO object at 0x0000014EBBD55C20>,0,0.0,1.401298464324817e-44,3.643376007244524e-43,9.183689745645554e-41,0.318027138710022,0.07519295811653137,-0.06036363169550896,0.007836570963263512,586,195769,18,4,False,Left,Front,Centre,Right,50
<_io.BytesIO object at 0x0000014EBBD5BEA0>,1059446527,0.17997479438781738,0.057493820786476135,0.6835193634033203,0.1498212069272995,0.07140815258026123,0.6429353952407837,0.18754316866397858,0.1464676409959793,-11351,195770,18,4,False,Left,Front,Centre,Right,50
<_io.BytesIO object at 0x0000014EBBD5B4F0>,3796188971,-45.810420989990234,110750816.0,330.4933776855469,5.69465819185532e-25,2.0592641452638917e-40,6.979497708007332e-39,9.183549615799121e-41,-89.0,16009,195770,18,4,False,Left,Front,Centre,Right,50
<_io.BytesIO object at 0x0000014EBBD5BA90>,1029836572,-0.04278670251369476,-0.02625155821442604,-0.13951289653778076,-0.17404696345329285,-0.974450945854187,0.00298492144793272,1.8367239361444675e-40,5.59128191571766e+24,16133,195770,18,4,False,Left,Front,Centre,Right,50
<_io.BytesIO object at 0x0000014EBBD5B9A0>,1038037593,0.27638304233551025,-0.29345840215682983,0.0909462496638298,0.52028489112854,-0.7968152761459351,0.0,0.0,0.0,0,195770,18,4,False,Left,Front,Centre,Right,50
<_io.BytesIO object at 0x0000014EBBD5BCC0>,0,0.0,1.401298464324817e-44,3.643376007244524e-43,9.183689745645554e-41,0.31821009516716003,0.07519068568944931,-0.060186661779880524,0.00783767830580473,586,195770,18,4,False,Left,Front,Centre,Right,50
<_io.BytesIO object at 0x0000014EBBC90180>,1059489542,0.1792655885219574,0.05081306770443916,0.6856510639190674,0.14846155047416687,0.0642940029501915,0.6453616619110107,0.18568453192710876,0.13971048593521118,16898,195771,18,4,False,Left,Front,Centre,Right,50
<_io.BytesIO object at 0x0000014EBBC902C0>,2580561708,-3.1552750634953145e-26,-8.428463005652476e-13,1.124347767667011e-10,-2.6653015178667105e+28,2.0591380284021024e-40,6.979497708007332e-39,9.183549615799121e-41,-5100273664.0,16009,195771,18,4,False,Left,Front,Centre,Right,50
<_io.BytesIO object at 0x0000014EBBC90130>,1029921191,-0.04247235879302025,-0.027753591537475586,-0.14070910215377808,-0.17138762772083282,-0.974708616733551,0.0030007376335561275,1.8367239361444675e-40,5.59128191571766e+24,16133,195771,18,4,False,Left,Front,Centre,Right,50
<_io.BytesIO object at 0x0000014EBBC90D10>,1038037593,0.27638304233551025,-0.29345840215682983,0.0909462496638298,0.52028489112854,-0.7968152761459351,0.0,0.0,0.0,0,195771,18,4,False,Left,Front,Centre,Right,50
<_io.BytesIO object at 0x0000014EBBD59B80>,0,0.0,1.401298464324817e-44,3.643376007244524e-43,9.183689745645554e-41,0.3183763325214386,0.07520871609449387,-0.06000349298119545,0.007838600315153599,586,195771,18,4,False,Left,Front,Centre,Right,50
<_io.BytesIO object at 0x0000014EBBD6FA40>,1059566315,0.17798368632793427,0.03758993372321129,0.6896899342536926,0.14614300429821014,0.05026876926422119,0.6501945853233337,0.182182177901268,0.12667301297187805,2252,195773,18,4,False,Left,Front,Centre,Right,50
<_io.BytesIO object at 0x0000014EBBD6F950>,2047491885,-122.62079620361328,4.3457790268544123e+18,-6.636843369815517e+26,-1.7855957509529928e+18,2.0587036258781618e-40,6.979497708007332e-39,9.183549615799121e-41,-1.4555633995661443e+19,16009,195773,18,4,False,Left,Front,Centre,Right,50
<_io.BytesIO object at 0x0000014EBBD6FC70>,1030113445,-0.04177173227071762,-0.03303340822458267,-0.1432255357503891,-0.16475751996040344,-0.97532057762146,0.003074302803725004,1.8367239361444675e-40,5.59128191571766e+24,16133,195773,18,4,False,Left,Front,Centre,Right,50
<_io.BytesIO object at 0x0000014EBBD6F3B0>,1038037593,0.27638304233551025,-0.29345840215682983,0.0909462496638298,0.52028489112854,-0.7968152761459351,0.0,0.0,0.0,0,195773,18,4,False,Left,Front,Centre,Right,50
<_io.BytesIO object at 0x0000014EB8F37A90>,0,0.0,1.401298464324817e-44,3.643376007244524e-43,9.183689745645554e-41,0.31870847940444946,0.07534992694854736,-0.05959949269890785,0.007838672026991844,586,195773,18,4,False,Left,Front,Centre,Right,50
<_io.BytesIO object at 0x0000014EBBCA3CC0>,1059606147,0.1779116541147232,0.03089832328259945,0.6916166543960571,0.14501650631427765,0.04339269548654556,0.652999758720398,0.18088717758655548,0.12032190710306168,27632,195774,18,4,False,Left,Front,Centre,Right,50
<_io.BytesIO object at 0x0000014EBBCA3D10>,3532865325,-0.2062905877828598,-3.5513719742752414e-10,1.0757914741324481e-13,-2.4470059659109644e-11,2.058493431108513e-40,6.979497708007332e-39,9.183549615799121e-41,-9.621821708846902e+22,16009,195774,18,4,False,Left,Front,Centre,Right,50
<_io.BytesIO object at 0x0000014EBBCA30E0>,1030243437,-0.04140397533774376,-0.035790711641311646,-0.14493398368358612,-0.1605672836303711,-0.9756696820259094,0.003158902283757925,1.8367239361444675e-40,5.59128191571766e+24,16133,195774,18,4,False,Left,Front,Centre,Right,50
<_io.BytesIO object at 0x0000014EBBCA3F90>,1038037593,0.27638304233551025,-0.29345840215682983,0.0909462496638298,0.52028489112854,-0.7968152761459351,0.0,0.0,0.0,0,195774,18,4,False,Left,Front,Centre,Right,50
<_io.BytesIO object at 0x0000014EBBCA3180>,0,0.0,1.401298464324817e-44,3.643376007244524e-43,9.183689745645554e-41,0.318777859210968,0.07542341947555542,-0.05942950025200844,0.007839127443730831,586,195774,18,4,False,Left,Front,Centre,Right,50
<_io.BytesIO object at 0x0000014EBBC99130>,1059642555,0.17740461230278015,0.024567261338233948,0.693533182144165,0.14414259791374207,0.03660379350185394,0.6552041172981262,0.17948587238788605,0.11405029147863388,-10582,195775,18,4,False,Left,Front,Centre,Right,50
<_io.BytesIO object at 0x0000014EBBC99A40>,1240284973,55041977221120.0,1.9046545545822682e-31,1.7300629234806429e+34,1.0200361444390182e-08,2.0582832363388643e-40,6.979497708007332e-39,9.183549615799121e-41,-3.2714147693219283e+19,16009,195775,18,4,False,Left,Front,Centre,Right,50
<_io.BytesIO object at 0x0000014EBBC99220>,1030373820,-0.04106947407126427,-0.03935892507433891,-0.14667534828186035,-0.1565285623073578,-0.9759283661842346,0.0032213733065873384,1.8367239361444675e-40,5.59128191571766e+24,16133,195775,18,4,False,Left,Front,Centre,Right,50
<_io.BytesIO object at 0x0000014EBBC99810>,1038037593,0.27638304233551025,-0.29345840215682983,0.0909462496638298,0.52028489112854,-0.7968152761459351,0.0,0.0,0.0,0,195775,18,4,False,Left,Front,Centre,Right,50
<_io.BytesIO object at 0x0000014EBBC99400>,0,0.0,1.401298464324817e-44,3.643376007244524e-43,9.183689745645554e-41,0.3188203275203705,0.07552990317344666,-0.059282008558511734,0.007839659228920937,586,195775,18,4,False,Left,Front,Centre,Right,50
<_io.BytesIO object at 0x0000014EBBD469A0>,1059680581,0.1767875701189041,0.018336668610572815,0.6955363154411316,0.14348526298999786,0.030063040554523468,0.657342255115509,0.1782664656639099,0.10767154395580292,18383,195776,18,4,False,Left,Front,Centre,Right,50
<_io.BytesIO object at 0x0000014EBBD46A90>,51003182,-4.586373818839815e-15,1.3329143397075432e+31,1.6414254844221432e-07,8593460760150016.0,2.0580730415692156e-40,6.979497708007332e-39,9.183549615799121e-41,-3367254360064.0,16009,195776,18,4,False,Left,Front,Centre,Right,50
<_io.BytesIO object at 0x0000014EBBD46590>,1030539515,-0.040690116584300995,-0.043389495462179184,-0.14859551191329956,-0.15147879719734192,-0.9762637615203857,0.003317504655569792,1.8367239361444675e-40,5.59128191571766e+24,16133,195776,18,4,False,Left,Front,Centre,Right,50
<_io.BytesIO object at 0x0000014EBBD46C20>,1038037593,0.27638304233551025,-0.29345840215682983,0.0909462496638298,0.52028489112854,-0.7968152761459351,0.0,0.0,0.0,0,195776,18,4,False,Left,Front,Centre,Right,50
<_io.BytesIO object at 0x0000014EBBD46EA0>,0,0.0,1.401298464324817e-44,3.643376007244524e-43,9.183689745645554e-41,0.31881460547447205,0.07571105659008026,-0.05906384065747261,0.007839972153306007,586,195776,18,4,False,Left,Front,Centre,Right,50
<_io.BytesIO object at 0x0000014EB8F5FC70>,1059714276,0.1762675791978836,0.012163995765149593,0.6974875926971436,0.14271368086338043,0.023533467203378677,0.6594628691673279,0.1772083193063736,0.10144996643066406,-16595,195777,18,4,False,Left,Front,Centre,Right,50
<_io.BytesIO object at 0x0000014EB8F5F180>,3942661934,7397215194578944.0,-2.4238630040424258e+20,0.00019287750183138996,-7.45167920110465e+37,2.057862846799567e-40,6.979497708007332e-39,9.183549615799121e-41,-76546048.0,16009,195777,18,4,False,Left,Front,Centre,Right,50
<_io.BytesIO object at 0x0000014EB8F5FEF0>,1030705029,-0.04029140993952751,-0.04693704470992088,-0.15068550407886505,-0.14805613458156586,-0.9763043522834778,0.003381625283509493,1.8367239361444675e-40,5.59128191571766e+24,16133,195777,18,4,False,Left,Front,Centre,Right,50
<_io.BytesIO object at 0x0000014EB8F5FAE0>,1038037593,0.27638304233551025,-0.29345840215682983,0.0909462496638298,0.52028489112854,-0.7968152761459351,0.0,0.0,0.0,0,195777,18,4,False,Left,Front,Centre,Right,50
<_io.BytesIO object at 0x0000014EB8F5F040>,0,0.0,1.401298464324817e-44,3.643376007244524e-43,9.183689745645554e-41,0.3188035786151886,0.07602105289697647,-0.05887987092137337,0.007840384729206562,586,195777,18,4,False,Left,Front,Centre,Right,50
<_io.BytesIO object at 0x0000014EBBD48D60>,1059747514,0.175856351852417,0.006095074117183685,0.6993785500526428,0.14214755594730377,0.01708456128835678,0.6616463661193848,0.17632408440113068,0.09545633941888809,13825,195778,18,4,False,Left,Front,Centre,Right,50
<_io.BytesIO object at 0x0000014EBBD48A40>,3923197743,5.172014634647429e-20,3293877528166400.0,178392171282432.0,7.710526095779319e-16,2.0576806779992046e-40,6.979497708007332e-39,9.183549615799121e-41,-1.8533319234848022e-07,16009,195778,18,4,False,Left,Front,Centre,Right,50
<_io.BytesIO object at 0x0000014EBBD484F0>,1030908903,-0.03980448096990585,-0.05091125890612602,-0.15316320955753326,-0.14175741374492645,-0.9766545295715332,0.0034880549646914005,1.8367239361444675e-40,5.59128191571766e+24,16133,195778,18,4,False,Left,Front,Centre,Right,50
<_io.BytesIO object at 0x0000014EBBD48400>,1038037593,0.27638304233551025,-0.29345840215682983,0.0909462496638298,0.52028489112854,-0.7968152761459351,0.0,0.0,0.0,0,195778,18,4,False,Left,Front,Centre,Right,50
<_io.BytesIO object at 0x0000014EBBD48B30>,0,0.0,1.401298464324817e-44,3.643376007244524e-43,9.183689745645554e-41,0.31871601939201355,0.07635065168142319,-0.05867447331547737,0.007840683683753014,586,195778,18,4,False,Left,Front,Centre,Right,50
<_io.BytesIO object at 0x0000014EBBD31F40>,1059780815,0.1753641813993454,0.0002755741879809648,0.7012367248535156,0.14158447086811066,0.011014236137270927,0.6637119650840759,0.17547175288200378,0.08956839144229889,-21041,195779,18,4,False,Left,Front,Centre,Right,50
<_io.BytesIO object at 0x0000014EBBD31CC0>,4187307823,-4.381848780681511e+18,-14859415584768.0,-86.12336730957031,-5.14662419969023e+35,2.057484496214199e-40,6.979497708007332e-39,9.183549615799121e-41,-2.1969917069408415e-21,16009,195779,18,4,False,Left,Front,Centre,Right,50
<_io.BytesIO object at 0x0000014EBBD31D10>,1031126888,-0.03930456191301346,-0.05462120100855827,-0.1554127186536789,-0.1379500776529312,-0.9766439199447632,0.003563420847058296,1.8367239361444675e-40,5.59128191571766e+24,16133,195779,18,4,False,Left,Front,Centre,Right,50
<_io.BytesIO object at 0x0000014EBBD31C70>,1038037593,0.27638304233551025,-0.29345840215682983,0.0909462496638298,0.52028489112854,-0.7968152761459351,0.0,0.0,0.0,0,195779,18,4,False,Left,Front,Centre,Right,50
<_io.BytesIO object at 0x0000014EBBD46630>,0,0.0,1.401298464324817e-44,3.643376007244524e-43,9.183689745645554e-41,0.31856992840766907,0.07685337215662003,-0.05840664729475975,0.007840563543140888,586,195779,18,4,False,Left,Front,Centre,Right,50
<_io.BytesIO object at 0x0000014EBBC99AE0>,1059811938,0.1750795990228653,-0.005380685906857252,0.7031657099723816,0.14114287495613098,0.005119990557432175,0.6656934022903442,0.17473772168159485,0.08393862098455429,9833,195780,18,4,False,Left,Front,Centre,Right,50
<_io.BytesIO object at 0x0000014EBBC997C0>,647118640,-0.01405282411724329,8374453272576.0,856672960.0,2.0688774679083108e+23,2.057302327413837e-40,6.979497708007332e-39,9.183549615799121e-41,3.489223488935404e+36,16009,195780,18,4,False,Left,Front,Centre,Right,50
<_io.BytesIO object at 0x0000014EBBC99720>,1031358254,-0.03880780190229416,-0.05819696560502052,-0.15712399780750275,-0.13493472337722778,-0.976584792137146,0.003639106173068285,1.8367239361444675e-40,5.59128191571766e+24,16133,195780,18,4,False,Left,Front,Centre,Right,50
<_io.BytesIO object at 0x0000014EBBC99F90>,1038037593,0.27638304233551025,-0.29345840215682983,0.0909462496638298,0.52028489112854,-0.7968152761459351,0.0,0.0,0.0,0,195780,18,4,False,Left,Front,Centre,Right,50
<_io.BytesIO object at 0x0000014EBBC99180>,0,0.0,1.401298464324817e-44,3.643376007244524e-43,9.183689745645554e-41,0.3183009624481201,0.07742263376712799,-0.058021195232868195,0.00784062035381794,586,195780,18,4,False,Left,Front,Centre,Right,50
<_io.BytesIO object at 0x0000014EBBD39720>,1059841480,0.1747121512889862,-0.010901184752583504,0.7049973011016846,0.14098483324050903,-0.0005847675492987037,0.6676784157752991,0.1741170734167099,0.07848741114139557,-26423,195781,18,4,False,Left,Front,Centre,Right,50
<_io.BytesIO object at 0x0000014EBBD390E0>,2066628400,869341.0,-123548777578496.0,-8241824808304640.0,-5415.70263671875,2.0569520027977557e-40,6.979497708007332e-39,9.183549615799121e-41,30198988800.0,16009,195781,18,4,False,Left,Front,Centre,Right,50
<_io.BytesIO object at 0x0000014EBBD394F0>,1031597119,-0.03822740167379379,-0.06188653036952019,-0.15894995629787445,-0.13176868855953217,-0.9764947891235352,0.003681328147649765,1.8367239361444675e-40,5.59128191571766e+24,16133,195781,18,4,False,Left,Front,Centre,Right,50
<_io.BytesIO object at 0x0000014EBBD39450>,1038037593,0.27638304233551025,-0.29345840215682983,0.0909462496638298,0.52028489112854,-0.7968152761459351,0.0,0.0,0.0,0,195781,18,4,False,Left,Front,Centre,Right,50
<_io.BytesIO object at 0x0000014EBBD39B80>,0,0.0,1.401298464324817e-44,3.643376007244524e-43,9.183689745645554e-41,0.3179686665534973,0.07808986306190491,-0.057610299438238144,0.007840663194656372,586,195781,18,4,False,Left,Front,Centre,Right,50
<_io.BytesIO object at 0x0000014EBBD662C0>,1059868516,0.1745617389678955,-0.01626204326748848,0.7066461443901062,0.1405171900987625,-0.006185306701809168,0.6694822907447815,0.17344240844249725,0.07301799952983856,2680,195782,18,4,False,Left,Front,Centre,Right,50
<_io.BytesIO object at 0x0000014EB8F37A40>,3597287217,-2.6665138985748627e-09,5.847236337257677e+16,-0.0009622450452297926,5.439703548715258e-11,2.056629704150961e-40,6.979497708007332e-39,9.183549615799121e-41,1.6601845766184287e-19,16009,195782,18,4,False,Left,Front,Centre,Right,50
<_io.BytesIO object at 0x0000014EB8F37D10>,1031816650,-0.037658192217350006,-0.06465025246143341,-0.16087795794010162,-0.12897934019565582,-0.9763724207878113,0.003786519169807434,1.8367239361444675e-40,5.59128191571766e+24,16133,195782,18,4,False,Left,Front,Centre,Right,50
<_io.BytesIO object at 0x0000014EB8F37540>,1038037593,0.27638304233551025,-0.29345840215682983,0.0909462496638298,0.52028489112854,-0.7968152761459351,0.0,0.0,0.0,0,195782,18,4,False,Left,Front,Centre,Right,50
<_io.BytesIO object at 0x0000014EB8F374A0>,0,0.0,1.401298464324817e-44,3.643376007244524e-43,9.183689745645554e-41,0.31765326857566833,0.07873830944299698,-0.05718713626265526,0.007840918377041817,586,195782,18,4,False,Left,Front,Centre,Right,50
<_io.BytesIO object at 0x0000014EBBD59E50>,1059893354,0.1742522120475769,-0.021427113562822342,0.708267867565155,0.14028050005435944,-0.01155963446944952,0.6715559959411621,0.1729324907064438,0.06787336617708206,30451,195783,18,4,False,Left,Front,Centre,Right,50
<_io.BytesIO object at 0x0000014EBBD59F90>,1321418545,-1.3879872840967948e+29,-3.3267328898144666e+17,-6.672296721209336e-14,-2.340438791988602e+34,2.0563074055041663e-40,6.979497708007332e-39,9.183549615799121e-41,-3.6983458673650736e+28,16008,195783,18,4,False,Left,Front,Centre,Right,50
<_io.BytesIO object at 0x0000014EBBD599A0>,1031929821,-0.03700731694698334,-0.06695777922868729,-0.16307684779167175,-0.1275666058063507,-0.9760376811027527,0.0038625779561698437,1.8367239361444675e-40,5.59128191571766e+24,16133,195783,18,4,False,Left,Front,Centre,Right,50
<_io.BytesIO object at 0x0000014EBBD59040>,1038037593,0.27638304233551025,-0.29345840215682983,0.0909462496638298,0.52028489112854,-0.7968152761459351,0.0,0.0,0.0,0,195783,18,4,False,Left,Front,Centre,Right,50
<_io.BytesIO object at 0x0000014EBBD59900>,0,0.0,1.401298464324817e-44,3.643376007244524e-43,9.183689745645554e-41,0.3171919584274292,0.07937348634004593,-0.05679039657115936,0.007840937934815884,586,195783,18,4,False,Left,Front,Centre,Right,50
<_io.BytesIO object at 0x0000014EBBCA7180>,1059917790,0.17413057386875153,-0.026395602151751518,0.7097812294960022,0.14005745947360992,-0.016761407256126404,0.6734455227851868,0.17233382165431976,0.06299887597560883,-9710,195784,18,4,False,Left,Front,Centre,Right,50
<_io.BytesIO object at 0x0000014EBBCA7040>,3931324209,-5.354333504227376e+35,6.582594915978655e+20,-1587517056.0,3.539225119572609e-13,2.056013132826658e-40,6.979497708007332e-39,9.183549615799121e-41,-1020.0,16008,195784,18,4,False,Left,Front,Centre,Right,50
<_io.BytesIO object at 0x0000014EBBCA7D60>,1032041388,-0.03640609234571457,-0.06986884772777557,-0.16448238492012024,-0.1248946264386177,-0.9759432673454285,0.003871021093800664,1.8367239361444675e-40,5.59128191571766e+24,16133,195784,18,4,False,Left,Front,Centre,Right,50
<_io.BytesIO object at 0x0000014EBBCA7D10>,1038037593,0.27638304233551025,-0.29345840215682983,0.0909462496638298,0.52028489112854,-0.7968152761459351,0.0,0.0,0.0,0,195784,18,4,False,Left,Front,Centre,Right,50
<_io.BytesIO object at 0x0000014EBBCA7E50>,0,0.0,1.401298464324817e-44,3.643376007244524e-43,9.183689745645554e-41,0.3167632520198822,0.0798911303281784,-0.05629129707813263,0.007840639911592007,586,195784,18,4,False,Left,Front,Centre,Right,50
<_io.BytesIO object at 0x0000014EBBCBDAE0>,1059938999,0.17395174503326416,-0.03106481209397316,0.711064338684082,0.13990847766399384,-0.021777212619781494,0.6754229068756104,0.17198844254016876,0.05836394801735878,14034,195785,18,4,False,Left,Front,Centre,Right,50
<_io.BytesIO object at 0x0000014EBBCBDC20>,2358329138,-52678156288.0,-14269672.0,1.3797288719314788e-33,-8.19160011389365e+31,2.0557048471645066e-40,6.979497708007332e-39,9.183549615799121e-41,-1.1093356479670479e-30,16008,195785,18,4,False,Left,Front,Centre,Right,50
<_io.BytesIO object at 0x0000014EBBCBD540>,1032147904,-0.03571939840912819,-0.07340075075626373,-0.16606517136096954,-0.12270578742027283,-0.9756935834884644,0.003932893741875887,1.8367239361444675e-40,5.59128191571766e+24,16133,195785,18,4,False,Left,Front,Centre,Right,50
<_io.BytesIO object at 0x0000014EBBCBDB30>,1038037593,0.27638304233551025,-0.29345840215682983,0.0909462496638298,0.52028489112854,-0.7968152761459351,0.0,0.0,0.0,0,195785,18,4,False,Left,Front,Centre,Right,50
<_io.BytesIO object at 0x0000014EBBCBD7C0>,0,0.0,1.401298464324817e-44,3.643376007244524e-43,9.183689745645554e-41,0.316333144903183,0.08054670691490173,-0.055768150836229324,0.007840337231755257,586,195785,18,4,False,Left,Front,Centre,Right,50
<_io.BytesIO object at 0x0000014EBBCC0220>,1059960288,0.17368526756763458,-0.035598281770944595,0.7123993039131165,0.13963544368743896,-0.0267209280282259,0.677232563495636,0.1714453548192978,0.05378449335694313,-30517,195786,18,4,False,Left,Front,Centre,Right,50
<_io.BytesIO object at 0x0000014EBBCC0130>,673529650,-1.0743744342795808e-27,0.00038097077049314976,3.1031190701469313e-06,4.8130535320407225e-30,2.055326496579139e-40,6.979497708007332e-39,9.183549615799121e-41,12987981103104.0,16008,195786,18,4,False,Left,Front,Centre,Right,50
<_io.BytesIO object at 0x0000014EBBCC0310>,1032247478,-0.03499738872051239,-0.07621084153652191,-0.16749705374240875,-0.12169913947582245,-0.9753594994544983,0.003987413365393877,1.8367239361444675e-40,5.59128191571766e+24,16133,195786,18,4,False,Left,Front,Centre,Right,50
<_io.BytesIO object at 0x0000014EBBCC0CC0>,1038037593,0.27638304233551025,-0.29345840215682983,0.0909462496638298,0.52028489112854,-0.7968152761459351,0.0,0.0,0.0,0,195786,18,4,False,Left,Front,Centre,Right,50
<_io.BytesIO object at 0x0000014EBBCC05E0>,0,0.0,1.401298464324817e-44,3.643376007244524e-43,9.183689745645554e-41,0.31587302684783936,0.081182561814785,-0.05517704784870148,0.007840375415980816,586,195786,18,4,False,Left,Front,Centre,Right,50
<_io.BytesIO object at 0x0000014EBBD31E00>,1059979183,0.17349682748317719,-0.03998834267258644,0.7135723829269409,0.13943447172641754,-0.03152034059166908,0.6789111495018005,0.17093349993228912,0.04945635795593262,-9901,195787,18,4,False,Left,Front,Centre,Right,50
<_io.BytesIO object at 0x0000014EBBD5BD10>,3496099634,-1016796.8125,-4.466520668506581e-16,-8.127323700911219e-38,19.905078887939453,2.0547940031626955e-40,6.979497708007332e-39,9.183549615799121e-41,1.1096131609031334e-19,16008,195787,18,4,False,Left,Front,Centre,Right,50
<_io.BytesIO object at 0x0000014EBBD31CC0>,1032337994,-0.034255750477313995,-0.07888590544462204,-0.16926780343055725,-0.119655542075634,-0.9750939011573792,0.0040237498469650745,1.8367239361444675e-40,5.59128191571766e+24,16133,195787,18,4,False,Left,Front,Centre,Right,50
<_io.BytesIO object at 0x0000014EBBD5B040>,1038037593,0.27638304233551025,-0.29345840215682983,0.0909462496638298,0.52028489112854,-0.7968152761459351,0.0,0.0,0.0,0,195787,18,4,False,Left,Front,Centre,Right,50
<_io.BytesIO object at 0x0000014EBBD5B180>,0,0.0,1.401298464324817e-44,3.643376007244524e-43,9.183689745645554e-41,0.3154577314853668,0.0817577913403511,-0.05460794270038605,0.007840227335691452,586,195787,18,4,False,Left,Front,Centre,Right,50
<_io.BytesIO object at 0x0000014EBBC90630>,1059997000,0.17336997389793396,-0.04415621608495712,0.7151532173156738,0.1395578533411026,-0.03581944480538368,0.6805886030197144,0.17064563930034637,0.04535306245088577,8920,195788,18,4,False,Left,Front,Centre,Right,50
<_io.BytesIO object at 0x0000014EBBC905E0>,2445098803,0.10949287563562393,2.3880173379327655e-30,-19103.591796875,4.3947636684506236e+21,2.0542755227308953e-40,6.979497708007332e-39,9.183549615799121e-41,-6.6490920078804605e+25,16007,195788,18,4,False,Left,Front,Centre,Right,50
<_io.BytesIO object at 0x0000014EBBC90F90>,1032446929,-0.033577464520931244,-0.0827847346663475,-0.17099684476852417,-0.11740615218877792,-0.9747422933578491,0.004050849936902523,1.8367239361444675e-40,5.59128191571766e+24,16133,195788,18,4,False,Left,Front,Centre,Right,50
<_io.BytesIO object at 0x0000014EBBC90F40>,1038037593,0.27638304233551025,-0.29345840215682983,0.0909462496638298,0.52028489112854,-0.7968152761459351,0.0,0.0,0.0,0,195788,18,4,False,Left,Front,Centre,Right,50
<_io.BytesIO object at 0x0000014EBBC90090>,0,0.0,1.401298464324817e-44,3.643376007244524e-43,9.183689745645554e-41,0.31503304839134216,0.08234275132417679,-0.05406482145190239,0.007839604280889034,586,195788,18,4,False,Left,Front,Centre,Right,50
<_io.BytesIO object at 0x0000014EBBCA3A40>,1060013759,0.17328618466854095,-0.04817916080355644,0.7161687612533569,0.13948895037174225,-0.04014676809310913,0.6822259426116943,0.17038100957870483,0.04130656644701958,28042,195789,18,4,False,Left,Front,Centre,Right,50
<_io.BytesIO object at 0x0000014EBBD6FEA0>,2058501939,-1705913.625,1.5191147869407358e+31,3751477570961408.0,8.323291834839317e+34,2.0537850682683816e-40,6.979497708007332e-39,9.183549615799121e-41,-0.8828125,16007,195789,18,4,False,Left,Front,Centre,Right,50
<_io.BytesIO object at 0x0000014EBBCA3BD0>,1032547342,-0.03287723287940025,-0.08477321267127991,-0.17286720871925354,-0.11521849036216736,-0.9745025038719177,0.004099191166460514,1.8367239361444675e-40,5.59128191571766e+24,16133,195789,18,4,False,Left,Front,Centre,Right,50
<_io.BytesIO object at 0x0000014EBBD6F9A0>,1038037593,0.27638304233551025,-0.29345840215682983,0.0909462496638298,0.52028489112854,-0.7968152761459351,0.0,0.0,0.0,0,195789,18,4,False,Left,Front,Centre,Right,50
<_io.BytesIO object at 0x0000014EBBD6FE50>,0,0.0,1.401298464324817e-44,3.643376007244524e-43,9.183689745645554e-41,0.3145926892757416,0.08280249685049057,-0.05351100489497185,0.007838672958314419,586,195789,18,4,False,Left,Front,Centre,Right,50
<_io.BytesIO object at 0x0000014EBBD469A0>,1060029275,0.17318445444107056,-0.051970504224300385,0.7171941995620728,0.13945825397968292,-0.0442676916718483,0.6836211085319519,0.17004773020744324,0.037483904510736465,-20504,195790,18,4,False,Left,Front,Centre,Right,50
<_io.BytesIO object at 0x0000014EBBD464F0>,1335705395,4.926165784462673e+37,-1.0607349450407936e+16,2.426172356050459e-34,-3.200294681394882e-38,2.052902250235857e-40,6.979497708007332e-39,9.183549615799121e-41,-4.856424947766854e-30,16007,195790,18,4,False,Left,Front,Centre,Right,50
<_io.BytesIO object at 0x0000014EBBD46810>,1032639712,-0.0321023166179657,-0.0881737694144249,-0.17466343939304352,-0.11400777101516724,-0.9740227460861206,0.004155050031840801,1.8367239361444675e-40,5.59128191571766e+24,16133,195790,18,4,False,Left,Front,Centre,Right,50
<_io.BytesIO object at 0x0000014EBBD46950>,1038037593,0.27638304233551025,-0.29345840215682983,0.0909462496638298,0.52028489112854,-0.7968152761459351,0.0,0.0,0.0,0,195790,18,4,False,Left,Front,Centre,Right,50
<_io.BytesIO object at 0x0000014EBBD463B0>,0,0.0,1.401298464324817e-44,3.643376007244524e-43,9.183689745645554e-41,0.3141988217830658,0.08336351066827774,-0.052943404763936996,0.00783766433596611,586,195790,18,4,False,Left,Front,Centre,Right,50
<_io.BytesIO object at 0x0000014EB8F37D60>,1060042807,0.17312026023864746,-0.05556998774409294,0.718161404132843,0.13945220410823822,-0.04818381741642952,0.6851621866226196,0.16991208493709564,0.033887702971696854,-4406,195791,18,4,False,Left,Front,Centre,Right,50
<_io.BytesIO object at 0x0000014EB8F37A90>,1092828979,-2.3080192491789474e-19,2.1521835327148438,-15567.796875,-0.007827185094356537,2.052047458172619e-40,6.979497708007332e-39,9.183549615799121e-41,2.236512766287064e+26,16007,195791,18,4,False,Left,Front,Centre,Right,50
<_io.BytesIO object at 0x0000014EB8F370E0>,1032746091,-0.03137100487947464,-0.0917094498872757,-0.17598026990890503,-0.11130746454000473,-0.9737715125083923,0.004132494796067476,1.8367239361444675e-40,5.59128191571766e+24,16133,195791,18,4,False,Left,Front,Centre,Right,50
<_io.BytesIO object at 0x0000014EB8F377C0>,1038037593,0.27638304233551025,-0.29345840215682983,0.0909462496638298,0.52028489112854,-0.7968152761459351,0.0,0.0,0.0,0,195791,18,4,False,Left,Front,Centre,Right,50
<_io.BytesIO object at 0x0000014EB8F37E00>,0,0.0,1.401298464324817e-44,3.643376007244524e-43,9.183689745645554e-41,0.31378957629203796,0.08386296778917313,-0.05231769382953644,0.007837126031517982,586,195791,18,4,False,Left,Front,Centre,Right,50
<_io.BytesIO object at 0x0000014EBBD39A90>,1060057585,0.17314288020133972,-0.0590728260576725,0.7191540598869324,0.1394689679145813,-0.051919981837272644,0.6868069171905518,0.16987136006355286,0.03043115697801113,10049,195792,18,4,False,Left,Front,Centre,Right,50
<_io.BytesIO object at 0x0000014EBBD39EF0>,1427586868,2.386243354891811e+32,-3.361449721266111e-20,-4.734984626608707e-11,-1874672484352.0,2.0505060298618616e-40,6.979497708007332e-39,9.183549615799121e-41,60.25,16007,195792,18,4,False,Left,Front,Centre,Right,50
<_io.BytesIO object at 0x0000014EBBD39540>,1032835987,-0.030628971755504608,-0.09383650869131088,-0.1780358850955963,-0.10873335599899292,-0.9734860062599182,0.004180187825113535,1.8367239361444675e-40,5.59128191571766e+24,16133,195792,18,4,False,Left,Front,Centre,Right,50
<_io.BytesIO object at 0x0000014EBBD399F0>,1038037593,0.27638304233551025,-0.29345840215682983,0.0909462496638298,0.52028489112854,-0.7968152761459351,0.0,0.0,0.0,0,195792,18,4,False,Left,Front,Centre,Right,50
<_io.BytesIO object at 0x0000014EBBD39E50>,0,0.0,1.401298464324817e-44,3.643376007244524e-43,9.183689745645554e-41,0.3133994936943054,0.08428137749433517,-0.051751554012298584,0.00783409271389246,586,195792,18,4,False,Left,Front,Centre,Right,50
<_io.BytesIO object at 0x0000014EBBC99180>,1060069279,0.17311255633831024,-0.06242223083972931,0.7199392318725586,0.13945482671260834,-0.055517882108688354,0.6882978081703186,0.16981559991836548,0.02704719640314579,23375,195793,18,4,False,Left,Front,Centre,Right,50
<_io.BytesIO object at 0x0000014EBBCA7DB0>,1272463156,-5.5626481717131765e+20,-2.3736285660637773e+29,175284944896.0,-4.3693181443793266e-30,2.046512329238536e-40,6.979497708007332e-39,9.183549615799121e-41,1.6855955650360577e-19,16007,195793,18,4,False,Left,Front,Centre,Right,50
<_io.BytesIO object at 0x0000014EBBCA7F40>,1032925612,-0.029926065355539322,-0.09669860452413559,-0.1796705722808838,-0.10710401087999344,-0.9730861186981201,0.004226192831993103,1.8367239361444675e-40,5.59128191571766e+24,16133,195793,18,4,False,Left,Front,Centre,Right,50
<_io.BytesIO object at 0x0000014EBBCA7C20>,1038037593,0.27638304233551025,-0.29345840215682983,0.0909462496638298,0.52028489112854,-0.7968152761459351,0.0,0.0,0.0,0,195793,18,4,False,Left,Front,Centre,Right,50
<_io.BytesIO object at 0x0000014EBBCA7B30>,0,0.0,1.401298464324817e-44,3.643376007244524e-43,9.183689745645554e-41,0.31307917833328247,0.08480465412139893,-0.05113127827644348,0.007832743227481842,586,195793,18,4,False,Left,Front,Centre,Right,50
<_io.BytesIO object at 0x0000014EBBD55EA0>,1060082182,0.17321935296058655,-0.06551493704319,0.7207517027854919,0.1395236849784851,-0.059002164751291275,0.6899164319038391,0.16998615860939026,0.023875242099165916,-29810,195794,18,4,False,Left,Front,Centre,Right,50
<_io.BytesIO object at 0x0000014EBBD55E00>,1447903028,-2.5517100685454058e-22,6020802.5,1.3862464791353754e+17,-464522993205248.0,2.5077076798171196e-40,6.979497708007332e-39,9.183549615799121e-41,5.548333335881197e-36,16007,195794,18,4,False,Left,Front,Centre,Right,50
<_io.BytesIO object at 0x0000014EBBD55360>,1033013338,-0.029189299792051315,-0.09941649436950684,-0.18184128403663635,-0.10603690892457962,-0.9725257754325867,0.004274372942745686,1.8367239361444675e-40,5.59128191571766e+24,16133,195794,18,4,False,Left,Front,Centre,Right,50
<_io.BytesIO object at 0x0000014EB8F5FC70>,1038037593,0.27638304233551025,-0.29345840215682983,0.0909462496638298,0.52028489112854,-0.7968152761459351,0.0,0.0,0.0,0,195794,18,4,False,Left,Front,Centre,Right,50
<_io.BytesIO object at 0x0000014EB8F5F1D0>,0,0.0,1.401298464324817e-44,3.643376007244524e-43,9.183689745645554e-41,0.31275537610054016,0.08534335345029831,-0.05057734623551369,0.00783097930252552,586,195794,18,4,False,Left,Front,Centre,Right,50
<_io.BytesIO object at 0x0000014EB8F5FE00>,1060092795,0.17321385443210602,-0.06856516003608704,0.721476137638092,0.1394953727722168,-0.06231246516108513,0.6912856101989746,0.16995464265346527,0.02074091136455536,-19364,195795,18,4,False,Left,Front,Centre,Right,50
<_io.BytesIO object at 0x0000014EB8F5FA40>,1218002740,1.4479005736435154e-25,-1.7240376357306374e-26,6.506487722661629e+30,5.925946808958557e-29,2.50982364049825e-40,6.979497708007332e-39,9.183549615799121e-41,-1.1218831606023759e+28,16006,195795,18,4,False,Left,Front,Centre,Right,50
<_io.BytesIO object at 0x0000014EB8F5FD10>,1033093797,-0.028375230729579926,-0.1029118150472641,-0.18387432396411896,-0.10527604818344116,-0.9718623757362366,0.004345769993960857,1.8367239361444675e-40,5.59128191571766e+24,16133,195795,18,4,False,Left,Front,Centre,Right,50
<_io.BytesIO object at 0x0000014EB8F5F090>,1038037593,0.27638304233551025,-0.29345840215682983,0.0909462496638298,0.52028489112854,-0.7968152761459351,0.0,0.0,0.0,0,195795,18,4,False,Left,Front,Centre,Right,50
<_io.BytesIO object at 0x0000014EB8F5F9F0>,0,0.0,1.401298464324817e-44,3.643376007244524e-43,9.183689745645554e-41,0.3124973773956299,0.0859588235616684,-0.04996780306100845,0.007829277776181698,586,195795,18,4,False,Left,Front,Centre,Right,50
<_io.BytesIO object at 0x0000014EBBCA7860>,1060102279,0.1731901913881302,-0.07137303054332733,0.7219879627227783,0.13949677348136902,-0.06544079631567001,0.6928273439407349,0.1700536459684372,0.017863554880023003,-10912,195796,18,4,False,Left,Front,Centre,Right,50
<_io.BytesIO object at 0x0000014EBBCA7180>,1738555188,2.5123864458090863e-28,-7.182263280111872e+20,-4.09998606119532e+19,1.4222597728299158e-35,2.511056783146856e-40,6.979497708007332e-39,9.183549615799121e-41,-65420941852672.0,16006,195796,18,4,False,Left,Front,Centre,Right,50
<_io.BytesIO object at 0x0000014EBBCA7590>,1033185918,-0.027653317898511887,-0.10659249871969223,-0.1862403005361557,-0.10325653851032257,-0.9712315201759338,0.004372119437903166,1.8367239361444675e-40,5.59128191571766e+24,16133,195796,18,4,False,Left,Front,Centre,Right,50
<_io.BytesIO object at 0x0000014EBBCA7130>,1038037593,0.27638304233551025,-0.29345840215682983,0.0909462496638298,0.52028489112854,-0.7968152761459351,0.0,0.0,0.0,0,195796,18,4,False,Left,Front,Centre,Right,50
<_io.BytesIO object at 0x0000014EBBCA7EA0>,0,0.0,1.401298464324817e-44,3.643376007244524e-43,9.183689745645554e-41,0.31225889921188354,0.08652841299772263,-0.04951253905892372,0.0078274579718709,586,195796,18,4,False,Left,Front,Centre,Right,50
<_io.BytesIO object at 0x0000014EBBD59450>,1060111299,0.17333923280239105,-0.07406284660100937,0.72247713804245,0.13941964507102966,-0.06845587491989136,0.6941663026809692,0.1702575385570526,0.01508790161460638,-5233,195797,18,4,False,Left,Front,Centre,Right,50
<_io.BytesIO object at 0x0000014EBBD59E50>,1514028852,-15182803968.0,1.0921296385421522e-14,1.0152091667325891e-10,1.6718416279363005e+37,2.511687367455802e-40,6.979497708007332e-39,9.183549615799121e-41,-14.4375,16006,195797,18,4,False,Left,Front,Centre,Right,50
<_io.BytesIO object at 0x0000014EBBD59B30>,1033295471,-0.026997637003660202,-0.10918933153152466,-0.18774060904979706,-0.10178948193788528,-0.9708090424537659,0.004382308106869459,1.8367239361444675e-40,5.59128191571766e+24,16133,195797,18,4,False,Left,Front,Centre,Right,50
<_io.BytesIO object at 0x0000014EBBD59040>,1038037593,0.27638304233551025,-0.29345840215682983,0.0909462496638298,0.52028489112854,-0.7968152761459351,0.0,0.0,0.0,0,195797,18,4,False,Left,Front,Centre,Right,50
<_io.BytesIO object at 0x0000014EBBD39180>,0,0.0,1.401298464324817e-44,3.643376007244524e-43,9.183689745645554e-41,0.3120189607143402,0.08719860017299652,-0.04889851436018944,0.007825644686818123,586,195797,18,4,False,Left,Front,Centre,Right,50
<_io.BytesIO object at 0x0000014EBBCBDD10>,1060118160,0.17339538037776947,-0.07662394642829895,0.722790539264679,0.13935962319374084,-0.07141777873039246,0.6954926252365112,0.17044781148433685,0.01236551534384489,-55,195798,18,4,False,Left,Front,Centre,Right,50
<_io.BytesIO object at 0x0000014EBBCBD090>,1701330740,2.3543998750596984e-08,8.529481793437434e+18,9.302943220338227e+24,1.1593369591390831e-38,2.5122618998261753e-40,6.979497708007332e-39,9.183549615799121e-41,-7.152557373046875e-07,16006,195798,18,4,False,Left,Front,Centre,Right,50
<_io.BytesIO object at 0x0000014EBBCBD590>,1033361559,-0.02624199539422989,-0.11295068264007568,-0.19001047313213348,-0.10116258263587952,-0.9700022339820862,0.004477393813431263,1.8367239361444675e-40,5.59128191571766e+24,16133,195798,18,4,False,Left,Front,Centre,Right,50
<_io.BytesIO object at 0x0000014EB8F37310>,1038037593,0.27638304233551025,-0.29345840215682983,0.0909462496638298,0.52028489112854,-0.7968152761459351,0.0,0.0,0.0,0,195798,18,4,False,Left,Front,Centre,Right,50
<_io.BytesIO object at 0x0000014EB8F37130>,0,0.0,1.401298464324817e-44,3.643376007244524e-43,9.183689745645554e-41,0.3118517994880676,0.08772273361682892,-0.048519108444452286,0.007823154330253601,586,195798,18,4,False,Left,Front,Centre,Right,50
<_io.BytesIO object at 0x0000014EBBD66B80>,1060124850,0.17341658473014832,-0.07903850078582764,0.7231492400169373,0.13931511342525482,-0.07415798306465149,0.6968709230422974,0.170720174908638,0.009843328967690468,3788,195799,18,4,False,Left,Front,Centre,Right,50
<_io.BytesIO object at 0x0000014EBBCC04A0>,1762606901,3.0574010311901184e+16,-9.965779655865359e-26,-2.5367489894416384e+16,-4.801671839547622e+27,2.5127943932426187e-40,6.979497708007332e-39,9.183549615799121e-41,-1.338989683019598e-17,16006,195799,18,4,False,Left,Front,Centre,Right,50
<_io.BytesIO object at 0x0000014EBBCC0E50>,1033450691,-0.02552158385515213,-0.11668521165847778,-0.1914953738451004,-0.10037562251091003,-0.9693496823310852,0.004496397916227579,1.8367239361444675e-40,5.59128191571766e+24,16133,195799,18,4,False,Left,Front,Centre,Right,50
<_io.BytesIO object at 0x0000014EBBCC0130>,1038037593,0.27638304233551025,-0.29345840215682983,0.0909462496638298,0.52028489112854,-0.7968152761459351,0.0,0.0,0.0,0,195799,18,4,False,Left,Front,Centre,Right,50
<_io.BytesIO object at 0x0000014EBBCC0770>,0,0.0,1.401298464324817e-44,3.643376007244524e-43,9.183689745645554e-41,0.31166568398475647,0.088371142745018,-0.04791717976331711,0.007821263745427132,586,195799,18,4,False,Left,Front,Centre,Right,50
<_io.BytesIO object at 0x0000014EBBD6F360>,1060129967,0.1735101044178009,-0.08135291188955307,0.723472535610199,0.1393532156944275,-0.07664325088262558,0.698276698589325,0.17127767205238342,0.007435944862663746,6774,195800,18,4,False,Left,Front,Centre,Right,50
<_io.BytesIO object at 0x0000014EBBD6F4A0>,3640803125,29032798224384.0,-230.74082946777344,2.22607518340775e-20,-2.9367712953793025e+35,2.51310267890477e-40,6.979497708007332e-39,9.183549615799121e-41,-1.5638551148424355e-31,16006,195800,18,4,False,Left,Front,Centre,Right,50
<_io.BytesIO object at 0x0000014EBBD6F7C0>,1033535555,-0.024892723187804222,-0.11934208869934082,-0.1935984492301941,-0.09965887665748596,-0.9686822891235352,0.004513955675065517,1.8367239361444675e-40,5.59128191571766e+24,16133,195800,18,4,False,Left,Front,Centre,Right,50
<_io.BytesIO object at 0x0000014EBBD6F950>,1038037593,0.27638304233551025,-0.29345840215682983,0.0909462496638298,0.52028489112854,-0.7968152761459351,0.0,0.0,0.0,0,195800,18,4,False,Left,Front,Centre,Right,50
<_io.BytesIO object at 0x0000014EBBD6FA90>,0,0.0,1.401298464324817e-44,3.643376007244524e-43,9.183689745645554e-41,0.31136661767959595,0.08898146450519562,-0.04743729904294014,0.007818436250090599,586,195800,18,4,False,Left,Front,Centre,Right,50
<_io.BytesIO object at 0x0000014EBBD59180>,1060133289,0.17353230714797974,-0.08357493579387665,0.7235531806945801,0.13927295804023743,-0.07907372713088989,0.6992347836494446,0.17131517827510834,0.005110202357172966,7298,195801,18,4,False,Left,Front,Centre,Right,50
<_io.BytesIO object at 0x0000014EBBC90DB0>,3456843573,-44861.80078125,-2.595274960157507e+25,1.762583444763896e+27,-1.39963863614218e+25,2.5133408996437054e-40,6.979497708007332e-39,9.183549615799121e-41,3.063901597231316e+28,16006,195801,18,4,False,Left,Front,Centre,Right,50
<_io.BytesIO object at 0x0000014EBBC90F40>,1033609496,-0.02422400936484337,-0.12150253355503082,-0.19652079045772552,-0.09788134694099426,-0.9680061936378479,0.004577746614813805,1.8367239361444675e-40,5.59128191571766e+24,16133,195801,18,4,False,Left,Front,Centre,Right,50
<_io.BytesIO object at 0x0000014EBBC90D10>,1038037593,0.27638304233551025,-0.29345840215682983,0.0909462496638298,0.52028489112854,-0.7968152761459351,0.0,0.0,0.0,0,195801,18,4,False,Left,Front,Centre,Right,50
<_io.BytesIO object at 0x0000014EBBC90680>,0,0.0,1.401298464324817e-44,3.643376007244524e-43,9.183689745645554e-41,0.31100356578826904,0.08940722048282623,-0.047159697860479355,0.007821201346814632,586,195801,18,4,False,Left,Front,Centre,Right,50
<_io.BytesIO object at 0x0000014EBBD5B220>,1060134493,0.17354780435562134,-0.08570151031017303,0.7234932780265808,0.13931752741336823,-0.08148746937513351,0.7000776529312134,0.17147143185138702,0.002930381800979376,5391,195802,18,4,False,Left,Front,Centre,Right,50
<_io.BytesIO object at 0x0000014EBBD5B310>,2669952821,2.3440221463291842e-38,1.1093197011923175e-36,-7.482316308972873e+20,251910560.0,2.5135651073979974e-40,6.979497708007332e-39,9.183549615799121e-41,2989297238016.0,16006,195802,18,4,False,Left,Front,Centre,Right,50
<_io.BytesIO object at 0x0000014EBBD5BF90>,1033687278,-0.023666325956583023,-0.12393569946289062,-0.19877520203590393,-0.09643832594156265,-0.96738201379776,0.004608212970197201,1.8367239361444675e-40,5.59128191571766e+24,16133,195802,18,4,False,Left,Front,Centre,Right,50
<_io.BytesIO object at 0x0000014EBBD5B360>,1038037593,0.27638304233551025,-0.29345840215682983,0.0909462496638298,0.52028489112854,-0.7968152761459351,0.0,0.0,0.0,0,195802,18,4,False,Left,Front,Centre,Right,50
<_io.BytesIO object at 0x0000014EBBD5BB80>,0,0.0,1.401298464324817e-44,3.643376007244524e-43,9.183689745645554e-41,0.31070801615715027,0.08988893032073975,-0.04685206711292267,0.007823813706636429,586,195802,18,4,False,Left,Front,Centre,Right,50
<_io.BytesIO object at 0x0000014EBBD48C20>,1060134266,0.173533096909523,-0.08764557540416718,0.7235275506973267,0.13915754854679108,-0.08363008499145508,0.7009843587875366,0.17170503735542297,0.0007975248154252768,637,195803,18,4,False,Left,Front,Centre,Right,50
<_io.BytesIO object at 0x0000014EBBD487C0>,1426472757,-1.6657040543387634e+31,1.8259268599591006e-22,3.5873213274429435e-15,2.3128221146024157e-27,2.513775302167646e-40,6.979497708007332e-39,9.183549615799121e-41,2.4318695068359375e-05,16006,195803,18,4,False,Left,Front,Centre,Right,50
<_io.BytesIO object at 0x0000014EBBD48EA0>,1033783545,-0.023071279749274254,-0.12744778394699097,-0.20015084743499756,-0.09549300372600555,-0.9667356610298157,0.004586845636367798,1.8367239361444675e-40,5.59128191571766e+24,16133,195803,18,4,False,Left,Front,Centre,Right,50
<_io.BytesIO object at 0x0000014EBBD488B0>,1038037593,0.27638304233551025,-0.29345840215682983,0.0909462496638298,0.52028489112854,-0.7968152761459351,0.0,0.0,0.0,0,195803,18,4,False,Left,Front,Centre,Right,50
<_io.BytesIO object at 0x0000014EBBD489A0>,0,0.0,1.401298464324817e-44,3.643376007244524e-43,9.183689745645554e-41,0.31033405661582947,0.0905318483710289,-0.04637288302183151,0.007826612330973148,586,195803,18,4,False,Left,Front,Centre,Right,50
<_io.BytesIO object at 0x0000014EBBD5BAE0>,1060132047,0.17353035509586334,-0.08958696573972702,0.7232407331466675,0.1390526443719864,-0.08580181747674942,0.7017068266868591,0.17219027876853943,-0.0013104981044307351,-771,195804,18,4,False,Left,Front,Centre,Right,50
<_io.BytesIO object at 0x0000014EBBD5B860>,2343321396,-3.587800334603486e-10,8.268623958272714e-13,6.809534293843806e+24,1668514447360.0,2.5139714839526516e-40,6.979497708007332e-39,9.183549615799121e-41,2.1200636827814692e-29,16006,195804,18,4,False,Left,Front,Centre,Right,50
<_io.BytesIO object at 0x0000014EBBD5B720>,1033849204,-0.02250746078789234,-0.1293971687555313,-0.20202301442623138,-0.0949946865439415,-0.9661362171173096,0.004614854231476784,1.8367239361444675e-40,5.59128191571766e+24,16133,195804,18,4,False,Left,Front,Centre,Right,50
<_io.BytesIO object at 0x0000014EBBD5B5E0>,1038037593,0.27638304233551025,-0.29345840215682983,0.0909462496638298,0.52028489112854,-0.7968152761459351,0.0,0.0,0.0,0,195804,18,4,False,Left,Front,Centre,Right,50
<_io.BytesIO object at 0x0000014EBBD5BA90>,0,0.0,1.401298464324817e-44,3.643376007244524e-43,9.183689745645554e-41,0.3099536597728729,0.09102689474821091,-0.04604034870862961,0.007829545997083187,586,195804,18,4,False,Left,Front,Centre,Right,50
<_io.BytesIO object at 0x0000014EBBD399F0>,1060127955,0.17341822385787964,-0.09135744720697403,0.7228991389274597,0.13879822194576263,-0.08791171759366989,0.702161967754364,0.17221589386463165,-0.003268107073381543,-6637,195805,18,4,False,Left,Front,Centre,Right,50
<_io.BytesIO object at 0x0000014EBBD39540>,1620786996,2.4354476344745342e+20,1.7137282912194074e-11,-4.804286090813605e-18,-3.9082988135186964e-36,2.5141536527530138e-40,6.979497708007332e-39,9.183549615799121e-41,-3.21876499472395e+25,16005,195805,18,4,False,Left,Front,Centre,Right,50
<_io.BytesIO object at 0x0000014EBBD39770>,1033932557,-0.02210903912782669,-0.13153277337551117,-0.20330126583576202,-0.09443115442991257,-0.9656347632408142,0.004605475813150406,1.8367239361444675e-40,5.59128191571766e+24,16133,195805,18,4,False,Left,Front,Centre,Right,50
<_io.BytesIO object at 0x0000014EBBD39180>,1038037593,0.27638304233551025,-0.29345840215682983,0.0909462496638298,0.52028489112854,-0.7968152761459351,0.0,0.0,0.0,0,195805,18,4,False,Left,Front,Centre,Right,50
<_io.BytesIO object at 0x0000014EBBD39EA0>,0,0.0,1.401298464324817e-44,3.643376007244524e-43,9.183689745645554e-41,0.3096044361591339,0.09162165969610214,-0.04567514359951019,0.007832594215869904,586,195805,18,4,False,Left,Front,Centre,Right,50
<_io.BytesIO object at 0x0000014EB8F37860>,1060123615,0.17343567311763763,-0.09302327036857605,0.7225547432899475,0.13863684237003326,-0.08973495662212372,0.7024192810058594,0.17216628789901733,-0.005132509395480156,-15524,195806,18,4,False,Left,Front,Centre,Right,50
<_io.BytesIO object at 0x0000014EBBD46040>,358367028,-438605086720.0,3.19169536177992e-14,-3234056634368.0,-82045913006080.0,2.5143218085687328e-40,6.979497708007332e-39,9.183549615799121e-41,-1.53125,16005,195806,18,4,False,Left,Front,Centre,Right,50
<_io.BytesIO object at 0x0000014EB8F371D0>,1034016068,-0.021681221202015877,-0.13401786983013153,-0.20433638989925385,-0.09323883056640625,-0.9651904106140137,0.004652389790862799,1.8367239361444675e-40,5.59128191571766e+24,16133,195806,18,4,False,Left,Front,Centre,Right,50
<_io.BytesIO object at 0x0000014EBBD46B80>,1038037593,0.27638304233551025,-0.29345840215682983,0.0909462496638298,0.52028489112854,-0.7968152761459351,0.0,0.0,0.0,0,195806,18,4,False,Left,Front,Centre,Right,50
<_io.BytesIO object at 0x0000014EBBD467C0>,0,0.0,1.401298464324817e-44,3.643376007244524e-43,9.183689745645554e-41,0.30921363830566406,0.09214793145656586,-0.045386526733636856,0.007835183292627335,586,195806,18,4,False,Left,Front,Centre,Right,50
<_io.BytesIO object at 0x0000014EBBC99680>,1060115638,0.1732720136642456,-0.09469931572675705,0.7220815420150757,0.13850484788417816,-0.09169705212116241,0.7026357054710388,0.17228631675243378,-0.0068730846978724,-23554,195807,18,4,False,Left,Front,Centre,Right,50
<_io.BytesIO object at 0x0000014EBBC99EF0>,3547742004,0.025175951421260834,9.349551789375335e-16,-7.750956803071572e+37,5.719335965332138e+34,2.514503977369095e-40,6.979497708007332e-39,9.183549615799121e-41,-5.503093674821778e-27,16005,195807,18,4,False,Left,Front,Centre,Right,50
<_io.BytesIO object at 0x0000014EBBC99A40>,1034095219,-0.021356724202632904,-0.13489191234111786,-0.20522072911262512,-0.09366147965192795,-0.9648400545120239,0.004593723453581333,1.8367239361444675e-40,5.59128191571766e+24,16133,195807,18,4,False,Left,Front,Centre,Right,50
<_io.BytesIO object at 0x0000014EBBC997C0>,1038037593,0.27638304233551025,-0.29345840215682983,0.0909462496638298,0.52028489112854,-0.7968152761459351,0.0,0.0,0.0,0,195807,18,4,False,Left,Front,Centre,Right,50
<_io.BytesIO object at 0x0000014EBBC99E00>,0,0.0,1.401298464324817e-44,3.643376007244524e-43,9.183689745645554e-41,0.3087981343269348,0.09274560958147049,-0.044952645897865295,0.007837709970772266,586,195807,18,4,False,Left,Front,Centre,Right,50
<_io.BytesIO object at 0x0000014EBBCC0220>,1060106673,0.1731875091791153,-0.09626062959432602,0.7215361595153809,0.13831165432929993,-0.09334977716207504,0.7027210593223572,0.17247650027275085,-0.00862798746675253,31735,195808,18,4,False,Left,Front,Centre,Right,50
<_io.BytesIO object at 0x0000014EBBCC0400>,2729852724,2.3266863180217745e+35,8.664714433131487e-30,2.070710524250331e-28,-1.6885632917132624e-29,2.514672133184814e-40,6.979497708007332e-39,9.183549615799121e-41,3.163985543522662e+23,16005,195808,18,4,False,Left,Front,Centre,Right,50
<_io.BytesIO object at 0x0000014EBBCC07C0>,1034152753,-0.020987167954444885,-0.13660459220409393,-0.20646551251411438,-0.09382937848567963,-0.9643169641494751,0.004629258066415787,1.8367239361444675e-40,5.59128191571766e+24,16133,195808,18,4,False,Left,Front,Centre,Right,50
<_io.BytesIO object at 0x0000014EBBCC0270>,1038037593,0.27638304233551025,-0.29345840215682983,0.0909462496638298,0.52028489112854,-0.7968152761459351,0.0,0.0,0.0,0,195808,18,4,False,Left,Front,Centre,Right,50
<_io.BytesIO object at 0x0000014EBBCBD950>,0,0.0,1.401298464324817e-44,3.643376007244524e-43,9.183689745645554e-41,0.3083787262439728,0.09322895854711533,-0.04471004754304886,0.007840197533369064,586,195808,18,4,False,Left,Front,Centre,Right,50
<_io.BytesIO object at 0x0000014EBBD6FDB0>,1060096560,0.17306280136108398,-0.09783773869276047,0.7208962440490723,0.13809488713741302,-0.0950193852186203,0.7025866508483887,0.17246857285499573,-0.010297768749296665,17440,195809,18,4,False,Left,Front,Centre,Right,50
<_io.BytesIO object at 0x0000014EBBD6F950>,444219188,-1.930324233789804e-10,-3.2284102884831635e+31,8.05198850538104e-36,-993171079168.0,2.5147702240773167e-40,6.979497708007332e-39,9.183549615799121e-41,1.7316779121756554e-09,16005,195809,18,4,False,Left,Front,Centre,Right,50
<_io.BytesIO object at 0x0000014EBBD6F220>,1034200723,-0.02060787007212639,-0.13671736419200897,-0.20797623693943024,-0.09447970986366272,-0.9639127850532532,0.004654089920222759,1.8367239361444675e-40,5.59128191571766e+24,16133,195809,18,4,False,Left,Front,Centre,Right,50
<_io.BytesIO object at 0x0000014EBBD6F6D0>,1038037593,0.27638304233551025,-0.29345840215682983,0.0909462496638298,0.52028489112854,-0.7968152761459351,0.0,0.0,0.0,0,195809,18,4,False,Left,Front,Centre,Right,50
<_io.BytesIO object at 0x0000014EBBD6F540>,0,0.0,1.401298464324817e-44,3.643376007244524e-43,9.183689745645554e-41,0.30787816643714905,0.0936971977353096,-0.04446969926357269,0.007843805477023125,586,195809,18,4,False,Left,Front,Centre,Right,50
<_io.BytesIO object at 0x0000014EBBC90770>,1060084757,0.17274056375026703,-0.09963648021221161,0.7201232314109802,0.1379355639219284,-0.0966893658041954,0.7022358775138855,0.17248694598674774,-0.0120497802272439,4467,195810,18,4,False,Left,Front,Centre,Right,50
<_io.BytesIO object at 0x0000014EBBC90D10>,2783461172,-0.012954185716807842,-239166734336.0,6.841628996776885e-38,0.0015963795594871044,2.5148543019851762e-40,6.979497708007332e-39,9.183549615799121e-41,-8.473828473128839e+36,16004,195810,18,4,False,Left,Front,Centre,Right,50
<_io.BytesIO object at 0x0000014EBBC90EF0>,1034258694,-0.0202940683811903,-0.1377597153186798,-0.20910240709781647,-0.09473419189453125,-0.9634956121444702,0.0046615381725132465,1.8367239361444675e-40,5.59128191571766e+24,16133,195810,18,4,False,Left,Front,Centre,Right,50
<_io.BytesIO object at 0x0000014EBBC90C70>,1038037593,0.27638304233551025,-0.29345840215682983,0.0909462496638298,0.52028489112854,-0.7968152761459351,0.0,0.0,0.0,0,195810,18,4,False,Left,Front,Centre,Right,50
<_io.BytesIO object at 0x0000014EBBC909F0>,0,0.0,1.401298464324817e-44,3.643376007244524e-43,9.183689745645554e-41,0.3074042797088623,0.0941888689994812,-0.044299062341451645,0.007846123538911343,586,195810,18,4,False,Left,Front,Centre,Right,50
<_io.BytesIO object at 0x0000014EB43452C0>,1060070528,0.1725562959909439,-0.10114987939596176,0.7193326354026794,0.1376807689666748,-0.0982905700802803,0.7018200159072876,0.17251716554164886,-0.013526258058845997,-9054,195811,18,4,False,Left,Front,Centre,Right,50
<_io.BytesIO object at 0x0000014EBBD555E0>,1403404083,-1.5096580537768464e-17,-1.2562727798171528e-17,-21921380.0,-1.7094259927105792e+25,2.5149243669083924e-40,6.979497708007332e-39,9.183549615799121e-41,-26038239232.0,16004,195811,18,4,False,Left,Front,Centre,Right,50
<_io.BytesIO object at 0x0000014EBBD55950>,1034321047,-0.02014859952032566,-0.13913345336914062,-0.20910638570785522,-0.09445945173501968,-0.9633244276046753,0.004648866597563028,1.8367239361444675e-40,5.59128191571766e+24,16133,195811,18,4,False,Left,Front,Centre,Right,50
<_io.BytesIO object at 0x0000014EBBD55450>,1038037593,0.27638304233551025,-0.29345840215682983,0.0909462496638298,0.52028489112854,-0.7968152761459351,0.0,0.0,0.0,0,195811,18,4,False,Left,Front,Centre,Right,50
<_io.BytesIO object at 0x0000014EBBD55770>,0,0.0,1.401298464324817e-44,3.643376007244524e-43,9.183689745645554e-41,0.3070175349712372,0.09461643546819687,-0.04404689744114876,0.007849031127989292,586,195811,18,4,False,Left,Front,Centre,Right,50
<_io.BytesIO object at 0x0000014EBBD5BF40>,1060056928,0.17239515483379364,-0.10253182798624039,0.7183312773704529,0.13741369545459747,-0.09983289241790771,0.7013565897941589,0.1724628061056137,-0.015086700208485126,-27500,195812,18,4,False,Left,Front,Centre,Right,50
<_io.BytesIO object at 0x0000014EBBD5BE00>,3393273651,3.640183785052106e+28,4.210351430325303e+34,-1772067072.0,2.9875199536455455e-10,2.515008444816252e-40,6.979497708007332e-39,9.183549615799121e-41,-5.342948306008566e-16,16004,195812,18,4,False,Left,Front,Centre,Right,50
<_io.BytesIO object at 0x0000014EBBD5B9A0>,1034363377,-0.01991102658212185,-0.14013375341892242,-0.20996958017349243,-0.09482816606760025,-0.9629552960395813,0.004644087981432676,1.8367239361444675e-40,5.59128191571766e+24,16133,195812,18,4,False,Left,Front,Centre,Right,50
<_io.BytesIO object at 0x0000014EBBD5BE50>,1038037593,0.27638304233551025,-0.29345840215682983,0.0909462496638298,0.52028489112854,-0.7968152761459351,0.0,0.0,0.0,0,195812,18,4,False,Left,Front,Centre,Right,50
<_io.BytesIO object at 0x0000014EBBD5BA90>,0,0.0,1.401298464324817e-44,3.643376007244524e-43,9.183689745645554e-41,0.30665498971939087,0.09499279409646988,-0.0438929907977581,0.007852155715227127,586,195812,18,4,False,Left,Front,Centre,Right,50
<_io.BytesIO object at 0x0000014EBBCA3950>,1060039883,0.17219918966293335,-0.10395414382219315,0.7173846960067749,0.13718749582767487,-0.10121818631887436,0.7006179094314575,0.17240361869335175,-0.016561400145292282,19784,195813,18,4,False,Left,Front,Centre,Right,50
<_io.BytesIO object at 0x0000014EBBCA3B80>,1995915059,2.2612670846910987e-08,0.0005407009739428759,-2.4588829914479673e-24,1.4637890890816894e-37,2.515078509739468e-40,6.979497708007332e-39,9.183549615799121e-41,8.847673846943346e+36,16004,195813,18,4,False,Left,Front,Centre,Right,50
<_io.BytesIO object at 0x0000014EBBCA3D10>,1034404481,-0.019744761288166046,-0.14106078445911407,-0.2106642723083496,-0.09537559747695923,-0.9626140594482422,0.0046535031870007515,1.8367239361444675e-40,5.59128191571766e+24,16133,195813,18,4,False,Left,Front,Centre,Right,50
<_io.BytesIO object at 0x0000014EBBCA34F0>,1038037593,0.27638304233551025,-0.29345840215682983,0.0909462496638298,0.52028489112854,-0.7968152761459351,0.0,0.0,0.0,0,195813,18,4,False,Left,Front,Centre,Right,50
<_io.BytesIO object at 0x0000014EBBCA3090>,0,0.0,1.401298464324817e-44,3.643376007244524e-43,9.183689745645554e-41,0.306255966424942,0.0953684076666832,-0.043751224875450134,0.007855306379497051,586,195813,18,4,False,Left,Front,Centre,Right,50
<_io.BytesIO object at 0x0000014EBBC99EF0>,1060022736,0.17196986079216003,-0.10533387213945389,0.7162668704986572,0.1369619071483612,-0.1026158407330513,0.6997702717781067,0.17231827974319458,-0.01801452599465847,127,195814,18,4,False,Left,Front,Centre,Right,50
<_io.BytesIO object at 0x0000014EB8F5FC20>,2756919091,-0.06084993854165077,-2.1157731850488765e+36,5849636929536.0,-4423.70068359375,2.515134561678041e-40,6.979497708007332e-39,9.183549615799121e-41,1233125376.0,16004,195814,18,4,False,Left,Front,Centre,Right,50
<_io.BytesIO object at 0x0000014EBBC99E00>,1034430841,-0.019544105976819992,-0.1405930072069168,-0.2123972624540329,-0.09610258042812347,-0.962229311466217,0.004682013764977455,1.8367239361444675e-40,5.59128191571766e+24,16133,195814,18,4,False,Left,Front,Centre,Right,50
<_io.BytesIO object at 0x0000014EB8F5FEF0>,1038037593,0.27638304233551025,-0.29345840215682983,0.0909462496638298,0.52028489112854,-0.7968152761459351,0.0,0.0,0.0,0,195814,18,4,False,Left,Front,Centre,Right,50
<_io.BytesIO object at 0x0000014EB8F5FAE0>,0,0.0,1.401298464324817e-44,3.643376007244524e-43,9.183689745645554e-41,0.30584046244621277,0.09564407169818878,-0.043729256838560104,0.007858439348638058,586,195814,18,4,False,Left,Front,Centre,Right,50
<_io.BytesIO object at 0x0000014EBBD552C0>,1060003770,0.1717439442873001,-0.10663936287164688,0.7150893211364746,0.13651785254478455,-0.1040639579296112,0.69886314868927,0.1722715198993683,-0.019412124529480934,-19475,195815,18,4,False,Left,Front,Centre,Right,50
<_io.BytesIO object at 0x0000014EBBD551D0>,569327410,3.3189970695988183e+18,-1.319809772581948e-08,1.2448025750638322e-27,-1.5944602948131743e-19,2.5152046266012574e-40,6.979497708007332e-39,9.183549615799121e-41,3.055333763768431e-13,16004,195815,18,4,False,Left,Front,Centre,Right,50
<_io.BytesIO object at 0x0000014EBBD55630>,1034469542,-0.01947251334786415,-0.14160703122615814,-0.2134082168340683,-0.09558744728565216,-0.9619082808494568,0.004667410161346197,1.8367239361444675e-40,5.59128191571766e+24,16133,195815,18,4,False,Left,Front,Centre,Right,50
<_io.BytesIO object at 0x0000014EBBD55310>,1038037593,0.27638304233551025,-0.29345840215682983,0.0909462496638298,0.52028489112854,-0.7968152761459351,0.0,0.0,0.0,0,195815,18,4,False,Left,Front,Centre,Right,50
<_io.BytesIO object at 0x0000014EBBD559A0>,0,0.0,1.401298464324817e-44,3.643376007244524e-43,9.183689745645554e-41,0.305495947599411,0.09593264013528824,-0.04373558238148689,0.007861794903874397,586,195815,18,4,False,Left,Front,Centre,Right,50
<_io.BytesIO object at 0x0000014EBBD66A90>,1059983020,0.1714794784784317,-0.1078731045126915,0.7138465046882629,0.13620243966579437,-0.10528787970542908,0.6978222131729126,0.1720282882452011,-0.02069632150232792,23253,195816,18,4,False,Left,Front,Centre,Right,50
<_io.BytesIO object at 0x0000014EBBCBD090>,1773813554,-2.9897459576833103e+23,1.6521637958097306e+17,-8.472166788324423e-28,8.998214885037204e-25,2.5152746915244736e-40,6.979497708007332e-39,9.183549615799121e-41,3.0814879110195774e-30,16004,195816,18,4,False,Left,Front,Centre,Right,50
<_io.BytesIO object at 0x0000014EBBCBD180>,1034496681,-0.019347334280610085,-0.14302287995815277,-0.2144014984369278,-0.09527119994163513,-0.9615092277526855,0.0046685682609677315,1.8367239361444675e-40,5.59128191571766e+24,16133,195816,18,4,False,Left,Front,Centre,Right,50
<_io.BytesIO object at 0x0000014EBBCBD040>,1038037593,0.27638304233551025,-0.29345840215682983,0.0909462496638298,0.52028489112854,-0.7968152761459351,0.0,0.0,0.0,0,195816,18,4,False,Left,Front,Centre,Right,50
<_io.BytesIO object at 0x0000014EBBCBDEF0>,0,0.0,1.401298464324817e-44,3.643376007244524e-43,9.183689745645554e-41,0.3052256107330322,0.09614042937755585,-0.043733835220336914,0.007864580489695072,586,195816,18,4,False,Left,Front,Centre,Right,50
<_io.BytesIO object at 0x0000014EBBD462C0>,1059962827,0.17110700905323029,-0.10914190858602524,0.7125372290611267,0.13582314550876617,-0.10649839788675308,0.6965933442115784,0.17201940715312958,-0.02204340696334839,307,195817,18,4,False,Left,Front,Centre,Right,50
<_io.BytesIO object at 0x0000014EBBD46950>,2948480818,2.063756057738314e+31,4.4768274159097673e-38,6.442114000309994e-32,-4.069749705313883e-34,2.5153307434630466e-40,6.979497708007332e-39,9.183549615799121e-41,-2.2690945744085306e+32,16003,195817,18,4,False,Left,Front,Centre,Right,50
<_io.BytesIO object at 0x0000014EBBD46BD0>,1034516872,-0.019303549081087112,-0.14400838315486908,-0.21515996754169464,-0.09509003907442093,-0.9612104892730713,0.004690766800194979,1.8367239361444675e-40,5.59128191571766e+24,16133,195817,18,4,False,Left,Front,Centre,Right,50
<_io.BytesIO object at 0x0000014EBBD46A90>,1038037593,0.27638304233551025,-0.29345840215682983,0.0909462496638298,0.52028489112854,-0.7968152761459351,0.0,0.0,0.0,0,195817,18,4,False,Left,Front,Centre,Right,50
<_io.BytesIO object at 0x0000014EBBD464A0>,0,0.0,1.401298464324817e-44,3.643376007244524e-43,9.183689745645554e-41,0.3050267994403839,0.09629327058792114,-0.04375316947698593,0.007867294363677502,586,195817,18,4,False,Left,Front,Centre,Right,50
<_io.BytesIO object at 0x0000014EBBC99BD0>,1059940963,0.17081129550933838,-0.1103779673576355,0.7112029194831848,0.13547451794147491,-0.10764791816473007,0.6952590942382812,0.17177239060401917,-0.023323895409703255,-22886,195818,18,4,False,Left,Front,Centre,Right,50
<_io.BytesIO object at 0x0000014EBBC99C20>,301940529,-10.765082359313965,-1.3550066553755015e-25,1.0110652441656272e+34,-6.433275793028646e+34,2.5153867954016196e-40,6.979497708007332e-39,9.183549615799121e-41,-1.5492382718154506e+19,16003,195818,18,4,False,Left,Front,Centre,Right,50
<_io.BytesIO object at 0x0000014EBBC99400>,1034533469,-0.019229236990213394,-0.14426463842391968,-0.21624550223350525,-0.09517154097557068,-0.9609203934669495,0.004652091767638922,1.8367239361444675e-40,5.59128191571766e+24,16133,195818,18,4,False,Left,Front,Centre,Right,50
<_io.BytesIO object at 0x0000014EBBC999A0>,1038037593,0.27638304233551025,-0.29345840215682983,0.0909462496638298,0.52028489112854,-0.7968152761459351,0.0,0.0,0.0,0,195818,18,4,False,Left,Front,Centre,Right,50
<_io.BytesIO object at 0x0000014EBBC99A90>,0,0.0,1.401298464324817e-44,3.643376007244524e-43,9.183689745645554e-41,0.30479300022125244,0.0964236855506897,-0.04377876594662666,0.00787033885717392,586,195818,18,4,False,Left,Front,Centre,Right,50
<_io.BytesIO object at 0x0000014EBBD39B80>,1059917480,0.17048543691635132,-0.11153627187013626,0.7097176909446716,0.13508246839046478,-0.10886570811271667,0.6937446594238281,0.17138324677944183,-0.024485234171152115,17754,195819,18,4,False,Left,Front,Centre,Right,50
<_io.BytesIO object at 0x0000014EBBD395E0>,1400192817,1.160376201119747e-18,1.7207723689970783e-13,-6.537166998785229e+16,-8.698243961622468e+24,2.5154428473401926e-40,6.979497708007332e-39,9.183549615799121e-41,-780140544.0,16003,195819,18,4,False,Left,Front,Centre,Right,50
<_io.BytesIO object at 0x0000014EBBD39A90>,1034538166,-0.019154898822307587,-0.14488181471824646,-0.21791395545005798,-0.09486216306686401,-0.9604811072349548,0.004691130947321653,1.8367239361444675e-40,5.59128191571766e+24,16133,195819,18,4,False,Left,Front,Centre,Right,50
<_io.BytesIO object at 0x0000014EBBD39D60>,1038037593,0.27638304233551025,-0.29345840215682983,0.0909462496638298,0.52028489112854,-0.7968152761459351,0.0,0.0,0.0,0,195819,18,4,False,Left,Front,Centre,Right,50
<_io.BytesIO object at 0x0000014EBBD39770>,0,0.0,1.401298464324817e-44,3.643376007244524e-43,9.183689745645554e-41,0.30456265807151794,0.09649588167667389,-0.043876469135284424,0.00787330511957407,586,195819,18,4,False,Left,Front,Centre,Right,50
<_io.BytesIO object at 0x0000014EBBD5B9F0>,1059893992,0.17015783488750458,-0.11264215409755707,0.7082160115242004,0.1346520036458969,-0.10988887399435043,0.6921252012252808,0.17085891962051392,-0.025472836568951607,-12023,195820,18,4,False,Left,Front,Centre,Right,50
<_io.BytesIO object at 0x0000014EBBD5B130>,1715158832,2.1166797707286417e+38,-1.3721977332181723e-08,9.476702755861766e-10,-2.298020842238014e-25,2.515512912263409e-40,6.979497708007332e-39,9.183549615799121e-41,-11.5625,16003,195820,18,4,False,Left,Front,Centre,Right,50
<_io.BytesIO object at 0x0000014EBBD5BDB0>,1034557113,-0.019188733771443367,-0.14609657227993011,-0.2187964767217636,-0.09434245526790619,-0.9601475596427917,0.004673490766435862,1.8367239361444675e-40,5.59128191571766e+24,16133,195820,18,4,False,Left,Front,Centre,Right,50
<_io.BytesIO object at 0x0000014EBBD5B810>,1038037593,0.27638304233551025,-0.29345840215682983,0.0909462496638298,0.52028489112854,-0.7968152761459351,0.0,0.0,0.0,0,195820,18,4,False,Left,Front,Centre,Right,50
<_io.BytesIO object at 0x0000014EBBD31CC0>,0,0.0,1.401298464324817e-44,3.643376007244524e-43,9.183689745645554e-41,0.30439049005508423,0.09661304205656052,-0.043958134949207306,0.00787562970072031,586,195820,18,4,False,Left,Front,Centre,Right,50
<_io.BytesIO object at 0x0000014EBBD39720>,1059870153,0.16981160640716553,-0.11377928406000137,0.7067144513130188,0.1342415064573288,-0.1108957976102829,0.6905385255813599,0.17043784260749817,-0.026555001735687256,24524,195821,18,4,False,Left,Front,Centre,Right,50
<_io.BytesIO object at 0x0000014EBBD39310>,1951022896,-7.0758069118504285e-28,2.4101407234411454e-06,2.395869042175063e+19,-4.3756766496113534e-16,2.515568964201982e-40,6.979497708007332e-39,9.183549615799121e-41,-4.3213367462158203e-07,16003,195821,18,4,False,Left,Front,Centre,Right,50
<_io.BytesIO object at 0x0000014EBBD39EF0>,1034562892,-0.019115054979920387,-0.14661365747451782,-0.22024285793304443,-0.09394486993551254,-0.9597769975662231,0.004687342792749405,1.8367239361444675e-40,5.59128191571766e+24,16133,195821,18,4,False,Left,Front,Centre,Right,50
<_io.BytesIO object at 0x0000014EBBD39130>,1038037593,0.27638304233551025,-0.29345840215682983,0.0909462496638298,0.52028489112854,-0.7968152761459351,0.0,0.0,0.0,0,195821,18,4,False,Left,Front,Centre,Right,50
<_io.BytesIO object at 0x0000014EBBD39630>,0,0.0,1.401298464324817e-44,3.643376007244524e-43,9.183689745645554e-41,0.30424824357032776,0.09665954113006592,-0.04405233636498451,0.007878415286540985,586,195821,18,4,False,Left,Front,Centre,Right,50
<_io.BytesIO object at 0x0000014EB8F5FE00>,1059845050,0.16945549845695496,-0.11483731865882874,0.7051208019256592,0.13375844061374664,-0.11189015209674835,0.6887412667274475,0.1700076311826706,-0.027600236237049103,-1873,195822,18,4,False,Left,Front,Centre,Right,50
<_io.BytesIO object at 0x0000014EB8F5FA40>,2668642095,-0.0003685784467961639,-5.542047723516852e-11,-5.776621368747126e-12,7397182445453312.0,2.515625016140555e-40,6.979497708007332e-39,9.183549615799121e-41,-3.893774191965349e-12,16003,195822,18,4,False,Left,Front,Centre,Right,50
<_io.BytesIO object at 0x0000014EB8F5F270>,1034570013,-0.019131271168589592,-0.1476164609193802,-0.22146186232566833,-0.09327768534421921,-0.9594078660011292,0.00468771206215024,1.8367239361444675e-40,5.59128191571766e+24,16133,195822,18,4,False,Left,Front,Centre,Right,50
<_io.BytesIO object at 0x0000014EB8F5F9F0>,1038037593,0.27638304233551025,-0.29345840215682983,0.0909462496638298,0.52028489112854,-0.7968152761459351,0.0,0.0,0.0,0,195822,18,4,False,Left,Front,Centre,Right,50
<_io.BytesIO object at 0x0000014EB8F5F720>,0,0.0,1.401298464324817e-44,3.643376007244524e-43,9.183689745645554e-41,0.3041195571422577,0.09667640179395676,-0.04419029504060745,0.007880952209234238,586,195822,18,4,False,Left,Front,Centre,Right,50
<_io.BytesIO object at 0x0000014EBBD6FB30>,1059818342,0.16904766857624054,-0.11587443202733994,0.703425407409668,0.1332307606935501,-0.11288092285394669,0.6869916915893555,0.16976451873779297,-0.02858983539044857,-29396,195823,18,4,False,Left,Front,Centre,Right,50
<_io.BytesIO object at 0x0000014EBBD6F1D0>,3765518127,-46520678219776.0,4.612796079893171e-14,-258.49359130859375,-1.0546907249337003e-33,2.515681068079128e-40,6.979497708007332e-39,9.183549615799121e-41,-6.722053469410127e-17,16003,195823,18,4,False,Left,Front,Centre,Right,50
<_io.BytesIO object at 0x0000014EBBD6F8B0>,1034576626,-0.019150421023368835,-0.14851203560829163,-0.2225835919380188,-0.09252078831195831,-0.9590831995010376,0.0046895695850253105,1.8367239361444675e-40,5.59128191571766e+24,16133,195823,18,4,False,Left,Front,Centre,Right,50
<_io.BytesIO object at 0x0000014EBBD6F360>,1038037593,0.27638304233551025,-0.29345840215682983,0.0909462496638298,0.52028489112854,-0.7968152761459351,0.0,0.0,0.0,0,195823,18,4,False,Left,Front,Centre,Right,50
<_io.BytesIO object at 0x0000014EBBD6F5E0>,0,0.0,1.401298464324817e-44,3.643376007244524e-43,9.183689745645554e-41,0.3040076792240143,0.09668654203414917,-0.04431925714015961,0.007883653044700623,586,195823,18,4,False,Left,Front,Centre,Right,50
<_io.BytesIO object at 0x0000014EB8F37720>,1059791045,0.168635755777359,-0.11677318066358566,0.7017893195152283,0.13275328278541565,-0.11375310271978378,0.6851845383644104,0.1693359762430191,-0.029399653896689415,4959,195824,18,4,False,Left,Front,Centre,Right,50
<_io.BytesIO object at 0x0000014EB8F37590>,3253419823,-2.1905196670501533e+31,-3.2258971543607958e-21,-836.9871215820312,-7.052901675284853e+37,2.515737120017701e-40,6.979497708007332e-39,9.183549615799121e-41,-1.0037340424963459e-19,16003,195824,18,4,False,Left,Front,Centre,Right,50
<_io.BytesIO object at 0x0000014EB8F379A0>,1034577785,-0.019175492227077484,-0.1494479775428772,-0.22388480603694916,-0.09203313291072845,-0.9586818218231201,0.004704740364104509,1.8367239361444675e-40,5.59128191571766e+24,16133,195824,18,4,False,Left,Front,Centre,Right,50
<_io.BytesIO object at 0x0000014EB8F371D0>,1038037593,0.27638304233551025,-0.29345840215682983,0.0909462496638298,0.52028489112854,-0.7968152761459351,0.0,0.0,0.0,0,195824,18,4,False,Left,Front,Centre,Right,50
<_io.BytesIO object at 0x0000014EB8F37090>,0,0.0,1.401298464324817e-44,3.643376007244524e-43,9.183689745645554e-41,0.30390939116477966,0.0966806560754776,-0.04446805268526077,0.007886221632361412,586,195824,18,4,False,Left,Front,Centre,Right,50
<_io.BytesIO object at 0x0000014EBBCBDF90>,1059764128,0.1682107299566269,-0.11772054433822632,0.7001439332962036,0.13225685060024261,-0.11459584534168243,0.6829118132591248,0.1685376912355423,-0.03031275048851967,-21844,195825,18,4,False,Left,Front,Centre,Right,50
<_io.BytesIO object at 0x0000014EBBD46F90>,4220075822,-2336079872.0,2.0904654244023506e-24,-4.8384181106087e-09,-1.3434352915095776e-29,2.515793171956274e-40,6.979497708007332e-39,9.183549615799121e-41,-4.3840572465310467e-23,16003,195825,18,4,False,Left,Front,Centre,Right,50
<_io.BytesIO object at 0x0000014EBBD464F0>,1034580845,-0.01921074651181698,-0.15059946477413177,-0.22529225051403046,-0.09135106950998306,-0.9582371115684509,0.004702889360487461,1.8367239361444675e-40,5.59128191571766e+24,16133,195825,18,4,False,Left,Front,Centre,Right,50
<_io.BytesIO object at 0x0000014EBBD462C0>,1038037593,0.27638304233551025,-0.29345840215682983,0.0909462496638298,0.52028489112854,-0.7968152761459351,0.0,0.0,0.0,0,195825,18,4,False,Left,Front,Centre,Right,50
<_io.BytesIO object at 0x0000014EBBD463B0>,0,0.0,1.401298464324817e-44,3.643376007244524e-43,9.183689745645554e-41,0.3037879168987274,0.09669028967618942,-0.04462689906358719,0.007888649590313435,586,195825,18,4,False,Left,Front,Centre,Right,50
<_io.BytesIO object at 0x0000014EBBD55E50>,1059737065,0.1677498072385788,-0.11858443915843964,0.6984491944313049,0.13177159428596497,-0.11540813744068146,0.6807869076728821,0.16797128319740295,-0.031061919406056404,16825,195826,18,4,False,Left,Front,Centre,Right,50
<_io.BytesIO object at 0x0000014EBBD55900>,775634734,-7.545528933405876e-05,-1.5125773504437469e-28,-1.3842273993702747e-09,4.387293725793594e+36,2.515849223894847e-40,6.979497708007332e-39,9.183549615799121e-41,-1.0854726055841122e-27,16003,195826,18,4,False,Left,Front,Centre,Right,50
<_io.BytesIO object at 0x0000014EBBD552C0>,1034585403,-0.019236160442233086,-0.15153349936008453,-0.22676657140254974,-0.09014134109020233,-0.9578564763069153,0.004707925021648407,1.8367239361444675e-40,5.59128191571766e+24,16133,195826,18,4,False,Left,Front,Centre,Right,50
<_io.BytesIO object at 0x0000014EBBD55AE0>,1038037593,0.27638304233551025,-0.29345840215682983,0.0909462496638298,0.52028489112854,-0.7968152761459351,0.0,0.0,0.0,0,195826,18,4,False,Left,Front,Centre,Right,50
<_io.BytesIO object at 0x0000014EBBD55810>,0,0.0,1.401298464324817e-44,3.643376007244524e-43,9.183689745645554e-41,0.30368125438690186,0.09666234254837036,-0.044844336807727814,0.007890641689300537,586,195826,18,4,False,Left,Front,Centre,Right,50
<_io.BytesIO object at 0x0000014EBBCC0BD0>,1059708761,0.16725334525108337,-0.1193937435746193,0.6967824101448059,0.13123749196529388,-0.11614488065242767,0.6786351799964905,0.16737216711044312,-0.031980905681848526,-12439,195827,18,4,False,Left,Front,Centre,Right,50
<_io.BytesIO object at 0x0000014EBBCC09F0>,25968429,2.1960930568637406e+32,7.558052006760098e-36,1561.97412109375,1.0840623509977831e-08,2.51590527583342e-40,6.979497708007332e-39,9.183549615799121e-41,-5.958345765448011e-34,16003,195827,18,4,False,Left,Front,Centre,Right,50
<_io.BytesIO object at 0x0000014EBBCC0900>,1034585008,-0.019219499081373215,-0.15275059640407562,-0.22848498821258545,-0.0892566367983818,-0.9573376178741455,0.004706322215497494,1.8367239361444675e-40,5.59128191571766e+24,16133,195827,18,4,False,Left,Front,Centre,Right,50
<_io.BytesIO object at 0x0000014EBBCC0E50>,1038037593,0.27638304233551025,-0.29345840215682983,0.0909462496638298,0.52028489112854,-0.7968152761459351,0.0,0.0,0.0,0,195827,18,4,False,Left,Front,Centre,Right,50
<_io.BytesIO object at 0x0000014EBBCC04A0>,0,0.0,1.401298464324817e-44,3.643376007244524e-43,9.183689745645554e-41,0.30348503589630127,0.09664637595415115,-0.045067280530929565,0.007892746478319168,586,195827,18,4,False,Left,Front,Centre,Right,50
<_io.BytesIO object at 0x0000014EBBC901D0>,1059680283,0.16670487821102142,-0.12018152326345444,0.6951035261154175,0.13073167204856873,-0.11686651408672333,0.6764443516731262,0.16671830415725708,-0.032686904072761536,25150,195828,18,4,False,Left,Front,Centre,Right,50
<_io.BytesIO object at 0x0000014EBBC909F0>,3700768557,0.0002999137213919312,-1.379955321045849e-35,2.7269910773952688e-08,2.5726686828474986e-25,2.515961327771993e-40,6.979497708007332e-39,9.183549615799121e-41,3.180281825852582e+34,16003,195828,18,4,False,Left,Front,Centre,Right,50
<_io.BytesIO object at 0x0000014EBBC90090>,1034579339,-0.019213225692510605,-0.15297546982765198,-0.23084993660449982,-0.08849970996379852,-0.9568043351173401,0.004725723061710596,1.8367239361444675e-40,5.59128191571766e+24,16133,195828,18,4,False,Left,Front,Centre,Right,50
<_io.BytesIO object at 0x0000014EBBC90D60>,1038037593,0.27638304233551025,-0.29345840215682983,0.0909462496638298,0.52028489112854,-0.7968152761459351,0.0,0.0,0.0,0,195828,18,4,False,Left,Front,Centre,Right,50
<_io.BytesIO object at 0x0000014EBBC90540>,0,0.0,1.401298464324817e-44,3.643376007244524e-43,9.183689745645554e-41,0.30321547389030457,0.09658614546060562,-0.045358069241046906,0.00789492018520832,586,195828,18,4,False,Left,Front,Centre,Right,50
<_io.BytesIO object at 0x0000014EBBD5BE50>,1059651894,0.16607563197612762,-0.12099072337150574,0.693430483341217,0.13014917075634003,-0.11759566515684128,0.6742977499961853,0.1660134196281433,-0.03342781215906143,-1955,195829,18,4,False,Left,Front,Centre,Right,50
<_io.BytesIO object at 0x0000014EBBC905E0>,3895148332,-1.4785158595839282e+34,2.630074980806676e-36,-58316730368.0,-1.2225800816059555e-14,2.5160033667259226e-40,6.979497708007332e-39,9.183549615799121e-41,9.671406556917033e+25,16003,195829,18,4,False,Left,Front,Centre,Right,50
<_io.BytesIO object at 0x0000014EBBC90C20>,1034595597,-0.019292976707220078,-0.15426228940486908,-0.23134742677211761,-0.0879313051700592,-0.9565300345420837,0.0047135138884186745,1.8367239361444675e-40,5.59128191571766e+24,16133,195829,18,4,False,Left,Front,Centre,Right,50
<_io.BytesIO object at 0x0000014EBBC90310>,1038037593,0.27638304233551025,-0.29345840215682983,0.0909462496638298,0.52028489112854,-0.7968152761459351,0.0,0.0,0.0,0,195829,18,4,False,Left,Front,Centre,Right,50
<_io.BytesIO object at 0x0000014EBBC90400>,0,0.0,1.401298464324817e-44,3.643376007244524e-43,9.183689745645554e-41,0.30314645171165466,0.09666881710290909,-0.04538030922412872,0.007897102274000645,586,195829,18,4,False,Left,Front,Centre,Right,50
<_io.BytesIO object at 0x0000014EBBCC0D60>,1059621664,0.16541951894760132,-0.12179122865200043,0.6917343139648438,0.1295531690120697,-0.11827170848846436,0.6720820069313049,0.16527782380580902,-0.03413131833076477,-30166,195830,18,4,False,Left,Front,Centre,Right,50
<_io.BytesIO object at 0x0000014EBBCC0540>,1575501612,-2.4264242479300634e-27,-6.476600791327662e-36,3.820579877356067e-05,9.140027046203613,2.5160594186644955e-40,6.979497708007332e-39,9.183549615799121e-41,62122406969344.0,16003,195830,18,4,False,Left,Front,Centre,Right,50
<_io.BytesIO object at 0x0000014EBBCC0590>,1034593220,-0.019350573420524597,-0.15514039993286133,-0.23367942869663239,-0.08701080083847046,-0.9559050798416138,0.004716144874691963,1.8367239361444675e-40,5.59128191571766e+24,16133,195830,18,4,False,Left,Front,Centre,Right,50
<_io.BytesIO object at 0x0000014EBBCC0400>,1038037593,0.27638304233551025,-0.29345840215682983,0.0909462496638298,0.52028489112854,-0.7968152761459351,0.0,0.0,0.0,0,195830,18,4,False,Left,Front,Centre,Right,50
<_io.BytesIO object at 0x0000014EBBCC0CC0>,0,0.0,1.401298464324817e-44,3.643376007244524e-43,9.183689745645554e-41,0.3028199076652527,0.09660696983337402,-0.04573849216103554,0.00789877213537693,586,195830,18,4,False,Left,Front,Centre,Right,50
<_io.BytesIO object at 0x0000014EBBCA7450>,1059593008,0.1647038757801056,-0.12253515422344208,0.6900079846382141,0.12884865701198578,-0.11891411244869232,0.6698841452598572,0.1645258218050003,-0.03476952761411667,6770,195831,18,4,False,Left,Front,Centre,Right,50
<_io.BytesIO object at 0x0000014EBBCA70E0>,3441573676,7.612186668994339e-24,7.788217132672491e-31,-2.9392053875199053e-06,-1.17281739753716e-31,2.5161014576184253e-40,6.979497708007332e-39,9.183549615799121e-41,0.208984375,16003,195831,18,4,False,Left,Front,Centre,Right,50
<_io.BytesIO object at 0x0000014EBBCA78B0>,1034616728,-0.019359653815627098,-0.15622150897979736,-0.23440006375312805,-0.08594299852848053,-0.9556491374969482,0.004640289582312107,1.8367239361444675e-40,5.59128191571766e+24,16133,195831,18,4,False,Left,Front,Centre,Right,50
<_io.BytesIO object at 0x0000014EBBCA7360>,1038037593,0.27638304233551025,-0.29345840215682983,0.0909462496638298,0.52028489112854,-0.7968152761459351,0.0,0.0,0.0,0,195831,18,4,False,Left,Front,Centre,Right,50
<_io.BytesIO object at 0x0000014EBBCA7040>,0,0.0,1.401298464324817e-44,3.643376007244524e-43,9.183689745645554e-41,0.3026178479194641,0.09670707583427429,-0.045758116990327835,0.00790082011371851,586,195831,18,4,False,Left,Front,Centre,Right,50
<_io.BytesIO object at 0x0000014EBBD46C70>,1059562848,0.16395248472690582,-0.12319553643465042,0.6883126497268677,0.12816648185253143,-0.11953164637088776,0.6677356362342834,0.16366523504257202,-0.03545999154448509,-17234,195832,18,4,False,Left,Front,Centre,Right,50
<_io.BytesIO object at 0x0000014EBBD464A0>,1969504043,-1.0580029690884785e-13,-4.43225663218224e-29,-2.1458257046446575e+34,-5.736120216161205e+26,2.516143496572355e-40,6.979497708007332e-39,9.183549615799121e-41,1.4399560103323106e-20,16003,195832,18,4,False,Left,Front,Centre,Right,50
<_io.BytesIO object at 0x0000014EBBD46310>,1034627498,-0.019397227093577385,-0.15613453090190887,-0.23634696006774902,-0.08512891083955765,-0.9552566409111023,0.004598385188728571,1.8367239361444675e-40,5.59128191571766e+24,16133,195832,18,4,False,Left,Front,Centre,Right,50
<_io.BytesIO object at 0x0000014EBBD46810>,1038037593,0.27638304233551025,-0.29345840215682983,0.0909462496638298,0.52028489112854,-0.7968152761459351,0.0,0.0,0.0,0,195832,18,4,False,Left,Front,Centre,Right,50
<_io.BytesIO object at 0x0000014EBBD46A40>,0,0.0,1.401298464324817e-44,3.643376007244524e-43,9.183689745645554e-41,0.302273690700531,0.09673675149679184,-0.04598484933376312,0.007901138626039028,586,195832,18,4,False,Left,Front,Centre,Right,50
<_io.BytesIO object at 0x0000014EBBD66180>,1059534137,0.1630578339099884,-0.12387512624263763,0.6866821646690369,0.12744039297103882,-0.12013478577136993,0.6655631065368652,0.1627507358789444,-0.036041952669620514,22147,195833,18,4,False,Left,Front,Centre,Right,50
<_io.BytesIO object at 0x0000014EBBD31C70>,3184475947,2.714679037119083e-10,8.445594125249708e-17,4.068894540417735e-14,6.696297069927398e-25,2.516199548510928e-40,6.979497708007332e-39,9.183549615799121e-41,-3.097101230178854e+38,16002,195833,18,4,False,Left,Front,Centre,Right,50
<_io.BytesIO object at 0x0000014EBBD31DB0>,1034634354,-0.019421176984906197,-0.15704788267612457,-0.2374766319990158,-0.08472488820552826,-0.9548625946044922,0.0045938328839838505,1.8367239361444675e-40,5.59128191571766e+24,16133,195833,18,4,False,Left,Front,Centre,Right,50
<_io.BytesIO object at 0x0000014EBBD31EA0>,1038037593,0.27638304233551025,-0.29345840215682983,0.0909462496638298,0.52028489112854,-0.7968152761459351,0.0,0.0,0.0,0,195833,18,4,False,Left,Front,Centre,Right,50
<_io.BytesIO object at 0x0000014EBBD318B0>,0,0.0,1.401298464324817e-44,3.643376007244524e-43,9.183689745645554e-41,0.3019689619541168,0.09676996618509293,-0.04614574462175369,0.007901585660874844,586,195833,18,4,False,Left,Front,Centre,Right,50
<_io.BytesIO object at 0x0000014EBBD48C70>,1059505096,0.16214415431022644,-0.12449007481336594,0.6850874423980713,0.12659861147403717,-0.12067507207393646,0.6634401082992554,0.1617346554994583,-0.03663937747478485,-1931,195834,18,4,False,Left,Front,Centre,Right,50
<_io.BytesIO object at 0x0000014EBBD484F0>,437206826,-3.2578333063111134e-17,-1.951110601425171,1.8322730841385327e-16,9.420244662105722e+29,2.5162415874648578e-40,6.979497708007332e-39,9.183549615799121e-41,-7.701155362803548e+17,16002,195834,18,4,False,Left,Front,Centre,Right,50
<_io.BytesIO object at 0x0000014EBBD48680>,1034640132,-0.019464543089270592,-0.15744233131408691,-0.23831701278686523,-0.08423595130443573,-0.9546314477920532,0.004594721365720034,1.8367239361444675e-40,5.59128191571766e+24,16133,195834,18,4,False,Left,Front,Centre,Right,50
<_io.BytesIO object at 0x0000014EBBD48900>,1038037593,0.27638304233551025,-0.29345840215682983,0.0909462496638298,0.52028489112854,-0.7968152761459351,0.0,0.0,0.0,0,195834,18,4,False,Left,Front,Centre,Right,50
<_io.BytesIO object at 0x0000014EBBD48F40>,0,0.0,1.401298464324817e-44,3.643376007244524e-43,9.183689745645554e-41,0.30163922905921936,0.09676127880811691,-0.046259649097919464,0.007901939563453197,586,195834,18,4,False,Left,Front,Centre,Right,50
<_io.BytesIO object at 0x0000014EBBCA7630>,1059476643,0.16120941936969757,-0.1251124143600464,0.6834593415260315,0.12577703595161438,-0.12120367586612701,0.6613010764122009,0.16059310734272003,-0.03721185773611069,-25975,195835,18,4,False,Left,Front,Centre,Right,50
<_io.BytesIO object at 0x0000014EB8F5FA90>,1044463402,4.942742451820074e-36,254803229802496.0,-1.2121699962300814e+32,5.482342418548022e+32,2.5162836264187875e-40,6.979497708007332e-39,9.183549615799121e-41,-8.003553375601768e-10,16002,195835,18,4,False,Left,Front,Centre,Right,50
<_io.BytesIO object at 0x0000014EBBCA7CC0>,1034659824,-0.019569439813494682,-0.15844093263149261,-0.239181250333786,-0.08297872543334961,-0.9543601870536804,0.004547791555523872,1.8367239361444675e-40,5.59128191571766e+24,16133,195835,18,4,False,Left,Front,Centre,Right,50
<_io.BytesIO object at 0x0000014EB8F5FF90>,1038037593,0.27638304233551025,-0.29345840215682983,0.0909462496638298,0.52028489112854,-0.7968152761459351,0.0,0.0,0.0,0,195835,18,4,False,Left,Front,Centre,Right,50
<_io.BytesIO object at 0x0000014EB8F5F130>,0,0.0,1.401298464324817e-44,3.643376007244524e-43,9.183689745645554e-41,0.30121979117393494,0.09681495279073715,-0.04641622677445412,0.007902010343968868,586,195835,18,4,False,Left,Front,Centre,Right,50
<_io.BytesIO object at 0x0000014EBBCA30E0>,1059448490,0.16020247340202332,-0.12559491395950317,0.6819674372673035,0.12495407462120056,-0.12161123007535934,0.659157931804657,0.159408301115036,-0.03766948729753494,16396,195836,18,4,False,Left,Front,Centre,Right,50
<_io.BytesIO object at 0x0000014EBBCA37C0>,1650736938,-2.2201655156095512e-05,-8.007241781401634e+34,-2.3904029983586516e-15,-1.1690303280758163e-27,2.5163256653727173e-40,6.979497708007332e-39,9.183549615799121e-41,-1.5795705339174488e-37,16002,195836,18,4,False,Left,Front,Centre,Right,50
<_io.BytesIO object at 0x0000014EBBCA3310>,1034662016,-0.019563976675271988,-0.15829336643218994,-0.24054846167564392,-0.08367102593183517,-0.9539805054664612,0.004570216406136751,1.8367239361444675e-40,5.59128191571766e+24,16133,195836,18,4,False,Left,Front,Centre,Right,50
<_io.BytesIO object at 0x0000014EBBD39310>,1038037593,0.27638304233551025,-0.29345840215682983,0.0909462496638298,0.52028489112854,-0.7968152761459351,0.0,0.0,0.0,0,195836,18,4,False,Left,Front,Centre,Right,50
<_io.BytesIO object at 0x0000014EBBD392C0>,0,0.0,1.401298464324817e-44,3.643376007244524e-43,9.183689745645554e-41,0.30082404613494873,0.09693756699562073,-0.04654376953840256,0.007901955395936966,586,195836,18,4,False,Left,Front,Centre,Right,50
<_io.BytesIO object at 0x0000014EBBD5B180>,1059420054,0.15914873778820038,-0.12605640292167664,0.680550217628479,0.12410739809274673,-0.12210539728403091,0.6572216153144836,0.1581910103559494,-0.03813453018665314,-4578,195837,18,4,False,Left,Front,Centre,Right,50
<_io.BytesIO object at 0x0000014EBBD5B9A0>,1390755625,70459449344.0,-1.437226475869599e-20,3.2720022438009755e-12,-3.7670173469450674e-07,2.516367704326647e-40,6.979497708007332e-39,9.183549615799121e-41,7937099563008.0,16002,195837,18,4,False,Left,Front,Centre,Right,50
<_io.BytesIO object at 0x0000014EBBD5B720>,1034673727,-0.01962839812040329,-0.15903650224208832,-0.24142959713935852,-0.08323276042938232,-0.9536725878715515,0.00454376544803381,1.8367239361444675e-40,5.59128191571766e+24,16133,195837,18,4,False,Left,Front,Centre,Right,50
<_io.BytesIO object at 0x0000014EBBD5BEA0>,1038037593,0.27638304233551025,-0.29345840215682983,0.0909462496638298,0.52028489112854,-0.7968152761459351,0.0,0.0,0.0,0,195837,18,4,False,Left,Front,Centre,Right,50
<_io.BytesIO object at 0x0000014EBBD5BE00>,0,0.0,1.401298464324817e-44,3.643376007244524e-43,9.183689745645554e-41,0.30039432644844055,0.09699272364377975,-0.046652503311634064,0.007901440374553204,586,195837,18,4,False,Left,Front,Centre,Right,50
<_io.BytesIO object at 0x0000014EBBCA3180>,1059393394,0.1579224169254303,-0.1264272779226303,0.6792725324630737,0.1231251060962677,-0.12244398891925812,0.6552588939666748,0.15682350099086761,-0.0385085754096508,-25454,195838,18,4,False,Left,Front,Centre,Right,50
<_io.BytesIO object at 0x0000014EBBCA3D10>,797392681,-1.5677566049299366e+34,0.10876084119081497,-57242972160.0,5.879866823851238e-33,2.51642375626522e-40,6.979497708007332e-39,9.183549615799121e-41,6.418476861114186e-17,16002,195838,18,4,False,Left,Front,Centre,Right,50
<_io.BytesIO object at 0x0000014EBBCA32C0>,1034687201,-0.019713841378688812,-0.16011476516723633,-0.2422984540462494,-0.08319633454084396,-0.9532749056816101,0.004540933761745691,1.8367239361444675e-40,5.59128191571766e+24,16133,195838,18,4,False,Left,Front,Centre,Right,50
<_io.BytesIO object at 0x0000014EBBCA3040>,1038037593,0.27638304233551025,-0.29345840215682983,0.0909462496638298,0.52028489112854,-0.7968152761459351,0.0,0.0,0.0,0,195838,18,4,False,Left,Front,Centre,Right,50
<_io.BytesIO object at 0x0000014EBBCA38B0>,0,0.0,1.401298464324817e-44,3.643376007244524e-43,9.183689745645554e-41,0.2999531924724579,0.09708158671855927,-0.04681089520454407,0.007900995202362537,586,195838,18,4,False,Left,Front,Centre,Right,50
<_io.BytesIO object at 0x0000014EBBCA7CC0>,1059368476,0.15674379467964172,-0.12692362070083618,0.6779019236564636,0.12218542397022247,-0.12282744795084,0.6534276604652405,0.15542303025722504,-0.038965124636888504,18494,195839,18,4,False,Left,Front,Centre,Right,50
<_io.BytesIO object at 0x0000014EBBCA7D60>,181747497,-6.998223924481083e-20,-1.9311649184395942e+26,382.49334716796875,753121642938368.0,2.5164657952191497e-40,6.979497708007332e-39,9.183549615799121e-41,-6.148105411106913e+31,16001,195839,18,4,False,Left,Front,Centre,Right,50
<_io.BytesIO object at 0x0000014EBBCA7270>,1034704195,-0.01983548328280449,-0.16075530648231506,-0.243098646402359,-0.08283165842294693,-0.9529951214790344,0.004499197471886873,1.8367239361444675e-40,5.59128191571766e+24,16133,195839,18,4,False,Left,Front,Centre,Right,50
<_io.BytesIO object at 0x0000014EBBCA7D10>,1038037593,0.27638304233551025,-0.29345840215682983,0.0909462496638298,0.52028489112854,-0.7968152761459351,0.0,0.0,0.0,0,195839,18,4,False,Left,Front,Centre,Right,50
<_io.BytesIO object at 0x0000014EBBCA74F0>,0,0.0,1.401298464324817e-44,3.643376007244524e-43,9.183689745645554e-41,0.29950469732284546,0.09720762819051743,-0.04698207229375839,0.007901077158749104,586,195839,18,4,False,Left,Front,Centre,Right,50
