_io,pos_x,pos_y,pos_z,frame,trial_num,block_num,practicing,left_right_hand,palm_back_hand,target_loc,distractor_loc,participant_id
<_io.BytesIO object at 0x000002A112EBE7C0>,0.6214906573295593,0.1421288400888443,0.1525740921497345,154897,60,4,False,Left,Front,Left,Centre,67
_io,pos_x,pos_y,pos_z,frame,trial_num,block_num,practicing,left_right_hand,palm_back_hand,target_loc,distractor_loc,participant_id
<_io.BytesIO object at 0x000002A112EBEEA0>,0.6531720161437988,0.1231192797422409,0.15648992359638214,154897,60,4,False,Left,Front,Left,Centre,67
_io,pos_x,pos_y,pos_z,frame,trial_num,block_num,practicing,left_right_hand,palm_back_hand,target_loc,distractor_loc,participant_id
<_io.BytesIO object at 0x000002A112E12450>,0.6360342502593994,0.028183359652757645,0.16122642159461975,154897,60,4,False,Left,Front,Left,Centre,67
_io,pos_x,pos_y,pos_z,frame,trial_num,block_num,practicing,left_right_hand,palm_back_hand,target_loc,distractor_loc,participant_id
<_io.BytesIO object at 0x000002A112E129A0>,0.6630198955535889,0.08914154767990112,0.14008435606956482,154897,60,4,False,Left,Front,Left,Centre,67
_io,pos_x,pos_y,pos_z,frame,trial_num,block_num,practicing,left_right_hand,palm_back_hand,target_loc,distractor_loc,participant_id
<_io.BytesIO object at 0x000002A112E12220>,0.5611653327941895,0.06832854449748993,0.21007588505744934,154897,60,4,False,Left,Front,Left,Centre,67
<_io.BytesIO object at 0x000002A112EBE680>,0.6214906573295593,0.1421288400888443,0.1525740921497345,154898,60,4,False,Left,Front,Left,Centre,67
<_io.BytesIO object at 0x000002A112EBE270>,0.6531720161437988,0.1231192797422409,0.15648992359638214,154898,60,4,False,Left,Front,Left,Centre,67
<_io.BytesIO object at 0x000002A112E128B0>,0.6360342502593994,0.028183359652757645,0.16122642159461975,154898,60,4,False,Left,Front,Left,Centre,67
<_io.BytesIO object at 0x000002A112E12F90>,0.6630198955535889,0.08914154767990112,0.14008435606956482,154898,60,4,False,Left,Front,Left,Centre,67
<_io.BytesIO object at 0x000002A112E12630>,0.5611653327941895,0.06832854449748993,0.21007588505744934,154898,60,4,False,Left,Front,Left,Centre,67
<_io.BytesIO object at 0x000002A112EBE8B0>,0.6214906573295593,0.1421288400888443,0.1525740921497345,154899,60,4,False,Left,Front,Left,Centre,67
<_io.BytesIO object at 0x000002A112E12900>,0.6531720161437988,0.1231192797422409,0.15648992359638214,154899,60,4,False,Left,Front,Left,Centre,67
<_io.BytesIO object at 0x000002A112E12AE0>,0.6360342502593994,0.028183359652757645,0.16122642159461975,154899,60,4,False,Left,Front,Left,Centre,67
<_io.BytesIO object at 0x000002A112E125E0>,0.6630198955535889,0.08914154767990112,0.14008435606956482,154899,60,4,False,Left,Front,Left,Centre,67
<_io.BytesIO object at 0x000002A112E12950>,0.5611653327941895,0.06832854449748993,0.21007588505744934,154899,60,4,False,Left,Front,Left,Centre,67
<_io.BytesIO object at 0x000002A112EBEEF0>,0.6214906573295593,0.1421288400888443,0.1525740921497345,154900,60,4,False,Left,Front,Left,Centre,67
<_io.BytesIO object at 0x000002A112EBEEA0>,0.6531720161437988,0.1231192797422409,0.15648992359638214,154900,60,4,False,Left,Front,Left,Centre,67
<_io.BytesIO object at 0x000002A112EBEF90>,0.6360342502593994,0.028183359652757645,0.16122642159461975,154900,60,4,False,Left,Front,Left,Centre,67
<_io.BytesIO object at 0x000002A112EBEF40>,0.6630198955535889,0.08914154767990112,0.14008435606956482,154900,60,4,False,Left,Front,Left,Centre,67
<_io.BytesIO object at 0x000002A112EBE7C0>,0.5611653327941895,0.06832854449748993,0.21007588505744934,154900,60,4,False,Left,Front,Left,Centre,67
<_io.BytesIO object at 0x000002A17F345680>,0.6214906573295593,0.1421288400888443,0.1525740921497345,154901,60,4,False,Left,Front,Left,Centre,67
<_io.BytesIO object at 0x000002A17F345090>,0.6531720161437988,0.1231192797422409,0.15648992359638214,154901,60,4,False,Left,Front,Left,Centre,67
<_io.BytesIO object at 0x000002A112E12E00>,0.6360342502593994,0.028183359652757645,0.16122642159461975,154901,60,4,False,Left,Front,Left,Centre,67
<_io.BytesIO object at 0x000002A112E12BD0>,0.6630198955535889,0.08914154767990112,0.14008435606956482,154901,60,4,False,Left,Front,Left,Centre,67
<_io.BytesIO object at 0x000002A112E12AE0>,0.5611653327941895,0.06832854449748993,0.21007588505744934,154901,60,4,False,Left,Front,Left,Centre,67
<_io.BytesIO object at 0x000002A112EBE180>,0.6214906573295593,0.1421288400888443,0.1525740921497345,154902,60,4,False,Left,Front,Left,Centre,67
<_io.BytesIO object at 0x000002A112EBE450>,0.6531720161437988,0.1231192797422409,0.15648992359638214,154902,60,4,False,Left,Front,Left,Centre,67
<_io.BytesIO object at 0x000002A112EBEC70>,0.6360342502593994,0.028183359652757645,0.16122642159461975,154902,60,4,False,Left,Front,Left,Centre,67
<_io.BytesIO object at 0x000002A112EBEBD0>,0.6630198955535889,0.08914154767990112,0.14008435606956482,154902,60,4,False,Left,Front,Left,Centre,67
<_io.BytesIO object at 0x000002A112EBE130>,0.5611653327941895,0.06832854449748993,0.21007588505744934,154902,60,4,False,Left,Front,Left,Centre,67
<_io.BytesIO object at 0x000002A112E12860>,0.6214906573295593,0.1421288400888443,0.1525740921497345,154903,60,4,False,Left,Front,Left,Centre,67
<_io.BytesIO object at 0x000002A112E12B80>,0.6531720161437988,0.1231192797422409,0.15648992359638214,154903,60,4,False,Left,Front,Left,Centre,67
<_io.BytesIO object at 0x000002A112E129F0>,0.6360342502593994,0.028183359652757645,0.16122642159461975,154903,60,4,False,Left,Front,Left,Centre,67
<_io.BytesIO object at 0x000002A112EBEEF0>,0.6630198955535889,0.08914154767990112,0.14008435606956482,154903,60,4,False,Left,Front,Left,Centre,67
<_io.BytesIO object at 0x000002A112EBE860>,0.5611653327941895,0.06832854449748993,0.21007588505744934,154903,60,4,False,Left,Front,Left,Centre,67
<_io.BytesIO object at 0x000002A112E12AE0>,0.6214906573295593,0.1421288400888443,0.1525740921497345,154904,60,4,False,Left,Front,Left,Centre,67
<_io.BytesIO object at 0x000002A112E12EF0>,0.6531720161437988,0.1231192797422409,0.15648992359638214,154904,60,4,False,Left,Front,Left,Centre,67
<_io.BytesIO object at 0x000002A17F345360>,0.6360342502593994,0.028183359652757645,0.16122642159461975,154904,60,4,False,Left,Front,Left,Centre,67
<_io.BytesIO object at 0x000002A112EBECC0>,0.6630198955535889,0.08914154767990112,0.14008435606956482,154904,60,4,False,Left,Front,Left,Centre,67
<_io.BytesIO object at 0x000002A112EBE180>,0.5611653327941895,0.06832854449748993,0.21007588505744934,154904,60,4,False,Left,Front,Left,Centre,67
<_io.BytesIO object at 0x000002A17F345360>,0.6214906573295593,0.1421288400888443,0.1525740921497345,154905,60,4,False,Left,Front,Left,Centre,67
<_io.BytesIO object at 0x000002A17F345540>,0.6531720161437988,0.1231192797422409,0.15648992359638214,154905,60,4,False,Left,Front,Left,Centre,67
<_io.BytesIO object at 0x000002A112EBEEA0>,0.6360342502593994,0.028183359652757645,0.16122642159461975,154905,60,4,False,Left,Front,Left,Centre,67
<_io.BytesIO object at 0x000002A112EBE2C0>,0.6630198955535889,0.08914154767990112,0.14008435606956482,154905,60,4,False,Left,Front,Left,Centre,67
<_io.BytesIO object at 0x000002A112EBE400>,0.5611653327941895,0.06832854449748993,0.21007588505744934,154905,60,4,False,Left,Front,Left,Centre,67
<_io.BytesIO object at 0x000002A112E12900>,0.6214906573295593,0.1421288400888443,0.1525740921497345,154906,60,4,False,Left,Front,Left,Centre,67
<_io.BytesIO object at 0x000002A112E12DB0>,0.6531720161437988,0.1231192797422409,0.15648992359638214,154906,60,4,False,Left,Front,Left,Centre,67
<_io.BytesIO object at 0x000002A112EBEBD0>,0.6360342502593994,0.028183359652757645,0.16122642159461975,154906,60,4,False,Left,Front,Left,Centre,67
<_io.BytesIO object at 0x000002A112EBE0E0>,0.6630198955535889,0.08914154767990112,0.14008435606956482,154906,60,4,False,Left,Front,Left,Centre,67
<_io.BytesIO object at 0x000002A112EBE360>,0.5611653327941895,0.06832854449748993,0.21007588505744934,154906,60,4,False,Left,Front,Left,Centre,67
<_io.BytesIO object at 0x000002A112EBE6D0>,0.6214906573295593,0.1421288400888443,0.1525740921497345,154907,60,4,False,Left,Front,Left,Centre,67
<_io.BytesIO object at 0x000002A112EBE8B0>,0.6531720161437988,0.1231192797422409,0.15648992359638214,154907,60,4,False,Left,Front,Left,Centre,67
<_io.BytesIO object at 0x000002A112E128B0>,0.6360342502593994,0.028183359652757645,0.16122642159461975,154907,60,4,False,Left,Front,Left,Centre,67
<_io.BytesIO object at 0x000002A112E12950>,0.6630198955535889,0.08914154767990112,0.14008435606956482,154907,60,4,False,Left,Front,Left,Centre,67
<_io.BytesIO object at 0x000002A112E12B30>,0.5611653327941895,0.06832854449748993,0.21007588505744934,154907,60,4,False,Left,Front,Left,Centre,67
<_io.BytesIO object at 0x000002A112EBEE50>,0.6214906573295593,0.1421288400888443,0.1525740921497345,154908,60,4,False,Left,Front,Left,Centre,67
<_io.BytesIO object at 0x000002A112EBEF40>,0.6531720161437988,0.1231192797422409,0.15648992359638214,154908,60,4,False,Left,Front,Left,Centre,67
<_io.BytesIO object at 0x000002A112EBE860>,0.6360342502593994,0.028183359652757645,0.16122642159461975,154908,60,4,False,Left,Front,Left,Centre,67
<_io.BytesIO object at 0x000002A112EBE7C0>,0.6630198955535889,0.08914154767990112,0.14008435606956482,154908,60,4,False,Left,Front,Left,Centre,67
<_io.BytesIO object at 0x000002A112EBE720>,0.5611653327941895,0.06832854449748993,0.21007588505744934,154908,60,4,False,Left,Front,Left,Centre,67
<_io.BytesIO object at 0x000002A112EBE0E0>,0.6214906573295593,0.1421288400888443,0.1525740921497345,154909,60,4,False,Left,Front,Left,Centre,67
<_io.BytesIO object at 0x000002A112EBE6D0>,0.6531720161437988,0.1231192797422409,0.15648992359638214,154909,60,4,False,Left,Front,Left,Centre,67
<_io.BytesIO object at 0x000002A112E12E00>,0.6360342502593994,0.028183359652757645,0.16122642159461975,154909,60,4,False,Left,Front,Left,Centre,67
<_io.BytesIO object at 0x000002A112E124F0>,0.6630198955535889,0.08914154767990112,0.14008435606956482,154909,60,4,False,Left,Front,Left,Centre,67
<_io.BytesIO object at 0x000002A112E12720>,0.5611653327941895,0.06832854449748993,0.21007588505744934,154909,60,4,False,Left,Front,Left,Centre,67
<_io.BytesIO object at 0x000002A112E124A0>,0.6214906573295593,0.1421288400888443,0.1525740921497345,154910,60,4,False,Left,Front,Left,Centre,67
<_io.BytesIO object at 0x000002A112E12310>,0.6531720161437988,0.1231192797422409,0.15648992359638214,154910,60,4,False,Left,Front,Left,Centre,67
<_io.BytesIO object at 0x000002A112E12AE0>,0.6360342502593994,0.028183359652757645,0.16122642159461975,154910,60,4,False,Left,Front,Left,Centre,67
<_io.BytesIO object at 0x000002A112E128B0>,0.6630198955535889,0.08914154767990112,0.14008435606956482,154910,60,4,False,Left,Front,Left,Centre,67
<_io.BytesIO object at 0x000002A112E123B0>,0.5611653327941895,0.06832854449748993,0.21007588505744934,154910,60,4,False,Left,Front,Left,Centre,67
<_io.BytesIO object at 0x000002A112EBE540>,0.6214906573295593,0.1421288400888443,0.1525740921497345,154911,60,4,False,Left,Front,Left,Centre,67
<_io.BytesIO object at 0x000002A112EBE220>,0.6531720161437988,0.1231192797422409,0.15648992359638214,154911,60,4,False,Left,Front,Left,Centre,67
<_io.BytesIO object at 0x000002A112E122C0>,0.6360342502593994,0.028183359652757645,0.16122642159461975,154911,60,4,False,Left,Front,Left,Centre,67
<_io.BytesIO object at 0x000002A112E12A90>,0.6630198955535889,0.08914154767990112,0.14008435606956482,154911,60,4,False,Left,Front,Left,Centre,67
<_io.BytesIO object at 0x000002A112E12450>,0.5611653327941895,0.06832854449748993,0.21007588505744934,154911,60,4,False,Left,Front,Left,Centre,67
<_io.BytesIO object at 0x000002A112E12B80>,0.6214906573295593,0.1421288400888443,0.1525740921497345,154912,60,4,False,Left,Front,Left,Centre,67
<_io.BytesIO object at 0x000002A112E12C70>,0.6531720161437988,0.1231192797422409,0.15648992359638214,154912,60,4,False,Left,Front,Left,Centre,67
<_io.BytesIO object at 0x000002A112E12220>,0.6360342502593994,0.028183359652757645,0.16122642159461975,154912,60,4,False,Left,Front,Left,Centre,67
<_io.BytesIO object at 0x000002A112E12540>,0.6630198955535889,0.08914154767990112,0.14008435606956482,154912,60,4,False,Left,Front,Left,Centre,67
<_io.BytesIO object at 0x000002A112E12900>,0.5611653327941895,0.06832854449748993,0.21007588505744934,154912,60,4,False,Left,Front,Left,Centre,67
<_io.BytesIO object at 0x000002A112EBE360>,0.6214906573295593,0.1421288400888443,0.1525740921497345,154913,60,4,False,Left,Front,Left,Centre,67
<_io.BytesIO object at 0x000002A112EBEC70>,0.6531720161437988,0.1231192797422409,0.15648992359638214,154913,60,4,False,Left,Front,Left,Centre,67
<_io.BytesIO object at 0x000002A112EBE090>,0.6360342502593994,0.028183359652757645,0.16122642159461975,154913,60,4,False,Left,Front,Left,Centre,67
<_io.BytesIO object at 0x000002A112EBE9F0>,0.6630198955535889,0.08914154767990112,0.14008435606956482,154913,60,4,False,Left,Front,Left,Centre,67
<_io.BytesIO object at 0x000002A112EBE720>,0.5611653327941895,0.06832854449748993,0.21007588505744934,154913,60,4,False,Left,Front,Left,Centre,67
<_io.BytesIO object at 0x000002A112E12B80>,0.6214906573295593,0.1421288400888443,0.1525740921497345,154914,60,4,False,Left,Front,Left,Centre,67
<_io.BytesIO object at 0x000002A112E12D60>,0.6531720161437988,0.1231192797422409,0.15648992359638214,154914,60,4,False,Left,Front,Left,Centre,67
<_io.BytesIO object at 0x000002A112E12630>,0.6360342502593994,0.028183359652757645,0.16122642159461975,154914,60,4,False,Left,Front,Left,Centre,67
<_io.BytesIO object at 0x000002A112EBEAE0>,0.6630198955535889,0.08914154767990112,0.14008435606956482,154914,60,4,False,Left,Front,Left,Centre,67
<_io.BytesIO object at 0x000002A112EBEEF0>,0.5611653327941895,0.06832854449748993,0.21007588505744934,154914,60,4,False,Left,Front,Left,Centre,67
<_io.BytesIO object at 0x000002A112EBE450>,0.6214906573295593,0.1421288400888443,0.1525740921497345,154915,60,4,False,Left,Front,Left,Centre,67
<_io.BytesIO object at 0x000002A112EBE9A0>,0.6531720161437988,0.1231192797422409,0.15648992359638214,154915,60,4,False,Left,Front,Left,Centre,67
<_io.BytesIO object at 0x000002A112EBEA40>,0.6360342502593994,0.028183359652757645,0.16122642159461975,154915,60,4,False,Left,Front,Left,Centre,67
<_io.BytesIO object at 0x000002A112EBEC70>,0.6630198955535889,0.08914154767990112,0.14008435606956482,154915,60,4,False,Left,Front,Left,Centre,67
<_io.BytesIO object at 0x000002A112EBE0E0>,0.5611653327941895,0.06832854449748993,0.21007588505744934,154915,60,4,False,Left,Front,Left,Centre,67
<_io.BytesIO object at 0x000002A112E12950>,0.6214906573295593,0.1421288400888443,0.1525740921497345,154916,60,4,False,Left,Front,Left,Centre,67
<_io.BytesIO object at 0x000002A112E12D10>,0.6531720161437988,0.1231192797422409,0.15648992359638214,154916,60,4,False,Left,Front,Left,Centre,67
<_io.BytesIO object at 0x000002A112EBEC20>,0.6360342502593994,0.028183359652757645,0.16122642159461975,154916,60,4,False,Left,Front,Left,Centre,67
<_io.BytesIO object at 0x000002A112EBE6D0>,0.6630198955535889,0.08914154767990112,0.14008435606956482,154916,60,4,False,Left,Front,Left,Centre,67
<_io.BytesIO object at 0x000002A112EBE0E0>,0.5611653327941895,0.06832854449748993,0.21007588505744934,154916,60,4,False,Left,Front,Left,Centre,67
<_io.BytesIO object at 0x000002A112E12E50>,0.6214906573295593,0.1421288400888443,0.1525740921497345,154917,60,4,False,Left,Front,Left,Centre,67
<_io.BytesIO object at 0x000002A112E12A90>,0.6531720161437988,0.1231192797422409,0.15648992359638214,154917,60,4,False,Left,Front,Left,Centre,67
<_io.BytesIO object at 0x000002A112E12D10>,0.6360342502593994,0.028183359652757645,0.16122642159461975,154917,60,4,False,Left,Front,Left,Centre,67
<_io.BytesIO object at 0x000002A112EBE090>,0.6630198955535889,0.08914154767990112,0.14008435606956482,154917,60,4,False,Left,Front,Left,Centre,67
<_io.BytesIO object at 0x000002A112EBEF40>,0.5611653327941895,0.06832854449748993,0.21007588505744934,154917,60,4,False,Left,Front,Left,Centre,67
<_io.BytesIO object at 0x000002A112EBE0E0>,0.6214906573295593,0.1421288400888443,0.1525740921497345,154918,60,4,False,Left,Front,Left,Centre,67
<_io.BytesIO object at 0x000002A112E12A90>,0.6531720161437988,0.1231192797422409,0.15648992359638214,154918,60,4,False,Left,Front,Left,Centre,67
<_io.BytesIO object at 0x000002A112E124A0>,0.6360342502593994,0.028183359652757645,0.16122642159461975,154918,60,4,False,Left,Front,Left,Centre,67
<_io.BytesIO object at 0x000002A112E12810>,0.6630198955535889,0.08914154767990112,0.14008435606956482,154918,60,4,False,Left,Front,Left,Centre,67
<_io.BytesIO object at 0x000002A112E12CC0>,0.5611653327941895,0.06832854449748993,0.21007588505744934,154918,60,4,False,Left,Front,Left,Centre,67
<_io.BytesIO object at 0x000002A112E12C70>,0.6214906573295593,0.1421288400888443,0.1525740921497345,154919,60,4,False,Left,Front,Left,Centre,67
<_io.BytesIO object at 0x000002A112E12F90>,0.6531720161437988,0.1231192797422409,0.15648992359638214,154919,60,4,False,Left,Front,Left,Centre,67
<_io.BytesIO object at 0x000002A112EBE810>,0.6360342502593994,0.028183359652757645,0.16122642159461975,154919,60,4,False,Left,Front,Left,Centre,67
<_io.BytesIO object at 0x000002A112EBE360>,0.6630198955535889,0.08914154767990112,0.14008435606956482,154919,60,4,False,Left,Front,Left,Centre,67
<_io.BytesIO object at 0x000002A112EBE680>,0.5611653327941895,0.06832854449748993,0.21007588505744934,154919,60,4,False,Left,Front,Left,Centre,67
<_io.BytesIO object at 0x000002A112EBE040>,0.6214906573295593,0.1421288400888443,0.1525740921497345,154920,60,4,False,Left,Front,Left,Centre,67
<_io.BytesIO object at 0x000002A112EBE400>,0.6531720161437988,0.1231192797422409,0.15648992359638214,154920,60,4,False,Left,Front,Left,Centre,67
<_io.BytesIO object at 0x000002A112E124F0>,0.6360342502593994,0.028183359652757645,0.16122642159461975,154920,60,4,False,Left,Front,Left,Centre,67
<_io.BytesIO object at 0x000002A112E123B0>,0.6630198955535889,0.08914154767990112,0.14008435606956482,154920,60,4,False,Left,Front,Left,Centre,67
<_io.BytesIO object at 0x000002A112E12810>,0.5611653327941895,0.06832854449748993,0.21007588505744934,154920,60,4,False,Left,Front,Left,Centre,67
<_io.BytesIO object at 0x000002A112EBEA40>,0.6214906573295593,0.1421288400888443,0.1525740921497345,154921,60,4,False,Left,Front,Left,Centre,67
<_io.BytesIO object at 0x000002A112EBE9A0>,0.6531720161437988,0.1231192797422409,0.15648992359638214,154921,60,4,False,Left,Front,Left,Centre,67
<_io.BytesIO object at 0x000002A112EBE7C0>,0.6360342502593994,0.028183359652757645,0.16122642159461975,154921,60,4,False,Left,Front,Left,Centre,67
<_io.BytesIO object at 0x000002A112EBE8B0>,0.6630198955535889,0.08914154767990112,0.14008435606956482,154921,60,4,False,Left,Front,Left,Centre,67
<_io.BytesIO object at 0x000002A112EBEAE0>,0.5611653327941895,0.06832854449748993,0.21007588505744934,154921,60,4,False,Left,Front,Left,Centre,67
<_io.BytesIO object at 0x000002A112E12130>,0.6214906573295593,0.1421288400888443,0.1525740921497345,154922,60,4,False,Left,Front,Left,Centre,67
<_io.BytesIO object at 0x000002A17F345720>,0.6531720161437988,0.1231192797422409,0.15648992359638214,154922,60,4,False,Left,Front,Left,Centre,67
<_io.BytesIO object at 0x000002A112EBE270>,0.6360342502593994,0.028183359652757645,0.16122642159461975,154922,60,4,False,Left,Front,Left,Centre,67
<_io.BytesIO object at 0x000002A112EBE900>,0.6630198955535889,0.08914154767990112,0.14008435606956482,154922,60,4,False,Left,Front,Left,Centre,67
<_io.BytesIO object at 0x000002A112EBEAE0>,0.5611653327941895,0.06832854449748993,0.21007588505744934,154922,60,4,False,Left,Front,Left,Centre,67
<_io.BytesIO object at 0x000002A112E12360>,0.6214906573295593,0.1421288400888443,0.1525740921497345,154923,60,4,False,Left,Front,Left,Centre,67
<_io.BytesIO object at 0x000002A112E12810>,0.6531720161437988,0.1231192797422409,0.15648992359638214,154923,60,4,False,Left,Front,Left,Centre,67
<_io.BytesIO object at 0x000002A17F345130>,0.6360342502593994,0.028183359652757645,0.16122642159461975,154923,60,4,False,Left,Front,Left,Centre,67
<_io.BytesIO object at 0x000002A112EBEEA0>,0.6630198955535889,0.08914154767990112,0.14008435606956482,154923,60,4,False,Left,Front,Left,Centre,67
<_io.BytesIO object at 0x000002A112EBE0E0>,0.5611653327941895,0.06832854449748993,0.21007588505744934,154923,60,4,False,Left,Front,Left,Centre,67
<_io.BytesIO object at 0x000002A17F3457C0>,0.6214906573295593,0.1421288400888443,0.1525740921497345,154924,60,4,False,Left,Front,Left,Centre,67
<_io.BytesIO object at 0x000002A112E12D10>,0.6531720161437988,0.1231192797422409,0.15648992359638214,154924,60,4,False,Left,Front,Left,Centre,67
<_io.BytesIO object at 0x000002A112E12950>,0.6360342502593994,0.028183359652757645,0.16122642159461975,154924,60,4,False,Left,Front,Left,Centre,67
<_io.BytesIO object at 0x000002A112E12090>,0.6630198955535889,0.08914154767990112,0.14008435606956482,154924,60,4,False,Left,Front,Left,Centre,67
<_io.BytesIO object at 0x000002A112E120E0>,0.5611653327941895,0.06832854449748993,0.21007588505744934,154924,60,4,False,Left,Front,Left,Centre,67
<_io.BytesIO object at 0x000002A112EBE220>,0.6214906573295593,0.1421288400888443,0.1525740921497345,154925,60,4,False,Left,Front,Left,Centre,67
<_io.BytesIO object at 0x000002A112E124A0>,0.6531720161437988,0.1231192797422409,0.15648992359638214,154925,60,4,False,Left,Front,Left,Centre,67
<_io.BytesIO object at 0x000002A112EBE360>,0.6360342502593994,0.028183359652757645,0.16122642159461975,154925,60,4,False,Left,Front,Left,Centre,67
<_io.BytesIO object at 0x000002A112EBE040>,0.6630198955535889,0.08914154767990112,0.14008435606956482,154925,60,4,False,Left,Front,Left,Centre,67
<_io.BytesIO object at 0x000002A112EBECC0>,0.5611653327941895,0.06832854449748993,0.21007588505744934,154925,60,4,False,Left,Front,Left,Centre,67
<_io.BytesIO object at 0x000002A112E12860>,0.6214906573295593,0.1421288400888443,0.1525740921497345,154926,60,4,False,Left,Front,Left,Centre,67
<_io.BytesIO object at 0x000002A112E12450>,0.6531720161437988,0.1231192797422409,0.15648992359638214,154926,60,4,False,Left,Front,Left,Centre,67
<_io.BytesIO object at 0x000002A112EBE6D0>,0.6360342502593994,0.028183359652757645,0.16122642159461975,154926,60,4,False,Left,Front,Left,Centre,67
<_io.BytesIO object at 0x000002A112EBEF90>,0.6630198955535889,0.08914154767990112,0.14008435606956482,154926,60,4,False,Left,Front,Left,Centre,67
<_io.BytesIO object at 0x000002A112EBE220>,0.5611653327941895,0.06832854449748993,0.21007588505744934,154926,60,4,False,Left,Front,Left,Centre,67
<_io.BytesIO object at 0x000002A112E16090>,0.6214906573295593,0.1421288400888443,0.1525740921497345,154927,60,4,False,Left,Front,Left,Centre,67
<_io.BytesIO object at 0x000002A112E164F0>,0.6531720161437988,0.1231192797422409,0.15648992359638214,154927,60,4,False,Left,Front,Left,Centre,67
<_io.BytesIO object at 0x000002A112E28C20>,0.6360342502593994,0.028183359652757645,0.16122642159461975,154927,60,4,False,Left,Front,Left,Centre,67
<_io.BytesIO object at 0x000002A112E28040>,0.6630198955535889,0.08914154767990112,0.14008435606956482,154927,60,4,False,Left,Front,Left,Centre,67
<_io.BytesIO object at 0x000002A112E284A0>,0.5611653327941895,0.06832854449748993,0.21007588505744934,154927,60,4,False,Left,Front,Left,Centre,67
<_io.BytesIO object at 0x000002A112E11AE0>,0.6214906573295593,0.1421288400888443,0.1525740921497345,154928,60,4,False,Left,Front,Left,Centre,67
<_io.BytesIO object at 0x000002A112E11540>,0.6531720161437988,0.1231192797422409,0.15648992359638214,154928,60,4,False,Left,Front,Left,Centre,67
<_io.BytesIO object at 0x000002A112E829A0>,0.6360342502593994,0.028183359652757645,0.16122642159461975,154928,60,4,False,Left,Front,Left,Centre,67
<_io.BytesIO object at 0x000002A112E82860>,0.6630198955535889,0.08914154767990112,0.14008435606956482,154928,60,4,False,Left,Front,Left,Centre,67
<_io.BytesIO object at 0x000002A112E822C0>,0.5611653327941895,0.06832854449748993,0.21007588505744934,154928,60,4,False,Left,Front,Left,Centre,67
<_io.BytesIO object at 0x000002A112EBE6D0>,0.6214906573295593,0.1421288400888443,0.1525740921497345,154929,60,4,False,Left,Front,Left,Centre,67
<_io.BytesIO object at 0x000002A112E962C0>,0.6531720161437988,0.1231192797422409,0.15648992359638214,154929,60,4,False,Left,Front,Left,Centre,67
<_io.BytesIO object at 0x000002A112E963B0>,0.6360342502593994,0.028183359652757645,0.16122642159461975,154929,60,4,False,Left,Front,Left,Centre,67
<_io.BytesIO object at 0x000002A112E96C20>,0.6630198955535889,0.08914154767990112,0.14008435606956482,154929,60,4,False,Left,Front,Left,Centre,67
<_io.BytesIO object at 0x000002A112E96B30>,0.5611653327941895,0.06832854449748993,0.21007588505744934,154929,60,4,False,Left,Front,Left,Centre,67
<_io.BytesIO object at 0x000002A112EB7E00>,0.6214906573295593,0.1421288400888443,0.1525740921497345,154930,60,4,False,Left,Front,Left,Centre,67
<_io.BytesIO object at 0x000002A113035E50>,0.6531720161437988,0.1231192797422409,0.15648992359638214,154930,60,4,False,Left,Front,Left,Centre,67
<_io.BytesIO object at 0x000002A1130359F0>,0.6360342502593994,0.028183359652757645,0.16122642159461975,154930,60,4,False,Left,Front,Left,Centre,67
<_io.BytesIO object at 0x000002A113035A40>,0.6630198955535889,0.08914154767990112,0.14008435606956482,154930,60,4,False,Left,Front,Left,Centre,67
<_io.BytesIO object at 0x000002A113035CC0>,0.5611653327941895,0.06832854449748993,0.21007588505744934,154930,60,4,False,Left,Front,Left,Centre,67
<_io.BytesIO object at 0x000002A112E80310>,0.6214906573295593,0.1421288400888443,0.1525740921497345,154931,60,4,False,Left,Front,Left,Centre,67
<_io.BytesIO object at 0x000002A112E80E00>,0.6531720161437988,0.1231192797422409,0.15648992359638214,154931,60,4,False,Left,Front,Left,Centre,67
<_io.BytesIO object at 0x000002A112E80810>,0.6360342502593994,0.028183359652757645,0.16122642159461975,154931,60,4,False,Left,Front,Left,Centre,67
<_io.BytesIO object at 0x000002A112E80E50>,0.6630198955535889,0.08914154767990112,0.14008435606956482,154931,60,4,False,Left,Front,Left,Centre,67
<_io.BytesIO object at 0x000002A112E80A40>,0.5611653327941895,0.06832854449748993,0.21007588505744934,154931,60,4,False,Left,Front,Left,Centre,67
<_io.BytesIO object at 0x000002A1130355E0>,0.6214906573295593,0.1421288400888443,0.1525740921497345,154932,60,4,False,Left,Front,Left,Centre,67
<_io.BytesIO object at 0x000002A1130354A0>,0.6531720161437988,0.1231192797422409,0.15648992359638214,154932,60,4,False,Left,Front,Left,Centre,67
<_io.BytesIO object at 0x000002A112EB7540>,0.6360342502593994,0.028183359652757645,0.16122642159461975,154932,60,4,False,Left,Front,Left,Centre,67
<_io.BytesIO object at 0x000002A112EB7DB0>,0.6630198955535889,0.08914154767990112,0.14008435606956482,154932,60,4,False,Left,Front,Left,Centre,67
<_io.BytesIO object at 0x000002A112EB7270>,0.5611653327941895,0.06832854449748993,0.21007588505744934,154932,60,4,False,Left,Front,Left,Centre,67
<_io.BytesIO object at 0x000002A112E965E0>,0.6214906573295593,0.1421288400888443,0.1525740921497345,154933,60,4,False,Left,Front,Left,Centre,67
<_io.BytesIO object at 0x000002A112E962C0>,0.6531720161437988,0.1231192797422409,0.15648992359638214,154933,60,4,False,Left,Front,Left,Centre,67
<_io.BytesIO object at 0x000002A112E96E00>,0.6360342502593994,0.028183359652757645,0.16122642159461975,154933,60,4,False,Left,Front,Left,Centre,67
<_io.BytesIO object at 0x000002A112E96770>,0.6630198955535889,0.08914154767990112,0.14008435606956482,154933,60,4,False,Left,Front,Left,Centre,67
<_io.BytesIO object at 0x000002A17F345180>,0.5611653327941895,0.06832854449748993,0.21007588505744934,154933,60,4,False,Left,Front,Left,Centre,67
<_io.BytesIO object at 0x000002A112E82DB0>,0.6214906573295593,0.1421288400888443,0.1525740921497345,154934,60,4,False,Left,Front,Left,Centre,67
<_io.BytesIO object at 0x000002A112E11F90>,0.6531720161437988,0.1231192797422409,0.15648992359638214,154934,60,4,False,Left,Front,Left,Centre,67
<_io.BytesIO object at 0x000002A112E11590>,0.6360342502593994,0.028183359652757645,0.16122642159461975,154934,60,4,False,Left,Front,Left,Centre,67
<_io.BytesIO object at 0x000002A112E11B80>,0.6630198955535889,0.08914154767990112,0.14008435606956482,154934,60,4,False,Left,Front,Left,Centre,67
<_io.BytesIO object at 0x000002A112E114A0>,0.5611653327941895,0.06832854449748993,0.21007588505744934,154934,60,4,False,Left,Front,Left,Centre,67
<_io.BytesIO object at 0x000002A112E16950>,0.6214906573295593,0.1421288400888443,0.1525740921497345,154935,60,4,False,Left,Front,Left,Centre,67
<_io.BytesIO object at 0x000002A112E16E00>,0.6531720161437988,0.1231192797422409,0.15648992359638214,154935,60,4,False,Left,Front,Left,Centre,67
<_io.BytesIO object at 0x000002A112E11450>,0.6360342502593994,0.028183359652757645,0.16122642159461975,154935,60,4,False,Left,Front,Left,Centre,67
<_io.BytesIO object at 0x000002A112E119F0>,0.6630198955535889,0.08914154767990112,0.14008435606956482,154935,60,4,False,Left,Front,Left,Centre,67
<_io.BytesIO object at 0x000002A112E11220>,0.5611653327941895,0.06832854449748993,0.21007588505744934,154935,60,4,False,Left,Front,Left,Centre,67
<_io.BytesIO object at 0x000002A112E122C0>,0.6214906573295593,0.1421288400888443,0.1525740921497345,154936,60,4,False,Left,Front,Left,Centre,67
<_io.BytesIO object at 0x000002A112DF4270>,0.6531720161437988,0.1231192797422409,0.15648992359638214,154936,60,4,False,Left,Front,Left,Centre,67
<_io.BytesIO object at 0x000002A112DF4D60>,0.6360342502593994,0.028183359652757645,0.16122642159461975,154936,60,4,False,Left,Front,Left,Centre,67
<_io.BytesIO object at 0x000002A112DF4090>,0.6630198955535889,0.08914154767990112,0.14008435606956482,154936,60,4,False,Left,Front,Left,Centre,67
<_io.BytesIO object at 0x000002A112DF44F0>,0.5611653327941895,0.06832854449748993,0.21007588505744934,154936,60,4,False,Left,Front,Left,Centre,67
<_io.BytesIO object at 0x000002A113035900>,0.6214906573295593,0.1421288400888443,0.1525740921497345,154937,60,4,False,Left,Front,Left,Centre,67
<_io.BytesIO object at 0x000002A112EA32C0>,0.6531720161437988,0.1231192797422409,0.15648992359638214,154937,60,4,False,Left,Front,Left,Centre,67
<_io.BytesIO object at 0x000002A112EA38B0>,0.6360342502593994,0.028183359652757645,0.16122642159461975,154937,60,4,False,Left,Front,Left,Centre,67
<_io.BytesIO object at 0x000002A112EA3A40>,0.6630198955535889,0.08914154767990112,0.14008435606956482,154937,60,4,False,Left,Front,Left,Centre,67
<_io.BytesIO object at 0x000002A112EA3D10>,0.5611653327941895,0.06832854449748993,0.21007588505744934,154937,60,4,False,Left,Front,Left,Centre,67
<_io.BytesIO object at 0x000002A112E287C0>,0.6214906573295593,0.1421288400888443,0.1525740921497345,154938,60,4,False,Left,Front,Left,Centre,67
<_io.BytesIO object at 0x000002A112E83590>,0.6531720161437988,0.1231192797422409,0.15648992359638214,154938,60,4,False,Left,Front,Left,Centre,67
<_io.BytesIO object at 0x000002A112E839F0>,0.6360342502593994,0.028183359652757645,0.16122642159461975,154938,60,4,False,Left,Front,Left,Centre,67
<_io.BytesIO object at 0x000002A112E83BD0>,0.6630198955535889,0.08914154767990112,0.14008435606956482,154938,60,4,False,Left,Front,Left,Centre,67
<_io.BytesIO object at 0x000002A112E83DB0>,0.5611653327941895,0.06832854449748993,0.21007588505744934,154938,60,4,False,Left,Front,Left,Centre,67
<_io.BytesIO object at 0x000002A112E83090>,0.6214906573295593,0.1421288400888443,0.1525740921497345,154939,60,4,False,Left,Front,Left,Centre,67
<_io.BytesIO object at 0x000002A112E28630>,0.6531720161437988,0.1231192797422409,0.15648992359638214,154939,60,4,False,Left,Front,Left,Centre,67
<_io.BytesIO object at 0x000002A112E285E0>,0.6360342502593994,0.028183359652757645,0.16122642159461975,154939,60,4,False,Left,Front,Left,Centre,67
<_io.BytesIO object at 0x000002A112E28AE0>,0.6630198955535889,0.08914154767990112,0.14008435606956482,154939,60,4,False,Left,Front,Left,Centre,67
<_io.BytesIO object at 0x000002A112E28130>,0.5611653327941895,0.06832854449748993,0.21007588505744934,154939,60,4,False,Left,Front,Left,Centre,67
<_io.BytesIO object at 0x000002A112EA3450>,0.6214906573295593,0.1421288400888443,0.1525740921497345,154940,60,4,False,Left,Front,Left,Centre,67
<_io.BytesIO object at 0x000002A113035810>,0.6531720161437988,0.1231192797422409,0.15648992359638214,154940,60,4,False,Left,Front,Left,Centre,67
<_io.BytesIO object at 0x000002A1130354A0>,0.6360342502593994,0.028183359652757645,0.16122642159461975,154940,60,4,False,Left,Front,Left,Centre,67
<_io.BytesIO object at 0x000002A113035D60>,0.6630198955535889,0.08914154767990112,0.14008435606956482,154940,60,4,False,Left,Front,Left,Centre,67
<_io.BytesIO object at 0x000002A113035A90>,0.5611653327941895,0.06832854449748993,0.21007588505744934,154940,60,4,False,Left,Front,Left,Centre,67
<_io.BytesIO object at 0x000002A112DF4EA0>,0.6214906573295593,0.1421288400888443,0.1525740921497345,154941,60,4,False,Left,Front,Left,Centre,67
<_io.BytesIO object at 0x000002A17F345090>,0.6531720161437988,0.1231192797422409,0.15648992359638214,154941,60,4,False,Left,Front,Left,Centre,67
<_io.BytesIO object at 0x000002A112E12A40>,0.6360342502593994,0.028183359652757645,0.16122642159461975,154941,60,4,False,Left,Front,Left,Centre,67
<_io.BytesIO object at 0x000002A112E12F90>,0.6630198955535889,0.08914154767990112,0.14008435606956482,154941,60,4,False,Left,Front,Left,Centre,67
<_io.BytesIO object at 0x000002A112E12CC0>,0.5611653327941895,0.06832854449748993,0.21007588505744934,154941,60,4,False,Left,Front,Left,Centre,67
<_io.BytesIO object at 0x000002A112E16DB0>,0.6214906573295593,0.1421288400888443,0.1525740921497345,154942,60,4,False,Left,Front,Left,Centre,67
<_io.BytesIO object at 0x000002A112E16720>,0.6531720161437988,0.1231192797422409,0.15648992359638214,154942,60,4,False,Left,Front,Left,Centre,67
<_io.BytesIO object at 0x000002A112E16450>,0.6360342502593994,0.028183359652757645,0.16122642159461975,154942,60,4,False,Left,Front,Left,Centre,67
<_io.BytesIO object at 0x000002A112E164A0>,0.6630198955535889,0.08914154767990112,0.14008435606956482,154942,60,4,False,Left,Front,Left,Centre,67
<_io.BytesIO object at 0x000002A112E910E0>,0.5611653327941895,0.06832854449748993,0.21007588505744934,154942,60,4,False,Left,Front,Left,Centre,67
<_io.BytesIO object at 0x000002A112E82A90>,0.6214906573295593,0.1421288400888443,0.1525740921497345,154943,60,4,False,Left,Front,Left,Centre,67
<_io.BytesIO object at 0x000002A112E825E0>,0.6531720161437988,0.1231192797422409,0.15648992359638214,154943,60,4,False,Left,Front,Left,Centre,67
<_io.BytesIO object at 0x000002A112E12130>,0.6360342502593994,0.028183359652757645,0.16122642159461975,154943,60,4,False,Left,Front,Left,Centre,67
<_io.BytesIO object at 0x000002A112E12B30>,0.6630198955535889,0.08914154767990112,0.14008435606956482,154943,60,4,False,Left,Front,Left,Centre,67
<_io.BytesIO object at 0x000002A112E129F0>,0.5611653327941895,0.06832854449748993,0.21007588505744934,154943,60,4,False,Left,Front,Left,Centre,67
<_io.BytesIO object at 0x000002A112E004F0>,0.6214906573295593,0.1421288400888443,0.1525740921497345,154944,60,4,False,Left,Front,Left,Centre,67
<_io.BytesIO object at 0x000002A112EB7360>,0.6531720161437988,0.1231192797422409,0.15648992359638214,154944,60,4,False,Left,Front,Left,Centre,67
<_io.BytesIO object at 0x000002A112EB76D0>,0.6360342502593994,0.028183359652757645,0.16122642159461975,154944,60,4,False,Left,Front,Left,Centre,67
<_io.BytesIO object at 0x000002A112EB7270>,0.6630198955535889,0.08914154767990112,0.14008435606956482,154944,60,4,False,Left,Front,Left,Centre,67
<_io.BytesIO object at 0x000002A112EB7DB0>,0.5611653327941895,0.06832854449748993,0.21007588505744934,154944,60,4,False,Left,Front,Left,Centre,67
<_io.BytesIO object at 0x000002A112EBE8B0>,0.6214906573295593,0.1421288400888443,0.1525740921497345,154945,60,4,False,Left,Front,Left,Centre,67
<_io.BytesIO object at 0x000002A112E28C20>,0.6531720161437988,0.1231192797422409,0.15648992359638214,154945,60,4,False,Left,Front,Left,Centre,67
<_io.BytesIO object at 0x000002A112E28F90>,0.6360342502593994,0.028183359652757645,0.16122642159461975,154945,60,4,False,Left,Front,Left,Centre,67
<_io.BytesIO object at 0x000002A112E28310>,0.6630198955535889,0.08914154767990112,0.14008435606956482,154945,60,4,False,Left,Front,Left,Centre,67
<_io.BytesIO object at 0x000002A112E96EF0>,0.5611653327941895,0.06832854449748993,0.21007588505744934,154945,60,4,False,Left,Front,Left,Centre,67
<_io.BytesIO object at 0x000002A112E91C70>,0.6214906573295593,0.1421288400888443,0.1525740921497345,154946,60,4,False,Left,Front,Left,Centre,67
<_io.BytesIO object at 0x000002A112E91590>,0.6531720161437988,0.1231192797422409,0.15648992359638214,154946,60,4,False,Left,Front,Left,Centre,67
<_io.BytesIO object at 0x000002A112E91C20>,0.6360342502593994,0.028183359652757645,0.16122642159461975,154946,60,4,False,Left,Front,Left,Centre,67
<_io.BytesIO object at 0x000002A112E91220>,0.6630198955535889,0.08914154767990112,0.14008435606956482,154946,60,4,False,Left,Front,Left,Centre,67
<_io.BytesIO object at 0x000002A112E91360>,0.5611653327941895,0.06832854449748993,0.21007588505744934,154946,60,4,False,Left,Front,Left,Centre,67
<_io.BytesIO object at 0x000002A112E28DB0>,0.6214906573295593,0.1421288400888443,0.1525740921497345,154947,60,4,False,Left,Front,Left,Centre,67
<_io.BytesIO object at 0x000002A112EBE540>,0.6531720161437988,0.1231192797422409,0.15648992359638214,154947,60,4,False,Left,Front,Left,Centre,67
<_io.BytesIO object at 0x000002A112EBE040>,0.6360342502593994,0.028183359652757645,0.16122642159461975,154947,60,4,False,Left,Front,Left,Centre,67
<_io.BytesIO object at 0x000002A112EBE4A0>,0.6630198955535889,0.08914154767990112,0.14008435606956482,154947,60,4,False,Left,Front,Left,Centre,67
<_io.BytesIO object at 0x000002A112EBE220>,0.5611653327941895,0.06832854449748993,0.21007588505744934,154947,60,4,False,Left,Front,Left,Centre,67
<_io.BytesIO object at 0x000002A112EB7F40>,0.6214906573295593,0.1421288400888443,0.1525740921497345,154948,60,4,False,Left,Front,Left,Centre,67
<_io.BytesIO object at 0x000002A112E00F90>,0.6531720161437988,0.1231192797422409,0.15648992359638214,154948,60,4,False,Left,Front,Left,Centre,67
<_io.BytesIO object at 0x000002A112E00DB0>,0.6360342502593994,0.028183359652757645,0.16122642159461975,154948,60,4,False,Left,Front,Left,Centre,67
<_io.BytesIO object at 0x000002A112E00400>,0.6630198955535889,0.08914154767990112,0.14008435606956482,154948,60,4,False,Left,Front,Left,Centre,67
<_io.BytesIO object at 0x000002A112E00EA0>,0.5611653327941895,0.06832854449748993,0.21007588505744934,154948,60,4,False,Left,Front,Left,Centre,67
<_io.BytesIO object at 0x000002A112E82040>,0.6214906573295593,0.1421288400888443,0.1525740921497345,154949,60,4,False,Left,Front,Left,Centre,67
<_io.BytesIO object at 0x000002A112E82AE0>,0.6531720161437988,0.1231192797422409,0.15648992359638214,154949,60,4,False,Left,Front,Left,Centre,67
<_io.BytesIO object at 0x000002A112E82C70>,0.6360342502593994,0.028183359652757645,0.16122642159461975,154949,60,4,False,Left,Front,Left,Centre,67
<_io.BytesIO object at 0x000002A112E11BD0>,0.6630198955535889,0.08914154767990112,0.14008435606956482,154949,60,4,False,Left,Front,Left,Centre,67
<_io.BytesIO object at 0x000002A112E11810>,0.5611653327941895,0.06832854449748993,0.21007588505744934,154949,60,4,False,Left,Front,Left,Centre,67
<_io.BytesIO object at 0x000002A112E169A0>,0.6214906573295593,0.1421288400888443,0.1525740921497345,154950,60,4,False,Left,Front,Left,Centre,67
<_io.BytesIO object at 0x000002A112E11180>,0.6531720161437988,0.1231192797422409,0.15648992359638214,154950,60,4,False,Left,Front,Left,Centre,67
<_io.BytesIO object at 0x000002A112E11AE0>,0.6360342502593994,0.028183359652757645,0.16122642159461975,154950,60,4,False,Left,Front,Left,Centre,67
<_io.BytesIO object at 0x000002A112E115E0>,0.6630198955535889,0.08914154767990112,0.14008435606956482,154950,60,4,False,Left,Front,Left,Centre,67
<_io.BytesIO object at 0x000002A112E116D0>,0.5611653327941895,0.06832854449748993,0.21007588505744934,154950,60,4,False,Left,Front,Left,Centre,67
<_io.BytesIO object at 0x000002A112DF4C70>,0.6214906573295593,0.1421288400888443,0.1525740921497345,154951,60,4,False,Left,Front,Left,Centre,67
<_io.BytesIO object at 0x000002A112DF4090>,0.6531720161437988,0.1231192797422409,0.15648992359638214,154951,60,4,False,Left,Front,Left,Centre,67
<_io.BytesIO object at 0x000002A112DF4B80>,0.6360342502593994,0.028183359652757645,0.16122642159461975,154951,60,4,False,Left,Front,Left,Centre,67
<_io.BytesIO object at 0x000002A112E00A40>,0.6630198955535889,0.08914154767990112,0.14008435606956482,154951,60,4,False,Left,Front,Left,Centre,67
<_io.BytesIO object at 0x000002A112E00450>,0.5611653327941895,0.06832854449748993,0.21007588505744934,154951,60,4,False,Left,Front,Left,Centre,67
<_io.BytesIO object at 0x000002A112EA3130>,0.6214906573295593,0.1421288400888443,0.1525740921497345,154952,60,4,False,Left,Front,Left,Centre,67
<_io.BytesIO object at 0x000002A112EA3A40>,0.6531720161437988,0.1231192797422409,0.15648992359638214,154952,60,4,False,Left,Front,Left,Centre,67
<_io.BytesIO object at 0x000002A112EA3220>,0.6360342502593994,0.028183359652757645,0.16122642159461975,154952,60,4,False,Left,Front,Left,Centre,67
<_io.BytesIO object at 0x000002A112EBE180>,0.6630198955535889,0.08914154767990112,0.14008435606956482,154952,60,4,False,Left,Front,Left,Centre,67
<_io.BytesIO object at 0x000002A112EBE0E0>,0.5611653327941895,0.06832854449748993,0.21007588505744934,154952,60,4,False,Left,Front,Left,Centre,67
<_io.BytesIO object at 0x000002A112E83310>,0.6214906573295593,0.1421288400888443,0.1525740921497345,154953,60,4,False,Left,Front,Left,Centre,67
<_io.BytesIO object at 0x000002A112E838B0>,0.6531720161437988,0.1231192797422409,0.15648992359638214,154953,60,4,False,Left,Front,Left,Centre,67
<_io.BytesIO object at 0x000002A112E83B30>,0.6360342502593994,0.028183359652757645,0.16122642159461975,154953,60,4,False,Left,Front,Left,Centre,67
<_io.BytesIO object at 0x000002A112E91180>,0.6630198955535889,0.08914154767990112,0.14008435606956482,154953,60,4,False,Left,Front,Left,Centre,67
<_io.BytesIO object at 0x000002A112E91400>,0.5611653327941895,0.06832854449748993,0.21007588505744934,154953,60,4,False,Left,Front,Left,Centre,67
<_io.BytesIO object at 0x000002A112E28E00>,0.6214906573295593,0.1421288400888443,0.1525740921497345,154954,60,4,False,Left,Front,Left,Centre,67
<_io.BytesIO object at 0x000002A112E282C0>,0.6531720161437988,0.1231192797422409,0.15648992359638214,154954,60,4,False,Left,Front,Left,Centre,67
<_io.BytesIO object at 0x000002A112EBEE50>,0.6360342502593994,0.028183359652757645,0.16122642159461975,154954,60,4,False,Left,Front,Left,Centre,67
<_io.BytesIO object at 0x000002A112EBE400>,0.6630198955535889,0.08914154767990112,0.14008435606956482,154954,60,4,False,Left,Front,Left,Centre,67
<_io.BytesIO object at 0x000002A112EBE7C0>,0.5611653327941895,0.06832854449748993,0.21007588505744934,154954,60,4,False,Left,Front,Left,Centre,67
<_io.BytesIO object at 0x000002A112EB7220>,0.6214906573295593,0.1421288400888443,0.1525740921497345,154955,60,4,False,Left,Front,Left,Centre,67
<_io.BytesIO object at 0x000002A112E00310>,0.6531720161437988,0.1231192797422409,0.15648992359638214,154955,60,4,False,Left,Front,Left,Centre,67
<_io.BytesIO object at 0x000002A112E00AE0>,0.6360342502593994,0.028183359652757645,0.16122642159461975,154955,60,4,False,Left,Front,Left,Centre,67
<_io.BytesIO object at 0x000002A112E009A0>,0.6630198955535889,0.08914154767990112,0.14008435606956482,154955,60,4,False,Left,Front,Left,Centre,67
<_io.BytesIO object at 0x000002A112E00C20>,0.5611653327941895,0.06832854449748993,0.21007588505744934,154955,60,4,False,Left,Front,Left,Centre,67
<_io.BytesIO object at 0x000002A112E11220>,0.6214906573295593,0.1421288400888443,0.1525740921497345,154956,60,4,False,Left,Front,Left,Centre,67
<_io.BytesIO object at 0x000002A112E11040>,0.6531720161437988,0.1231192797422409,0.15648992359638214,154956,60,4,False,Left,Front,Left,Centre,67
<_io.BytesIO object at 0x000002A112E11CC0>,0.6360342502593994,0.028183359652757645,0.16122642159461975,154956,60,4,False,Left,Front,Left,Centre,67
<_io.BytesIO object at 0x000002A112E112C0>,0.6630198955535889,0.08914154767990112,0.14008435606956482,154956,60,4,False,Left,Front,Left,Centre,67
<_io.BytesIO object at 0x000002A112DF4590>,0.5611653327941895,0.06832854449748993,0.21007588505744934,154956,60,4,False,Left,Front,Left,Centre,67
<_io.BytesIO object at 0x000002A112E914A0>,0.6214906573295593,0.1421288400888443,0.1525740921497345,154957,60,4,False,Left,Front,Left,Centre,67
<_io.BytesIO object at 0x000002A112E910E0>,0.6531720161437988,0.1231192797422409,0.15648992359638214,154957,60,4,False,Left,Front,Left,Centre,67
<_io.BytesIO object at 0x000002A112E912C0>,0.6360342502593994,0.028183359652757645,0.16122642159461975,154957,60,4,False,Left,Front,Left,Centre,67
<_io.BytesIO object at 0x000002A112E91770>,0.6630198955535889,0.08914154767990112,0.14008435606956482,154957,60,4,False,Left,Front,Left,Centre,67
<_io.BytesIO object at 0x000002A112E91450>,0.5611653327941895,0.06832854449748993,0.21007588505744934,154957,60,4,False,Left,Front,Left,Centre,67
<_io.BytesIO object at 0x000002A112E11400>,0.6214906573295593,0.1421288400888443,0.1525740921497345,154958,60,4,False,Left,Front,Left,Centre,67
<_io.BytesIO object at 0x000002A112E11810>,0.6531720161437988,0.1231192797422409,0.15648992359638214,154958,60,4,False,Left,Front,Left,Centre,67
<_io.BytesIO object at 0x000002A112E82360>,0.6360342502593994,0.028183359652757645,0.16122642159461975,154958,60,4,False,Left,Front,Left,Centre,67
<_io.BytesIO object at 0x000002A112E82630>,0.6630198955535889,0.08914154767990112,0.14008435606956482,154958,60,4,False,Left,Front,Left,Centre,67
<_io.BytesIO object at 0x000002A112E82CC0>,0.5611653327941895,0.06832854449748993,0.21007588505744934,154958,60,4,False,Left,Front,Left,Centre,67
<_io.BytesIO object at 0x000002A112EB7B30>,0.6214906573295593,0.1421288400888443,0.1525740921497345,154959,60,4,False,Left,Front,Left,Centre,67
<_io.BytesIO object at 0x000002A112EB76D0>,0.6531720161437988,0.1231192797422409,0.15648992359638214,154959,60,4,False,Left,Front,Left,Centre,67
<_io.BytesIO object at 0x000002A112EB7B80>,0.6360342502593994,0.028183359652757645,0.16122642159461975,154959,60,4,False,Left,Front,Left,Centre,67
<_io.BytesIO object at 0x000002A112EB72C0>,0.6630198955535889,0.08914154767990112,0.14008435606956482,154959,60,4,False,Left,Front,Left,Centre,67
<_io.BytesIO object at 0x000002A113035E50>,0.5611653327941895,0.06832854449748993,0.21007588505744934,154959,60,4,False,Left,Front,Left,Centre,67
<_io.BytesIO object at 0x000002A112E289A0>,0.6214906573295593,0.1421288400888443,0.1525740921497345,154960,60,4,False,Left,Front,Left,Centre,67
<_io.BytesIO object at 0x000002A112E28F90>,0.6531720161437988,0.1231192797422409,0.15648992359638214,154960,60,4,False,Left,Front,Left,Centre,67
<_io.BytesIO object at 0x000002A112E964F0>,0.6360342502593994,0.028183359652757645,0.16122642159461975,154960,60,4,False,Left,Front,Left,Centre,67
<_io.BytesIO object at 0x000002A112E96810>,0.6630198955535889,0.08914154767990112,0.14008435606956482,154960,60,4,False,Left,Front,Left,Centre,67
<_io.BytesIO object at 0x000002A112E96A40>,0.5611653327941895,0.06832854449748993,0.21007588505744934,154960,60,4,False,Left,Front,Left,Centre,67
<_io.BytesIO object at 0x000002A112E83CC0>,0.6214906573295593,0.1421288400888443,0.1525740921497345,154961,60,4,False,Left,Front,Left,Centre,67
<_io.BytesIO object at 0x000002A112E96C70>,0.6531720161437988,0.1231192797422409,0.15648992359638214,154961,60,4,False,Left,Front,Left,Centre,67
<_io.BytesIO object at 0x000002A112E96860>,0.6360342502593994,0.028183359652757645,0.16122642159461975,154961,60,4,False,Left,Front,Left,Centre,67
<_io.BytesIO object at 0x000002A112E96040>,0.6630198955535889,0.08914154767990112,0.14008435606956482,154961,60,4,False,Left,Front,Left,Centre,67
<_io.BytesIO object at 0x000002A112E963B0>,0.5611653327941895,0.06832854449748993,0.21007588505744934,154961,60,4,False,Left,Front,Left,Centre,67
<_io.BytesIO object at 0x000002A112EA3A90>,0.6214906573295593,0.1421288400888443,0.1525740921497345,154962,60,4,False,Left,Front,Left,Centre,67
<_io.BytesIO object at 0x000002A113035950>,0.6531720161437988,0.1231192797422409,0.15648992359638214,154962,60,4,False,Left,Front,Left,Centre,67
<_io.BytesIO object at 0x000002A1130354F0>,0.6360342502593994,0.028183359652757645,0.16122642159461975,154962,60,4,False,Left,Front,Left,Centre,67
<_io.BytesIO object at 0x000002A113035B80>,0.6630198955535889,0.08914154767990112,0.14008435606956482,154962,60,4,False,Left,Front,Left,Centre,67
<_io.BytesIO object at 0x000002A112EB7900>,0.5611653327941895,0.06832854449748993,0.21007588505744934,154962,60,4,False,Left,Front,Left,Centre,67
<_io.BytesIO object at 0x000002A112E12680>,0.6214906573295593,0.1421288400888443,0.1525740921497345,154963,60,4,False,Left,Front,Left,Centre,67
<_io.BytesIO object at 0x000002A112E12630>,0.6531720161437988,0.1231192797422409,0.15648992359638214,154963,60,4,False,Left,Front,Left,Centre,67
<_io.BytesIO object at 0x000002A112E82D60>,0.6360342502593994,0.028183359652757645,0.16122642159461975,154963,60,4,False,Left,Front,Left,Centre,67
<_io.BytesIO object at 0x000002A112E82AE0>,0.6630198955535889,0.08914154767990112,0.14008435606956482,154963,60,4,False,Left,Front,Left,Centre,67
<_io.BytesIO object at 0x000002A112E82A40>,0.5611653327941895,0.06832854449748993,0.21007588505744934,154963,60,4,False,Left,Front,Left,Centre,67
<_io.BytesIO object at 0x000002A112E16B80>,0.6214906573295593,0.1421288400888443,0.1525740921497345,154964,60,4,False,Left,Front,Left,Centre,67
<_io.BytesIO object at 0x000002A112E164F0>,0.6531720161437988,0.1231192797422409,0.15648992359638214,154964,60,4,False,Left,Front,Left,Centre,67
<_io.BytesIO object at 0x000002A112DA4360>,0.6360342502593994,0.028183359652757645,0.16122642159461975,154964,60,4,False,Left,Front,Left,Centre,67
<_io.BytesIO object at 0x000002A112E914F0>,0.6630198955535889,0.08914154767990112,0.14008435606956482,154964,60,4,False,Left,Front,Left,Centre,67
<_io.BytesIO object at 0x000002A112E91CC0>,0.5611653327941895,0.06832854449748993,0.21007588505744934,154964,60,4,False,Left,Front,Left,Centre,67
<_io.BytesIO object at 0x000002A112E11450>,0.6214906573295593,0.1421288400888443,0.1525740921497345,154965,60,4,False,Left,Front,Left,Centre,67
<_io.BytesIO object at 0x000002A112E11D60>,0.6531720161437988,0.1231192797422409,0.15648992359638214,154965,60,4,False,Left,Front,Left,Centre,67
<_io.BytesIO object at 0x000002A112E828B0>,0.6360342502593994,0.028183359652757645,0.16122642159461975,154965,60,4,False,Left,Front,Left,Centre,67
<_io.BytesIO object at 0x000002A112E82860>,0.6630198955535889,0.08914154767990112,0.14008435606956482,154965,60,4,False,Left,Front,Left,Centre,67
<_io.BytesIO object at 0x000002A112E82B30>,0.5611653327941895,0.06832854449748993,0.21007588505744934,154965,60,4,False,Left,Front,Left,Centre,67
<_io.BytesIO object at 0x000002A112E00950>,0.6214906573295593,0.1421288400888443,0.1525740921497345,154966,60,4,False,Left,Front,Left,Centre,67
<_io.BytesIO object at 0x000002A112EB74A0>,0.6531720161437988,0.1231192797422409,0.15648992359638214,154966,60,4,False,Left,Front,Left,Centre,67
<_io.BytesIO object at 0x000002A112EB7360>,0.6360342502593994,0.028183359652757645,0.16122642159461975,154966,60,4,False,Left,Front,Left,Centre,67
<_io.BytesIO object at 0x000002A112EB7B30>,0.6630198955535889,0.08914154767990112,0.14008435606956482,154966,60,4,False,Left,Front,Left,Centre,67
<_io.BytesIO object at 0x000002A112EB7D10>,0.5611653327941895,0.06832854449748993,0.21007588505744934,154966,60,4,False,Left,Front,Left,Centre,67
<_io.BytesIO object at 0x000002A112E28A40>,0.6214906573295593,0.1421288400888443,0.1525740921497345,154967,60,4,False,Left,Front,Left,Centre,67
<_io.BytesIO object at 0x000002A112E96590>,0.6531720161437988,0.1231192797422409,0.15648992359638214,154967,60,4,False,Left,Front,Left,Centre,67
<_io.BytesIO object at 0x000002A112E96C20>,0.6360342502593994,0.028183359652757645,0.16122642159461975,154967,60,4,False,Left,Front,Left,Centre,67
<_io.BytesIO object at 0x000002A112E96680>,0.6630198955535889,0.08914154767990112,0.14008435606956482,154967,60,4,False,Left,Front,Left,Centre,67
<_io.BytesIO object at 0x000002A112E96630>,0.5611653327941895,0.06832854449748993,0.21007588505744934,154967,60,4,False,Left,Front,Left,Centre,67
<_io.BytesIO object at 0x000002A112E91CC0>,0.6214906573295593,0.1421288400888443,0.1525740921497345,154968,60,4,False,Left,Front,Left,Centre,67
<_io.BytesIO object at 0x000002A112E9C040>,0.6531720161437988,0.1231192797422409,0.15648992359638214,154968,60,4,False,Left,Front,Left,Centre,67
<_io.BytesIO object at 0x000002A112E9C4A0>,0.6360342502593994,0.028183359652757645,0.16122642159461975,154968,60,4,False,Left,Front,Left,Centre,67
<_io.BytesIO object at 0x000002A112E9C680>,0.6630198955535889,0.08914154767990112,0.14008435606956482,154968,60,4,False,Left,Front,Left,Centre,67
<_io.BytesIO object at 0x000002A113035F40>,0.5611653327941895,0.06832854449748993,0.21007588505744934,154968,60,4,False,Left,Front,Left,Centre,67
<_io.BytesIO object at 0x000002A112E12590>,0.6214906573295593,0.1421288400888443,0.1525740921497345,154969,60,4,False,Left,Front,Left,Centre,67
<_io.BytesIO object at 0x000002A112DF4360>,0.6531720161437988,0.1231192797422409,0.15648992359638214,154969,60,4,False,Left,Front,Left,Centre,67
<_io.BytesIO object at 0x000002A112DF4400>,0.6360342502593994,0.028183359652757645,0.16122642159461975,154969,60,4,False,Left,Front,Left,Centre,67
<_io.BytesIO object at 0x000002A112DF4270>,0.6630198955535889,0.08914154767990112,0.14008435606956482,154969,60,4,False,Left,Front,Left,Centre,67
<_io.BytesIO object at 0x000002A112DF4D10>,0.5611653327941895,0.06832854449748993,0.21007588505744934,154969,60,4,False,Left,Front,Left,Centre,67
<_io.BytesIO object at 0x000002A112EBEAE0>,0.6214906573295593,0.1421288400888443,0.1525740921497345,154970,60,4,False,Left,Front,Left,Centre,67
<_io.BytesIO object at 0x000002A112E162C0>,0.6531720161437988,0.1231192797422409,0.15648992359638214,154970,60,4,False,Left,Front,Left,Centre,67
<_io.BytesIO object at 0x000002A112E169A0>,0.6360342502593994,0.028183359652757645,0.16122642159461975,154970,60,4,False,Left,Front,Left,Centre,67
<_io.BytesIO object at 0x000002A112E16900>,0.6630198955535889,0.08914154767990112,0.14008435606956482,154970,60,4,False,Left,Front,Left,Centre,67
<_io.BytesIO object at 0x000002A112E163B0>,0.5611653327941895,0.06832854449748993,0.21007588505744934,154970,60,4,False,Left,Front,Left,Centre,67
<_io.BytesIO object at 0x000002A112E82090>,0.6214906573295593,0.1421288400888443,0.1525740921497345,154971,60,4,False,Left,Front,Left,Centre,67
<_io.BytesIO object at 0x000002A112E82B30>,0.6531720161437988,0.1231192797422409,0.15648992359638214,154971,60,4,False,Left,Front,Left,Centre,67
<_io.BytesIO object at 0x000002A112E82810>,0.6360342502593994,0.028183359652757645,0.16122642159461975,154971,60,4,False,Left,Front,Left,Centre,67
<_io.BytesIO object at 0x000002A112E96A90>,0.6630198955535889,0.08914154767990112,0.14008435606956482,154971,60,4,False,Left,Front,Left,Centre,67
<_io.BytesIO object at 0x000002A112E967C0>,0.5611653327941895,0.06832854449748993,0.21007588505744934,154971,60,4,False,Left,Front,Left,Centre,67
<_io.BytesIO object at 0x000002A112E9FC70>,0.6214906573295593,0.1421288400888443,0.1525740921497345,154972,60,4,False,Left,Front,Left,Centre,67
<_io.BytesIO object at 0x000002A112E9FEA0>,0.6531720161437988,0.1231192797422409,0.15648992359638214,154972,60,4,False,Left,Front,Left,Centre,67
<_io.BytesIO object at 0x000002A112E9F900>,0.6360342502593994,0.028183359652757645,0.16122642159461975,154972,60,4,False,Left,Front,Left,Centre,67
<_io.BytesIO object at 0x000002A112E9F810>,0.6630198955535889,0.08914154767990112,0.14008435606956482,154972,60,4,False,Left,Front,Left,Centre,67
<_io.BytesIO object at 0x000002A112E9F180>,0.5611653327941895,0.06832854449748993,0.21007588505744934,154972,60,4,False,Left,Front,Left,Centre,67
<_io.BytesIO object at 0x000002A112E82CC0>,0.6214906573295593,0.1421288400888443,0.1525740921497345,154973,60,4,False,Left,Front,Left,Centre,67
<_io.BytesIO object at 0x000002A112E82BD0>,0.6531720161437988,0.1231192797422409,0.15648992359638214,154973,60,4,False,Left,Front,Left,Centre,67
<_io.BytesIO object at 0x000002A112E00220>,0.6360342502593994,0.028183359652757645,0.16122642159461975,154973,60,4,False,Left,Front,Left,Centre,67
<_io.BytesIO object at 0x000002A112E00860>,0.6630198955535889,0.08914154767990112,0.14008435606956482,154973,60,4,False,Left,Front,Left,Centre,67
<_io.BytesIO object at 0x000002A112E00DB0>,0.5611653327941895,0.06832854449748993,0.21007588505744934,154973,60,4,False,Left,Front,Left,Centre,67
<_io.BytesIO object at 0x000002A112E28C20>,0.6214906573295593,0.1421288400888443,0.1525740921497345,154974,60,4,False,Left,Front,Left,Centre,67
<_io.BytesIO object at 0x000002A112E28BD0>,0.6531720161437988,0.1231192797422409,0.15648992359638214,154974,60,4,False,Left,Front,Left,Centre,67
<_io.BytesIO object at 0x000002A112DA4400>,0.6360342502593994,0.028183359652757645,0.16122642159461975,154974,60,4,False,Left,Front,Left,Centre,67
<_io.BytesIO object at 0x000002A112E114A0>,0.6630198955535889,0.08914154767990112,0.14008435606956482,154974,60,4,False,Left,Front,Left,Centre,67
<_io.BytesIO object at 0x000002A112E114F0>,0.5611653327941895,0.06832854449748993,0.21007588505744934,154974,60,4,False,Left,Front,Left,Centre,67
<_io.BytesIO object at 0x000002A112EA3D60>,0.6214906573295593,0.1421288400888443,0.1525740921497345,154975,60,4,False,Left,Front,Left,Centre,67
<_io.BytesIO object at 0x000002A112E12B80>,0.6531720161437988,0.1231192797422409,0.15648992359638214,154975,60,4,False,Left,Front,Left,Centre,67
<_io.BytesIO object at 0x000002A112E12AE0>,0.6360342502593994,0.028183359652757645,0.16122642159461975,154975,60,4,False,Left,Front,Left,Centre,67
<_io.BytesIO object at 0x000002A112E124F0>,0.6630198955535889,0.08914154767990112,0.14008435606956482,154975,60,4,False,Left,Front,Left,Centre,67
<_io.BytesIO object at 0x000002A112E12180>,0.5611653327941895,0.06832854449748993,0.21007588505744934,154975,60,4,False,Left,Front,Left,Centre,67
<_io.BytesIO object at 0x000002A113035680>,0.6214906573295593,0.1421288400888443,0.1525740921497345,154976,60,4,False,Left,Front,Left,Centre,67
<_io.BytesIO object at 0x000002A113035B30>,0.6531720161437988,0.1231192797422409,0.15648992359638214,154976,60,4,False,Left,Front,Left,Centre,67
<_io.BytesIO object at 0x000002A112EB7F90>,0.6360342502593994,0.028183359652757645,0.16122642159461975,154976,60,4,False,Left,Front,Left,Centre,67
<_io.BytesIO object at 0x000002A112EB76D0>,0.6630198955535889,0.08914154767990112,0.14008435606956482,154976,60,4,False,Left,Front,Left,Centre,67
<_io.BytesIO object at 0x000002A112EB7C70>,0.5611653327941895,0.06832854449748993,0.21007588505744934,154976,60,4,False,Left,Front,Left,Centre,67
<_io.BytesIO object at 0x000002A112EA38B0>,0.6214906573295593,0.1421288400888443,0.1525740921497345,154977,60,4,False,Left,Front,Left,Centre,67
<_io.BytesIO object at 0x000002A112DF4F40>,0.6531720161437988,0.1231192797422409,0.15648992359638214,154977,60,4,False,Left,Front,Left,Centre,67
<_io.BytesIO object at 0x000002A112DF4450>,0.6360342502593994,0.028183359652757645,0.16122642159461975,154977,60,4,False,Left,Front,Left,Centre,67
<_io.BytesIO object at 0x000002A112DF4D10>,0.6630198955535889,0.08914154767990112,0.14008435606956482,154977,60,4,False,Left,Front,Left,Centre,67
<_io.BytesIO object at 0x000002A112DF4860>,0.5611653327941895,0.06832854449748993,0.21007588505744934,154977,60,4,False,Left,Front,Left,Centre,67
<_io.BytesIO object at 0x000002A112EBE450>,0.6214906573295593,0.1421288400888443,0.1525740921497345,154978,60,4,False,Left,Front,Left,Centre,67
<_io.BytesIO object at 0x000002A112E16900>,0.6531720161437988,0.1231192797422409,0.15648992359638214,154978,60,4,False,Left,Front,Left,Centre,67
<_io.BytesIO object at 0x000002A112E16C20>,0.6360342502593994,0.028183359652757645,0.16122642159461975,154978,60,4,False,Left,Front,Left,Centre,67
<_io.BytesIO object at 0x000002A112E166D0>,0.6630198955535889,0.08914154767990112,0.14008435606956482,154978,60,4,False,Left,Front,Left,Centre,67
<_io.BytesIO object at 0x000002A112E16F40>,0.5611653327941895,0.06832854449748993,0.21007588505744934,154978,60,4,False,Left,Front,Left,Centre,67
<_io.BytesIO object at 0x000002A112E967C0>,0.6214906573295593,0.1421288400888443,0.1525740921497345,154979,60,4,False,Left,Front,Left,Centre,67
<_io.BytesIO object at 0x000002A112E96040>,0.6531720161437988,0.1231192797422409,0.15648992359638214,154979,60,4,False,Left,Front,Left,Centre,67
<_io.BytesIO object at 0x000002A112E9CE50>,0.6360342502593994,0.028183359652757645,0.16122642159461975,154979,60,4,False,Left,Front,Left,Centre,67
<_io.BytesIO object at 0x000002A112E9C630>,0.6630198955535889,0.08914154767990112,0.14008435606956482,154979,60,4,False,Left,Front,Left,Centre,67
<_io.BytesIO object at 0x000002A112E9C720>,0.5611653327941895,0.06832854449748993,0.21007588505744934,154979,60,4,False,Left,Front,Left,Centre,67
<_io.BytesIO object at 0x000002A112E9CAE0>,0.6214906573295593,0.1421288400888443,0.1525740921497345,154980,60,4,False,Left,Front,Left,Centre,67
<_io.BytesIO object at 0x000002A112E9C9F0>,0.6531720161437988,0.1231192797422409,0.15648992359638214,154980,60,4,False,Left,Front,Left,Centre,67
<_io.BytesIO object at 0x000002A112E9C680>,0.6360342502593994,0.028183359652757645,0.16122642159461975,154980,60,4,False,Left,Front,Left,Centre,67
<_io.BytesIO object at 0x000002A112E9CE00>,0.6630198955535889,0.08914154767990112,0.14008435606956482,154980,60,4,False,Left,Front,Left,Centre,67
<_io.BytesIO object at 0x000002A112E9CA40>,0.5611653327941895,0.06832854449748993,0.21007588505744934,154980,60,4,False,Left,Front,Left,Centre,67
<_io.BytesIO object at 0x000002A112E00770>,0.6214906573295593,0.1421288400888443,0.1525740921497345,154981,60,4,False,Left,Front,Left,Centre,67
<_io.BytesIO object at 0x000002A112E168B0>,0.6531720161437988,0.1231192797422409,0.15648992359638214,154981,60,4,False,Left,Front,Left,Centre,67
<_io.BytesIO object at 0x000002A112E16F40>,0.6360342502593994,0.028183359652757645,0.16122642159461975,154981,60,4,False,Left,Front,Left,Centre,67
<_io.BytesIO object at 0x000002A112E165E0>,0.6630198955535889,0.08914154767990112,0.14008435606956482,154981,60,4,False,Left,Front,Left,Centre,67
<_io.BytesIO object at 0x000002A112E16590>,0.5611653327941895,0.06832854449748993,0.21007588505744934,154981,60,4,False,Left,Front,Left,Centre,67
<_io.BytesIO object at 0x000002A112E11AE0>,0.6214906573295593,0.1421288400888443,0.1525740921497345,154982,60,4,False,Left,Front,Left,Centre,67
<_io.BytesIO object at 0x000002A112E11F40>,0.6531720161437988,0.1231192797422409,0.15648992359638214,154982,60,4,False,Left,Front,Left,Centre,67
<_io.BytesIO object at 0x000002A112DF4EA0>,0.6360342502593994,0.028183359652757645,0.16122642159461975,154982,60,4,False,Left,Front,Left,Centre,67
<_io.BytesIO object at 0x000002A112DF4D10>,0.6630198955535889,0.08914154767990112,0.14008435606956482,154982,60,4,False,Left,Front,Left,Centre,67
<_io.BytesIO object at 0x000002A112DF4540>,0.5611653327941895,0.06832854449748993,0.21007588505744934,154982,60,4,False,Left,Front,Left,Centre,67
<_io.BytesIO object at 0x000002A17F345360>,0.6214906573295593,0.1421288400888443,0.1525740921497345,154983,60,4,False,Left,Front,Left,Centre,67
<_io.BytesIO object at 0x000002A112EB7BD0>,0.6531720161437988,0.1231192797422409,0.15648992359638214,154983,60,4,False,Left,Front,Left,Centre,67
<_io.BytesIO object at 0x000002A112EB7CC0>,0.6360342502593994,0.028183359652757645,0.16122642159461975,154983,60,4,False,Left,Front,Left,Centre,67
<_io.BytesIO object at 0x000002A112EB7220>,0.6630198955535889,0.08914154767990112,0.14008435606956482,154983,60,4,False,Left,Front,Left,Centre,67
<_io.BytesIO object at 0x000002A112EB7680>,0.5611653327941895,0.06832854449748993,0.21007588505744934,154983,60,4,False,Left,Front,Left,Centre,67
<_io.BytesIO object at 0x000002A112E12220>,0.6214906573295593,0.1421288400888443,0.1525740921497345,154984,60,4,False,Left,Front,Left,Centre,67
<_io.BytesIO object at 0x000002A112E12CC0>,0.6531720161437988,0.1231192797422409,0.15648992359638214,154984,60,4,False,Left,Front,Left,Centre,67
<_io.BytesIO object at 0x000002A112EA3720>,0.6360342502593994,0.028183359652757645,0.16122642159461975,154984,60,4,False,Left,Front,Left,Centre,67
<_io.BytesIO object at 0x000002A112EA3130>,0.6630198955535889,0.08914154767990112,0.14008435606956482,154984,60,4,False,Left,Front,Left,Centre,67
<_io.BytesIO object at 0x000002A112EA3F40>,0.5611653327941895,0.06832854449748993,0.21007588505744934,154984,60,4,False,Left,Front,Left,Centre,67
<_io.BytesIO object at 0x000002A112E110E0>,0.6214906573295593,0.1421288400888443,0.1525740921497345,154985,60,4,False,Left,Front,Left,Centre,67
<_io.BytesIO object at 0x000002A112E285E0>,0.6531720161437988,0.1231192797422409,0.15648992359638214,154985,60,4,False,Left,Front,Left,Centre,67
<_io.BytesIO object at 0x000002A112E28B80>,0.6360342502593994,0.028183359652757645,0.16122642159461975,154985,60,4,False,Left,Front,Left,Centre,67
<_io.BytesIO object at 0x000002A112E28E00>,0.6630198955535889,0.08914154767990112,0.14008435606956482,154985,60,4,False,Left,Front,Left,Centre,67
<_io.BytesIO object at 0x000002A112E284A0>,0.5611653327941895,0.06832854449748993,0.21007588505744934,154985,60,4,False,Left,Front,Left,Centre,67
<_io.BytesIO object at 0x000002A112E82540>,0.6214906573295593,0.1421288400888443,0.1525740921497345,154986,60,4,False,Left,Front,Left,Centre,67
<_io.BytesIO object at 0x000002A112E82860>,0.6531720161437988,0.1231192797422409,0.15648992359638214,154986,60,4,False,Left,Front,Left,Centre,67
<_io.BytesIO object at 0x000002A112E96630>,0.6360342502593994,0.028183359652757645,0.16122642159461975,154986,60,4,False,Left,Front,Left,Centre,67
<_io.BytesIO object at 0x000002A112E96540>,0.6630198955535889,0.08914154767990112,0.14008435606956482,154986,60,4,False,Left,Front,Left,Centre,67
<_io.BytesIO object at 0x000002A112E96720>,0.5611653327941895,0.06832854449748993,0.21007588505744934,154986,60,4,False,Left,Front,Left,Centre,67
<_io.BytesIO object at 0x000002A112E00EA0>,0.6214906573295593,0.1421288400888443,0.1525740921497345,154987,60,4,False,Left,Front,Left,Centre,67
<_io.BytesIO object at 0x000002A112E83400>,0.6531720161437988,0.1231192797422409,0.15648992359638214,154987,60,4,False,Left,Front,Left,Centre,67
<_io.BytesIO object at 0x000002A112E83810>,0.6360342502593994,0.028183359652757645,0.16122642159461975,154987,60,4,False,Left,Front,Left,Centre,67
<_io.BytesIO object at 0x000002A112E83B80>,0.6630198955535889,0.08914154767990112,0.14008435606956482,154987,60,4,False,Left,Front,Left,Centre,67
<_io.BytesIO object at 0x000002A112E83A40>,0.5611653327941895,0.06832854449748993,0.21007588505744934,154987,60,4,False,Left,Front,Left,Centre,67
<_io.BytesIO object at 0x000002A112E839F0>,0.6214906573295593,0.1421288400888443,0.1525740921497345,154988,60,4,False,Left,Front,Left,Centre,67
<_io.BytesIO object at 0x000002A112E00450>,0.6531720161437988,0.1231192797422409,0.15648992359638214,154988,60,4,False,Left,Front,Left,Centre,67
<_io.BytesIO object at 0x000002A112E00C20>,0.6360342502593994,0.028183359652757645,0.16122642159461975,154988,60,4,False,Left,Front,Left,Centre,67
<_io.BytesIO object at 0x000002A112E00900>,0.6630198955535889,0.08914154767990112,0.14008435606956482,154988,60,4,False,Left,Front,Left,Centre,67
<_io.BytesIO object at 0x000002A112E004A0>,0.5611653327941895,0.06832854449748993,0.21007588505744934,154988,60,4,False,Left,Front,Left,Centre,67
<_io.BytesIO object at 0x000002A112E82DB0>,0.6214906573295593,0.1421288400888443,0.1525740921497345,154989,60,4,False,Left,Front,Left,Centre,67
<_io.BytesIO object at 0x000002A112E828B0>,0.6531720161437988,0.1231192797422409,0.15648992359638214,154989,60,4,False,Left,Front,Left,Centre,67
<_io.BytesIO object at 0x000002A112E16DB0>,0.6360342502593994,0.028183359652757645,0.16122642159461975,154989,60,4,False,Left,Front,Left,Centre,67
<_io.BytesIO object at 0x000002A112E16C70>,0.6630198955535889,0.08914154767990112,0.14008435606956482,154989,60,4,False,Left,Front,Left,Centre,67
<_io.BytesIO object at 0x000002A112E164A0>,0.5611653327941895,0.06832854449748993,0.21007588505744934,154989,60,4,False,Left,Front,Left,Centre,67
<_io.BytesIO object at 0x000002A112E285E0>,0.6214906573295593,0.1421288400888443,0.1525740921497345,154990,60,4,False,Left,Front,Left,Centre,67
<_io.BytesIO object at 0x000002A112E11A90>,0.6531720161437988,0.1231192797422409,0.15648992359638214,154990,60,4,False,Left,Front,Left,Centre,67
<_io.BytesIO object at 0x000002A112E11900>,0.6360342502593994,0.028183359652757645,0.16122642159461975,154990,60,4,False,Left,Front,Left,Centre,67
<_io.BytesIO object at 0x000002A112E11810>,0.6630198955535889,0.08914154767990112,0.14008435606956482,154990,60,4,False,Left,Front,Left,Centre,67
<_io.BytesIO object at 0x000002A112E11040>,0.5611653327941895,0.06832854449748993,0.21007588505744934,154990,60,4,False,Left,Front,Left,Centre,67
<_io.BytesIO object at 0x000002A112E12860>,0.6214906573295593,0.1421288400888443,0.1525740921497345,154991,60,4,False,Left,Front,Left,Centre,67
<_io.BytesIO object at 0x000002A112E12F90>,0.6531720161437988,0.1231192797422409,0.15648992359638214,154991,60,4,False,Left,Front,Left,Centre,67
<_io.BytesIO object at 0x000002A112E12EF0>,0.6360342502593994,0.028183359652757645,0.16122642159461975,154991,60,4,False,Left,Front,Left,Centre,67
<_io.BytesIO object at 0x000002A112E123B0>,0.6630198955535889,0.08914154767990112,0.14008435606956482,154991,60,4,False,Left,Front,Left,Centre,67
<_io.BytesIO object at 0x000002A17F345630>,0.5611653327941895,0.06832854449748993,0.21007588505744934,154991,60,4,False,Left,Front,Left,Centre,67
<_io.BytesIO object at 0x000002A112EB71D0>,0.6214906573295593,0.1421288400888443,0.1525740921497345,154992,60,4,False,Left,Front,Left,Centre,67
<_io.BytesIO object at 0x000002A112E129A0>,0.6531720161437988,0.1231192797422409,0.15648992359638214,154992,60,4,False,Left,Front,Left,Centre,67
<_io.BytesIO object at 0x000002A112E12C70>,0.6360342502593994,0.028183359652757645,0.16122642159461975,154992,60,4,False,Left,Front,Left,Centre,67
<_io.BytesIO object at 0x000002A112E12B80>,0.6630198955535889,0.08914154767990112,0.14008435606956482,154992,60,4,False,Left,Front,Left,Centre,67
<_io.BytesIO object at 0x000002A112E12E50>,0.5611653327941895,0.06832854449748993,0.21007588505744934,154992,60,4,False,Left,Front,Left,Centre,67
<_io.BytesIO object at 0x000002A112E11DB0>,0.6214906573295593,0.1421288400888443,0.1525740921497345,154993,60,4,False,Left,Front,Left,Centre,67
<_io.BytesIO object at 0x000002A112E11270>,0.6531720161437988,0.1231192797422409,0.15648992359638214,154993,60,4,False,Left,Front,Left,Centre,67
<_io.BytesIO object at 0x000002A112E11770>,0.6360342502593994,0.028183359652757645,0.16122642159461975,154993,60,4,False,Left,Front,Left,Centre,67
<_io.BytesIO object at 0x000002A112E116D0>,0.6630198955535889,0.08914154767990112,0.14008435606956482,154993,60,4,False,Left,Front,Left,Centre,67
<_io.BytesIO object at 0x000002A112DA4400>,0.5611653327941895,0.06832854449748993,0.21007588505744934,154993,60,4,False,Left,Front,Left,Centre,67
<_io.BytesIO object at 0x000002A112E16CC0>,0.6214906573295593,0.1421288400888443,0.1525740921497345,154994,60,4,False,Left,Front,Left,Centre,67
<_io.BytesIO object at 0x000002A112E164F0>,0.6531720161437988,0.1231192797422409,0.15648992359638214,154994,60,4,False,Left,Front,Left,Centre,67
<_io.BytesIO object at 0x000002A112E82CC0>,0.6360342502593994,0.028183359652757645,0.16122642159461975,154994,60,4,False,Left,Front,Left,Centre,67
<_io.BytesIO object at 0x000002A112E82270>,0.6630198955535889,0.08914154767990112,0.14008435606956482,154994,60,4,False,Left,Front,Left,Centre,67
<_io.BytesIO object at 0x000002A112E82F90>,0.5611653327941895,0.06832854449748993,0.21007588505744934,154994,60,4,False,Left,Front,Left,Centre,67
<_io.BytesIO object at 0x000002A112E00270>,0.6214906573295593,0.1421288400888443,0.1525740921497345,154995,60,4,False,Left,Front,Left,Centre,67
<_io.BytesIO object at 0x000002A112E9CDB0>,0.6531720161437988,0.1231192797422409,0.15648992359638214,154995,60,4,False,Left,Front,Left,Centre,67
<_io.BytesIO object at 0x000002A112E9C720>,0.6360342502593994,0.028183359652757645,0.16122642159461975,154995,60,4,False,Left,Front,Left,Centre,67
<_io.BytesIO object at 0x000002A112E9CAE0>,0.6630198955535889,0.08914154767990112,0.14008435606956482,154995,60,4,False,Left,Front,Left,Centre,67
<_io.BytesIO object at 0x000002A112E9CB30>,0.5611653327941895,0.06832854449748993,0.21007588505744934,154995,60,4,False,Left,Front,Left,Centre,67
<_io.BytesIO object at 0x000002A112E839A0>,0.6214906573295593,0.1421288400888443,0.1525740921497345,154996,60,4,False,Left,Front,Left,Centre,67
<_io.BytesIO object at 0x000002A112E83B80>,0.6531720161437988,0.1231192797422409,0.15648992359638214,154996,60,4,False,Left,Front,Left,Centre,67
<_io.BytesIO object at 0x000002A112E83590>,0.6360342502593994,0.028183359652757645,0.16122642159461975,154996,60,4,False,Left,Front,Left,Centre,67
<_io.BytesIO object at 0x000002A112E83090>,0.6630198955535889,0.08914154767990112,0.14008435606956482,154996,60,4,False,Left,Front,Left,Centre,67
<_io.BytesIO object at 0x000002A112E9CEA0>,0.5611653327941895,0.06832854449748993,0.21007588505744934,154996,60,4,False,Left,Front,Left,Centre,67
<_io.BytesIO object at 0x000002A112E960E0>,0.6214906573295593,0.1421288400888443,0.1525740921497345,154997,60,4,False,Left,Front,Left,Centre,67
<_io.BytesIO object at 0x000002A112E963B0>,0.6531720161437988,0.1231192797422409,0.15648992359638214,154997,60,4,False,Left,Front,Left,Centre,67
<_io.BytesIO object at 0x000002A112E821D0>,0.6360342502593994,0.028183359652757645,0.16122642159461975,154997,60,4,False,Left,Front,Left,Centre,67
<_io.BytesIO object at 0x000002A112E82B80>,0.6630198955535889,0.08914154767990112,0.14008435606956482,154997,60,4,False,Left,Front,Left,Centre,67
<_io.BytesIO object at 0x000002A112E82680>,0.5611653327941895,0.06832854449748993,0.21007588505744934,154997,60,4,False,Left,Front,Left,Centre,67
<_io.BytesIO object at 0x000002A112EBE9F0>,0.6214906573295593,0.1421288400888443,0.1525740921497345,154998,60,4,False,Left,Front,Left,Centre,67
<_io.BytesIO object at 0x000002A112E28D60>,0.6531720161437988,0.1231192797422409,0.15648992359638214,154998,60,4,False,Left,Front,Left,Centre,67
<_io.BytesIO object at 0x000002A112E281D0>,0.6360342502593994,0.028183359652757645,0.16122642159461975,154998,60,4,False,Left,Front,Left,Centre,67
<_io.BytesIO object at 0x000002A112E28860>,0.6630198955535889,0.08914154767990112,0.14008435606956482,154998,60,4,False,Left,Front,Left,Centre,67
<_io.BytesIO object at 0x000002A112E28630>,0.5611653327941895,0.06832854449748993,0.21007588505744934,154998,60,4,False,Left,Front,Left,Centre,67
<_io.BytesIO object at 0x000002A112E12900>,0.6214906573295593,0.1421288400888443,0.1525740921497345,154999,60,4,False,Left,Front,Left,Centre,67
<_io.BytesIO object at 0x000002A112E12AE0>,0.6531720161437988,0.1231192797422409,0.15648992359638214,154999,60,4,False,Left,Front,Left,Centre,67
<_io.BytesIO object at 0x000002A112E12F40>,0.6360342502593994,0.028183359652757645,0.16122642159461975,154999,60,4,False,Left,Front,Left,Centre,67
<_io.BytesIO object at 0x000002A112E12D60>,0.6630198955535889,0.08914154767990112,0.14008435606956482,154999,60,4,False,Left,Front,Left,Centre,67
<_io.BytesIO object at 0x000002A17F345180>,0.5611653327941895,0.06832854449748993,0.21007588505744934,154999,60,4,False,Left,Front,Left,Centre,67
<_io.BytesIO object at 0x000002A112DF4900>,0.6214906573295593,0.1421288400888443,0.1525740921497345,155000,60,4,False,Left,Front,Left,Centre,67
<_io.BytesIO object at 0x000002A112E12540>,0.6531720161437988,0.1231192797422409,0.15648992359638214,155000,60,4,False,Left,Front,Left,Centre,67
<_io.BytesIO object at 0x000002A112E12AE0>,0.6360342502593994,0.028183359652757645,0.16122642159461975,155000,60,4,False,Left,Front,Left,Centre,67
<_io.BytesIO object at 0x000002A112E12A90>,0.6630198955535889,0.08914154767990112,0.14008435606956482,155000,60,4,False,Left,Front,Left,Centre,67
<_io.BytesIO object at 0x000002A112E12590>,0.5611653327941895,0.06832854449748993,0.21007588505744934,155000,60,4,False,Left,Front,Left,Centre,67
<_io.BytesIO object at 0x000002A112E110E0>,0.6214906573295593,0.1421288400888443,0.1525740921497345,155001,60,4,False,Left,Front,Left,Centre,67
<_io.BytesIO object at 0x000002A112E28220>,0.6531720161437988,0.1231192797422409,0.15648992359638214,155001,60,4,False,Left,Front,Left,Centre,67
<_io.BytesIO object at 0x000002A112E28A90>,0.6360342502593994,0.028183359652757645,0.16122642159461975,155001,60,4,False,Left,Front,Left,Centre,67
<_io.BytesIO object at 0x000002A112E28090>,0.6630198955535889,0.08914154767990112,0.14008435606956482,155001,60,4,False,Left,Front,Left,Centre,67
<_io.BytesIO object at 0x000002A112E28A40>,0.5611653327941895,0.06832854449748993,0.21007588505744934,155001,60,4,False,Left,Front,Left,Centre,67
<_io.BytesIO object at 0x000002A112E826D0>,0.6214906573295593,0.1421288400888443,0.1525740921497345,155002,60,4,False,Left,Front,Left,Centre,67
<_io.BytesIO object at 0x000002A112E82B80>,0.6531720161437988,0.1231192797422409,0.15648992359638214,155002,60,4,False,Left,Front,Left,Centre,67
<_io.BytesIO object at 0x000002A112E00720>,0.6360342502593994,0.028183359652757645,0.16122642159461975,155002,60,4,False,Left,Front,Left,Centre,67
<_io.BytesIO object at 0x000002A112E00130>,0.6630198955535889,0.08914154767990112,0.14008435606956482,155002,60,4,False,Left,Front,Left,Centre,67
<_io.BytesIO object at 0x000002A112E003B0>,0.5611653327941895,0.06832854449748993,0.21007588505744934,155002,60,4,False,Left,Front,Left,Centre,67
<_io.BytesIO object at 0x000002A112E83720>,0.6214906573295593,0.1421288400888443,0.1525740921497345,155003,60,4,False,Left,Front,Left,Centre,67
<_io.BytesIO object at 0x000002A112E96310>,0.6531720161437988,0.1231192797422409,0.15648992359638214,155003,60,4,False,Left,Front,Left,Centre,67
<_io.BytesIO object at 0x000002A112E96CC0>,0.6360342502593994,0.028183359652757645,0.16122642159461975,155003,60,4,False,Left,Front,Left,Centre,67
<_io.BytesIO object at 0x000002A112E96720>,0.6630198955535889,0.08914154767990112,0.14008435606956482,155003,60,4,False,Left,Front,Left,Centre,67
<_io.BytesIO object at 0x000002A112E968B0>,0.5611653327941895,0.06832854449748993,0.21007588505744934,155003,60,4,False,Left,Front,Left,Centre,67
<_io.BytesIO object at 0x000002A112E96C70>,0.6214906573295593,0.1421288400888443,0.1525740921497345,155004,60,4,False,Left,Front,Left,Centre,67
<_io.BytesIO object at 0x000002A112E96F90>,0.6531720161437988,0.1231192797422409,0.15648992359638214,155004,60,4,False,Left,Front,Left,Centre,67
<_io.BytesIO object at 0x000002A112E96810>,0.6360342502593994,0.028183359652757645,0.16122642159461975,155004,60,4,False,Left,Front,Left,Centre,67
<_io.BytesIO object at 0x000002A112E83A90>,0.6630198955535889,0.08914154767990112,0.14008435606956482,155004,60,4,False,Left,Front,Left,Centre,67
<_io.BytesIO object at 0x000002A112E836D0>,0.5611653327941895,0.06832854449748993,0.21007588505744934,155004,60,4,False,Left,Front,Left,Centre,67
<_io.BytesIO object at 0x000002A112E00590>,0.6214906573295593,0.1421288400888443,0.1525740921497345,155005,60,4,False,Left,Front,Left,Centre,67
<_io.BytesIO object at 0x000002A112E00BD0>,0.6531720161437988,0.1231192797422409,0.15648992359638214,155005,60,4,False,Left,Front,Left,Centre,67
<_io.BytesIO object at 0x000002A112E82A40>,0.6360342502593994,0.028183359652757645,0.16122642159461975,155005,60,4,False,Left,Front,Left,Centre,67
<_io.BytesIO object at 0x000002A112E82EF0>,0.6630198955535889,0.08914154767990112,0.14008435606956482,155005,60,4,False,Left,Front,Left,Centre,67
<_io.BytesIO object at 0x000002A112E82C20>,0.5611653327941895,0.06832854449748993,0.21007588505744934,155005,60,4,False,Left,Front,Left,Centre,67
<_io.BytesIO object at 0x000002A112E28360>,0.6214906573295593,0.1421288400888443,0.1525740921497345,155006,60,4,False,Left,Front,Left,Centre,67
<_io.BytesIO object at 0x000002A112E28D60>,0.6531720161437988,0.1231192797422409,0.15648992359638214,155006,60,4,False,Left,Front,Left,Centre,67
<_io.BytesIO object at 0x000002A112E283B0>,0.6360342502593994,0.028183359652757645,0.16122642159461975,155006,60,4,False,Left,Front,Left,Centre,67
<_io.BytesIO object at 0x000002A112E28C20>,0.6630198955535889,0.08914154767990112,0.14008435606956482,155006,60,4,False,Left,Front,Left,Centre,67
<_io.BytesIO object at 0x000002A112EA35E0>,0.5611653327941895,0.06832854449748993,0.21007588505744934,155006,60,4,False,Left,Front,Left,Centre,67
<_io.BytesIO object at 0x000002A112E11B80>,0.6214906573295593,0.1421288400888443,0.1525740921497345,155007,60,4,False,Left,Front,Left,Centre,67
<_io.BytesIO object at 0x000002A112E11DB0>,0.6531720161437988,0.1231192797422409,0.15648992359638214,155007,60,4,False,Left,Front,Left,Centre,67
<_io.BytesIO object at 0x000002A112E11D60>,0.6360342502593994,0.028183359652757645,0.16122642159461975,155007,60,4,False,Left,Front,Left,Centre,67
<_io.BytesIO object at 0x000002A112E11950>,0.6630198955535889,0.08914154767990112,0.14008435606956482,155007,60,4,False,Left,Front,Left,Centre,67
<_io.BytesIO object at 0x000002A112E11BD0>,0.5611653327941895,0.06832854449748993,0.21007588505744934,155007,60,4,False,Left,Front,Left,Centre,67
<_io.BytesIO object at 0x000002A112DF4810>,0.6214906573295593,0.1421288400888443,0.1525740921497345,155008,60,4,False,Left,Front,Left,Centre,67
<_io.BytesIO object at 0x000002A112E11630>,0.6531720161437988,0.1231192797422409,0.15648992359638214,155008,60,4,False,Left,Front,Left,Centre,67
<_io.BytesIO object at 0x000002A112E111D0>,0.6360342502593994,0.028183359652757645,0.16122642159461975,155008,60,4,False,Left,Front,Left,Centre,67
<_io.BytesIO object at 0x000002A112E11770>,0.6630198955535889,0.08914154767990112,0.14008435606956482,155008,60,4,False,Left,Front,Left,Centre,67
<_io.BytesIO object at 0x000002A112E11360>,0.5611653327941895,0.06832854449748993,0.21007588505744934,155008,60,4,False,Left,Front,Left,Centre,67
<_io.BytesIO object at 0x000002A112EA37C0>,0.6214906573295593,0.1421288400888443,0.1525740921497345,155009,60,4,False,Left,Front,Left,Centre,67
<_io.BytesIO object at 0x000002A112E285E0>,0.6531720161437988,0.1231192797422409,0.15648992359638214,155009,60,4,False,Left,Front,Left,Centre,67
<_io.BytesIO object at 0x000002A112E28770>,0.6360342502593994,0.028183359652757645,0.16122642159461975,155009,60,4,False,Left,Front,Left,Centre,67
<_io.BytesIO object at 0x000002A112E280E0>,0.6630198955535889,0.08914154767990112,0.14008435606956482,155009,60,4,False,Left,Front,Left,Centre,67
<_io.BytesIO object at 0x000002A112E28D10>,0.5611653327941895,0.06832854449748993,0.21007588505744934,155009,60,4,False,Left,Front,Left,Centre,67
<_io.BytesIO object at 0x000002A112E82AE0>,0.6214906573295593,0.1421288400888443,0.1525740921497345,155010,60,4,False,Left,Front,Left,Centre,67
<_io.BytesIO object at 0x000002A112E82B30>,0.6531720161437988,0.1231192797422409,0.15648992359638214,155010,60,4,False,Left,Front,Left,Centre,67
<_io.BytesIO object at 0x000002A112E00310>,0.6360342502593994,0.028183359652757645,0.16122642159461975,155010,60,4,False,Left,Front,Left,Centre,67
<_io.BytesIO object at 0x000002A112E00720>,0.6630198955535889,0.08914154767990112,0.14008435606956482,155010,60,4,False,Left,Front,Left,Centre,67
<_io.BytesIO object at 0x000002A112E00EF0>,0.5611653327941895,0.06832854449748993,0.21007588505744934,155010,60,4,False,Left,Front,Left,Centre,67
<_io.BytesIO object at 0x000002A112E96590>,0.6214906573295593,0.1421288400888443,0.1525740921497345,155011,60,4,False,Left,Front,Left,Centre,67
<_io.BytesIO object at 0x000002A112E9C860>,0.6531720161437988,0.1231192797422409,0.15648992359638214,155011,60,4,False,Left,Front,Left,Centre,67
<_io.BytesIO object at 0x000002A112E9C450>,0.6360342502593994,0.028183359652757645,0.16122642159461975,155011,60,4,False,Left,Front,Left,Centre,67
<_io.BytesIO object at 0x000002A112E9C4A0>,0.6630198955535889,0.08914154767990112,0.14008435606956482,155011,60,4,False,Left,Front,Left,Centre,67
<_io.BytesIO object at 0x000002A112E9CBD0>,0.5611653327941895,0.06832854449748993,0.21007588505744934,155011,60,4,False,Left,Front,Left,Centre,67
<_io.BytesIO object at 0x000002A112E96EF0>,0.6214906573295593,0.1421288400888443,0.1525740921497345,155012,60,4,False,Left,Front,Left,Centre,67
<_io.BytesIO object at 0x000002A112E96630>,0.6531720161437988,0.1231192797422409,0.15648992359638214,155012,60,4,False,Left,Front,Left,Centre,67
<_io.BytesIO object at 0x000002A112E967C0>,0.6360342502593994,0.028183359652757645,0.16122642159461975,155012,60,4,False,Left,Front,Left,Centre,67
<_io.BytesIO object at 0x000002A112E83A90>,0.6630198955535889,0.08914154767990112,0.14008435606956482,155012,60,4,False,Left,Front,Left,Centre,67
<_io.BytesIO object at 0x000002A112E83D60>,0.5611653327941895,0.06832854449748993,0.21007588505744934,155012,60,4,False,Left,Front,Left,Centre,67
<_io.BytesIO object at 0x000002A112E82BD0>,0.6214906573295593,0.1421288400888443,0.1525740921497345,155013,60,4,False,Left,Front,Left,Centre,67
<_io.BytesIO object at 0x000002A112E16540>,0.6531720161437988,0.1231192797422409,0.15648992359638214,155013,60,4,False,Left,Front,Left,Centre,67
<_io.BytesIO object at 0x000002A112E16C20>,0.6360342502593994,0.028183359652757645,0.16122642159461975,155013,60,4,False,Left,Front,Left,Centre,67
<_io.BytesIO object at 0x000002A112E16BD0>,0.6630198955535889,0.08914154767990112,0.14008435606956482,155013,60,4,False,Left,Front,Left,Centre,67
<_io.BytesIO object at 0x000002A112E16D60>,0.5611653327941895,0.06832854449748993,0.21007588505744934,155013,60,4,False,Left,Front,Left,Centre,67
<_io.BytesIO object at 0x000002A112EA3310>,0.6214906573295593,0.1421288400888443,0.1525740921497345,155014,60,4,False,Left,Front,Left,Centre,67
<_io.BytesIO object at 0x000002A112EA3D60>,0.6531720161437988,0.1231192797422409,0.15648992359638214,155014,60,4,False,Left,Front,Left,Centre,67
<_io.BytesIO object at 0x000002A112EA3DB0>,0.6360342502593994,0.028183359652757645,0.16122642159461975,155014,60,4,False,Left,Front,Left,Centre,67
<_io.BytesIO object at 0x000002A112EA3AE0>,0.6630198955535889,0.08914154767990112,0.14008435606956482,155014,60,4,False,Left,Front,Left,Centre,67
<_io.BytesIO object at 0x000002A112E128B0>,0.5611653327941895,0.06832854449748993,0.21007588505744934,155014,60,4,False,Left,Front,Left,Centre,67
<_io.BytesIO object at 0x000002A112E9C8B0>,0.6214906573295593,0.1421288400888443,0.1525740921497345,155015,60,4,False,Left,Front,Left,Centre,67
<_io.BytesIO object at 0x000002A112E9C3B0>,0.6531720161437988,0.1231192797422409,0.15648992359638214,155015,60,4,False,Left,Front,Left,Centre,67
<_io.BytesIO object at 0x000002A112E9C590>,0.6360342502593994,0.028183359652757645,0.16122642159461975,155015,60,4,False,Left,Front,Left,Centre,67
<_io.BytesIO object at 0x000002A112E9C540>,0.6630198955535889,0.08914154767990112,0.14008435606956482,155015,60,4,False,Left,Front,Left,Centre,67
<_io.BytesIO object at 0x000002A112E9C900>,0.5611653327941895,0.06832854449748993,0.21007588505744934,155015,60,4,False,Left,Front,Left,Centre,67
<_io.BytesIO object at 0x000002A112DF45E0>,0.6214906573295593,0.1421288400888443,0.1525740921497345,155016,60,4,False,Left,Front,Left,Centre,67
<_io.BytesIO object at 0x000002A112E111D0>,0.6531720161437988,0.1231192797422409,0.15648992359638214,155016,60,4,False,Left,Front,Left,Centre,67
<_io.BytesIO object at 0x000002A112E11090>,0.6360342502593994,0.028183359652757645,0.16122642159461975,155016,60,4,False,Left,Front,Left,Centre,67
<_io.BytesIO object at 0x000002A112E11860>,0.6630198955535889,0.08914154767990112,0.14008435606956482,155016,60,4,False,Left,Front,Left,Centre,67
<_io.BytesIO object at 0x000002A112E110E0>,0.5611653327941895,0.06832854449748993,0.21007588505744934,155016,60,4,False,Left,Front,Left,Centre,67
<_io.BytesIO object at 0x000002A112E286D0>,0.6214906573295593,0.1421288400888443,0.1525740921497345,155017,60,4,False,Left,Front,Left,Centre,67
<_io.BytesIO object at 0x000002A112EBE680>,0.6531720161437988,0.1231192797422409,0.15648992359638214,155017,60,4,False,Left,Front,Left,Centre,67
<_io.BytesIO object at 0x000002A112EBEF90>,0.6360342502593994,0.028183359652757645,0.16122642159461975,155017,60,4,False,Left,Front,Left,Centre,67
<_io.BytesIO object at 0x000002A112EBE900>,0.6630198955535889,0.08914154767990112,0.14008435606956482,155017,60,4,False,Left,Front,Left,Centre,67
<_io.BytesIO object at 0x000002A112E16950>,0.5611653327941895,0.06832854449748993,0.21007588505744934,155017,60,4,False,Left,Front,Left,Centre,67
<_io.BytesIO object at 0x000002A112E00770>,0.6214906573295593,0.1421288400888443,0.1525740921497345,155018,60,4,False,Left,Front,Left,Centre,67
<_io.BytesIO object at 0x000002A112E00C70>,0.6531720161437988,0.1231192797422409,0.15648992359638214,155018,60,4,False,Left,Front,Left,Centre,67
<_io.BytesIO object at 0x000002A112E9C900>,0.6360342502593994,0.028183359652757645,0.16122642159461975,155018,60,4,False,Left,Front,Left,Centre,67
<_io.BytesIO object at 0x000002A112E9C270>,0.6630198955535889,0.08914154767990112,0.14008435606956482,155018,60,4,False,Left,Front,Left,Centre,67
<_io.BytesIO object at 0x000002A112E9C0E0>,0.5611653327941895,0.06832854449748993,0.21007588505744934,155018,60,4,False,Left,Front,Left,Centre,67
<_io.BytesIO object at 0x000002A113035860>,0.6214906573295593,0.1421288400888443,0.1525740921497345,155019,60,4,False,Left,Front,Left,Centre,67
<_io.BytesIO object at 0x000002A112E96090>,0.6531720161437988,0.1231192797422409,0.15648992359638214,155019,60,4,False,Left,Front,Left,Centre,67
<_io.BytesIO object at 0x000002A112E96E00>,0.6360342502593994,0.028183359652757645,0.16122642159461975,155019,60,4,False,Left,Front,Left,Centre,67
<_io.BytesIO object at 0x000002A112E960E0>,0.6630198955535889,0.08914154767990112,0.14008435606956482,155019,60,4,False,Left,Front,Left,Centre,67
<_io.BytesIO object at 0x000002A112E96450>,0.5611653327941895,0.06832854449748993,0.21007588505744934,155019,60,4,False,Left,Front,Left,Centre,67
<_io.BytesIO object at 0x000002A112EB7CC0>,0.6214906573295593,0.1421288400888443,0.1525740921497345,155020,60,4,False,Left,Front,Left,Centre,67
<_io.BytesIO object at 0x000002A112E96F40>,0.6531720161437988,0.1231192797422409,0.15648992359638214,155020,60,4,False,Left,Front,Left,Centre,67
<_io.BytesIO object at 0x000002A112E96310>,0.6360342502593994,0.028183359652757645,0.16122642159461975,155020,60,4,False,Left,Front,Left,Centre,67
<_io.BytesIO object at 0x000002A112E96EF0>,0.6630198955535889,0.08914154767990112,0.14008435606956482,155020,60,4,False,Left,Front,Left,Centre,67
<_io.BytesIO object at 0x000002A112E963B0>,0.5611653327941895,0.06832854449748993,0.21007588505744934,155020,60,4,False,Left,Front,Left,Centre,67
<_io.BytesIO object at 0x000002A112E9C310>,0.6214906573295593,0.1421288400888443,0.1525740921497345,155021,60,4,False,Left,Front,Left,Centre,67
<_io.BytesIO object at 0x000002A112E9C900>,0.6531720161437988,0.1231192797422409,0.15648992359638214,155021,60,4,False,Left,Front,Left,Centre,67
<_io.BytesIO object at 0x000002A112E00270>,0.6360342502593994,0.028183359652757645,0.16122642159461975,155021,60,4,False,Left,Front,Left,Centre,67
<_io.BytesIO object at 0x000002A112E00A90>,0.6630198955535889,0.08914154767990112,0.14008435606956482,155021,60,4,False,Left,Front,Left,Centre,67
<_io.BytesIO object at 0x000002A112E000E0>,0.5611653327941895,0.06832854449748993,0.21007588505744934,155021,60,4,False,Left,Front,Left,Centre,67
<_io.BytesIO object at 0x000002A112E16270>,0.6214906573295593,0.1421288400888443,0.1525740921497345,155022,60,4,False,Left,Front,Left,Centre,67
<_io.BytesIO object at 0x000002A112EBEEF0>,0.6531720161437988,0.1231192797422409,0.15648992359638214,155022,60,4,False,Left,Front,Left,Centre,67
<_io.BytesIO object at 0x000002A112EBEE50>,0.6360342502593994,0.028183359652757645,0.16122642159461975,155022,60,4,False,Left,Front,Left,Centre,67
<_io.BytesIO object at 0x000002A112EBE0E0>,0.6630198955535889,0.08914154767990112,0.14008435606956482,155022,60,4,False,Left,Front,Left,Centre,67
<_io.BytesIO object at 0x000002A112EBEB80>,0.5611653327941895,0.06832854449748993,0.21007588505744934,155022,60,4,False,Left,Front,Left,Centre,67
<_io.BytesIO object at 0x000002A112E119F0>,0.6214906573295593,0.1421288400888443,0.1525740921497345,155023,60,4,False,Left,Front,Left,Centre,67
<_io.BytesIO object at 0x000002A112E11EF0>,0.6531720161437988,0.1231192797422409,0.15648992359638214,155023,60,4,False,Left,Front,Left,Centre,67
<_io.BytesIO object at 0x000002A112E112C0>,0.6360342502593994,0.028183359652757645,0.16122642159461975,155023,60,4,False,Left,Front,Left,Centre,67
<_io.BytesIO object at 0x000002A17F345720>,0.6630198955535889,0.08914154767990112,0.14008435606956482,155023,60,4,False,Left,Front,Left,Centre,67
<_io.BytesIO object at 0x000002A17F345270>,0.5611653327941895,0.06832854449748993,0.21007588505744934,155023,60,4,False,Left,Front,Left,Centre,67
<_io.BytesIO object at 0x000002A112DF4450>,0.6214906573295593,0.1421288400888443,0.1525740921497345,155024,60,4,False,Left,Front,Left,Centre,67
<_io.BytesIO object at 0x000002A112E115E0>,0.6531720161437988,0.1231192797422409,0.15648992359638214,155024,60,4,False,Left,Front,Left,Centre,67
<_io.BytesIO object at 0x000002A112E11090>,0.6360342502593994,0.028183359652757645,0.16122642159461975,155024,60,4,False,Left,Front,Left,Centre,67
<_io.BytesIO object at 0x000002A112E11540>,0.6630198955535889,0.08914154767990112,0.14008435606956482,155024,60,4,False,Left,Front,Left,Centre,67
<_io.BytesIO object at 0x000002A112E111D0>,0.5611653327941895,0.06832854449748993,0.21007588505744934,155024,60,4,False,Left,Front,Left,Centre,67
<_io.BytesIO object at 0x000002A112E28B80>,0.6214906573295593,0.1421288400888443,0.1525740921497345,155025,60,4,False,Left,Front,Left,Centre,67
<_io.BytesIO object at 0x000002A112EBEE00>,0.6531720161437988,0.1231192797422409,0.15648992359638214,155025,60,4,False,Left,Front,Left,Centre,67
<_io.BytesIO object at 0x000002A112EBEF90>,0.6360342502593994,0.028183359652757645,0.16122642159461975,155025,60,4,False,Left,Front,Left,Centre,67
<_io.BytesIO object at 0x000002A112EBE860>,0.6630198955535889,0.08914154767990112,0.14008435606956482,155025,60,4,False,Left,Front,Left,Centre,67
<_io.BytesIO object at 0x000002A112E16E00>,0.5611653327941895,0.06832854449748993,0.21007588505744934,155025,60,4,False,Left,Front,Left,Centre,67
<_io.BytesIO object at 0x000002A112E009A0>,0.6214906573295593,0.1421288400888443,0.1525740921497345,155026,60,4,False,Left,Front,Left,Centre,67
<_io.BytesIO object at 0x000002A112E00270>,0.6531720161437988,0.1231192797422409,0.15648992359638214,155026,60,4,False,Left,Front,Left,Centre,67
<_io.BytesIO object at 0x000002A112E9C860>,0.6360342502593994,0.028183359652757645,0.16122642159461975,155026,60,4,False,Left,Front,Left,Centre,67
<_io.BytesIO object at 0x000002A112E9CE50>,0.6630198955535889,0.08914154767990112,0.14008435606956482,155026,60,4,False,Left,Front,Left,Centre,67
<_io.BytesIO object at 0x000002A112E9C590>,0.5611653327941895,0.06832854449748993,0.21007588505744934,155026,60,4,False,Left,Front,Left,Centre,67
<_io.BytesIO object at 0x000002A112E96DB0>,0.6214906573295593,0.1421288400888443,0.1525740921497345,155027,60,4,False,Left,Front,Left,Centre,67
<_io.BytesIO object at 0x000002A112EA3B30>,0.6531720161437988,0.1231192797422409,0.15648992359638214,155027,60,4,False,Left,Front,Left,Centre,67
<_io.BytesIO object at 0x000002A112EA3EF0>,0.6360342502593994,0.028183359652757645,0.16122642159461975,155027,60,4,False,Left,Front,Left,Centre,67
<_io.BytesIO object at 0x000002A112EA35E0>,0.6630198955535889,0.08914154767990112,0.14008435606956482,155027,60,4,False,Left,Front,Left,Centre,67
<_io.BytesIO object at 0x000002A112EA3680>,0.5611653327941895,0.06832854449748993,0.21007588505744934,155027,60,4,False,Left,Front,Left,Centre,67
<_io.BytesIO object at 0x000002A112EB7130>,0.6214906573295593,0.1421288400888443,0.1525740921497345,155028,60,4,False,Left,Front,Left,Centre,67
<_io.BytesIO object at 0x000002A112EA3810>,0.6531720161437988,0.1231192797422409,0.15648992359638214,155028,60,4,False,Left,Front,Left,Centre,67
<_io.BytesIO object at 0x000002A112EA3BD0>,0.6360342502593994,0.028183359652757645,0.16122642159461975,155028,60,4,False,Left,Front,Left,Centre,67
<_io.BytesIO object at 0x000002A112EA34A0>,0.6630198955535889,0.08914154767990112,0.14008435606956482,155028,60,4,False,Left,Front,Left,Centre,67
<_io.BytesIO object at 0x000002A112EA3D60>,0.5611653327941895,0.06832854449748993,0.21007588505744934,155028,60,4,False,Left,Front,Left,Centre,67
<_io.BytesIO object at 0x000002A112E9CD10>,0.6214906573295593,0.1421288400888443,0.1525740921497345,155029,60,4,False,Left,Front,Left,Centre,67
<_io.BytesIO object at 0x000002A112E9C860>,0.6531720161437988,0.1231192797422409,0.15648992359638214,155029,60,4,False,Left,Front,Left,Centre,67
<_io.BytesIO object at 0x000002A112E00C20>,0.6360342502593994,0.028183359652757645,0.16122642159461975,155029,60,4,False,Left,Front,Left,Centre,67
<_io.BytesIO object at 0x000002A112E00DB0>,0.6630198955535889,0.08914154767990112,0.14008435606956482,155029,60,4,False,Left,Front,Left,Centre,67
<_io.BytesIO object at 0x000002A112E00AE0>,0.5611653327941895,0.06832854449748993,0.21007588505744934,155029,60,4,False,Left,Front,Left,Centre,67
<_io.BytesIO object at 0x000002A112E164A0>,0.6214906573295593,0.1421288400888443,0.1525740921497345,155030,60,4,False,Left,Front,Left,Centre,67
<_io.BytesIO object at 0x000002A112EBE900>,0.6531720161437988,0.1231192797422409,0.15648992359638214,155030,60,4,False,Left,Front,Left,Centre,67
<_io.BytesIO object at 0x000002A112EBE810>,0.6360342502593994,0.028183359652757645,0.16122642159461975,155030,60,4,False,Left,Front,Left,Centre,67
<_io.BytesIO object at 0x000002A112EBEBD0>,0.6630198955535889,0.08914154767990112,0.14008435606956482,155030,60,4,False,Left,Front,Left,Centre,67
<_io.BytesIO object at 0x000002A112EBE360>,0.5611653327941895,0.06832854449748993,0.21007588505744934,155030,60,4,False,Left,Front,Left,Centre,67
<_io.BytesIO object at 0x000002A112E11040>,0.6214906573295593,0.1421288400888443,0.1525740921497345,155031,60,4,False,Left,Front,Left,Centre,67
<_io.BytesIO object at 0x000002A112E11DB0>,0.6531720161437988,0.1231192797422409,0.15648992359638214,155031,60,4,False,Left,Front,Left,Centre,67
<_io.BytesIO object at 0x000002A112E11F90>,0.6360342502593994,0.028183359652757645,0.16122642159461975,155031,60,4,False,Left,Front,Left,Centre,67
<_io.BytesIO object at 0x000002A17F345220>,0.6630198955535889,0.08914154767990112,0.14008435606956482,155031,60,4,False,Left,Front,Left,Centre,67
<_io.BytesIO object at 0x000002A17F345130>,0.5611653327941895,0.06832854449748993,0.21007588505744934,155031,60,4,False,Left,Front,Left,Centre,67
<_io.BytesIO object at 0x000002A112DF4680>,0.6214906573295593,0.1421288400888443,0.1525740921497345,155032,60,4,False,Left,Front,Left,Centre,67
<_io.BytesIO object at 0x000002A17F345680>,0.6531720161437988,0.1231192797422409,0.15648992359638214,155032,60,4,False,Left,Front,Left,Centre,67
<_io.BytesIO object at 0x000002A112E114A0>,0.6360342502593994,0.028183359652757645,0.16122642159461975,155032,60,4,False,Left,Front,Left,Centre,67
<_io.BytesIO object at 0x000002A112E11F40>,0.6630198955535889,0.08914154767990112,0.14008435606956482,155032,60,4,False,Left,Front,Left,Centre,67
<_io.BytesIO object at 0x000002A112E116D0>,0.5611653327941895,0.06832854449748993,0.21007588505744934,155032,60,4,False,Left,Front,Left,Centre,67
<_io.BytesIO object at 0x000002A112E28720>,0.6214906573295593,0.1421288400888443,0.1525740921497345,155033,60,4,False,Left,Front,Left,Centre,67
<_io.BytesIO object at 0x000002A112EBE0E0>,0.6531720161437988,0.1231192797422409,0.15648992359638214,155033,60,4,False,Left,Front,Left,Centre,67
<_io.BytesIO object at 0x000002A112EBE270>,0.6360342502593994,0.028183359652757645,0.16122642159461975,155033,60,4,False,Left,Front,Left,Centre,67
<_io.BytesIO object at 0x000002A112EBEC20>,0.6630198955535889,0.08914154767990112,0.14008435606956482,155033,60,4,False,Left,Front,Left,Centre,67
<_io.BytesIO object at 0x000002A112E16130>,0.5611653327941895,0.06832854449748993,0.21007588505744934,155033,60,4,False,Left,Front,Left,Centre,67
<_io.BytesIO object at 0x000002A112E003B0>,0.6214906573295593,0.1421288400888443,0.1525740921497345,155034,60,4,False,Left,Front,Left,Centre,67
<_io.BytesIO object at 0x000002A112E00770>,0.6531720161437988,0.1231192797422409,0.15648992359638214,155034,60,4,False,Left,Front,Left,Centre,67
<_io.BytesIO object at 0x000002A112E9CD10>,0.6360342502593994,0.028183359652757645,0.16122642159461975,155034,60,4,False,Left,Front,Left,Centre,67
<_io.BytesIO object at 0x000002A112E9CEF0>,0.6630198955535889,0.08914154767990112,0.14008435606956482,155034,60,4,False,Left,Front,Left,Centre,67
<_io.BytesIO object at 0x000002A112E9C630>,0.5611653327941895,0.06832854449748993,0.21007588505744934,155034,60,4,False,Left,Front,Left,Centre,67
<_io.BytesIO object at 0x000002A112EA3270>,0.6214906573295593,0.1421288400888443,0.1525740921497345,155035,60,4,False,Left,Front,Left,Centre,67
<_io.BytesIO object at 0x000002A113035900>,0.6531720161437988,0.1231192797422409,0.15648992359638214,155035,60,4,False,Left,Front,Left,Centre,67
<_io.BytesIO object at 0x000002A113035E00>,0.6360342502593994,0.028183359652757645,0.16122642159461975,155035,60,4,False,Left,Front,Left,Centre,67
<_io.BytesIO object at 0x000002A113035D60>,0.6630198955535889,0.08914154767990112,0.14008435606956482,155035,60,4,False,Left,Front,Left,Centre,67
<_io.BytesIO object at 0x000002A1130359F0>,0.5611653327941895,0.06832854449748993,0.21007588505744934,155035,60,4,False,Left,Front,Left,Centre,67
<_io.BytesIO object at 0x000002A112EB7950>,0.6214906573295593,0.1421288400888443,0.1525740921497345,155036,60,4,False,Left,Front,Left,Centre,67
<_io.BytesIO object at 0x000002A1130355E0>,0.6531720161437988,0.1231192797422409,0.15648992359638214,155036,60,4,False,Left,Front,Left,Centre,67
<_io.BytesIO object at 0x000002A113035BD0>,0.6360342502593994,0.028183359652757645,0.16122642159461975,155036,60,4,False,Left,Front,Left,Centre,67
<_io.BytesIO object at 0x000002A112EA3B30>,0.6630198955535889,0.08914154767990112,0.14008435606956482,155036,60,4,False,Left,Front,Left,Centre,67
<_io.BytesIO object at 0x000002A112EA3860>,0.5611653327941895,0.06832854449748993,0.21007588505744934,155036,60,4,False,Left,Front,Left,Centre,67
<_io.BytesIO object at 0x000002A112E00040>,0.6214906573295593,0.1421288400888443,0.1525740921497345,155037,60,4,False,Left,Front,Left,Centre,67
<_io.BytesIO object at 0x000002A112E00B80>,0.6531720161437988,0.1231192797422409,0.15648992359638214,155037,60,4,False,Left,Front,Left,Centre,67
<_io.BytesIO object at 0x000002A112E82B30>,0.6360342502593994,0.028183359652757645,0.16122642159461975,155037,60,4,False,Left,Front,Left,Centre,67
<_io.BytesIO object at 0x000002A112E82770>,0.6630198955535889,0.08914154767990112,0.14008435606956482,155037,60,4,False,Left,Front,Left,Centre,67
<_io.BytesIO object at 0x000002A112E82090>,0.5611653327941895,0.06832854449748993,0.21007588505744934,155037,60,4,False,Left,Front,Left,Centre,67
<_io.BytesIO object at 0x000002A112E28720>,0.6214906573295593,0.1421288400888443,0.1525740921497345,155038,60,4,False,Left,Front,Left,Centre,67
<_io.BytesIO object at 0x000002A112E28450>,0.6531720161437988,0.1231192797422409,0.15648992359638214,155038,60,4,False,Left,Front,Left,Centre,67
<_io.BytesIO object at 0x000002A112E281D0>,0.6360342502593994,0.028183359652757645,0.16122642159461975,155038,60,4,False,Left,Front,Left,Centre,67
<_io.BytesIO object at 0x000002A112E283B0>,0.6630198955535889,0.08914154767990112,0.14008435606956482,155038,60,4,False,Left,Front,Left,Centre,67
<_io.BytesIO object at 0x000002A112E12810>,0.5611653327941895,0.06832854449748993,0.21007588505744934,155038,60,4,False,Left,Front,Left,Centre,67
<_io.BytesIO object at 0x000002A112E11B80>,0.6214906573295593,0.1421288400888443,0.1525740921497345,155039,60,4,False,Left,Front,Left,Centre,67
<_io.BytesIO object at 0x000002A112E96450>,0.6531720161437988,0.1231192797422409,0.15648992359638214,155039,60,4,False,Left,Front,Left,Centre,67
<_io.BytesIO object at 0x000002A112E968B0>,0.6360342502593994,0.028183359652757645,0.16122642159461975,155039,60,4,False,Left,Front,Left,Centre,67
<_io.BytesIO object at 0x000002A112E96F90>,0.6630198955535889,0.08914154767990112,0.14008435606956482,155039,60,4,False,Left,Front,Left,Centre,67
<_io.BytesIO object at 0x000002A112E961D0>,0.5611653327941895,0.06832854449748993,0.21007588505744934,155039,60,4,False,Left,Front,Left,Centre,67
<_io.BytesIO object at 0x000002A112DF4720>,0.6214906573295593,0.1421288400888443,0.1525740921497345,155040,60,4,False,Left,Front,Left,Centre,67
<_io.BytesIO object at 0x000002A17F3455E0>,0.6531720161437988,0.1231192797422409,0.15648992359638214,155040,60,4,False,Left,Front,Left,Centre,67
<_io.BytesIO object at 0x000002A112E11DB0>,0.6360342502593994,0.028183359652757645,0.16122642159461975,155040,60,4,False,Left,Front,Left,Centre,67
<_io.BytesIO object at 0x000002A112E11220>,0.6630198955535889,0.08914154767990112,0.14008435606956482,155040,60,4,False,Left,Front,Left,Centre,67
<_io.BytesIO object at 0x000002A112E11C20>,0.5611653327941895,0.06832854449748993,0.21007588505744934,155040,60,4,False,Left,Front,Left,Centre,67
<_io.BytesIO object at 0x000002A112E28CC0>,0.6214906573295593,0.1421288400888443,0.1525740921497345,155041,60,4,False,Left,Front,Left,Centre,67
<_io.BytesIO object at 0x000002A112EBEF40>,0.6531720161437988,0.1231192797422409,0.15648992359638214,155041,60,4,False,Left,Front,Left,Centre,67
<_io.BytesIO object at 0x000002A112EBE450>,0.6360342502593994,0.028183359652757645,0.16122642159461975,155041,60,4,False,Left,Front,Left,Centre,67
<_io.BytesIO object at 0x000002A112EBEC20>,0.6630198955535889,0.08914154767990112,0.14008435606956482,155041,60,4,False,Left,Front,Left,Centre,67
<_io.BytesIO object at 0x000002A112E167C0>,0.5611653327941895,0.06832854449748993,0.21007588505744934,155041,60,4,False,Left,Front,Left,Centre,67
<_io.BytesIO object at 0x000002A112E00680>,0.6214906573295593,0.1421288400888443,0.1525740921497345,155042,60,4,False,Left,Front,Left,Centre,67
<_io.BytesIO object at 0x000002A112E00A40>,0.6531720161437988,0.1231192797422409,0.15648992359638214,155042,60,4,False,Left,Front,Left,Centre,67
<_io.BytesIO object at 0x000002A112E9CC20>,0.6360342502593994,0.028183359652757645,0.16122642159461975,155042,60,4,False,Left,Front,Left,Centre,67
<_io.BytesIO object at 0x000002A112E9C540>,0.6630198955535889,0.08914154767990112,0.14008435606956482,155042,60,4,False,Left,Front,Left,Centre,67
<_io.BytesIO object at 0x000002A112E9CEF0>,0.5611653327941895,0.06832854449748993,0.21007588505744934,155042,60,4,False,Left,Front,Left,Centre,67
<_io.BytesIO object at 0x000002A1130354A0>,0.6214906573295593,0.1421288400888443,0.1525740921497345,155043,60,4,False,Left,Front,Left,Centre,67
<_io.BytesIO object at 0x000002A112E96F90>,0.6531720161437988,0.1231192797422409,0.15648992359638214,155043,60,4,False,Left,Front,Left,Centre,67
<_io.BytesIO object at 0x000002A112E96040>,0.6360342502593994,0.028183359652757645,0.16122642159461975,155043,60,4,False,Left,Front,Left,Centre,67
<_io.BytesIO object at 0x000002A112E96540>,0.6630198955535889,0.08914154767990112,0.14008435606956482,155043,60,4,False,Left,Front,Left,Centre,67
<_io.BytesIO object at 0x000002A112E96130>,0.5611653327941895,0.06832854449748993,0.21007588505744934,155043,60,4,False,Left,Front,Left,Centre,67
<_io.BytesIO object at 0x000002A112E96130>,0.6214906573295593,0.1421288400888443,0.1525740921497345,155044,60,4,False,Left,Front,Left,Centre,67
<_io.BytesIO object at 0x000002A113035EF0>,0.6531720161437988,0.1231192797422409,0.15648992359638214,155044,60,4,False,Left,Front,Left,Centre,67
<_io.BytesIO object at 0x000002A113035C70>,0.6360342502593994,0.028183359652757645,0.16122642159461975,155044,60,4,False,Left,Front,Left,Centre,67
<_io.BytesIO object at 0x000002A112EA3CC0>,0.6630198955535889,0.08914154767990112,0.14008435606956482,155044,60,4,False,Left,Front,Left,Centre,67
<_io.BytesIO object at 0x000002A112EA3270>,0.5611653327941895,0.06832854449748993,0.21007588505744934,155044,60,4,False,Left,Front,Left,Centre,67
<_io.BytesIO object at 0x000002A112E00590>,0.6214906573295593,0.1421288400888443,0.1525740921497345,155045,60,4,False,Left,Front,Left,Centre,67
<_io.BytesIO object at 0x000002A112E00310>,0.6531720161437988,0.1231192797422409,0.15648992359638214,155045,60,4,False,Left,Front,Left,Centre,67
<_io.BytesIO object at 0x000002A112E82180>,0.6360342502593994,0.028183359652757645,0.16122642159461975,155045,60,4,False,Left,Front,Left,Centre,67
<_io.BytesIO object at 0x000002A112E82B80>,0.6630198955535889,0.08914154767990112,0.14008435606956482,155045,60,4,False,Left,Front,Left,Centre,67
<_io.BytesIO object at 0x000002A112E82770>,0.5611653327941895,0.06832854449748993,0.21007588505744934,155045,60,4,False,Left,Front,Left,Centre,67
<_io.BytesIO object at 0x000002A112EBE9A0>,0.6214906573295593,0.1421288400888443,0.1525740921497345,155046,60,4,False,Left,Front,Left,Centre,67
<_io.BytesIO object at 0x000002A112E28F90>,0.6531720161437988,0.1231192797422409,0.15648992359638214,155046,60,4,False,Left,Front,Left,Centre,67
<_io.BytesIO object at 0x000002A112E28310>,0.6360342502593994,0.028183359652757645,0.16122642159461975,155046,60,4,False,Left,Front,Left,Centre,67
<_io.BytesIO object at 0x000002A112E28D60>,0.6630198955535889,0.08914154767990112,0.14008435606956482,155046,60,4,False,Left,Front,Left,Centre,67
<_io.BytesIO object at 0x000002A112E121D0>,0.5611653327941895,0.06832854449748993,0.21007588505744934,155046,60,4,False,Left,Front,Left,Centre,67
<_io.BytesIO object at 0x000002A112E11180>,0.6214906573295593,0.1421288400888443,0.1525740921497345,155047,60,4,False,Left,Front,Left,Centre,67
<_io.BytesIO object at 0x000002A112EB7B80>,0.6531720161437988,0.1231192797422409,0.15648992359638214,155047,60,4,False,Left,Front,Left,Centre,67
<_io.BytesIO object at 0x000002A112EB7DB0>,0.6360342502593994,0.028183359652757645,0.16122642159461975,155047,60,4,False,Left,Front,Left,Centre,67
<_io.BytesIO object at 0x000002A112EB7360>,0.6630198955535889,0.08914154767990112,0.14008435606956482,155047,60,4,False,Left,Front,Left,Centre,67
<_io.BytesIO object at 0x000002A112EB7630>,0.5611653327941895,0.06832854449748993,0.21007588505744934,155047,60,4,False,Left,Front,Left,Centre,67
<_io.BytesIO object at 0x000002A112DF4B30>,0.6214906573295593,0.1421288400888443,0.1525740921497345,155048,60,4,False,Left,Front,Left,Centre,67
<_io.BytesIO object at 0x000002A112EB79F0>,0.6531720161437988,0.1231192797422409,0.15648992359638214,155048,60,4,False,Left,Front,Left,Centre,67
<_io.BytesIO object at 0x000002A112EB7090>,0.6360342502593994,0.028183359652757645,0.16122642159461975,155048,60,4,False,Left,Front,Left,Centre,67
<_io.BytesIO object at 0x000002A112EB7220>,0.6630198955535889,0.08914154767990112,0.14008435606956482,155048,60,4,False,Left,Front,Left,Centre,67
<_io.BytesIO object at 0x000002A112EB7B30>,0.5611653327941895,0.06832854449748993,0.21007588505744934,155048,60,4,False,Left,Front,Left,Centre,67
<_io.BytesIO object at 0x000002A112E12680>,0.6214906573295593,0.1421288400888443,0.1525740921497345,155049,60,4,False,Left,Front,Left,Centre,67
<_io.BytesIO object at 0x000002A112E28DB0>,0.6531720161437988,0.1231192797422409,0.15648992359638214,155049,60,4,False,Left,Front,Left,Centre,67
<_io.BytesIO object at 0x000002A112E28360>,0.6360342502593994,0.028183359652757645,0.16122642159461975,155049,60,4,False,Left,Front,Left,Centre,67
<_io.BytesIO object at 0x000002A112E28770>,0.6630198955535889,0.08914154767990112,0.14008435606956482,155049,60,4,False,Left,Front,Left,Centre,67
<_io.BytesIO object at 0x000002A112E286D0>,0.5611653327941895,0.06832854449748993,0.21007588505744934,155049,60,4,False,Left,Front,Left,Centre,67
<_io.BytesIO object at 0x000002A112E825E0>,0.6214906573295593,0.1421288400888443,0.1525740921497345,155050,60,4,False,Left,Front,Left,Centre,67
<_io.BytesIO object at 0x000002A112E82180>,0.6531720161437988,0.1231192797422409,0.15648992359638214,155050,60,4,False,Left,Front,Left,Centre,67
<_io.BytesIO object at 0x000002A112E00450>,0.6360342502593994,0.028183359652757645,0.16122642159461975,155050,60,4,False,Left,Front,Left,Centre,67
<_io.BytesIO object at 0x000002A112E00BD0>,0.6630198955535889,0.08914154767990112,0.14008435606956482,155050,60,4,False,Left,Front,Left,Centre,67
<_io.BytesIO object at 0x000002A112E002C0>,0.5611653327941895,0.06832854449748993,0.21007588505744934,155050,60,4,False,Left,Front,Left,Centre,67
<_io.BytesIO object at 0x000002A112EA32C0>,0.6214906573295593,0.1421288400888443,0.1525740921497345,155051,60,4,False,Left,Front,Left,Centre,67
<_io.BytesIO object at 0x000002A112EA3450>,0.6531720161437988,0.1231192797422409,0.15648992359638214,155051,60,4,False,Left,Front,Left,Centre,67
<_io.BytesIO object at 0x000002A112EA35E0>,0.6360342502593994,0.028183359652757645,0.16122642159461975,155051,60,4,False,Left,Front,Left,Centre,67
<_io.BytesIO object at 0x000002A112EA3E50>,0.6630198955535889,0.08914154767990112,0.14008435606956482,155051,60,4,False,Left,Front,Left,Centre,67
<_io.BytesIO object at 0x000002A112EA3540>,0.5611653327941895,0.06832854449748993,0.21007588505744934,155051,60,4,False,Left,Front,Left,Centre,67
<_io.BytesIO object at 0x000002A112E96540>,0.6214906573295593,0.1421288400888443,0.1525740921497345,155052,60,4,False,Left,Front,Left,Centre,67
<_io.BytesIO object at 0x000002A112EA3770>,0.6531720161437988,0.1231192797422409,0.15648992359638214,155052,60,4,False,Left,Front,Left,Centre,67
<_io.BytesIO object at 0x000002A112EA3630>,0.6360342502593994,0.028183359652757645,0.16122642159461975,155052,60,4,False,Left,Front,Left,Centre,67
<_io.BytesIO object at 0x000002A112EA38B0>,0.6630198955535889,0.08914154767990112,0.14008435606956482,155052,60,4,False,Left,Front,Left,Centre,67
<_io.BytesIO object at 0x000002A112EA36D0>,0.5611653327941895,0.06832854449748993,0.21007588505744934,155052,60,4,False,Left,Front,Left,Centre,67
<_io.BytesIO object at 0x000002A112E000E0>,0.6214906573295593,0.1421288400888443,0.1525740921497345,155053,60,4,False,Left,Front,Left,Centre,67
<_io.BytesIO object at 0x000002A112E00450>,0.6531720161437988,0.1231192797422409,0.15648992359638214,155053,60,4,False,Left,Front,Left,Centre,67
<_io.BytesIO object at 0x000002A112E82AE0>,0.6360342502593994,0.028183359652757645,0.16122642159461975,155053,60,4,False,Left,Front,Left,Centre,67
<_io.BytesIO object at 0x000002A112E822C0>,0.6630198955535889,0.08914154767990112,0.14008435606956482,155053,60,4,False,Left,Front,Left,Centre,67
<_io.BytesIO object at 0x000002A112E82C70>,0.5611653327941895,0.06832854449748993,0.21007588505744934,155053,60,4,False,Left,Front,Left,Centre,67
<_io.BytesIO object at 0x000002A112EBE040>,0.6214906573295593,0.1421288400888443,0.1525740921497345,155054,60,4,False,Left,Front,Left,Centre,67
<_io.BytesIO object at 0x000002A112E28630>,0.6531720161437988,0.1231192797422409,0.15648992359638214,155054,60,4,False,Left,Front,Left,Centre,67
<_io.BytesIO object at 0x000002A112E28310>,0.6360342502593994,0.028183359652757645,0.16122642159461975,155054,60,4,False,Left,Front,Left,Centre,67
<_io.BytesIO object at 0x000002A112E28220>,0.6630198955535889,0.08914154767990112,0.14008435606956482,155054,60,4,False,Left,Front,Left,Centre,67
<_io.BytesIO object at 0x000002A112E11D60>,0.5611653327941895,0.06832854449748993,0.21007588505744934,155054,60,4,False,Left,Front,Left,Centre,67
<_io.BytesIO object at 0x000002A112EB7F90>,0.6214906573295593,0.1421288400888443,0.1525740921497345,155055,60,4,False,Left,Front,Left,Centre,67
<_io.BytesIO object at 0x000002A112E129F0>,0.6531720161437988,0.1231192797422409,0.15648992359638214,155055,60,4,False,Left,Front,Left,Centre,67
<_io.BytesIO object at 0x000002A112E12B30>,0.6360342502593994,0.028183359652757645,0.16122642159461975,155055,60,4,False,Left,Front,Left,Centre,67
<_io.BytesIO object at 0x000002A112E12090>,0.6630198955535889,0.08914154767990112,0.14008435606956482,155055,60,4,False,Left,Front,Left,Centre,67
<_io.BytesIO object at 0x000002A112E12220>,0.5611653327941895,0.06832854449748993,0.21007588505744934,155055,60,4,False,Left,Front,Left,Centre,67
<_io.BytesIO object at 0x000002A112DF49A0>,0.6214906573295593,0.1421288400888443,0.1525740921497345,155056,60,4,False,Left,Front,Left,Centre,67
<_io.BytesIO object at 0x000002A112E12860>,0.6531720161437988,0.1231192797422409,0.15648992359638214,155056,60,4,False,Left,Front,Left,Centre,67
<_io.BytesIO object at 0x000002A112E12E00>,0.6360342502593994,0.028183359652757645,0.16122642159461975,155056,60,4,False,Left,Front,Left,Centre,67
<_io.BytesIO object at 0x000002A112E128B0>,0.6630198955535889,0.08914154767990112,0.14008435606956482,155056,60,4,False,Left,Front,Left,Centre,67
<_io.BytesIO object at 0x000002A112E124F0>,0.5611653327941895,0.06832854449748993,0.21007588505744934,155056,60,4,False,Left,Front,Left,Centre,67
<_io.BytesIO object at 0x000002A112E11900>,0.6214906573295593,0.1421288400888443,0.1525740921497345,155057,60,4,False,Left,Front,Left,Centre,67
<_io.BytesIO object at 0x000002A112E28D60>,0.6531720161437988,0.1231192797422409,0.15648992359638214,155057,60,4,False,Left,Front,Left,Centre,67
<_io.BytesIO object at 0x000002A112E28E00>,0.6360342502593994,0.028183359652757645,0.16122642159461975,155057,60,4,False,Left,Front,Left,Centre,67
<_io.BytesIO object at 0x000002A112E28A90>,0.6630198955535889,0.08914154767990112,0.14008435606956482,155057,60,4,False,Left,Front,Left,Centre,67
<_io.BytesIO object at 0x000002A112E28CC0>,0.5611653327941895,0.06832854449748993,0.21007588505744934,155057,60,4,False,Left,Front,Left,Centre,67
<_io.BytesIO object at 0x000002A112E82450>,0.6214906573295593,0.1421288400888443,0.1525740921497345,155058,60,4,False,Left,Front,Left,Centre,67
<_io.BytesIO object at 0x000002A112E82AE0>,0.6531720161437988,0.1231192797422409,0.15648992359638214,155058,60,4,False,Left,Front,Left,Centre,67
<_io.BytesIO object at 0x000002A112E00EA0>,0.6360342502593994,0.028183359652757645,0.16122642159461975,155058,60,4,False,Left,Front,Left,Centre,67
<_io.BytesIO object at 0x000002A112E00040>,0.6630198955535889,0.08914154767990112,0.14008435606956482,155058,60,4,False,Left,Front,Left,Centre,67
<_io.BytesIO object at 0x000002A112E00720>,0.5611653327941895,0.06832854449748993,0.21007588505744934,155058,60,4,False,Left,Front,Left,Centre,67
<_io.BytesIO object at 0x000002A112EA3450>,0.6214906573295593,0.1421288400888443,0.1525740921497345,155059,60,4,False,Left,Front,Left,Centre,67
<_io.BytesIO object at 0x000002A112E9CE50>,0.6531720161437988,0.1231192797422409,0.15648992359638214,155059,60,4,False,Left,Front,Left,Centre,67
<_io.BytesIO object at 0x000002A112E9C9A0>,0.6360342502593994,0.028183359652757645,0.16122642159461975,155059,60,4,False,Left,Front,Left,Centre,67
<_io.BytesIO object at 0x000002A112E9C400>,0.6630198955535889,0.08914154767990112,0.14008435606956482,155059,60,4,False,Left,Front,Left,Centre,67
<_io.BytesIO object at 0x000002A112E9CEA0>,0.5611653327941895,0.06832854449748993,0.21007588505744934,155059,60,4,False,Left,Front,Left,Centre,67
<_io.BytesIO object at 0x000002A112E968B0>,0.6214906573295593,0.1421288400888443,0.1525740921497345,155060,60,4,False,Left,Front,Left,Centre,67
<_io.BytesIO object at 0x000002A112E9CBD0>,0.6531720161437988,0.1231192797422409,0.15648992359638214,155060,60,4,False,Left,Front,Left,Centre,67
<_io.BytesIO object at 0x000002A112E9C180>,0.6360342502593994,0.028183359652757645,0.16122642159461975,155060,60,4,False,Left,Front,Left,Centre,67
<_io.BytesIO object at 0x000002A112E9C540>,0.6630198955535889,0.08914154767990112,0.14008435606956482,155060,60,4,False,Left,Front,Left,Centre,67
<_io.BytesIO object at 0x000002A112E9C040>,0.5611653327941895,0.06832854449748993,0.21007588505744934,155060,60,4,False,Left,Front,Left,Centre,67
<_io.BytesIO object at 0x000002A112E00F90>,0.6214906573295593,0.1421288400888443,0.1525740921497345,155061,60,4,False,Left,Front,Left,Centre,67
<_io.BytesIO object at 0x000002A112E00EA0>,0.6531720161437988,0.1231192797422409,0.15648992359638214,155061,60,4,False,Left,Front,Left,Centre,67
<_io.BytesIO object at 0x000002A112E82540>,0.6360342502593994,0.028183359652757645,0.16122642159461975,155061,60,4,False,Left,Front,Left,Centre,67
<_io.BytesIO object at 0x000002A112E829F0>,0.6630198955535889,0.08914154767990112,0.14008435606956482,155061,60,4,False,Left,Front,Left,Centre,67
<_io.BytesIO object at 0x000002A112E82770>,0.5611653327941895,0.06832854449748993,0.21007588505744934,155061,60,4,False,Left,Front,Left,Centre,67
<_io.BytesIO object at 0x000002A112EBE770>,0.6214906573295593,0.1421288400888443,0.1525740921497345,155062,60,4,False,Left,Front,Left,Centre,67
<_io.BytesIO object at 0x000002A112E28270>,0.6531720161437988,0.1231192797422409,0.15648992359638214,155062,60,4,False,Left,Front,Left,Centre,67
<_io.BytesIO object at 0x000002A112E28310>,0.6360342502593994,0.028183359652757645,0.16122642159461975,155062,60,4,False,Left,Front,Left,Centre,67
<_io.BytesIO object at 0x000002A112E281D0>,0.6630198955535889,0.08914154767990112,0.14008435606956482,155062,60,4,False,Left,Front,Left,Centre,67
<_io.BytesIO object at 0x000002A112E11900>,0.5611653327941895,0.06832854449748993,0.21007588505744934,155062,60,4,False,Left,Front,Left,Centre,67
<_io.BytesIO object at 0x000002A112E12F90>,0.6214906573295593,0.1421288400888443,0.1525740921497345,155063,60,4,False,Left,Front,Left,Centre,67
<_io.BytesIO object at 0x000002A112E12B30>,0.6531720161437988,0.1231192797422409,0.15648992359638214,155063,60,4,False,Left,Front,Left,Centre,67
<_io.BytesIO object at 0x000002A112E126D0>,0.6360342502593994,0.028183359652757645,0.16122642159461975,155063,60,4,False,Left,Front,Left,Centre,67
<_io.BytesIO object at 0x000002A17F345360>,0.6630198955535889,0.08914154767990112,0.14008435606956482,155063,60,4,False,Left,Front,Left,Centre,67
<_io.BytesIO object at 0x000002A17F345180>,0.5611653327941895,0.06832854449748993,0.21007588505744934,155063,60,4,False,Left,Front,Left,Centre,67
<_io.BytesIO object at 0x000002A112DF4720>,0.6214906573295593,0.1421288400888443,0.1525740921497345,155064,60,4,False,Left,Front,Left,Centre,67
<_io.BytesIO object at 0x000002A112E12590>,0.6531720161437988,0.1231192797422409,0.15648992359638214,155064,60,4,False,Left,Front,Left,Centre,67
<_io.BytesIO object at 0x000002A112E12E00>,0.6360342502593994,0.028183359652757645,0.16122642159461975,155064,60,4,False,Left,Front,Left,Centre,67
<_io.BytesIO object at 0x000002A112E122C0>,0.6630198955535889,0.08914154767990112,0.14008435606956482,155064,60,4,False,Left,Front,Left,Centre,67
<_io.BytesIO object at 0x000002A112E12860>,0.5611653327941895,0.06832854449748993,0.21007588505744934,155064,60,4,False,Left,Front,Left,Centre,67
<_io.BytesIO object at 0x000002A112E11DB0>,0.6214906573295593,0.1421288400888443,0.1525740921497345,155065,60,4,False,Left,Front,Left,Centre,67
<_io.BytesIO object at 0x000002A112E28220>,0.6531720161437988,0.1231192797422409,0.15648992359638214,155065,60,4,False,Left,Front,Left,Centre,67
<_io.BytesIO object at 0x000002A112E28360>,0.6360342502593994,0.028183359652757645,0.16122642159461975,155065,60,4,False,Left,Front,Left,Centre,67
<_io.BytesIO object at 0x000002A112E28180>,0.6630198955535889,0.08914154767990112,0.14008435606956482,155065,60,4,False,Left,Front,Left,Centre,67
<_io.BytesIO object at 0x000002A112E28400>,0.5611653327941895,0.06832854449748993,0.21007588505744934,155065,60,4,False,Left,Front,Left,Centre,67
<_io.BytesIO object at 0x000002A112E82D60>,0.6214906573295593,0.1421288400888443,0.1525740921497345,155066,60,4,False,Left,Front,Left,Centre,67
<_io.BytesIO object at 0x000002A112E82540>,0.6531720161437988,0.1231192797422409,0.15648992359638214,155066,60,4,False,Left,Front,Left,Centre,67
<_io.BytesIO object at 0x000002A112E00CC0>,0.6360342502593994,0.028183359652757645,0.16122642159461975,155066,60,4,False,Left,Front,Left,Centre,67
<_io.BytesIO object at 0x000002A112E00590>,0.6630198955535889,0.08914154767990112,0.14008435606956482,155066,60,4,False,Left,Front,Left,Centre,67
<_io.BytesIO object at 0x000002A112E00BD0>,0.5611653327941895,0.06832854449748993,0.21007588505744934,155066,60,4,False,Left,Front,Left,Centre,67
<_io.BytesIO object at 0x000002A112E9C1D0>,0.6214906573295593,0.1421288400888443,0.1525740921497345,155067,60,4,False,Left,Front,Left,Centre,67
<_io.BytesIO object at 0x000002A1130358B0>,0.6531720161437988,0.1231192797422409,0.15648992359638214,155067,60,4,False,Left,Front,Left,Centre,67
<_io.BytesIO object at 0x000002A113035810>,0.6360342502593994,0.028183359652757645,0.16122642159461975,155067,60,4,False,Left,Front,Left,Centre,67
<_io.BytesIO object at 0x000002A113035A90>,0.6630198955535889,0.08914154767990112,0.14008435606956482,155067,60,4,False,Left,Front,Left,Centre,67
<_io.BytesIO object at 0x000002A113035C20>,0.5611653327941895,0.06832854449748993,0.21007588505744934,155067,60,4,False,Left,Front,Left,Centre,67
<_io.BytesIO object at 0x000002A112E96D60>,0.6214906573295593,0.1421288400888443,0.1525740921497345,155068,60,4,False,Left,Front,Left,Centre,67
<_io.BytesIO object at 0x000002A113035F40>,0.6531720161437988,0.1231192797422409,0.15648992359638214,155068,60,4,False,Left,Front,Left,Centre,67
<_io.BytesIO object at 0x000002A113035B30>,0.6360342502593994,0.028183359652757645,0.16122642159461975,155068,60,4,False,Left,Front,Left,Centre,67
<_io.BytesIO object at 0x000002A112E9C1D0>,0.6630198955535889,0.08914154767990112,0.14008435606956482,155068,60,4,False,Left,Front,Left,Centre,67
<_io.BytesIO object at 0x000002A112E9C9F0>,0.5611653327941895,0.06832854449748993,0.21007588505744934,155068,60,4,False,Left,Front,Left,Centre,67
<_io.BytesIO object at 0x000002A112E00B30>,0.6214906573295593,0.1421288400888443,0.1525740921497345,155069,60,4,False,Left,Front,Left,Centre,67
<_io.BytesIO object at 0x000002A112E00CC0>,0.6531720161437988,0.1231192797422409,0.15648992359638214,155069,60,4,False,Left,Front,Left,Centre,67
<_io.BytesIO object at 0x000002A112E82270>,0.6360342502593994,0.028183359652757645,0.16122642159461975,155069,60,4,False,Left,Front,Left,Centre,67
<_io.BytesIO object at 0x000002A112E82590>,0.6630198955535889,0.08914154767990112,0.14008435606956482,155069,60,4,False,Left,Front,Left,Centre,67
<_io.BytesIO object at 0x000002A112E82C70>,0.5611653327941895,0.06832854449748993,0.21007588505744934,155069,60,4,False,Left,Front,Left,Centre,67
<_io.BytesIO object at 0x000002A112EBEE50>,0.6214906573295593,0.1421288400888443,0.1525740921497345,155070,60,4,False,Left,Front,Left,Centre,67
<_io.BytesIO object at 0x000002A112E28770>,0.6531720161437988,0.1231192797422409,0.15648992359638214,155070,60,4,False,Left,Front,Left,Centre,67
<_io.BytesIO object at 0x000002A112E28310>,0.6360342502593994,0.028183359652757645,0.16122642159461975,155070,60,4,False,Left,Front,Left,Centre,67
<_io.BytesIO object at 0x000002A112E283B0>,0.6630198955535889,0.08914154767990112,0.14008435606956482,155070,60,4,False,Left,Front,Left,Centre,67
<_io.BytesIO object at 0x000002A112E11DB0>,0.5611653327941895,0.06832854449748993,0.21007588505744934,155070,60,4,False,Left,Front,Left,Centre,67
<_io.BytesIO object at 0x000002A112E12EA0>,0.6214906573295593,0.1421288400888443,0.1525740921497345,155071,60,4,False,Left,Front,Left,Centre,67
<_io.BytesIO object at 0x000002A112E12A40>,0.6531720161437988,0.1231192797422409,0.15648992359638214,155071,60,4,False,Left,Front,Left,Centre,67
<_io.BytesIO object at 0x000002A112E125E0>,0.6360342502593994,0.028183359652757645,0.16122642159461975,155071,60,4,False,Left,Front,Left,Centre,67
<_io.BytesIO object at 0x000002A17F345590>,0.6630198955535889,0.08914154767990112,0.14008435606956482,155071,60,4,False,Left,Front,Left,Centre,67
<_io.BytesIO object at 0x000002A17F345540>,0.5611653327941895,0.06832854449748993,0.21007588505744934,155071,60,4,False,Left,Front,Left,Centre,67
<_io.BytesIO object at 0x000002A112DF4450>,0.6214906573295593,0.1421288400888443,0.1525740921497345,155072,60,4,False,Left,Front,Left,Centre,67
<_io.BytesIO object at 0x000002A17F3457C0>,0.6531720161437988,0.1231192797422409,0.15648992359638214,155072,60,4,False,Left,Front,Left,Centre,67
<_io.BytesIO object at 0x000002A112E12630>,0.6360342502593994,0.028183359652757645,0.16122642159461975,155072,60,4,False,Left,Front,Left,Centre,67
<_io.BytesIO object at 0x000002A112E12090>,0.6630198955535889,0.08914154767990112,0.14008435606956482,155072,60,4,False,Left,Front,Left,Centre,67
<_io.BytesIO object at 0x000002A112E12AE0>,0.5611653327941895,0.06832854449748993,0.21007588505744934,155072,60,4,False,Left,Front,Left,Centre,67
<_io.BytesIO object at 0x000002A112E11DB0>,0.6214906573295593,0.1421288400888443,0.1525740921497345,155073,60,4,False,Left,Front,Left,Centre,67
<_io.BytesIO object at 0x000002A112E28540>,0.6531720161437988,0.1231192797422409,0.15648992359638214,155073,60,4,False,Left,Front,Left,Centre,67
<_io.BytesIO object at 0x000002A112E28220>,0.6360342502593994,0.028183359652757645,0.16122642159461975,155073,60,4,False,Left,Front,Left,Centre,67
<_io.BytesIO object at 0x000002A112E28180>,0.6630198955535889,0.08914154767990112,0.14008435606956482,155073,60,4,False,Left,Front,Left,Centre,67
<_io.BytesIO object at 0x000002A112E28810>,0.5611653327941895,0.06832854449748993,0.21007588505744934,155073,60,4,False,Left,Front,Left,Centre,67
<_io.BytesIO object at 0x000002A112E82EA0>,0.6214906573295593,0.1421288400888443,0.1525740921497345,155074,60,4,False,Left,Front,Left,Centre,67
<_io.BytesIO object at 0x000002A112E82F40>,0.6531720161437988,0.1231192797422409,0.15648992359638214,155074,60,4,False,Left,Front,Left,Centre,67
<_io.BytesIO object at 0x000002A112E00B30>,0.6360342502593994,0.028183359652757645,0.16122642159461975,155074,60,4,False,Left,Front,Left,Centre,67
<_io.BytesIO object at 0x000002A112E00360>,0.6630198955535889,0.08914154767990112,0.14008435606956482,155074,60,4,False,Left,Front,Left,Centre,67
<_io.BytesIO object at 0x000002A112E008B0>,0.5611653327941895,0.06832854449748993,0.21007588505744934,155074,60,4,False,Left,Front,Left,Centre,67
<_io.BytesIO object at 0x000002A113035860>,0.6214906573295593,0.1421288400888443,0.1525740921497345,155075,60,4,False,Left,Front,Left,Centre,67
<_io.BytesIO object at 0x000002A112EA34F0>,0.6531720161437988,0.1231192797422409,0.15648992359638214,155075,60,4,False,Left,Front,Left,Centre,67
<_io.BytesIO object at 0x000002A112EA3D60>,0.6360342502593994,0.028183359652757645,0.16122642159461975,155075,60,4,False,Left,Front,Left,Centre,67
<_io.BytesIO object at 0x000002A112EA3720>,0.6630198955535889,0.08914154767990112,0.14008435606956482,155075,60,4,False,Left,Front,Left,Centre,67
<_io.BytesIO object at 0x000002A112EA3B30>,0.5611653327941895,0.06832854449748993,0.21007588505744934,155075,60,4,False,Left,Front,Left,Centre,67
<_io.BytesIO object at 0x000002A112EA3F40>,0.6214906573295593,0.1421288400888443,0.1525740921497345,155076,60,4,False,Left,Front,Left,Centre,67
<_io.BytesIO object at 0x000002A1130357C0>,0.6531720161437988,0.1231192797422409,0.15648992359638214,155076,60,4,False,Left,Front,Left,Centre,67
<_io.BytesIO object at 0x000002A113035B30>,0.6360342502593994,0.028183359652757645,0.16122642159461975,155076,60,4,False,Left,Front,Left,Centre,67
<_io.BytesIO object at 0x000002A112E9CF90>,0.6630198955535889,0.08914154767990112,0.14008435606956482,155076,60,4,False,Left,Front,Left,Centre,67
<_io.BytesIO object at 0x000002A112E9C1D0>,0.5611653327941895,0.06832854449748993,0.21007588505744934,155076,60,4,False,Left,Front,Left,Centre,67
<_io.BytesIO object at 0x000002A112E828B0>,0.6214906573295593,0.1421288400888443,0.1525740921497345,155077,60,4,False,Left,Front,Left,Centre,67
<_io.BytesIO object at 0x000002A112E82BD0>,0.6531720161437988,0.1231192797422409,0.15648992359638214,155077,60,4,False,Left,Front,Left,Centre,67
<_io.BytesIO object at 0x000002A112E16270>,0.6360342502593994,0.028183359652757645,0.16122642159461975,155077,60,4,False,Left,Front,Left,Centre,67
<_io.BytesIO object at 0x000002A112E16A90>,0.6630198955535889,0.08914154767990112,0.14008435606956482,155077,60,4,False,Left,Front,Left,Centre,67
<_io.BytesIO object at 0x000002A112E16AE0>,0.5611653327941895,0.06832854449748993,0.21007588505744934,155077,60,4,False,Left,Front,Left,Centre,67
<_io.BytesIO object at 0x000002A112E11270>,0.6214906573295593,0.1421288400888443,0.1525740921497345,155078,60,4,False,Left,Front,Left,Centre,67
<_io.BytesIO object at 0x000002A112E11590>,0.6531720161437988,0.1231192797422409,0.15648992359638214,155078,60,4,False,Left,Front,Left,Centre,67
<_io.BytesIO object at 0x000002A112E118B0>,0.6360342502593994,0.028183359652757645,0.16122642159461975,155078,60,4,False,Left,Front,Left,Centre,67
<_io.BytesIO object at 0x000002A112E11400>,0.6630198955535889,0.08914154767990112,0.14008435606956482,155078,60,4,False,Left,Front,Left,Centre,67
<_io.BytesIO object at 0x000002A112EB7F40>,0.5611653327941895,0.06832854449748993,0.21007588505744934,155078,60,4,False,Left,Front,Left,Centre,67
<_io.BytesIO object at 0x000002A112E12720>,0.6214906573295593,0.1421288400888443,0.1525740921497345,155079,60,4,False,Left,Front,Left,Centre,67
<_io.BytesIO object at 0x000002A112E96220>,0.6531720161437988,0.1231192797422409,0.15648992359638214,155079,60,4,False,Left,Front,Left,Centre,67
<_io.BytesIO object at 0x000002A112E96E50>,0.6360342502593994,0.028183359652757645,0.16122642159461975,155079,60,4,False,Left,Front,Left,Centre,67
<_io.BytesIO object at 0x000002A112E96C70>,0.6630198955535889,0.08914154767990112,0.14008435606956482,155079,60,4,False,Left,Front,Left,Centre,67
<_io.BytesIO object at 0x000002A112E964F0>,0.5611653327941895,0.06832854449748993,0.21007588505744934,155079,60,4,False,Left,Front,Left,Centre,67
<_io.BytesIO object at 0x000002A112DF4C70>,0.6214906573295593,0.1421288400888443,0.1525740921497345,155080,60,4,False,Left,Front,Left,Centre,67
<_io.BytesIO object at 0x000002A112E968B0>,0.6531720161437988,0.1231192797422409,0.15648992359638214,155080,60,4,False,Left,Front,Left,Centre,67
<_io.BytesIO object at 0x000002A112E96A40>,0.6360342502593994,0.028183359652757645,0.16122642159461975,155080,60,4,False,Left,Front,Left,Centre,67
<_io.BytesIO object at 0x000002A112E96CC0>,0.6630198955535889,0.08914154767990112,0.14008435606956482,155080,60,4,False,Left,Front,Left,Centre,67
<_io.BytesIO object at 0x000002A112E969F0>,0.5611653327941895,0.06832854449748993,0.21007588505744934,155080,60,4,False,Left,Front,Left,Centre,67
<_io.BytesIO object at 0x000002A112EB7F40>,0.6214906573295593,0.1421288400888443,0.1525740921497345,155081,60,4,False,Left,Front,Left,Centre,67
<_io.BytesIO object at 0x000002A112E114A0>,0.6531720161437988,0.1231192797422409,0.15648992359638214,155081,60,4,False,Left,Front,Left,Centre,67
<_io.BytesIO object at 0x000002A112E110E0>,0.6360342502593994,0.028183359652757645,0.16122642159461975,155081,60,4,False,Left,Front,Left,Centre,67
<_io.BytesIO object at 0x000002A112E11CC0>,0.6630198955535889,0.08914154767990112,0.14008435606956482,155081,60,4,False,Left,Front,Left,Centre,67
<_io.BytesIO object at 0x000002A112E11720>,0.5611653327941895,0.06832854449748993,0.21007588505744934,155081,60,4,False,Left,Front,Left,Centre,67
<_io.BytesIO object at 0x000002A112E16BD0>,0.6214906573295593,0.1421288400888443,0.1525740921497345,155082,60,4,False,Left,Front,Left,Centre,67
<_io.BytesIO object at 0x000002A112E166D0>,0.6531720161437988,0.1231192797422409,0.15648992359638214,155082,60,4,False,Left,Front,Left,Centre,67
<_io.BytesIO object at 0x000002A112E82AE0>,0.6360342502593994,0.028183359652757645,0.16122642159461975,155082,60,4,False,Left,Front,Left,Centre,67
<_io.BytesIO object at 0x000002A112E82A90>,0.6630198955535889,0.08914154767990112,0.14008435606956482,155082,60,4,False,Left,Front,Left,Centre,67
<_io.BytesIO object at 0x000002A112E82310>,0.5611653327941895,0.06832854449748993,0.21007588505744934,155082,60,4,False,Left,Front,Left,Centre,67
<_io.BytesIO object at 0x000002A113035900>,0.6214906573295593,0.1421288400888443,0.1525740921497345,155083,60,4,False,Left,Front,Left,Centre,67
<_io.BytesIO object at 0x000002A112E9C040>,0.6531720161437988,0.1231192797422409,0.15648992359638214,155083,60,4,False,Left,Front,Left,Centre,67
<_io.BytesIO object at 0x000002A112E9CA40>,0.6360342502593994,0.028183359652757645,0.16122642159461975,155083,60,4,False,Left,Front,Left,Centre,67
<_io.BytesIO object at 0x000002A112E9CB80>,0.6630198955535889,0.08914154767990112,0.14008435606956482,155083,60,4,False,Left,Front,Left,Centre,67
<_io.BytesIO object at 0x000002A112E9C590>,0.5611653327941895,0.06832854449748993,0.21007588505744934,155083,60,4,False,Left,Front,Left,Centre,67
<_io.BytesIO object at 0x000002A112EA35E0>,0.6214906573295593,0.1421288400888443,0.1525740921497345,155084,60,4,False,Left,Front,Left,Centre,67
<_io.BytesIO object at 0x000002A112E9C680>,0.6531720161437988,0.1231192797422409,0.15648992359638214,155084,60,4,False,Left,Front,Left,Centre,67
<_io.BytesIO object at 0x000002A112E9CBD0>,0.6360342502593994,0.028183359652757645,0.16122642159461975,155084,60,4,False,Left,Front,Left,Centre,67
<_io.BytesIO object at 0x000002A112E9C5E0>,0.6630198955535889,0.08914154767990112,0.14008435606956482,155084,60,4,False,Left,Front,Left,Centre,67
<_io.BytesIO object at 0x000002A112E9CE50>,0.5611653327941895,0.06832854449748993,0.21007588505744934,155084,60,4,False,Left,Front,Left,Centre,67
<_io.BytesIO object at 0x000002A112E16630>,0.6214906573295593,0.1421288400888443,0.1525740921497345,155085,60,4,False,Left,Front,Left,Centre,67
<_io.BytesIO object at 0x000002A112E16C70>,0.6531720161437988,0.1231192797422409,0.15648992359638214,155085,60,4,False,Left,Front,Left,Centre,67
<_io.BytesIO object at 0x000002A112EBE720>,0.6360342502593994,0.028183359652757645,0.16122642159461975,155085,60,4,False,Left,Front,Left,Centre,67
<_io.BytesIO object at 0x000002A112EBEEA0>,0.6630198955535889,0.08914154767990112,0.14008435606956482,155085,60,4,False,Left,Front,Left,Centre,67
<_io.BytesIO object at 0x000002A112EBEB80>,0.5611653327941895,0.06832854449748993,0.21007588505744934,155085,60,4,False,Left,Front,Left,Centre,67
<_io.BytesIO object at 0x000002A112EB7950>,0.6214906573295593,0.1421288400888443,0.1525740921497345,155086,60,4,False,Left,Front,Left,Centre,67
<_io.BytesIO object at 0x000002A112EB7EF0>,0.6531720161437988,0.1231192797422409,0.15648992359638214,155086,60,4,False,Left,Front,Left,Centre,67
<_io.BytesIO object at 0x000002A112EB71D0>,0.6360342502593994,0.028183359652757645,0.16122642159461975,155086,60,4,False,Left,Front,Left,Centre,67
<_io.BytesIO object at 0x000002A112EB7BD0>,0.6630198955535889,0.08914154767990112,0.14008435606956482,155086,60,4,False,Left,Front,Left,Centre,67
<_io.BytesIO object at 0x000002A112EB7040>,0.5611653327941895,0.06832854449748993,0.21007588505744934,155086,60,4,False,Left,Front,Left,Centre,67
<_io.BytesIO object at 0x000002A112E965E0>,0.6214906573295593,0.1421288400888443,0.1525740921497345,155087,60,4,False,Left,Front,Left,Centre,67
<_io.BytesIO object at 0x000002A112E00900>,0.6531720161437988,0.1231192797422409,0.15648992359638214,155087,60,4,False,Left,Front,Left,Centre,67
<_io.BytesIO object at 0x000002A112E008B0>,0.6360342502593994,0.028183359652757645,0.16122642159461975,155087,60,4,False,Left,Front,Left,Centre,67
<_io.BytesIO object at 0x000002A112E000E0>,0.6630198955535889,0.08914154767990112,0.14008435606956482,155087,60,4,False,Left,Front,Left,Centre,67
<_io.BytesIO object at 0x000002A112E00EA0>,0.5611653327941895,0.06832854449748993,0.21007588505744934,155087,60,4,False,Left,Front,Left,Centre,67
<_io.BytesIO object at 0x000002A112DF4770>,0.6214906573295593,0.1421288400888443,0.1525740921497345,155088,60,4,False,Left,Front,Left,Centre,67
<_io.BytesIO object at 0x000002A112E96180>,0.6531720161437988,0.1231192797422409,0.15648992359638214,155088,60,4,False,Left,Front,Left,Centre,67
<_io.BytesIO object at 0x000002A112E96040>,0.6360342502593994,0.028183359652757645,0.16122642159461975,155088,60,4,False,Left,Front,Left,Centre,67
<_io.BytesIO object at 0x000002A112E96CC0>,0.6630198955535889,0.08914154767990112,0.14008435606956482,155088,60,4,False,Left,Front,Left,Centre,67
<_io.BytesIO object at 0x000002A112E963B0>,0.5611653327941895,0.06832854449748993,0.21007588505744934,155088,60,4,False,Left,Front,Left,Centre,67
<_io.BytesIO object at 0x000002A112EB7F40>,0.6214906573295593,0.1421288400888443,0.1525740921497345,155089,60,4,False,Left,Front,Left,Centre,67
<_io.BytesIO object at 0x000002A112E11450>,0.6531720161437988,0.1231192797422409,0.15648992359638214,155089,60,4,False,Left,Front,Left,Centre,67
<_io.BytesIO object at 0x000002A112E110E0>,0.6360342502593994,0.028183359652757645,0.16122642159461975,155089,60,4,False,Left,Front,Left,Centre,67
<_io.BytesIO object at 0x000002A112E11770>,0.6630198955535889,0.08914154767990112,0.14008435606956482,155089,60,4,False,Left,Front,Left,Centre,67
<_io.BytesIO object at 0x000002A112E11F90>,0.5611653327941895,0.06832854449748993,0.21007588505744934,155089,60,4,False,Left,Front,Left,Centre,67
<_io.BytesIO object at 0x000002A112E16DB0>,0.6214906573295593,0.1421288400888443,0.1525740921497345,155090,60,4,False,Left,Front,Left,Centre,67
<_io.BytesIO object at 0x000002A112E169A0>,0.6531720161437988,0.1231192797422409,0.15648992359638214,155090,60,4,False,Left,Front,Left,Centre,67
<_io.BytesIO object at 0x000002A112E82180>,0.6360342502593994,0.028183359652757645,0.16122642159461975,155090,60,4,False,Left,Front,Left,Centre,67
<_io.BytesIO object at 0x000002A112E82BD0>,0.6630198955535889,0.08914154767990112,0.14008435606956482,155090,60,4,False,Left,Front,Left,Centre,67
<_io.BytesIO object at 0x000002A112E82DB0>,0.5611653327941895,0.06832854449748993,0.21007588505744934,155090,60,4,False,Left,Front,Left,Centre,67
<_io.BytesIO object at 0x000002A112E9C680>,0.6214906573295593,0.1421288400888443,0.1525740921497345,155091,60,4,False,Left,Front,Left,Centre,67
<_io.BytesIO object at 0x000002A112E000E0>,0.6531720161437988,0.1231192797422409,0.15648992359638214,155091,60,4,False,Left,Front,Left,Centre,67
<_io.BytesIO object at 0x000002A112E00F40>,0.6360342502593994,0.028183359652757645,0.16122642159461975,155091,60,4,False,Left,Front,Left,Centre,67
<_io.BytesIO object at 0x000002A112E00C20>,0.6630198955535889,0.08914154767990112,0.14008435606956482,155091,60,4,False,Left,Front,Left,Centre,67
<_io.BytesIO object at 0x000002A112E00130>,0.5611653327941895,0.06832854449748993,0.21007588505744934,155091,60,4,False,Left,Front,Left,Centre,67
<_io.BytesIO object at 0x000002A112EA3400>,0.6214906573295593,0.1421288400888443,0.1525740921497345,155092,60,4,False,Left,Front,Left,Centre,67
<_io.BytesIO object at 0x000002A112E00DB0>,0.6531720161437988,0.1231192797422409,0.15648992359638214,155092,60,4,False,Left,Front,Left,Centre,67
<_io.BytesIO object at 0x000002A112E00810>,0.6360342502593994,0.028183359652757645,0.16122642159461975,155092,60,4,False,Left,Front,Left,Centre,67
<_io.BytesIO object at 0x000002A112E00CC0>,0.6630198955535889,0.08914154767990112,0.14008435606956482,155092,60,4,False,Left,Front,Left,Centre,67
<_io.BytesIO object at 0x000002A112E006D0>,0.5611653327941895,0.06832854449748993,0.21007588505744934,155092,60,4,False,Left,Front,Left,Centre,67
<_io.BytesIO object at 0x000002A112E829A0>,0.6214906573295593,0.1421288400888443,0.1525740921497345,155093,60,4,False,Left,Front,Left,Centre,67
<_io.BytesIO object at 0x000002A112E82C20>,0.6531720161437988,0.1231192797422409,0.15648992359638214,155093,60,4,False,Left,Front,Left,Centre,67
<_io.BytesIO object at 0x000002A112E169F0>,0.6360342502593994,0.028183359652757645,0.16122642159461975,155093,60,4,False,Left,Front,Left,Centre,67
<_io.BytesIO object at 0x000002A112E16B80>,0.6630198955535889,0.08914154767990112,0.14008435606956482,155093,60,4,False,Left,Front,Left,Centre,67
<_io.BytesIO object at 0x000002A112E16810>,0.5611653327941895,0.06832854449748993,0.21007588505744934,155093,60,4,False,Left,Front,Left,Centre,67
<_io.BytesIO object at 0x000002A112E11A40>,0.6214906573295593,0.1421288400888443,0.1525740921497345,155094,60,4,False,Left,Front,Left,Centre,67
<_io.BytesIO object at 0x000002A112E11810>,0.6531720161437988,0.1231192797422409,0.15648992359638214,155094,60,4,False,Left,Front,Left,Centre,67
<_io.BytesIO object at 0x000002A112E118B0>,0.6360342502593994,0.028183359652757645,0.16122642159461975,155094,60,4,False,Left,Front,Left,Centre,67
<_io.BytesIO object at 0x000002A112E11680>,0.6630198955535889,0.08914154767990112,0.14008435606956482,155094,60,4,False,Left,Front,Left,Centre,67
<_io.BytesIO object at 0x000002A112EB7EF0>,0.5611653327941895,0.06832854449748993,0.21007588505744934,155094,60,4,False,Left,Front,Left,Centre,67
