_io,pos_x,pos_y,pos_z,frame,trial_num,block_num,practicing,left_right_hand,palm_back_hand,target_loc,distractor_loc,participant_id
<_io.BytesIO object at 0x000001C2735BB950>,0.7605853080749512,0.1825171262025833,0.2350042313337326,118793,50,2,False,Right,Back,Right,Centre,74
_io,pos_x,pos_y,pos_z,frame,trial_num,block_num,practicing,left_right_hand,palm_back_hand,target_loc,distractor_loc,participant_id
<_io.BytesIO object at 0x000001C2735BB5E0>,0.727796733379364,0.09980089962482452,0.23661130666732788,118793,50,2,False,Right,Back,Right,Centre,74
_io,pos_x,pos_y,pos_z,frame,trial_num,block_num,practicing,left_right_hand,palm_back_hand,target_loc,distractor_loc,participant_id
<_io.BytesIO object at 0x000001C2735BB8B0>,0.7086376547813416,0.1610889732837677,0.1557263284921646,118793,50,2,False,Right,Back,Right,Centre,74
_io,pos_x,pos_y,pos_z,frame,trial_num,block_num,practicing,left_right_hand,palm_back_hand,target_loc,distractor_loc,participant_id
<_io.BytesIO object at 0x000001C2735BB450>,0.6941899061203003,0.10404253751039505,0.17983752489089966,118793,50,2,False,Right,Back,Right,Centre,74
_io,pos_x,pos_y,pos_z,frame,trial_num,block_num,practicing,left_right_hand,palm_back_hand,target_loc,distractor_loc,participant_id
<_io.BytesIO object at 0x000001C2735BB270>,0.6888642907142639,0.1454361528158188,0.17454351484775543,118793,50,2,False,Right,Back,Right,Centre,74
_io,pos_x,pos_y,pos_z,frame,trial_num,block_num,practicing,left_right_hand,palm_back_hand,target_loc,distractor_loc,participant_id
<_io.BytesIO object at 0x000001C2735BBDB0>,0.8010619878768921,0.0612807422876358,-0.10753767192363739,118793,50,2,False,Right,Back,Right,Centre,74
_io,pos_x,pos_y,pos_z,frame,trial_num,block_num,practicing,left_right_hand,palm_back_hand,target_loc,distractor_loc,participant_id
<_io.BytesIO object at 0x000001C2735BB770>,0.7708227038383484,0.06717369705438614,-0.1365797072649002,118793,50,2,False,Right,Back,Right,Centre,74
_io,pos_x,pos_y,pos_z,frame,trial_num,block_num,practicing,left_right_hand,palm_back_hand,target_loc,distractor_loc,participant_id
<_io.BytesIO object at 0x000001C27349DB30>,0.8039079308509827,0.027327140793204308,-0.09519249200820923,118793,50,2,False,Right,Back,Right,Centre,74
_io,pos_x,pos_y,pos_z,frame,trial_num,block_num,practicing,left_right_hand,palm_back_hand,target_loc,distractor_loc,participant_id
<_io.BytesIO object at 0x000001C27349D040>,0.7762144804000854,0.040089357644319534,-0.046592313796281815,118793,50,2,False,Right,Back,Right,Centre,74
_io,pos_x,pos_y,pos_z,frame,trial_num,block_num,practicing,left_right_hand,palm_back_hand,target_loc,distractor_loc,participant_id
<_io.BytesIO object at 0x000001C27349D2C0>,0.7308892607688904,0.09401265531778336,-0.09366767853498459,118793,50,2,False,Right,Back,Right,Centre,74
<_io.BytesIO object at 0x000001C2735BB1D0>,0.7605853080749512,0.1825171262025833,0.2350042313337326,118794,50,2,False,Right,Back,Right,Centre,74
<_io.BytesIO object at 0x000001C2735BB310>,0.727796733379364,0.09980089962482452,0.23661130666732788,118794,50,2,False,Right,Back,Right,Centre,74
<_io.BytesIO object at 0x000001C2735BB040>,0.7086376547813416,0.1610889732837677,0.1557263284921646,118794,50,2,False,Right,Back,Right,Centre,74
<_io.BytesIO object at 0x000001C2735BB9F0>,0.6941899061203003,0.10404253751039505,0.17983752489089966,118794,50,2,False,Right,Back,Right,Centre,74
<_io.BytesIO object at 0x000001C2735BBD10>,0.6888642907142639,0.1454361528158188,0.17454351484775543,118794,50,2,False,Right,Back,Right,Centre,74
<_io.BytesIO object at 0x000001C2735BBB80>,0.8009700775146484,0.06119757890701294,-0.10714603215456009,118794,50,2,False,Right,Back,Right,Centre,74
<_io.BytesIO object at 0x000001C2735BB8B0>,0.7707534432411194,0.06715556979179382,-0.13630186021327972,118794,50,2,False,Right,Back,Right,Centre,74
<_io.BytesIO object at 0x000001C27349D4A0>,0.8036845326423645,0.02728649601340294,-0.09481725096702576,118794,50,2,False,Right,Back,Right,Centre,74
<_io.BytesIO object at 0x000001C27349DDB0>,0.7760438323020935,0.04003433138132095,-0.046282149851322174,118794,50,2,False,Right,Back,Right,Centre,74
<_io.BytesIO object at 0x000001C27349D7C0>,0.7307658195495605,0.09401857852935791,-0.09340505301952362,118794,50,2,False,Right,Back,Right,Centre,74
<_io.BytesIO object at 0x000001C2735BB680>,0.7605853080749512,0.1825171262025833,0.2350042313337326,118795,50,2,False,Right,Back,Right,Centre,74
<_io.BytesIO object at 0x000001C2735BBC70>,0.727796733379364,0.09980089962482452,0.23661130666732788,118795,50,2,False,Right,Back,Right,Centre,74
<_io.BytesIO object at 0x000001C2735DB040>,0.7086376547813416,0.1610889732837677,0.1557263284921646,118795,50,2,False,Right,Back,Right,Centre,74
<_io.BytesIO object at 0x000001C2735DB630>,0.6941899061203003,0.10404253751039505,0.17983752489089966,118795,50,2,False,Right,Back,Right,Centre,74
<_io.BytesIO object at 0x000001C2735DBDB0>,0.6888642907142639,0.1454361528158188,0.17454351484775543,118795,50,2,False,Right,Back,Right,Centre,74
<_io.BytesIO object at 0x000001C2735DBE00>,0.8008508682250977,0.06114773452281952,-0.10681180655956268,118795,50,2,False,Right,Back,Right,Centre,74
<_io.BytesIO object at 0x000001C2735DBA40>,0.7706117033958435,0.06715649366378784,-0.13588805496692657,118795,50,2,False,Right,Back,Right,Centre,74
<_io.BytesIO object at 0x000001C2735DBD60>,0.803597092628479,0.027274535968899727,-0.09448765218257904,118795,50,2,False,Right,Back,Right,Centre,74
<_io.BytesIO object at 0x000001C2734ADD10>,0.7758048176765442,0.03996056690812111,-0.0459742471575737,118795,50,2,False,Right,Back,Right,Centre,74
<_io.BytesIO object at 0x000001C2734AD450>,0.7306211590766907,0.09400506317615509,-0.09311529994010925,118795,50,2,False,Right,Back,Right,Centre,74
<_io.BytesIO object at 0x000001C27349D040>,0.7605853080749512,0.1825171262025833,0.2350042313337326,118796,50,2,False,Right,Back,Right,Centre,74
<_io.BytesIO object at 0x000001C27349DCC0>,0.727796733379364,0.09980089962482452,0.23661130666732788,118796,50,2,False,Right,Back,Right,Centre,74
<_io.BytesIO object at 0x000001C2735BBBD0>,0.7086376547813416,0.1610889732837677,0.1557263284921646,118796,50,2,False,Right,Back,Right,Centre,74
<_io.BytesIO object at 0x000001C2735BBD60>,0.6941899061203003,0.10404253751039505,0.17983752489089966,118796,50,2,False,Right,Back,Right,Centre,74
<_io.BytesIO object at 0x000001C2735BBE00>,0.6888642907142639,0.1454361528158188,0.17454351484775543,118796,50,2,False,Right,Back,Right,Centre,74
<_io.BytesIO object at 0x000001C2735BB450>,0.8007239103317261,0.06102316826581955,-0.10649748146533966,118796,50,2,False,Right,Back,Right,Centre,74
<_io.BytesIO object at 0x000001C2735BB5E0>,0.7704452872276306,0.06712844967842102,-0.13554872572422028,118796,50,2,False,Right,Back,Right,Centre,74
<_io.BytesIO object at 0x000001C2735BB040>,0.8035194277763367,0.027211975306272507,-0.09416104853153229,118796,50,2,False,Right,Back,Right,Centre,74
<_io.BytesIO object at 0x000001C2734AD5E0>,0.7756829261779785,0.039959654211997986,-0.04563215374946594,118796,50,2,False,Right,Back,Right,Centre,74
<_io.BytesIO object at 0x000001C2734AD180>,0.7305257320404053,0.09399037808179855,-0.09284252673387527,118796,50,2,False,Right,Back,Right,Centre,74
<_io.BytesIO object at 0x000001C2735BB860>,0.7605853080749512,0.1825171262025833,0.2350042313337326,118797,50,2,False,Right,Back,Right,Centre,74
<_io.BytesIO object at 0x000001C2735BB7C0>,0.727796733379364,0.09980089962482452,0.23661130666732788,118797,50,2,False,Right,Back,Right,Centre,74
<_io.BytesIO object at 0x000001C27349DCC0>,0.7086376547813416,0.1610889732837677,0.1557263284921646,118797,50,2,False,Right,Back,Right,Centre,74
<_io.BytesIO object at 0x000001C27349DB30>,0.6941899061203003,0.10404253751039505,0.17983752489089966,118797,50,2,False,Right,Back,Right,Centre,74
<_io.BytesIO object at 0x000001C27349D220>,0.6888642907142639,0.1454361528158188,0.17454351484775543,118797,50,2,False,Right,Back,Right,Centre,74
<_io.BytesIO object at 0x000001C27349D810>,0.8003799319267273,0.06098243594169617,-0.10593543201684952,118797,50,2,False,Right,Back,Right,Centre,74
<_io.BytesIO object at 0x000001C27349D9A0>,0.7703812122344971,0.0671394094824791,-0.135212704539299,118797,50,2,False,Right,Back,Right,Centre,74
<_io.BytesIO object at 0x000001C2735DBD10>,0.8032887578010559,0.027056265622377396,-0.09375550597906113,118797,50,2,False,Right,Back,Right,Centre,74
<_io.BytesIO object at 0x000001C2735DBB30>,0.7754826545715332,0.03990481048822403,-0.04526491463184357,118797,50,2,False,Right,Back,Right,Centre,74
<_io.BytesIO object at 0x000001C2735DB900>,0.730355441570282,0.09394551813602448,-0.09250593185424805,118797,50,2,False,Right,Back,Right,Centre,74
<_io.BytesIO object at 0x000001C27349DD60>,0.7605853080749512,0.1825171262025833,0.2350042313337326,118798,50,2,False,Right,Back,Right,Centre,74
<_io.BytesIO object at 0x000001C2735BB770>,0.727796733379364,0.09980089962482452,0.23661130666732788,118798,50,2,False,Right,Back,Right,Centre,74
<_io.BytesIO object at 0x000001C2735BB450>,0.7086376547813416,0.1610889732837677,0.1557263284921646,118798,50,2,False,Right,Back,Right,Centre,74
<_io.BytesIO object at 0x000001C2735BB0E0>,0.6941899061203003,0.10404253751039505,0.17983752489089966,118798,50,2,False,Right,Back,Right,Centre,74
<_io.BytesIO object at 0x000001C2735BB2C0>,0.6888642907142639,0.1454361528158188,0.17454351484775543,118798,50,2,False,Right,Back,Right,Centre,74
<_io.BytesIO object at 0x000001C2735BB3B0>,0.8004563450813293,0.0609317310154438,-0.10572820901870728,118798,50,2,False,Right,Back,Right,Centre,74
<_io.BytesIO object at 0x000001C2735DB540>,0.7702347636222839,0.06705617904663086,-0.13488221168518066,118798,50,2,False,Right,Back,Right,Centre,74
<_io.BytesIO object at 0x000001C2735DB4F0>,0.8030377626419067,0.026903532445430756,-0.09341980516910553,118798,50,2,False,Right,Back,Right,Centre,74
<_io.BytesIO object at 0x000001C2735DB090>,0.7752848863601685,0.03987238556146622,-0.04487196356058121,118798,50,2,False,Right,Back,Right,Centre,74
<_io.BytesIO object at 0x000001C2735DBAE0>,0.7301530241966248,0.09394478797912598,-0.09213206171989441,118798,50,2,False,Right,Back,Right,Centre,74
<_io.BytesIO object at 0x000001C27349D1D0>,0.7605853080749512,0.1825171262025833,0.2350042313337326,118799,50,2,False,Right,Back,Right,Centre,74
<_io.BytesIO object at 0x000001C2735BB3B0>,0.727796733379364,0.09980089962482452,0.23661130666732788,118799,50,2,False,Right,Back,Right,Centre,74
<_io.BytesIO object at 0x000001C2735BBC20>,0.7086376547813416,0.1610889732837677,0.1557263284921646,118799,50,2,False,Right,Back,Right,Centre,74
<_io.BytesIO object at 0x000001C2735BBEA0>,0.6941899061203003,0.10404253751039505,0.17983752489089966,118799,50,2,False,Right,Back,Right,Centre,74
<_io.BytesIO object at 0x000001C2735BBE00>,0.6888642907142639,0.1454361528158188,0.17454351484775543,118799,50,2,False,Right,Back,Right,Centre,74
<_io.BytesIO object at 0x000001C2735BB180>,0.8002904057502747,0.06094156205654144,-0.10534755885601044,118799,50,2,False,Right,Back,Right,Centre,74
<_io.BytesIO object at 0x000001C2735BB7C0>,0.7701602578163147,0.06704070419073105,-0.13457481563091278,118799,50,2,False,Right,Back,Right,Centre,74
<_io.BytesIO object at 0x000001C2735DBAE0>,0.8029016256332397,0.026876699179410934,-0.0930127501487732,118799,50,2,False,Right,Back,Right,Centre,74
<_io.BytesIO object at 0x000001C2735DB090>,0.7750498652458191,0.03977575898170471,-0.04450777545571327,118799,50,2,False,Right,Back,Right,Centre,74
<_io.BytesIO object at 0x000001C2735DB5E0>,0.7300201654434204,0.09391402453184128,-0.09184973686933517,118799,50,2,False,Right,Back,Right,Centre,74
<_io.BytesIO object at 0x000001C2735BBA40>,0.7605853080749512,0.1825171262025833,0.2350042313337326,118800,50,2,False,Right,Back,Right,Centre,74
<_io.BytesIO object at 0x000001C2735BB9F0>,0.727796733379364,0.09980089962482452,0.23661130666732788,118800,50,2,False,Right,Back,Right,Centre,74
<_io.BytesIO object at 0x000001C27349D590>,0.7086376547813416,0.1610889732837677,0.1557263284921646,118800,50,2,False,Right,Back,Right,Centre,74
<_io.BytesIO object at 0x000001C27349D7C0>,0.6941899061203003,0.10404253751039505,0.17983752489089966,118800,50,2,False,Right,Back,Right,Centre,74
<_io.BytesIO object at 0x000001C27349D220>,0.6888642907142639,0.1454361528158188,0.17454351484775543,118800,50,2,False,Right,Back,Right,Centre,74
<_io.BytesIO object at 0x000001C27349D720>,0.800189197063446,0.06077863648533821,-0.1049419417977333,118800,50,2,False,Right,Back,Right,Centre,74
<_io.BytesIO object at 0x000001C27349D450>,0.7700275182723999,0.06702885031700134,-0.13415303826332092,118800,50,2,False,Right,Back,Right,Centre,74
<_io.BytesIO object at 0x000001C2735DB5E0>,0.8027617335319519,0.026855453848838806,-0.09262266010046005,118800,50,2,False,Right,Back,Right,Centre,74
<_io.BytesIO object at 0x000001C2735DB590>,0.7748833894729614,0.03974789381027222,-0.0441652275621891,118800,50,2,False,Right,Back,Right,Centre,74
<_io.BytesIO object at 0x000001C2735DBCC0>,0.7298572659492493,0.09378951042890549,-0.09153881669044495,118800,50,2,False,Right,Back,Right,Centre,74
<_io.BytesIO object at 0x000001C2735BB310>,0.7605853080749512,0.1825171262025833,0.2350042313337326,118801,50,2,False,Right,Back,Right,Centre,74
<_io.BytesIO object at 0x000001C2735BBB80>,0.727796733379364,0.09980089962482452,0.23661130666732788,118801,50,2,False,Right,Back,Right,Centre,74
<_io.BytesIO object at 0x000001C2735DB7C0>,0.7086376547813416,0.1610889732837677,0.1557263284921646,118801,50,2,False,Right,Back,Right,Centre,74
<_io.BytesIO object at 0x000001C2735DBD10>,0.6941899061203003,0.10404253751039505,0.17983752489089966,118801,50,2,False,Right,Back,Right,Centre,74
<_io.BytesIO object at 0x000001C2735DB090>,0.6888642907142639,0.1454361528158188,0.17454351484775543,118801,50,2,False,Right,Back,Right,Centre,74
<_io.BytesIO object at 0x000001C2735DB8B0>,0.7999370694160461,0.06083912029862404,-0.10461166501045227,118801,50,2,False,Right,Back,Right,Centre,74
<_io.BytesIO object at 0x000001C2735DBEA0>,0.769902229309082,0.06695732474327087,-0.13378573954105377,118801,50,2,False,Right,Back,Right,Centre,74
<_io.BytesIO object at 0x000001C2735DB310>,0.8025932908058167,0.026858149096369743,-0.09223084151744843,118801,50,2,False,Right,Back,Right,Centre,74
<_io.BytesIO object at 0x000001C2734AD7C0>,0.7746248245239258,0.039729952812194824,-0.0438467301428318,118801,50,2,False,Right,Back,Right,Centre,74
<_io.BytesIO object at 0x000001C2734AD130>,0.7296743988990784,0.0937204360961914,-0.09117773920297623,118801,50,2,False,Right,Back,Right,Centre,74
<_io.BytesIO object at 0x000001C2735BBCC0>,0.7605853080749512,0.1825171262025833,0.2350042313337326,118802,50,2,False,Right,Back,Right,Centre,74
<_io.BytesIO object at 0x000001C2735BB040>,0.727796733379364,0.09980089962482452,0.23661130666732788,118802,50,2,False,Right,Back,Right,Centre,74
<_io.BytesIO object at 0x000001C27349D2C0>,0.7086376547813416,0.1610889732837677,0.1557263284921646,118802,50,2,False,Right,Back,Right,Centre,74
<_io.BytesIO object at 0x000001C27349DCC0>,0.6941899061203003,0.10404253751039505,0.17983752489089966,118802,50,2,False,Right,Back,Right,Centre,74
<_io.BytesIO object at 0x000001C27349D4A0>,0.6888642907142639,0.1454361528158188,0.17454351484775543,118802,50,2,False,Right,Back,Right,Centre,74
<_io.BytesIO object at 0x000001C27349DF40>,0.7997494339942932,0.060810815542936325,-0.10423152893781662,118802,50,2,False,Right,Back,Right,Centre,74
<_io.BytesIO object at 0x000001C2735BB9F0>,0.7697464823722839,0.06702129542827606,-0.13342255353927612,118802,50,2,False,Right,Back,Right,Centre,74
<_io.BytesIO object at 0x000001C2735BB8B0>,0.802340567111969,0.026844779029488564,-0.09179029613733292,118802,50,2,False,Right,Back,Right,Centre,74
<_io.BytesIO object at 0x000001C2735BB630>,0.774328887462616,0.03970050439238548,-0.04341239854693413,118802,50,2,False,Right,Back,Right,Centre,74
<_io.BytesIO object at 0x000001C2735BB950>,0.7295239567756653,0.09372119605541229,-0.09086956083774567,118802,50,2,False,Right,Back,Right,Centre,74
<_io.BytesIO object at 0x000001C2735BB3B0>,0.7605853080749512,0.1825171262025833,0.2350042313337326,118803,50,2,False,Right,Back,Right,Centre,74
<_io.BytesIO object at 0x000001C2735BBC70>,0.727796733379364,0.09980089962482452,0.23661130666732788,118803,50,2,False,Right,Back,Right,Centre,74
<_io.BytesIO object at 0x000001C2735BBE00>,0.7086376547813416,0.1610889732837677,0.1557263284921646,118803,50,2,False,Right,Back,Right,Centre,74
<_io.BytesIO object at 0x000001C2735BB1D0>,0.6941899061203003,0.10404253751039505,0.17983752489089966,118803,50,2,False,Right,Back,Right,Centre,74
<_io.BytesIO object at 0x000001C2735BB450>,0.6888642907142639,0.1454361528158188,0.17454351484775543,118803,50,2,False,Right,Back,Right,Centre,74
<_io.BytesIO object at 0x000001C2735BB0E0>,0.7995446920394897,0.06076484173536301,-0.10389447957277298,118803,50,2,False,Right,Back,Right,Centre,74
<_io.BytesIO object at 0x000001C2735DBD10>,0.7696175575256348,0.0669095441699028,-0.13298943638801575,118803,50,2,False,Right,Back,Right,Centre,74
<_io.BytesIO object at 0x000001C2735DB4F0>,0.8020775318145752,0.026813047006726265,-0.09143177419900894,118803,50,2,False,Right,Back,Right,Centre,74
<_io.BytesIO object at 0x000001C2735DBE50>,0.7741041779518127,0.03968362882733345,-0.043020132929086685,118803,50,2,False,Right,Back,Right,Centre,74
<_io.BytesIO object at 0x000001C2735DB590>,0.7292246222496033,0.09368212521076202,-0.0904279500246048,118803,50,2,False,Right,Back,Right,Centre,74
<_io.BytesIO object at 0x000001C2735DB310>,0.7605853080749512,0.1825171262025833,0.2350042313337326,118804,50,2,False,Right,Back,Right,Centre,74
<_io.BytesIO object at 0x000001C2735DB770>,0.727796733379364,0.09980089962482452,0.23661130666732788,118804,50,2,False,Right,Back,Right,Centre,74
<_io.BytesIO object at 0x000001C27349D2C0>,0.7086376547813416,0.1610889732837677,0.1557263284921646,118804,50,2,False,Right,Back,Right,Centre,74
<_io.BytesIO object at 0x000001C27349D770>,0.6941899061203003,0.10404253751039505,0.17983752489089966,118804,50,2,False,Right,Back,Right,Centre,74
<_io.BytesIO object at 0x000001C27349DC70>,0.6888642907142639,0.1454361528158188,0.17454351484775543,118804,50,2,False,Right,Back,Right,Centre,74
<_io.BytesIO object at 0x000001C27349D5E0>,0.7990809679031372,0.06061292067170143,-0.10325466841459274,118804,50,2,False,Right,Back,Right,Centre,74
<_io.BytesIO object at 0x000001C2735DB540>,0.7695584893226624,0.0671159029006958,-0.13265475630760193,118804,50,2,False,Right,Back,Right,Centre,74
<_io.BytesIO object at 0x000001C2735DBDB0>,0.8018515110015869,0.026774108409881592,-0.0910189151763916,118804,50,2,False,Right,Back,Right,Centre,74
<_io.BytesIO object at 0x000001C2735DB360>,0.7738412618637085,0.03966191038489342,-0.042658112943172455,118804,50,2,False,Right,Back,Right,Centre,74
<_io.BytesIO object at 0x000001C2735DBA40>,0.7291082739830017,0.09381718188524246,-0.09010577946901321,118804,50,2,False,Right,Back,Right,Centre,74
<_io.BytesIO object at 0x000001C2735DB400>,0.7605853080749512,0.1825171262025833,0.2350042313337326,118805,50,2,False,Right,Back,Right,Centre,74
<_io.BytesIO object at 0x000001C2735DB8B0>,0.727796733379364,0.09980089962482452,0.23661130666732788,118805,50,2,False,Right,Back,Right,Centre,74
<_io.BytesIO object at 0x000001C2735BB3B0>,0.7086376547813416,0.1610889732837677,0.1557263284921646,118805,50,2,False,Right,Back,Right,Centre,74
<_io.BytesIO object at 0x000001C2735BB900>,0.6941899061203003,0.10404253751039505,0.17983752489089966,118805,50,2,False,Right,Back,Right,Centre,74
<_io.BytesIO object at 0x000001C2735BBD60>,0.6888642907142639,0.1454361528158188,0.17454351484775543,118805,50,2,False,Right,Back,Right,Centre,74
<_io.BytesIO object at 0x000001C2735BBE50>,0.798712432384491,0.06061151623725891,-0.10262881964445114,118805,50,2,False,Right,Back,Right,Centre,74
<_io.BytesIO object at 0x000001C2735BBA40>,0.7692702412605286,0.06716771423816681,-0.13229693472385406,118805,50,2,False,Right,Back,Right,Centre,74
<_io.BytesIO object at 0x000001C2735BBE00>,0.8015685677528381,0.0266721174120903,-0.0905677005648613,118805,50,2,False,Right,Back,Right,Centre,74
<_io.BytesIO object at 0x000001C27349D720>,0.7735220193862915,0.03968731313943863,-0.04224678501486778,118805,50,2,False,Right,Back,Right,Centre,74
<_io.BytesIO object at 0x000001C27349D2C0>,0.7289398312568665,0.09386385977268219,-0.08981315791606903,118805,50,2,False,Right,Back,Right,Centre,74
<_io.BytesIO object at 0x000001C2735DBF90>,0.7605853080749512,0.1825171262025833,0.2350042313337326,118806,50,2,False,Right,Back,Right,Centre,74
<_io.BytesIO object at 0x000001C2735DB7C0>,0.727796733379364,0.09980089962482452,0.23661130666732788,118806,50,2,False,Right,Back,Right,Centre,74
<_io.BytesIO object at 0x000001C27349D770>,0.7086376547813416,0.1610889732837677,0.1557263284921646,118806,50,2,False,Right,Back,Right,Centre,74
<_io.BytesIO object at 0x000001C27349D810>,0.6941899061203003,0.10404253751039505,0.17983752489089966,118806,50,2,False,Right,Back,Right,Centre,74
<_io.BytesIO object at 0x000001C27349D450>,0.6888642907142639,0.1454361528158188,0.17454351484775543,118806,50,2,False,Right,Back,Right,Centre,74
<_io.BytesIO object at 0x000001C27349DC70>,0.7985438704490662,0.060599952936172485,-0.10228748619556427,118806,50,2,False,Right,Back,Right,Centre,74
<_io.BytesIO object at 0x000001C27349D360>,0.769131600856781,0.06723364442586899,-0.13191461563110352,118806,50,2,False,Right,Back,Right,Centre,74
<_io.BytesIO object at 0x000001C27349D090>,0.8013563752174377,0.02675609476864338,-0.09004860371351242,118806,50,2,False,Right,Back,Right,Centre,74
<_io.BytesIO object at 0x000001C2734AD400>,0.7731821537017822,0.039766665548086166,-0.041775595396757126,118806,50,2,False,Right,Back,Right,Centre,74
<_io.BytesIO object at 0x000001C2734ADA90>,0.7286899089813232,0.09396687895059586,-0.0895100086927414,118806,50,2,False,Right,Back,Right,Centre,74
<_io.BytesIO object at 0x000001C27349DD10>,0.7605853080749512,0.1825171262025833,0.2350042313337326,118807,50,2,False,Right,Back,Right,Centre,74
<_io.BytesIO object at 0x000001C2735BB630>,0.727796733379364,0.09980089962482452,0.23661130666732788,118807,50,2,False,Right,Back,Right,Centre,74
<_io.BytesIO object at 0x000001C2735BB310>,0.7086376547813416,0.1610889732837677,0.1557263284921646,118807,50,2,False,Right,Back,Right,Centre,74
<_io.BytesIO object at 0x000001C2735BB1D0>,0.6941899061203003,0.10404253751039505,0.17983752489089966,118807,50,2,False,Right,Back,Right,Centre,74
<_io.BytesIO object at 0x000001C2735BB5E0>,0.6888642907142639,0.1454361528158188,0.17454351484775543,118807,50,2,False,Right,Back,Right,Centre,74
<_io.BytesIO object at 0x000001C2735BB2C0>,0.7983792424201965,0.06060969457030296,-0.1019233986735344,118807,50,2,False,Right,Back,Right,Centre,74
<_io.BytesIO object at 0x000001C2735BB360>,0.7689676284790039,0.06728745996952057,-0.1315409243106842,118807,50,2,False,Right,Back,Right,Centre,74
<_io.BytesIO object at 0x000001C2735DBF90>,0.8011056184768677,0.02676454186439514,-0.08962759375572205,118807,50,2,False,Right,Back,Right,Centre,74
<_io.BytesIO object at 0x000001C2735DB860>,0.7728399038314819,0.03983651474118233,-0.04141722619533539,118807,50,2,False,Right,Back,Right,Centre,74
<_io.BytesIO object at 0x000001C2735DB220>,0.7284476161003113,0.09397057443857193,-0.08915508538484573,118807,50,2,False,Right,Back,Right,Centre,74
<_io.BytesIO object at 0x000001C27349D770>,0.7605853080749512,0.1825171262025833,0.2350042313337326,118808,50,2,False,Right,Back,Right,Centre,74
<_io.BytesIO object at 0x000001C2735BB860>,0.727796733379364,0.09980089962482452,0.23661130666732788,118808,50,2,False,Right,Back,Right,Centre,74
<_io.BytesIO object at 0x000001C2735BB0E0>,0.7086376547813416,0.1610889732837677,0.1557263284921646,118808,50,2,False,Right,Back,Right,Centre,74
<_io.BytesIO object at 0x000001C2735BB090>,0.6941899061203003,0.10404253751039505,0.17983752489089966,118808,50,2,False,Right,Back,Right,Centre,74
<_io.BytesIO object at 0x000001C2735BBC20>,0.6888642907142639,0.1454361528158188,0.17454351484775543,118808,50,2,False,Right,Back,Right,Centre,74
<_io.BytesIO object at 0x000001C2735BBC70>,0.7981542348861694,0.06069855019450188,-0.10154217481613159,118808,50,2,False,Right,Back,Right,Centre,74
<_io.BytesIO object at 0x000001C2735BB6D0>,0.7685654163360596,0.06699975579977036,-0.13109642267227173,118808,50,2,False,Right,Back,Right,Centre,74
<_io.BytesIO object at 0x000001C2735DB220>,0.8007785677909851,0.026735952123999596,-0.08921819925308228,118808,50,2,False,Right,Back,Right,Centre,74
<_io.BytesIO object at 0x000001C2735DBEA0>,0.7725480198860168,0.039888784289360046,-0.041032515466213226,118808,50,2,False,Right,Back,Right,Centre,74
<_io.BytesIO object at 0x000001C2735DB6D0>,0.7279350757598877,0.09385483711957932,-0.08884617686271667,118808,50,2,False,Right,Back,Right,Centre,74
<_io.BytesIO object at 0x000001C27349DD10>,0.7605853080749512,0.1825171262025833,0.2350042313337326,118809,50,2,False,Right,Back,Right,Centre,74
<_io.BytesIO object at 0x000001C27349D450>,0.727796733379364,0.09980089962482452,0.23661130666732788,118809,50,2,False,Right,Back,Right,Centre,74
<_io.BytesIO object at 0x000001C27349D590>,0.7086376547813416,0.1610889732837677,0.1557263284921646,118809,50,2,False,Right,Back,Right,Centre,74
<_io.BytesIO object at 0x000001C27349D040>,0.6941899061203003,0.10404253751039505,0.17983752489089966,118809,50,2,False,Right,Back,Right,Centre,74
<_io.BytesIO object at 0x000001C27349DE50>,0.6888642907142639,0.1454361528158188,0.17454351484775543,118809,50,2,False,Right,Back,Right,Centre,74
<_io.BytesIO object at 0x000001C27349D0E0>,0.7979589700698853,0.060718219727277756,-0.10119632631540298,118809,50,2,False,Right,Back,Right,Centre,74
<_io.BytesIO object at 0x000001C2735BB7C0>,0.768229067325592,0.06697109341621399,-0.13065388798713684,118809,50,2,False,Right,Back,Right,Centre,74
<_io.BytesIO object at 0x000001C2735BB5E0>,0.8004221320152283,0.026794474571943283,-0.08873403817415237,118809,50,2,False,Right,Back,Right,Centre,74
<_io.BytesIO object at 0x000001C2735BBE00>,0.772182822227478,0.0399927943944931,-0.04054280370473862,118809,50,2,False,Right,Back,Right,Centre,74
<_io.BytesIO object at 0x000001C2735BB180>,0.7277087569236755,0.09393908083438873,-0.08854780346155167,118809,50,2,False,Right,Back,Right,Centre,74
<_io.BytesIO object at 0x000001C2735BBEF0>,0.7605853080749512,0.1825171262025833,0.2350042313337326,118810,50,2,False,Right,Back,Right,Centre,74
<_io.BytesIO object at 0x000001C2735BB450>,0.727796733379364,0.09980089962482452,0.23661130666732788,118810,50,2,False,Right,Back,Right,Centre,74
<_io.BytesIO object at 0x000001C2735BB2C0>,0.7086376547813416,0.1610889732837677,0.1557263284921646,118810,50,2,False,Right,Back,Right,Centre,74
<_io.BytesIO object at 0x000001C2735BBAE0>,0.6941899061203003,0.10404253751039505,0.17983752489089966,118810,50,2,False,Right,Back,Right,Centre,74
<_io.BytesIO object at 0x000001C2735BBC20>,0.6888642907142639,0.1454361528158188,0.17454351484775543,118810,50,2,False,Right,Back,Right,Centre,74
<_io.BytesIO object at 0x000001C2735BB9F0>,0.797818124294281,0.06078751012682915,-0.10076015442609787,118810,50,2,False,Right,Back,Right,Centre,74
<_io.BytesIO object at 0x000001C2735BB040>,0.7680879831314087,0.06707870960235596,-0.13028475642204285,118810,50,2,False,Right,Back,Right,Centre,74
<_io.BytesIO object at 0x000001C27349D090>,0.8002186417579651,0.026893502101302147,-0.08822787553071976,118810,50,2,False,Right,Back,Right,Centre,74
<_io.BytesIO object at 0x000001C27349D9A0>,0.7718375325202942,0.040088824927806854,-0.04008379578590393,118810,50,2,False,Right,Back,Right,Centre,74
<_io.BytesIO object at 0x000001C27349DD60>,0.7275163531303406,0.0940367802977562,-0.08824235945940018,118810,50,2,False,Right,Back,Right,Centre,74
<_io.BytesIO object at 0x000001C2735BB5E0>,0.7605853080749512,0.1825171262025833,0.2350042313337326,118811,50,2,False,Right,Back,Right,Centre,74
<_io.BytesIO object at 0x000001C2735BB040>,0.727796733379364,0.09980089962482452,0.23661130666732788,118811,50,2,False,Right,Back,Right,Centre,74
<_io.BytesIO object at 0x000001C27349D5E0>,0.7086376547813416,0.1610889732837677,0.1557263284921646,118811,50,2,False,Right,Back,Right,Centre,74
<_io.BytesIO object at 0x000001C27349DDB0>,0.6941899061203003,0.10404253751039505,0.17983752489089966,118811,50,2,False,Right,Back,Right,Centre,74
<_io.BytesIO object at 0x000001C27349DEA0>,0.6888642907142639,0.1454361528158188,0.17454351484775543,118811,50,2,False,Right,Back,Right,Centre,74
<_io.BytesIO object at 0x000001C27349D7C0>,0.7976165413856506,0.06093317270278931,-0.10033263266086578,118811,50,2,False,Right,Back,Right,Centre,74
<_io.BytesIO object at 0x000001C27349D720>,0.7679774761199951,0.06718242913484573,-0.1299067735671997,118811,50,2,False,Right,Back,Right,Centre,74
<_io.BytesIO object at 0x000001C2735DBEA0>,0.7999855875968933,0.026976579800248146,-0.0877513512969017,118811,50,2,False,Right,Back,Right,Centre,74
<_io.BytesIO object at 0x000001C27349D4A0>,0.7715502381324768,0.040184278041124344,-0.0397312305867672,118811,50,2,False,Right,Back,Right,Centre,74
<_io.BytesIO object at 0x000001C27349D1D0>,0.727251410484314,0.0941503718495369,-0.0879216119647026,118811,50,2,False,Right,Back,Right,Centre,74
<_io.BytesIO object at 0x000001C27349D900>,0.7605853080749512,0.1825171262025833,0.2350042313337326,118812,50,2,False,Right,Back,Right,Centre,74
<_io.BytesIO object at 0x000001C2735BBEF0>,0.727796733379364,0.09980089962482452,0.23661130666732788,118812,50,2,False,Right,Back,Right,Centre,74
<_io.BytesIO object at 0x000001C2735BB180>,0.7086376547813416,0.1610889732837677,0.1557263284921646,118812,50,2,False,Right,Back,Right,Centre,74
<_io.BytesIO object at 0x000001C2735BBB30>,0.6941899061203003,0.10404253751039505,0.17983752489089966,118812,50,2,False,Right,Back,Right,Centre,74
<_io.BytesIO object at 0x000001C2735BB7C0>,0.6888642907142639,0.1454361528158188,0.17454351484775543,118812,50,2,False,Right,Back,Right,Centre,74
<_io.BytesIO object at 0x000001C2735BB590>,0.797424852848053,0.06096646189689636,-0.09992904216051102,118812,50,2,False,Right,Back,Right,Centre,74
<_io.BytesIO object at 0x000001C2735DBEA0>,0.7678142786026001,0.06725308299064636,-0.12954121828079224,118812,50,2,False,Right,Back,Right,Centre,74
<_io.BytesIO object at 0x000001C2735DB040>,0.7996397614479065,0.02705378644168377,-0.0872654914855957,118812,50,2,False,Right,Back,Right,Centre,74
<_io.BytesIO object at 0x000001C2735DB4F0>,0.7711836695671082,0.04036498814821243,-0.03923943638801575,118812,50,2,False,Right,Back,Right,Centre,74
<_io.BytesIO object at 0x000001C2735DBBD0>,0.7269644141197205,0.09429647028446198,-0.08749686181545258,118812,50,2,False,Right,Back,Right,Centre,74
<_io.BytesIO object at 0x000001C27349DA40>,0.7605853080749512,0.1825171262025833,0.2350042313337326,118813,50,2,False,Right,Back,Right,Centre,74
<_io.BytesIO object at 0x000001C2735BBB80>,0.727796733379364,0.09980089962482452,0.23661130666732788,118813,50,2,False,Right,Back,Right,Centre,74
<_io.BytesIO object at 0x000001C2735BB1D0>,0.7086376547813416,0.1610889732837677,0.1557263284921646,118813,50,2,False,Right,Back,Right,Centre,74
<_io.BytesIO object at 0x000001C2735BB180>,0.6941899061203003,0.10404253751039505,0.17983752489089966,118813,50,2,False,Right,Back,Right,Centre,74
<_io.BytesIO object at 0x000001C2735BBE00>,0.6888642907142639,0.1454361528158188,0.17454351484775543,118813,50,2,False,Right,Back,Right,Centre,74
<_io.BytesIO object at 0x000001C2735BB2C0>,0.7972341775894165,0.0610465481877327,-0.09951788932085037,118813,50,2,False,Right,Back,Right,Centre,74
<_io.BytesIO object at 0x000001C2735BBA40>,0.7674461603164673,0.06720709055662155,-0.12899702787399292,118813,50,2,False,Right,Back,Right,Centre,74
<_io.BytesIO object at 0x000001C2735DBEA0>,0.7993437647819519,0.027140971273183823,-0.08680680394172668,118813,50,2,False,Right,Back,Right,Centre,74
<_io.BytesIO object at 0x000001C2735DB860>,0.7708886861801147,0.040522247552871704,-0.03879242390394211,118813,50,2,False,Right,Back,Right,Centre,74
<_io.BytesIO object at 0x000001C2735DB950>,0.7267000675201416,0.09436654299497604,-0.08715932816267014,118813,50,2,False,Right,Back,Right,Centre,74
<_io.BytesIO object at 0x000001C2735BB400>,0.7605853080749512,0.1825171262025833,0.2350042313337326,118814,50,2,False,Right,Back,Right,Centre,74
<_io.BytesIO object at 0x000001C2735BB810>,0.727796733379364,0.09980089962482452,0.23661130666732788,118814,50,2,False,Right,Back,Right,Centre,74
<_io.BytesIO object at 0x000001C27349DCC0>,0.7086376547813416,0.1610889732837677,0.1557263284921646,118814,50,2,False,Right,Back,Right,Centre,74
<_io.BytesIO object at 0x000001C27349D4F0>,0.6941899061203003,0.10404253751039505,0.17983752489089966,118814,50,2,False,Right,Back,Right,Centre,74
<_io.BytesIO object at 0x000001C27349D9A0>,0.6888642907142639,0.1454361528158188,0.17454351484775543,118814,50,2,False,Right,Back,Right,Centre,74
<_io.BytesIO object at 0x000001C27349D090>,0.7968661189079285,0.061062488704919815,-0.09903444349765778,118814,50,2,False,Right,Back,Right,Centre,74
<_io.BytesIO object at 0x000001C27349D770>,0.7674155831336975,0.06755447387695312,-0.1285930722951889,118814,50,2,False,Right,Back,Right,Centre,74
<_io.BytesIO object at 0x000001C2735DBB30>,0.7990911602973938,0.02723374031484127,-0.08637434989213943,118814,50,2,False,Right,Back,Right,Centre,74
<_io.BytesIO object at 0x000001C2735DB860>,0.7706061601638794,0.04065021499991417,-0.03842237591743469,118814,50,2,False,Right,Back,Right,Centre,74
<_io.BytesIO object at 0x000001C2735DB5E0>,0.7265983819961548,0.09461752325296402,-0.0868002399802208,118814,50,2,False,Right,Back,Right,Centre,74
<_io.BytesIO object at 0x000001C27349D770>,0.7605853080749512,0.1825171262025833,0.2350042313337326,118815,50,2,False,Right,Back,Right,Centre,74
<_io.BytesIO object at 0x000001C27349D400>,0.727796733379364,0.09980089962482452,0.23661130666732788,118815,50,2,False,Right,Back,Right,Centre,74
<_io.BytesIO object at 0x000001C27349D8B0>,0.7086376547813416,0.1610889732837677,0.1557263284921646,118815,50,2,False,Right,Back,Right,Centre,74
<_io.BytesIO object at 0x000001C27349D2C0>,0.6941899061203003,0.10404253751039505,0.17983752489089966,118815,50,2,False,Right,Back,Right,Centre,74
<_io.BytesIO object at 0x000001C2735BB540>,0.6888642907142639,0.1454361528158188,0.17454351484775543,118815,50,2,False,Right,Back,Right,Centre,74
<_io.BytesIO object at 0x000001C2735BBE00>,0.7966530323028564,0.061186544597148895,-0.09855243563652039,118815,50,2,False,Right,Back,Right,Centre,74
<_io.BytesIO object at 0x000001C2735BB7C0>,0.7673181295394897,0.06772571802139282,-0.12814652919769287,118815,50,2,False,Right,Back,Right,Centre,74
<_io.BytesIO object at 0x000001C2735BB270>,0.7988214492797852,0.027363812550902367,-0.0858789011836052,118815,50,2,False,Right,Back,Right,Centre,74
<_io.BytesIO object at 0x000001C2735BB9F0>,0.7703331112861633,0.04084555804729462,-0.03797538951039314,118815,50,2,False,Right,Back,Right,Centre,74
<_io.BytesIO object at 0x000001C2735BBE50>,0.7264270186424255,0.09473861008882523,-0.08650123327970505,118815,50,2,False,Right,Back,Right,Centre,74
<_io.BytesIO object at 0x000001C2735BBEF0>,0.7605853080749512,0.1825171262025833,0.2350042313337326,118816,50,2,False,Right,Back,Right,Centre,74
<_io.BytesIO object at 0x000001C2735BBB80>,0.727796733379364,0.09980089962482452,0.23661130666732788,118816,50,2,False,Right,Back,Right,Centre,74
<_io.BytesIO object at 0x000001C2735BB090>,0.7086376547813416,0.1610889732837677,0.1557263284921646,118816,50,2,False,Right,Back,Right,Centre,74
<_io.BytesIO object at 0x000001C2735BB770>,0.6941899061203003,0.10404253751039505,0.17983752489089966,118816,50,2,False,Right,Back,Right,Centre,74
<_io.BytesIO object at 0x000001C2735BB900>,0.6888642907142639,0.1454361528158188,0.17454351484775543,118816,50,2,False,Right,Back,Right,Centre,74
<_io.BytesIO object at 0x000001C2735BB450>,0.7965015769004822,0.0612507164478302,-0.0981435626745224,118816,50,2,False,Right,Back,Right,Centre,74
<_io.BytesIO object at 0x000001C2735BBE00>,0.7667250037193298,0.06734096258878708,-0.12799040973186493,118816,50,2,False,Right,Back,Right,Centre,74
<_io.BytesIO object at 0x000001C27349DA40>,0.7985724210739136,0.027496756985783577,-0.08541043102741241,118816,50,2,False,Right,Back,Right,Centre,74
<_io.BytesIO object at 0x000001C27349D4F0>,0.77009117603302,0.041004084050655365,-0.03759397193789482,118816,50,2,False,Right,Back,Right,Centre,74
<_io.BytesIO object at 0x000001C27349DAE0>,0.7259511947631836,0.09480705112218857,-0.08614268153905869,118816,50,2,False,Right,Back,Right,Centre,74
<_io.BytesIO object at 0x000001C27349D360>,0.7605853080749512,0.1825171262025833,0.2350042313337326,118817,50,2,False,Right,Back,Right,Centre,74
<_io.BytesIO object at 0x000001C2735BB6D0>,0.727796733379364,0.09980089962482452,0.23661130666732788,118817,50,2,False,Right,Back,Right,Centre,74
<_io.BytesIO object at 0x000001C2735BB180>,0.7086376547813416,0.1610889732837677,0.1557263284921646,118817,50,2,False,Right,Back,Right,Centre,74
<_io.BytesIO object at 0x000001C2735BB040>,0.6941899061203003,0.10404253751039505,0.17983752489089966,118817,50,2,False,Right,Back,Right,Centre,74
<_io.BytesIO object at 0x000001C2735BB360>,0.6888642907142639,0.1454361528158188,0.17454351484775543,118817,50,2,False,Right,Back,Right,Centre,74
<_io.BytesIO object at 0x000001C2735BBEA0>,0.7963101267814636,0.06134811416268349,-0.09777328372001648,118817,50,2,False,Right,Back,Right,Centre,74
<_io.BytesIO object at 0x000001C2735BB860>,0.7664535045623779,0.06751254945993423,-0.1275741010904312,118817,50,2,False,Right,Back,Right,Centre,74
<_io.BytesIO object at 0x000001C2735DB950>,0.798315703868866,0.027550162747502327,-0.08497070521116257,118817,50,2,False,Right,Back,Right,Centre,74
<_io.BytesIO object at 0x000001C2735DB270>,0.7698804140090942,0.041159991174936295,-0.037234146147966385,118817,50,2,False,Right,Back,Right,Centre,74
<_io.BytesIO object at 0x000001C2735DBDB0>,0.725760817527771,0.09498302638530731,-0.08580327779054642,118817,50,2,False,Right,Back,Right,Centre,74
<_io.BytesIO object at 0x000001C27349D770>,0.7605853080749512,0.1825171262025833,0.2350042313337326,118818,50,2,False,Right,Back,Right,Centre,74
<_io.BytesIO object at 0x000001C2735DB130>,0.727796733379364,0.09980089962482452,0.23661130666732788,118818,50,2,False,Right,Back,Right,Centre,74
<_io.BytesIO object at 0x000001C2735DBD10>,0.7086376547813416,0.1610889732837677,0.1557263284921646,118818,50,2,False,Right,Back,Right,Centre,74
<_io.BytesIO object at 0x000001C2735DB040>,0.6941899061203003,0.10404253751039505,0.17983752489089966,118818,50,2,False,Right,Back,Right,Centre,74
<_io.BytesIO object at 0x000001C2735DBCC0>,0.6888642907142639,0.1454361528158188,0.17454351484775543,118818,50,2,False,Right,Back,Right,Centre,74
<_io.BytesIO object at 0x000001C2735DB590>,0.7960557341575623,0.06158464774489403,-0.09737188369035721,118818,50,2,False,Right,Back,Right,Centre,74
<_io.BytesIO object at 0x000001C2734ADC70>,0.7662183046340942,0.06757129728794098,-0.12718209624290466,118818,50,2,False,Right,Back,Right,Centre,74
<_io.BytesIO object at 0x000001C2734AD450>,0.7981032133102417,0.02768401987850666,-0.08454712480306625,118818,50,2,False,Right,Back,Right,Centre,74
<_io.BytesIO object at 0x000001C2734AD900>,0.7696951627731323,0.041357576847076416,-0.03681890666484833,118818,50,2,False,Right,Back,Right,Centre,74
<_io.BytesIO object at 0x000001C2734AD770>,0.7255977392196655,0.09505459666252136,-0.08545740693807602,118818,50,2,False,Right,Back,Right,Centre,74
<_io.BytesIO object at 0x000001C2736AD3B0>,0.7605853080749512,0.1825171262025833,0.2350042313337326,118819,50,2,False,Right,Back,Right,Centre,74
<_io.BytesIO object at 0x000001C2736ADE50>,0.727796733379364,0.09980089962482452,0.23661130666732788,118819,50,2,False,Right,Back,Right,Centre,74
<_io.BytesIO object at 0x000001C2736AD720>,0.7086376547813416,0.1610889732837677,0.1557263284921646,118819,50,2,False,Right,Back,Right,Centre,74
<_io.BytesIO object at 0x000001C2736AD180>,0.6941899061203003,0.10404253751039505,0.17983752489089966,118819,50,2,False,Right,Back,Right,Centre,74
<_io.BytesIO object at 0x000001C2734AAF90>,0.6888642907142639,0.1454361528158188,0.17454351484775543,118819,50,2,False,Right,Back,Right,Centre,74
<_io.BytesIO object at 0x000001C2734AAB80>,0.7958964109420776,0.06168854981660843,-0.09699180722236633,118819,50,2,False,Right,Back,Right,Centre,74
<_io.BytesIO object at 0x000001C2734AA220>,0.7659687995910645,0.06752327084541321,-0.1268051564693451,118819,50,2,False,Right,Back,Right,Centre,74
<_io.BytesIO object at 0x000001C2734AAEA0>,0.7978933453559875,0.027840517461299896,-0.08410412073135376,118819,50,2,False,Right,Back,Right,Centre,74
<_io.BytesIO object at 0x000001C2734AA1D0>,0.7695275545120239,0.04152176156640053,-0.036464352160692215,118819,50,2,False,Right,Back,Right,Centre,74
<_io.BytesIO object at 0x000001C2734AA040>,0.7254619002342224,0.09523769468069077,-0.08514190465211868,118819,50,2,False,Right,Back,Right,Centre,74
<_io.BytesIO object at 0x000001C26B2155E0>,0.7605853080749512,0.1825171262025833,0.2350042313337326,118820,50,2,False,Right,Back,Right,Centre,74
<_io.BytesIO object at 0x000001C2735D49A0>,0.727796733379364,0.09980089962482452,0.23661130666732788,118820,50,2,False,Right,Back,Right,Centre,74
<_io.BytesIO object at 0x000001C2735D4450>,0.7086376547813416,0.1610889732837677,0.1557263284921646,118820,50,2,False,Right,Back,Right,Centre,74
<_io.BytesIO object at 0x000001C2735D4E00>,0.6941899061203003,0.10404253751039505,0.17983752489089966,118820,50,2,False,Right,Back,Right,Centre,74
<_io.BytesIO object at 0x000001C2735D4D60>,0.6888642907142639,0.1454361528158188,0.17454351484775543,118820,50,2,False,Right,Back,Right,Centre,74
<_io.BytesIO object at 0x000001C2735D41D0>,0.79570072889328,0.06178104132413864,-0.09660950303077698,118820,50,2,False,Right,Back,Right,Centre,74
<_io.BytesIO object at 0x000001C2735D1360>,0.7658765912055969,0.06763540953397751,-0.12648479640483856,118820,50,2,False,Right,Back,Right,Centre,74
<_io.BytesIO object at 0x000001C2735D1310>,0.7977248430252075,0.02795952744781971,-0.08372405171394348,118820,50,2,False,Right,Back,Right,Centre,74
<_io.BytesIO object at 0x000001C2735D13B0>,0.7690972089767456,0.041646234691143036,-0.035960208624601364,118820,50,2,False,Right,Back,Right,Centre,74
<_io.BytesIO object at 0x000001C2735D1EF0>,0.7253559231758118,0.09540807455778122,-0.08484035730361938,118820,50,2,False,Right,Back,Right,Centre,74
<_io.BytesIO object at 0x000001C2734831D0>,0.7605853080749512,0.1825171262025833,0.2350042313337326,118821,50,2,False,Right,Back,Right,Centre,74
<_io.BytesIO object at 0x000001C273483770>,0.727796733379364,0.09980089962482452,0.23661130666732788,118821,50,2,False,Right,Back,Right,Centre,74
<_io.BytesIO object at 0x000001C273483F90>,0.7086376547813416,0.1610889732837677,0.1557263284921646,118821,50,2,False,Right,Back,Right,Centre,74
<_io.BytesIO object at 0x000001C2734839F0>,0.6941899061203003,0.10404253751039505,0.17983752489089966,118821,50,2,False,Right,Back,Right,Centre,74
<_io.BytesIO object at 0x000001C273483D10>,0.6888642907142639,0.1454361528158188,0.17454351484775543,118821,50,2,False,Right,Back,Right,Centre,74
<_io.BytesIO object at 0x000001C2735D1770>,0.7955979704856873,0.0618777833878994,-0.09620793908834457,118821,50,2,False,Right,Back,Right,Centre,74
<_io.BytesIO object at 0x000001C2735D1C20>,0.7657961845397949,0.06777378171682358,-0.1261681467294693,118821,50,2,False,Right,Back,Right,Centre,74
<_io.BytesIO object at 0x000001C2735D1900>,0.7975378632545471,0.02805919013917446,-0.08334746211767197,118821,50,2,False,Right,Back,Right,Centre,74
<_io.BytesIO object at 0x000001C2735D12C0>,0.7689362168312073,0.04186828061938286,-0.03556898981332779,118821,50,2,False,Right,Back,Right,Centre,74
<_io.BytesIO object at 0x000001C2735D14A0>,0.7251777648925781,0.09556017071008682,-0.08445165306329727,118821,50,2,False,Right,Back,Right,Centre,74
<_io.BytesIO object at 0x000001C26B215220>,0.7605853080749512,0.1825171262025833,0.2350042313337326,118822,50,2,False,Right,Back,Right,Centre,74
<_io.BytesIO object at 0x000001C27347FBD0>,0.727796733379364,0.09980089962482452,0.23661130666732788,118822,50,2,False,Right,Back,Right,Centre,74
<_io.BytesIO object at 0x000001C27347F4F0>,0.7086376547813416,0.1610889732837677,0.1557263284921646,118822,50,2,False,Right,Back,Right,Centre,74
<_io.BytesIO object at 0x000001C27347F590>,0.6941899061203003,0.10404253751039505,0.17983752489089966,118822,50,2,False,Right,Back,Right,Centre,74
<_io.BytesIO object at 0x000001C27347F5E0>,0.6888642907142639,0.1454361528158188,0.17454351484775543,118822,50,2,False,Right,Back,Right,Centre,74
<_io.BytesIO object at 0x000001C2734AA770>,0.7954525947570801,0.06207204982638359,-0.09582514315843582,118822,50,2,False,Right,Back,Right,Centre,74
<_io.BytesIO object at 0x000001C2734AABD0>,0.7656792998313904,0.06790731847286224,-0.1256892830133438,118822,50,2,False,Right,Back,Right,Centre,74
<_io.BytesIO object at 0x000001C2734AA0E0>,0.7973688244819641,0.028189528733491898,-0.08292574435472488,118822,50,2,False,Right,Back,Right,Centre,74
<_io.BytesIO object at 0x000001C2734AA630>,0.7688161730766296,0.04201257973909378,-0.03527725860476494,118822,50,2,False,Right,Back,Right,Centre,74
<_io.BytesIO object at 0x000001C2734AA310>,0.7250406742095947,0.09574776887893677,-0.0841541439294815,118822,50,2,False,Right,Back,Right,Centre,74
<_io.BytesIO object at 0x000001C27347D450>,0.7605853080749512,0.1825171262025833,0.2350042313337326,118823,50,2,False,Right,Back,Right,Centre,74
<_io.BytesIO object at 0x000001C27347D4F0>,0.727796733379364,0.09980089962482452,0.23661130666732788,118823,50,2,False,Right,Back,Right,Centre,74
<_io.BytesIO object at 0x000001C27347D4A0>,0.7086376547813416,0.1610889732837677,0.1557263284921646,118823,50,2,False,Right,Back,Right,Centre,74
<_io.BytesIO object at 0x000001C27347D630>,0.6941899061203003,0.10404253751039505,0.17983752489089966,118823,50,2,False,Right,Back,Right,Centre,74
<_io.BytesIO object at 0x000001C2734AD2C0>,0.6888642907142639,0.1454361528158188,0.17454351484775543,118823,50,2,False,Right,Back,Right,Centre,74
<_io.BytesIO object at 0x000001C2734ADF90>,0.7952718734741211,0.06207646429538727,-0.09549453854560852,118823,50,2,False,Right,Back,Right,Centre,74
<_io.BytesIO object at 0x000001C2734ADB30>,0.7656176686286926,0.06801868230104446,-0.12539491057395935,118823,50,2,False,Right,Back,Right,Centre,74
<_io.BytesIO object at 0x000001C2734AD040>,0.7972633242607117,0.02830377034842968,-0.08258388191461563,118823,50,2,False,Right,Back,Right,Centre,74
<_io.BytesIO object at 0x000001C2734AD770>,0.7687935829162598,0.042061734944581985,-0.03496480733156204,118823,50,2,False,Right,Back,Right,Centre,74
<_io.BytesIO object at 0x000001C2734AD630>,0.7249563336372375,0.09587423503398895,-0.0839056596159935,118823,50,2,False,Right,Back,Right,Centre,74
<_io.BytesIO object at 0x000001C27349DD10>,0.7605853080749512,0.1825171262025833,0.2350042313337326,118824,50,2,False,Right,Back,Right,Centre,74
<_io.BytesIO object at 0x000001C2735BB4A0>,0.727796733379364,0.09980089962482452,0.23661130666732788,118824,50,2,False,Right,Back,Right,Centre,74
<_io.BytesIO object at 0x000001C2735BB900>,0.7086376547813416,0.1610889732837677,0.1557263284921646,118824,50,2,False,Right,Back,Right,Centre,74
<_io.BytesIO object at 0x000001C2735BBBD0>,0.6941899061203003,0.10404253751039505,0.17983752489089966,118824,50,2,False,Right,Back,Right,Centre,74
<_io.BytesIO object at 0x000001C2735BB360>,0.6888642907142639,0.1454361528158188,0.17454351484775543,118824,50,2,False,Right,Back,Right,Centre,74
<_io.BytesIO object at 0x000001C2735BB310>,0.7952191829681396,0.06214490905404091,-0.09520956873893738,118824,50,2,False,Right,Back,Right,Centre,74
<_io.BytesIO object at 0x000001C2735BB0E0>,0.7655652165412903,0.0680965781211853,-0.1251351684331894,118824,50,2,False,Right,Back,Right,Centre,74
<_io.BytesIO object at 0x000001C2735B5F40>,0.7971629500389099,0.028373299166560173,-0.0822584480047226,118824,50,2,False,Right,Back,Right,Centre,74
<_io.BytesIO object at 0x000001C2735B5A90>,0.7687342762947083,0.04218577221035957,-0.0346856489777565,118824,50,2,False,Right,Back,Right,Centre,74
<_io.BytesIO object at 0x000001C2735B5EF0>,0.7249041795730591,0.09599073231220245,-0.08363769948482513,118824,50,2,False,Right,Back,Right,Centre,74
<_io.BytesIO object at 0x000001C273470950>,0.7605853080749512,0.1825171262025833,0.2350042313337326,118825,50,2,False,Right,Back,Right,Centre,74
<_io.BytesIO object at 0x000001C273470040>,0.727796733379364,0.09980089962482452,0.23661130666732788,118825,50,2,False,Right,Back,Right,Centre,74
<_io.BytesIO object at 0x000001C2735A5A40>,0.7086376547813416,0.1610889732837677,0.1557263284921646,118825,50,2,False,Right,Back,Right,Centre,74
<_io.BytesIO object at 0x000001C2735A5BD0>,0.6941899061203003,0.10404253751039505,0.17983752489089966,118825,50,2,False,Right,Back,Right,Centre,74
<_io.BytesIO object at 0x000001C2735A5400>,0.6888642907142639,0.1454361528158188,0.17454351484775543,118825,50,2,False,Right,Back,Right,Centre,74
<_io.BytesIO object at 0x000001C2735A57C0>,0.7951708436012268,0.062206417322158813,-0.09495119750499725,118825,50,2,False,Right,Back,Right,Centre,74
<_io.BytesIO object at 0x000001C2735A54A0>,0.7655401825904846,0.06817679852247238,-0.12484928220510483,118825,50,2,False,Right,Back,Right,Centre,74
<_io.BytesIO object at 0x000001C273470A40>,0.7971304059028625,0.028454767540097237,-0.08196094632148743,118825,50,2,False,Right,Back,Right,Centre,74
<_io.BytesIO object at 0x000001C273470CC0>,0.7686895728111267,0.042310524731874466,-0.03436247259378433,118825,50,2,False,Right,Back,Right,Centre,74
<_io.BytesIO object at 0x000001C273470900>,0.7249070405960083,0.09610625356435776,-0.08334891498088837,118825,50,2,False,Right,Back,Right,Centre,74
<_io.BytesIO object at 0x000001C2735B5A40>,0.7605853080749512,0.1825171262025833,0.2350042313337326,118826,50,2,False,Right,Back,Right,Centre,74
<_io.BytesIO object at 0x000001C2735BB310>,0.727796733379364,0.09980089962482452,0.23661130666732788,118826,50,2,False,Right,Back,Right,Centre,74
<_io.BytesIO object at 0x000001C2735BB090>,0.7086376547813416,0.1610889732837677,0.1557263284921646,118826,50,2,False,Right,Back,Right,Centre,74
<_io.BytesIO object at 0x000001C2735BB4A0>,0.6941899061203003,0.10404253751039505,0.17983752489089966,118826,50,2,False,Right,Back,Right,Centre,74
<_io.BytesIO object at 0x000001C2735BBB80>,0.6888642907142639,0.1454361528158188,0.17454351484775543,118826,50,2,False,Right,Back,Right,Centre,74
<_io.BytesIO object at 0x000001C27349D4F0>,0.7951463460922241,0.06219470873475075,-0.09462080150842667,118826,50,2,False,Right,Back,Right,Centre,74
<_io.BytesIO object at 0x000001C27349D1D0>,0.7654886841773987,0.06830980628728867,-0.12456651031970978,118826,50,2,False,Right,Back,Right,Centre,74
<_io.BytesIO object at 0x000001C27349D450>,0.7970802783966064,0.028416823595762253,-0.08168262243270874,118826,50,2,False,Right,Back,Right,Centre,74
<_io.BytesIO object at 0x000001C27349D5E0>,0.7686968445777893,0.042420413345098495,-0.034038230776786804,118826,50,2,False,Right,Back,Right,Centre,74
<_io.BytesIO object at 0x000001C27349D180>,0.7248581647872925,0.09614679217338562,-0.08301789313554764,118826,50,2,False,Right,Back,Right,Centre,74
<_io.BytesIO object at 0x000001C2734ADDB0>,0.7605853080749512,0.1825171262025833,0.2350042313337326,118827,50,2,False,Right,Back,Right,Centre,74
<_io.BytesIO object at 0x000001C2734AD950>,0.727796733379364,0.09980089962482452,0.23661130666732788,118827,50,2,False,Right,Back,Right,Centre,74
<_io.BytesIO object at 0x000001C27347D9A0>,0.7086376547813416,0.1610889732837677,0.1557263284921646,118827,50,2,False,Right,Back,Right,Centre,74
<_io.BytesIO object at 0x000001C27347D770>,0.6941899061203003,0.10404253751039505,0.17983752489089966,118827,50,2,False,Right,Back,Right,Centre,74
<_io.BytesIO object at 0x000001C27347D450>,0.6888642907142639,0.1454361528158188,0.17454351484775543,118827,50,2,False,Right,Back,Right,Centre,74
<_io.BytesIO object at 0x000001C27347D400>,0.7951468825340271,0.06228524073958397,-0.09427876770496368,118827,50,2,False,Right,Back,Right,Centre,74
<_io.BytesIO object at 0x000001C27347DAE0>,0.7654143571853638,0.06822235137224197,-0.12430503219366074,118827,50,2,False,Right,Back,Right,Centre,74
<_io.BytesIO object at 0x000001C27347DD10>,0.7971094846725464,0.028461016714572906,-0.0813843160867691,118827,50,2,False,Right,Back,Right,Centre,74
<_io.BytesIO object at 0x000001C27347D950>,0.7687143683433533,0.04245647042989731,-0.033736832439899445,118827,50,2,False,Right,Back,Right,Centre,74
<_io.BytesIO object at 0x000001C270704360>,0.7249935269355774,0.09627322107553482,-0.08271097391843796,118827,50,2,False,Right,Back,Right,Centre,74
<_io.BytesIO object at 0x000001C27347FD60>,0.7605853080749512,0.1825171262025833,0.2350042313337326,118828,50,2,False,Right,Back,Right,Centre,74
<_io.BytesIO object at 0x000001C26B2151D0>,0.727796733379364,0.09980089962482452,0.23661130666732788,118828,50,2,False,Right,Back,Right,Centre,74
<_io.BytesIO object at 0x000001C26B215360>,0.7086376547813416,0.1610889732837677,0.1557263284921646,118828,50,2,False,Right,Back,Right,Centre,74
<_io.BytesIO object at 0x000001C26B2155E0>,0.6941899061203003,0.10404253751039505,0.17983752489089966,118828,50,2,False,Right,Back,Right,Centre,74
<_io.BytesIO object at 0x000001C2734AA4A0>,0.6888642907142639,0.1454361528158188,0.17454351484775543,118828,50,2,False,Right,Back,Right,Centre,74
<_io.BytesIO object at 0x000001C2734AA7C0>,0.7951571345329285,0.062279339879751205,-0.09405294805765152,118828,50,2,False,Right,Back,Right,Centre,74
<_io.BytesIO object at 0x000001C2734AAC70>,0.7654396891593933,0.06821893155574799,-0.1240781918168068,118828,50,2,False,Right,Back,Right,Centre,74
<_io.BytesIO object at 0x000001C2734AA310>,0.7971551418304443,0.028474120423197746,-0.08110487461090088,118828,50,2,False,Right,Back,Right,Centre,74
<_io.BytesIO object at 0x000001C2734AA900>,0.768764078617096,0.04245441406965256,-0.03351958841085434,118828,50,2,False,Right,Back,Right,Centre,74
<_io.BytesIO object at 0x000001C2734AA400>,0.7250487804412842,0.09630296379327774,-0.08246628195047379,118828,50,2,False,Right,Back,Right,Centre,74
<_io.BytesIO object at 0x000001C2735D12C0>,0.7605853080749512,0.1825171262025833,0.2350042313337326,118829,50,2,False,Right,Back,Right,Centre,74
<_io.BytesIO object at 0x000001C2735D1270>,0.727796733379364,0.09980089962482452,0.23661130666732788,118829,50,2,False,Right,Back,Right,Centre,74
<_io.BytesIO object at 0x000001C273483D10>,0.7086376547813416,0.1610889732837677,0.1557263284921646,118829,50,2,False,Right,Back,Right,Centre,74
<_io.BytesIO object at 0x000001C273483C20>,0.6941899061203003,0.10404253751039505,0.17983752489089966,118829,50,2,False,Right,Back,Right,Centre,74
<_io.BytesIO object at 0x000001C273483CC0>,0.6888642907142639,0.1454361528158188,0.17454351484775543,118829,50,2,False,Right,Back,Right,Centre,74
<_io.BytesIO object at 0x000001C273483540>,0.7952088117599487,0.06226112321019173,-0.093848317861557,118829,50,2,False,Right,Back,Right,Centre,74
<_io.BytesIO object at 0x000001C2734830E0>,0.7654966115951538,0.06819183379411697,-0.12381990998983383,118829,50,2,False,Right,Back,Right,Centre,74
<_io.BytesIO object at 0x000001C273483860>,0.7971988916397095,0.028427137061953545,-0.08088020980358124,118829,50,2,False,Right,Back,Right,Centre,74
<_io.BytesIO object at 0x000001C26B207C20>,0.7688388228416443,0.0424288846552372,-0.03328963741660118,118829,50,2,False,Right,Back,Right,Centre,74
<_io.BytesIO object at 0x000001C2735A5590>,0.7250357270240784,0.09629330039024353,-0.0821431428194046,118829,50,2,False,Right,Back,Right,Centre,74
<_io.BytesIO object at 0x000001C273483A90>,0.7605853080749512,0.1825171262025833,0.2350042313337326,118830,50,2,False,Right,Back,Right,Centre,74
<_io.BytesIO object at 0x000001C2734837C0>,0.727796733379364,0.09980089962482452,0.23661130666732788,118830,50,2,False,Right,Back,Right,Centre,74
<_io.BytesIO object at 0x000001C2735D1220>,0.7086376547813416,0.1610889732837677,0.1557263284921646,118830,50,2,False,Right,Back,Right,Centre,74
<_io.BytesIO object at 0x000001C2735D1C70>,0.6941899061203003,0.10404253751039505,0.17983752489089966,118830,50,2,False,Right,Back,Right,Centre,74
<_io.BytesIO object at 0x000001C2735D1680>,0.6888642907142639,0.1454361528158188,0.17454351484775543,118830,50,2,False,Right,Back,Right,Centre,74
<_io.BytesIO object at 0x000001C2735D14A0>,0.7952818274497986,0.06220293045043945,-0.09363852441310883,118830,50,2,False,Right,Back,Right,Centre,74
<_io.BytesIO object at 0x000001C2735D1310>,0.7655580043792725,0.06809794157743454,-0.12356091290712357,118830,50,2,False,Right,Back,Right,Centre,74
<_io.BytesIO object at 0x000001C2735D1720>,0.7972234487533569,0.02834324911236763,-0.08065208047628403,118830,50,2,False,Right,Back,Right,Centre,74
<_io.BytesIO object at 0x000001C2735D45E0>,0.7689273953437805,0.042362093925476074,-0.033088572323322296,118830,50,2,False,Right,Back,Right,Centre,74
<_io.BytesIO object at 0x000001C2735D4E50>,0.7251421809196472,0.09624229371547699,-0.08189421892166138,118830,50,2,False,Right,Back,Right,Centre,74
<_io.BytesIO object at 0x000001C2734AA090>,0.7605853080749512,0.1825171262025833,0.2350042313337326,118831,50,2,False,Right,Back,Right,Centre,74
<_io.BytesIO object at 0x000001C26B215680>,0.727796733379364,0.09980089962482452,0.23661130666732788,118831,50,2,False,Right,Back,Right,Centre,74
<_io.BytesIO object at 0x000001C26B2150E0>,0.7086376547813416,0.1610889732837677,0.1557263284921646,118831,50,2,False,Right,Back,Right,Centre,74
<_io.BytesIO object at 0x000001C27347FC20>,0.6941899061203003,0.10404253751039505,0.17983752489089966,118831,50,2,False,Right,Back,Right,Centre,74
<_io.BytesIO object at 0x000001C27347F450>,0.6888642907142639,0.1454361528158188,0.17454351484775543,118831,50,2,False,Right,Back,Right,Centre,74
<_io.BytesIO object at 0x000001C27347F2C0>,0.7953537702560425,0.06213223189115524,-0.09343725442886353,118831,50,2,False,Right,Back,Right,Centre,74
<_io.BytesIO object at 0x000001C27347FE00>,0.765613317489624,0.06804696470499039,-0.12316746264696121,118831,50,2,False,Right,Back,Right,Centre,74
<_io.BytesIO object at 0x000001C27347F4A0>,0.7972843647003174,0.028227169066667557,-0.08050760626792908,118831,50,2,False,Right,Back,Right,Centre,74
<_io.BytesIO object at 0x000001C27347F720>,0.7689782977104187,0.042072758078575134,-0.03278276324272156,118831,50,2,False,Right,Back,Right,Centre,74
<_io.BytesIO object at 0x000001C27347F0E0>,0.7252749800682068,0.09608626365661621,-0.08163022249937057,118831,50,2,False,Right,Back,Right,Centre,74
<_io.BytesIO object at 0x000001C27347D450>,0.7605853080749512,0.1825171262025833,0.2350042313337326,118832,50,2,False,Right,Back,Right,Centre,74
<_io.BytesIO object at 0x000001C27347D860>,0.727796733379364,0.09980089962482452,0.23661130666732788,118832,50,2,False,Right,Back,Right,Centre,74
<_io.BytesIO object at 0x000001C2734AD8B0>,0.7086376547813416,0.1610889732837677,0.1557263284921646,118832,50,2,False,Right,Back,Right,Centre,74
<_io.BytesIO object at 0x000001C2734ADBD0>,0.6941899061203003,0.10404253751039505,0.17983752489089966,118832,50,2,False,Right,Back,Right,Centre,74
<_io.BytesIO object at 0x000001C2734AD270>,0.6888642907142639,0.1454361528158188,0.17454351484775543,118832,50,2,False,Right,Back,Right,Centre,74
<_io.BytesIO object at 0x000001C2734AD0E0>,0.7954583168029785,0.06201817840337753,-0.09320656955242157,118832,50,2,False,Right,Back,Right,Centre,74
<_io.BytesIO object at 0x000001C2734AD5E0>,0.7657044529914856,0.06798011809587479,-0.12295747548341751,118832,50,2,False,Right,Back,Right,Centre,74
<_io.BytesIO object at 0x000001C2734AD810>,0.7973809838294983,0.028118405491113663,-0.08035852015018463,118832,50,2,False,Right,Back,Right,Centre,74
<_io.BytesIO object at 0x000001C2734AD720>,0.7691298723220825,0.04192116856575012,-0.03255446255207062,118832,50,2,False,Right,Back,Right,Centre,74
<_io.BytesIO object at 0x000001C2735DBA90>,0.725318968296051,0.0959756076335907,-0.08136089891195297,118832,50,2,False,Right,Back,Right,Centre,74
<_io.BytesIO object at 0x000001C27349D590>,0.7605853080749512,0.1825171262025833,0.2350042313337326,118833,50,2,False,Right,Back,Right,Centre,74
<_io.BytesIO object at 0x000001C2735BB090>,0.727796733379364,0.09980089962482452,0.23661130666732788,118833,50,2,False,Right,Back,Right,Centre,74
<_io.BytesIO object at 0x000001C2735BBA40>,0.7086376547813416,0.1610889732837677,0.1557263284921646,118833,50,2,False,Right,Back,Right,Centre,74
<_io.BytesIO object at 0x000001C2735BB590>,0.6941899061203003,0.10404253751039505,0.17983752489089966,118833,50,2,False,Right,Back,Right,Centre,74
<_io.BytesIO object at 0x000001C2735BB040>,0.6888642907142639,0.1454361528158188,0.17454351484775543,118833,50,2,False,Right,Back,Right,Centre,74
<_io.BytesIO object at 0x000001C2735B5810>,0.7956580519676208,0.06195659190416336,-0.09303879737854004,118833,50,2,False,Right,Back,Right,Centre,74
<_io.BytesIO object at 0x000001C2735B5CC0>,0.7659512758255005,0.06816428899765015,-0.1227557584643364,118833,50,2,False,Right,Back,Right,Centre,74
<_io.BytesIO object at 0x000001C2735B5C20>,0.7975325584411621,0.028000352904200554,-0.08018902689218521,118833,50,2,False,Right,Back,Right,Centre,74
<_io.BytesIO object at 0x000001C2735B4450>,0.769262433052063,0.04176096245646477,-0.03239430859684944,118833,50,2,False,Right,Back,Right,Centre,74
<_io.BytesIO object at 0x000001C2735B41D0>,0.72548508644104,0.09582104533910751,-0.08103768527507782,118833,50,2,False,Right,Back,Right,Centre,74
<_io.BytesIO object at 0x000001C2735BB6D0>,0.7605853080749512,0.1825171262025833,0.2350042313337326,118834,50,2,False,Right,Back,Right,Centre,74
<_io.BytesIO object at 0x000001C27349D360>,0.727796733379364,0.09980089962482452,0.23661130666732788,118834,50,2,False,Right,Back,Right,Centre,74
<_io.BytesIO object at 0x000001C27349D5E0>,0.7086376547813416,0.1610889732837677,0.1557263284921646,118834,50,2,False,Right,Back,Right,Centre,74
<_io.BytesIO object at 0x000001C27349D180>,0.6941899061203003,0.10404253751039505,0.17983752489089966,118834,50,2,False,Right,Back,Right,Centre,74
<_io.BytesIO object at 0x000001C27349D9A0>,0.6888642907142639,0.1454361528158188,0.17454351484775543,118834,50,2,False,Right,Back,Right,Centre,74
<_io.BytesIO object at 0x000001C2735DBB80>,0.7957894802093506,0.06162853538990021,-0.09286113828420639,118834,50,2,False,Right,Back,Right,Centre,74
<_io.BytesIO object at 0x000001C2735DB4A0>,0.766215443611145,0.06801795214414597,-0.12243971973657608,118834,50,2,False,Right,Back,Right,Centre,74
<_io.BytesIO object at 0x000001C2735DB360>,0.7977381348609924,0.027796393260359764,-0.07999727874994278,118834,50,2,False,Right,Back,Right,Centre,74
<_io.BytesIO object at 0x000001C2735DB310>,0.7694350481033325,0.04152018576860428,-0.032244954258203506,118834,50,2,False,Right,Back,Right,Centre,74
<_io.BytesIO object at 0x000001C2735DB590>,0.7255327701568604,0.09555091708898544,-0.0807863399386406,118834,50,2,False,Right,Back,Right,Centre,74
<_io.BytesIO object at 0x000001C27347DCC0>,0.7605853080749512,0.1825171262025833,0.2350042313337326,118835,50,2,False,Right,Back,Right,Centre,74
<_io.BytesIO object at 0x000001C27347DF90>,0.727796733379364,0.09980089962482452,0.23661130666732788,118835,50,2,False,Right,Back,Right,Centre,74
<_io.BytesIO object at 0x000001C27347D8B0>,0.7086376547813416,0.1610889732837677,0.1557263284921646,118835,50,2,False,Right,Back,Right,Centre,74
<_io.BytesIO object at 0x000001C2736AD360>,0.6941899061203003,0.10404253751039505,0.17983752489089966,118835,50,2,False,Right,Back,Right,Centre,74
<_io.BytesIO object at 0x000001C2736ADAE0>,0.6888642907142639,0.1454361528158188,0.17454351484775543,118835,50,2,False,Right,Back,Right,Centre,74
<_io.BytesIO object at 0x000001C2736AD860>,0.7958898544311523,0.06144950911402702,-0.09268946200609207,118835,50,2,False,Right,Back,Right,Centre,74
<_io.BytesIO object at 0x000001C2736ADCC0>,0.7659019231796265,0.06740467250347137,-0.12238174676895142,118835,50,2,False,Right,Back,Right,Centre,74
<_io.BytesIO object at 0x000001C2736ADE50>,0.7978307008743286,0.027509380131959915,-0.07984472811222076,118835,50,2,False,Right,Back,Right,Centre,74
<_io.BytesIO object at 0x000001C2736AD9F0>,0.7695870399475098,0.041254814714193344,-0.03209196776151657,118835,50,2,False,Right,Back,Right,Centre,74
<_io.BytesIO object at 0x000001C2736AD4A0>,0.7255532741546631,0.09523248672485352,-0.08060092478990555,118835,50,2,False,Right,Back,Right,Centre,74
<_io.BytesIO object at 0x000001C2734AAC70>,0.7605853080749512,0.1825171262025833,0.2350042313337326,118836,50,2,False,Right,Back,Right,Centre,74
<_io.BytesIO object at 0x000001C2734AA6D0>,0.727796733379364,0.09980089962482452,0.23661130666732788,118836,50,2,False,Right,Back,Right,Centre,74
<_io.BytesIO object at 0x000001C2734AA400>,0.7086376547813416,0.1610889732837677,0.1557263284921646,118836,50,2,False,Right,Back,Right,Centre,74
<_io.BytesIO object at 0x000001C2734AAC20>,0.6941899061203003,0.10404253751039505,0.17983752489089966,118836,50,2,False,Right,Back,Right,Centre,74
<_io.BytesIO object at 0x000001C2734AA040>,0.6888642907142639,0.1454361528158188,0.17454351484775543,118836,50,2,False,Right,Back,Right,Centre,74
<_io.BytesIO object at 0x000001C2735D4A90>,0.7959192395210266,0.06121879816055298,-0.09244615584611893,118836,50,2,False,Right,Back,Right,Centre,74
<_io.BytesIO object at 0x000001C2735D4EA0>,0.7660131454467773,0.0672423243522644,-0.12215790152549744,118836,50,2,False,Right,Back,Right,Centre,74
<_io.BytesIO object at 0x000001C2735D4EF0>,0.7979288697242737,0.027255702763795853,-0.07971637696027756,118836,50,2,False,Right,Back,Right,Centre,74
<_io.BytesIO object at 0x000001C2735D49A0>,0.7696518898010254,0.04090345278382301,-0.03186661750078201,118836,50,2,False,Right,Back,Right,Centre,74
<_io.BytesIO object at 0x000001C2735D4590>,0.7256324887275696,0.09501618146896362,-0.08038239181041718,118836,50,2,False,Right,Back,Right,Centre,74
<_io.BytesIO object at 0x000001C2734836D0>,0.7605853080749512,0.1825171262025833,0.2350042313337326,118837,50,2,False,Right,Back,Right,Centre,74
<_io.BytesIO object at 0x000001C273483860>,0.727796733379364,0.09980089962482452,0.23661130666732788,118837,50,2,False,Right,Back,Right,Centre,74
<_io.BytesIO object at 0x000001C2735A5AE0>,0.7086376547813416,0.1610889732837677,0.1557263284921646,118837,50,2,False,Right,Back,Right,Centre,74
<_io.BytesIO object at 0x000001C2735A5680>,0.6941899061203003,0.10404253751039505,0.17983752489089966,118837,50,2,False,Right,Back,Right,Centre,74
<_io.BytesIO object at 0x000001C2735A5BD0>,0.6888642907142639,0.1454361528158188,0.17454351484775543,118837,50,2,False,Right,Back,Right,Centre,74
<_io.BytesIO object at 0x000001C2735A5770>,0.7961248159408569,0.06093138828873634,-0.09231843799352646,118837,50,2,False,Right,Back,Right,Centre,74
<_io.BytesIO object at 0x000001C2735A5CC0>,0.7661649584770203,0.06699728965759277,-0.12188868969678879,118837,50,2,False,Right,Back,Right,Centre,74
<_io.BytesIO object at 0x000001C2735A5DB0>,0.7980141639709473,0.02702253684401512,-0.07957850396633148,118837,50,2,False,Right,Back,Right,Centre,74
<_io.BytesIO object at 0x000001C2735B4BD0>,0.7697676420211792,0.040626924484968185,-0.03166823834180832,118837,50,2,False,Right,Back,Right,Centre,74
<_io.BytesIO object at 0x000001C2735B4F90>,0.7257480621337891,0.09470376372337341,-0.08014533668756485,118837,50,2,False,Right,Back,Right,Centre,74
<_io.BytesIO object at 0x000001C2735B4EF0>,0.7605853080749512,0.1825171262025833,0.2350042313337326,118838,50,2,False,Right,Back,Right,Centre,74
<_io.BytesIO object at 0x000001C2735B4040>,0.727796733379364,0.09980089962482452,0.23661130666732788,118838,50,2,False,Right,Back,Right,Centre,74
<_io.BytesIO object at 0x000001C2735B42C0>,0.7086376547813416,0.1610889732837677,0.1557263284921646,118838,50,2,False,Right,Back,Right,Centre,74
<_io.BytesIO object at 0x000001C2735A5DB0>,0.6941899061203003,0.10404253751039505,0.17983752489089966,118838,50,2,False,Right,Back,Right,Centre,74
<_io.BytesIO object at 0x000001C2735A5950>,0.6888642907142639,0.1454361528158188,0.17454351484775543,118838,50,2,False,Right,Back,Right,Centre,74
<_io.BytesIO object at 0x000001C2735A5C20>,0.796205997467041,0.060722991824150085,-0.0921359583735466,118838,50,2,False,Right,Back,Right,Centre,74
<_io.BytesIO object at 0x000001C2735A5A40>,0.7662233710289001,0.06682322919368744,-0.12171231210231781,118838,50,2,False,Right,Back,Right,Centre,74
<_io.BytesIO object at 0x000001C2735A5220>,0.7980872988700867,0.02681633271276951,-0.07945645600557327,118838,50,2,False,Right,Back,Right,Centre,74
<_io.BytesIO object at 0x000001C273483540>,0.7698465585708618,0.04037974029779434,-0.03153325989842415,118838,50,2,False,Right,Back,Right,Centre,74
<_io.BytesIO object at 0x000001C2734836D0>,0.7257900238037109,0.09437619894742966,-0.07993045449256897,118838,50,2,False,Right,Back,Right,Centre,74
<_io.BytesIO object at 0x000001C2735D1180>,0.7605853080749512,0.1825171262025833,0.2350042313337326,118839,50,2,False,Right,Back,Right,Centre,74
<_io.BytesIO object at 0x000001C2735D4040>,0.727796733379364,0.09980089962482452,0.23661130666732788,118839,50,2,False,Right,Back,Right,Centre,74
<_io.BytesIO object at 0x000001C2735D4180>,0.7086376547813416,0.1610889732837677,0.1557263284921646,118839,50,2,False,Right,Back,Right,Centre,74
<_io.BytesIO object at 0x000001C2735D4EA0>,0.6941899061203003,0.10404253751039505,0.17983752489089966,118839,50,2,False,Right,Back,Right,Centre,74
<_io.BytesIO object at 0x000001C2735D4220>,0.6888642907142639,0.1454361528158188,0.17454351484775543,118839,50,2,False,Right,Back,Right,Centre,74
<_io.BytesIO object at 0x000001C2734AAF40>,0.7962313294410706,0.06052491441369057,-0.09197911620140076,118839,50,2,False,Right,Back,Right,Centre,74
<_io.BytesIO object at 0x000001C2734AA540>,0.7662825584411621,0.06666041910648346,-0.12154627591371536,118839,50,2,False,Right,Back,Right,Centre,74
<_io.BytesIO object at 0x000001C2734AA130>,0.7981839776039124,0.026639262214303017,-0.07930753380060196,118839,50,2,False,Right,Back,Right,Centre,74
<_io.BytesIO object at 0x000001C2734AA6D0>,0.7699352502822876,0.04008358344435692,-0.03136567771434784,118839,50,2,False,Right,Back,Right,Centre,74
<_io.BytesIO object at 0x000001C2734AA4A0>,0.7258340716362,0.09403306245803833,-0.0796910971403122,118839,50,2,False,Right,Back,Right,Centre,74
<_io.BytesIO object at 0x000001C2736AD8B0>,0.7605853080749512,0.1825171262025833,0.2350042313337326,118840,50,2,False,Right,Back,Right,Centre,74
<_io.BytesIO object at 0x000001C27347D900>,0.727796733379364,0.09980089962482452,0.23661130666732788,118840,50,2,False,Right,Back,Right,Centre,74
<_io.BytesIO object at 0x000001C27347DD10>,0.7086376547813416,0.1610889732837677,0.1557263284921646,118840,50,2,False,Right,Back,Right,Centre,74
<_io.BytesIO object at 0x000001C27347DA40>,0.6941899061203003,0.10404253751039505,0.17983752489089966,118840,50,2,False,Right,Back,Right,Centre,74
<_io.BytesIO object at 0x000001C27347D1D0>,0.6888642907142639,0.1454361528158188,0.17454351484775543,118840,50,2,False,Right,Back,Right,Centre,74
<_io.BytesIO object at 0x000001C27347D450>,0.7962284088134766,0.06019022688269615,-0.09179675579071045,118840,50,2,False,Right,Back,Right,Centre,74
<_io.BytesIO object at 0x000001C27347DE00>,0.7662732005119324,0.0663309246301651,-0.12136393785476685,118840,50,2,False,Right,Back,Right,Centre,74
<_io.BytesIO object at 0x000001C27347FEA0>,0.7983021140098572,0.026389243081212044,-0.07914335280656815,118840,50,2,False,Right,Back,Right,Centre,74
<_io.BytesIO object at 0x000001C27347F400>,0.7700520753860474,0.03978721424937248,-0.03122667223215103,118840,50,2,False,Right,Back,Right,Centre,74
<_io.BytesIO object at 0x000001C27347F860>,0.7258976101875305,0.09385044127702713,-0.07947264611721039,118840,50,2,False,Right,Back,Right,Centre,74
<_io.BytesIO object at 0x000001C2734AD400>,0.7605853080749512,0.1825171262025833,0.2350042313337326,118841,50,2,False,Right,Back,Right,Centre,74
<_io.BytesIO object at 0x000001C2735DB900>,0.727796733379364,0.09980089962482452,0.23661130666732788,118841,50,2,False,Right,Back,Right,Centre,74
<_io.BytesIO object at 0x000001C2735DB5E0>,0.7086376547813416,0.1610889732837677,0.1557263284921646,118841,50,2,False,Right,Back,Right,Centre,74
<_io.BytesIO object at 0x000001C2735DBD60>,0.6941899061203003,0.10404253751039505,0.17983752489089966,118841,50,2,False,Right,Back,Right,Centre,74
<_io.BytesIO object at 0x000001C2735DBF90>,0.6888642907142639,0.1454361528158188,0.17454351484775543,118841,50,2,False,Right,Back,Right,Centre,74
<_io.BytesIO object at 0x000001C27349D590>,0.7962421774864197,0.06000024452805519,-0.09162981063127518,118841,50,2,False,Right,Back,Right,Centre,74
<_io.BytesIO object at 0x000001C27349D9A0>,0.7662901878356934,0.06616578251123428,-0.12121500074863434,118841,50,2,False,Right,Back,Right,Centre,74
<_io.BytesIO object at 0x000001C27349DEA0>,0.7983010411262512,0.0260882880538702,-0.07895929366350174,118841,50,2,False,Right,Back,Right,Centre,74
<_io.BytesIO object at 0x000001C27349DDB0>,0.7700082063674927,0.0394672192633152,-0.031048085540533066,118841,50,2,False,Right,Back,Right,Centre,74
<_io.BytesIO object at 0x000001C27349D4F0>,0.7258631587028503,0.09363572299480438,-0.07920847088098526,118841,50,2,False,Right,Back,Right,Centre,74
<_io.BytesIO object at 0x000001C273470450>,0.7605853080749512,0.1825171262025833,0.2350042313337326,118842,50,2,False,Right,Back,Right,Centre,74
<_io.BytesIO object at 0x000001C2734706D0>,0.727796733379364,0.09980089962482452,0.23661130666732788,118842,50,2,False,Right,Back,Right,Centre,74
<_io.BytesIO object at 0x000001C273470DB0>,0.7086376547813416,0.1610889732837677,0.1557263284921646,118842,50,2,False,Right,Back,Right,Centre,74
<_io.BytesIO object at 0x000001C273470E50>,0.6941899061203003,0.10404253751039505,0.17983752489089966,118842,50,2,False,Right,Back,Right,Centre,74
<_io.BytesIO object at 0x000001C2734709A0>,0.6888642907142639,0.1454361528158188,0.17454351484775543,118842,50,2,False,Right,Back,Right,Centre,74
<_io.BytesIO object at 0x000001C273470590>,0.7962408661842346,0.05978589132428169,-0.09142488241195679,118842,50,2,False,Right,Back,Right,Centre,74
<_io.BytesIO object at 0x000001C2734702C0>,0.7663209438323975,0.06603331863880157,-0.12103340774774551,118842,50,2,False,Right,Back,Right,Centre,74
<_io.BytesIO object at 0x000001C273470C20>,0.7983127236366272,0.02587232179939747,-0.07882560044527054,118842,50,2,False,Right,Back,Right,Centre,74
<_io.BytesIO object at 0x000001C2734704A0>,0.7700530290603638,0.03920771926641464,-0.03088255040347576,118842,50,2,False,Right,Back,Right,Centre,74
<_io.BytesIO object at 0x000001C273470310>,0.7259589433670044,0.09338231384754181,-0.07898667454719543,118842,50,2,False,Right,Back,Right,Centre,74
<_io.BytesIO object at 0x000001C2734AD400>,0.7605853080749512,0.1825171262025833,0.2350042313337326,118843,50,2,False,Right,Back,Right,Centre,74
<_io.BytesIO object at 0x000001C2734AD630>,0.727796733379364,0.09980089962482452,0.23661130666732788,118843,50,2,False,Right,Back,Right,Centre,74
<_io.BytesIO object at 0x000001C2734AD590>,0.7086376547813416,0.1610889732837677,0.1557263284921646,118843,50,2,False,Right,Back,Right,Centre,74
<_io.BytesIO object at 0x000001C2734AD130>,0.6941899061203003,0.10404253751039505,0.17983752489089966,118843,50,2,False,Right,Back,Right,Centre,74
<_io.BytesIO object at 0x000001C2734ADDB0>,0.6888642907142639,0.1454361528158188,0.17454351484775543,118843,50,2,False,Right,Back,Right,Centre,74
<_io.BytesIO object at 0x000001C27347FF40>,0.796214759349823,0.05960306525230408,-0.09124845266342163,118843,50,2,False,Right,Back,Right,Centre,74
<_io.BytesIO object at 0x000001C27347F3B0>,0.766320526599884,0.06592562794685364,-0.12088945508003235,118843,50,2,False,Right,Back,Right,Centre,74
<_io.BytesIO object at 0x000001C27347F180>,0.7983202338218689,0.02570277452468872,-0.0787004679441452,118843,50,2,False,Right,Back,Right,Centre,74
<_io.BytesIO object at 0x000001C27347F540>,0.7700685262680054,0.039015185087919235,-0.030727451667189598,118843,50,2,False,Right,Back,Right,Centre,74
<_io.BytesIO object at 0x000001C27347FB30>,0.7259113192558289,0.09309443086385727,-0.07876832038164139,118843,50,2,False,Right,Back,Right,Centre,74
<_io.BytesIO object at 0x000001C26B215810>,0.7605853080749512,0.1825171262025833,0.2350042313337326,118844,50,2,False,Right,Back,Right,Centre,74
<_io.BytesIO object at 0x000001C2734AA630>,0.727796733379364,0.09980089962482452,0.23661130666732788,118844,50,2,False,Right,Back,Right,Centre,74
<_io.BytesIO object at 0x000001C2734AA180>,0.7086376547813416,0.1610889732837677,0.1557263284921646,118844,50,2,False,Right,Back,Right,Centre,74
<_io.BytesIO object at 0x000001C2734AA1D0>,0.6941899061203003,0.10404253751039505,0.17983752489089966,118844,50,2,False,Right,Back,Right,Centre,74
<_io.BytesIO object at 0x000001C2734AACC0>,0.6888642907142639,0.1454361528158188,0.17454351484775543,118844,50,2,False,Right,Back,Right,Centre,74
<_io.BytesIO object at 0x000001C2734AA5E0>,0.796169102191925,0.05947911739349365,-0.09110341221094131,118844,50,2,False,Right,Back,Right,Centre,74
<_io.BytesIO object at 0x000001C2734AA8B0>,0.7663227319717407,0.06583018600940704,-0.12073079496622086,118844,50,2,False,Right,Back,Right,Centre,74
<_io.BytesIO object at 0x000001C2735D1310>,0.7983042001724243,0.02552994340658188,-0.07854986935853958,118844,50,2,False,Right,Back,Right,Centre,74
<_io.BytesIO object at 0x000001C2735D13B0>,0.7699111700057983,0.03876778483390808,-0.030502254143357277,118844,50,2,False,Right,Back,Right,Centre,74
<_io.BytesIO object at 0x000001C2735D1630>,0.7258232831954956,0.09286266565322876,-0.07860369980335236,118844,50,2,False,Right,Back,Right,Centre,74
<_io.BytesIO object at 0x000001C2735B4180>,0.7605853080749512,0.1825171262025833,0.2350042313337326,118845,50,2,False,Right,Back,Right,Centre,74
<_io.BytesIO object at 0x000001C2735B44A0>,0.727796733379364,0.09980089962482452,0.23661130666732788,118845,50,2,False,Right,Back,Right,Centre,74
<_io.BytesIO object at 0x000001C2735B4E50>,0.7086376547813416,0.1610889732837677,0.1557263284921646,118845,50,2,False,Right,Back,Right,Centre,74
<_io.BytesIO object at 0x000001C2735B48B0>,0.6941899061203003,0.10404253751039505,0.17983752489089966,118845,50,2,False,Right,Back,Right,Centre,74
<_io.BytesIO object at 0x000001C2735B49F0>,0.6888642907142639,0.1454361528158188,0.17454351484775543,118845,50,2,False,Right,Back,Right,Centre,74
<_io.BytesIO object at 0x000001C27347DC70>,0.7961550354957581,0.05935267359018326,-0.09091400355100632,118845,50,2,False,Right,Back,Right,Centre,74
<_io.BytesIO object at 0x000001C27347D9A0>,0.7661725878715515,0.06568452715873718,-0.1204644963145256,118845,50,2,False,Right,Back,Right,Centre,74
<_io.BytesIO object at 0x000001C27347DDB0>,0.7982581257820129,0.02538783848285675,-0.07840953022241592,118845,50,2,False,Right,Back,Right,Centre,74
<_io.BytesIO object at 0x000001C27347D400>,0.7698659896850586,0.03858845680952072,-0.030342837795615196,118845,50,2,False,Right,Back,Right,Centre,74
<_io.BytesIO object at 0x000001C27347DD10>,0.7258216738700867,0.09271181374788284,-0.07841107994318008,118845,50,2,False,Right,Back,Right,Centre,74
<_io.BytesIO object at 0x000001C2735A5090>,0.7605853080749512,0.1825171262025833,0.2350042313337326,118846,50,2,False,Right,Back,Right,Centre,74
<_io.BytesIO object at 0x000001C2735A5180>,0.727796733379364,0.09980089962482452,0.23661130666732788,118846,50,2,False,Right,Back,Right,Centre,74
<_io.BytesIO object at 0x000001C2735D48B0>,0.7086376547813416,0.1610889732837677,0.1557263284921646,118846,50,2,False,Right,Back,Right,Centre,74
<_io.BytesIO object at 0x000001C2735D4C70>,0.6941899061203003,0.10404253751039505,0.17983752489089966,118846,50,2,False,Right,Back,Right,Centre,74
<_io.BytesIO object at 0x000001C2735D4AE0>,0.6888642907142639,0.1454361528158188,0.17454351484775543,118846,50,2,False,Right,Back,Right,Centre,74
<_io.BytesIO object at 0x000001C2735D4040>,0.7961052060127258,0.05926501378417015,-0.09076695144176483,118846,50,2,False,Right,Back,Right,Centre,74
<_io.BytesIO object at 0x000001C2735D44A0>,0.7661839127540588,0.06548994034528732,-0.12027014046907425,118846,50,2,False,Right,Back,Right,Centre,74
<_io.BytesIO object at 0x000001C2735D4E00>,0.7982193827629089,0.025306135416030884,-0.0782516747713089,118846,50,2,False,Right,Back,Right,Centre,74
<_io.BytesIO object at 0x000001C2735D4270>,0.7700251340866089,0.03846951201558113,-0.030267130583524704,118846,50,2,False,Right,Back,Right,Centre,74
<_io.BytesIO object at 0x000001C2735D46D0>,0.7257309556007385,0.0926312655210495,-0.07824981957674026,118846,50,2,False,Right,Back,Right,Centre,74
<_io.BytesIO object at 0x000001C2735A5D10>,0.7605853080749512,0.1825171262025833,0.2350042313337326,118847,50,2,False,Right,Back,Right,Centre,74
<_io.BytesIO object at 0x000001C2735BB680>,0.727796733379364,0.09980089962482452,0.23661130666732788,118847,50,2,False,Right,Back,Right,Centre,74
<_io.BytesIO object at 0x000001C2735BBB30>,0.7086376547813416,0.1610889732837677,0.1557263284921646,118847,50,2,False,Right,Back,Right,Centre,74
<_io.BytesIO object at 0x000001C2735BB770>,0.6941899061203003,0.10404253751039505,0.17983752489089966,118847,50,2,False,Right,Back,Right,Centre,74
<_io.BytesIO object at 0x000001C2735BB090>,0.6888642907142639,0.1454361528158188,0.17454351484775543,118847,50,2,False,Right,Back,Right,Centre,74
<_io.BytesIO object at 0x000001C2735BB860>,0.7959776520729065,0.05913963541388512,-0.0905960351228714,118847,50,2,False,Right,Back,Right,Centre,74
<_io.BytesIO object at 0x000001C27347DD60>,0.7661349773406982,0.0654265359044075,-0.12011547386646271,118847,50,2,False,Right,Back,Right,Centre,74
<_io.BytesIO object at 0x000001C27347D2C0>,0.7981104850769043,0.025286035612225533,-0.07803940773010254,118847,50,2,False,Right,Back,Right,Centre,74
<_io.BytesIO object at 0x000001C27347DBD0>,0.7699492573738098,0.03839612007141113,-0.030115999281406403,118847,50,2,False,Right,Back,Right,Centre,74
<_io.BytesIO object at 0x000001C27347DA90>,0.7255842685699463,0.0925251841545105,-0.0781228244304657,118847,50,2,False,Right,Back,Right,Centre,74
<_io.BytesIO object at 0x000001C273483220>,0.7605853080749512,0.1825171262025833,0.2350042313337326,118848,50,2,False,Right,Back,Right,Centre,74
<_io.BytesIO object at 0x000001C273483B80>,0.727796733379364,0.09980089962482452,0.23661130666732788,118848,50,2,False,Right,Back,Right,Centre,74
<_io.BytesIO object at 0x000001C273483C70>,0.7086376547813416,0.1610889732837677,0.1557263284921646,118848,50,2,False,Right,Back,Right,Centre,74
<_io.BytesIO object at 0x000001C273483360>,0.6941899061203003,0.10404253751039505,0.17983752489089966,118848,50,2,False,Right,Back,Right,Centre,74
<_io.BytesIO object at 0x000001C2735D1680>,0.6888642907142639,0.1454361528158188,0.17454351484775543,118848,50,2,False,Right,Back,Right,Centre,74
<_io.BytesIO object at 0x000001C2735D1590>,0.795818030834198,0.05901343375444412,-0.09039878845214844,118848,50,2,False,Right,Back,Right,Centre,74
<_io.BytesIO object at 0x000001C2735D1130>,0.7660947442054749,0.06539134681224823,-0.119963638484478,118848,50,2,False,Right,Back,Right,Centre,74
<_io.BytesIO object at 0x000001C2735D1900>,0.7980679273605347,0.02527603879570961,-0.07786167412996292,118848,50,2,False,Right,Back,Right,Centre,74
<_io.BytesIO object at 0x000001C2735D14A0>,0.769895613193512,0.03835001960396767,-0.0299695897847414,118848,50,2,False,Right,Back,Right,Centre,74
<_io.BytesIO object at 0x000001C2735D1400>,0.7255263924598694,0.09248612821102142,-0.07794713228940964,118848,50,2,False,Right,Back,Right,Centre,74
<_io.BytesIO object at 0x000001C26B215720>,0.7605853080749512,0.1825171262025833,0.2350042313337326,118849,50,2,False,Right,Back,Right,Centre,74
<_io.BytesIO object at 0x000001C2736AD4A0>,0.727796733379364,0.09980089962482452,0.23661130666732788,118849,50,2,False,Right,Back,Right,Centre,74
<_io.BytesIO object at 0x000001C2736AD590>,0.7086376547813416,0.1610889732837677,0.1557263284921646,118849,50,2,False,Right,Back,Right,Centre,74
<_io.BytesIO object at 0x000001C2736ADDB0>,0.6941899061203003,0.10404253751039505,0.17983752489089966,118849,50,2,False,Right,Back,Right,Centre,74
<_io.BytesIO object at 0x000001C2736AD360>,0.6888642907142639,0.1454361528158188,0.17454351484775543,118849,50,2,False,Right,Back,Right,Centre,74
<_io.BytesIO object at 0x000001C270704360>,0.79575115442276,0.059000976383686066,-0.0901964083313942,118849,50,2,False,Right,Back,Right,Centre,74
<_io.BytesIO object at 0x000001C27347FE50>,0.7660312056541443,0.06537971645593643,-0.11978993564844131,118849,50,2,False,Right,Back,Right,Centre,74
<_io.BytesIO object at 0x000001C27347FC70>,0.7979555726051331,0.02524418756365776,-0.07768342643976212,118849,50,2,False,Right,Back,Right,Centre,74
<_io.BytesIO object at 0x000001C27347F040>,0.7698295712471008,0.03833140805363655,-0.029815513640642166,118849,50,2,False,Right,Back,Right,Centre,74
<_io.BytesIO object at 0x000001C27347FB30>,0.7254469394683838,0.09248869866132736,-0.07775243371725082,118849,50,2,False,Right,Back,Right,Centre,74
<_io.BytesIO object at 0x000001C2735DBCC0>,0.7605853080749512,0.1825171262025833,0.2350042313337326,118850,50,2,False,Right,Back,Right,Centre,74
<_io.BytesIO object at 0x000001C2735DB400>,0.727796733379364,0.09980089962482452,0.23661130666732788,118850,50,2,False,Right,Back,Right,Centre,74
<_io.BytesIO object at 0x000001C2735DB720>,0.7086376547813416,0.1610889732837677,0.1557263284921646,118850,50,2,False,Right,Back,Right,Centre,74
<_io.BytesIO object at 0x000001C2735DBDB0>,0.6941899061203003,0.10404253751039505,0.17983752489089966,118850,50,2,False,Right,Back,Right,Centre,74
<_io.BytesIO object at 0x000001C27349D900>,0.6888642907142639,0.1454361528158188,0.17454351484775543,118850,50,2,False,Right,Back,Right,Centre,74
<_io.BytesIO object at 0x000001C27349D590>,0.7956673502922058,0.05897809937596321,-0.09001369029283524,118850,50,2,False,Right,Back,Right,Centre,74
<_io.BytesIO object at 0x000001C27349DC70>,0.7659786939620972,0.06526169180870056,-0.11953382939100266,118850,50,2,False,Right,Back,Right,Centre,74
<_io.BytesIO object at 0x000001C27349D090>,0.7979077100753784,0.02526196464896202,-0.0774872824549675,118850,50,2,False,Right,Back,Right,Centre,74
<_io.BytesIO object at 0x000001C27349D0E0>,0.7697482705116272,0.03833841159939766,-0.029621783643960953,118850,50,2,False,Right,Back,Right,Centre,74
<_io.BytesIO object at 0x000001C27349DF90>,0.725337564945221,0.09246816486120224,-0.07751676440238953,118850,50,2,False,Right,Back,Right,Centre,74
<_io.BytesIO object at 0x000001C2735DB310>,0.7605853080749512,0.1825171262025833,0.2350042313337326,118851,50,2,False,Right,Back,Right,Centre,74
<_io.BytesIO object at 0x000001C2735DB900>,0.727796733379364,0.09980089962482452,0.23661130666732788,118851,50,2,False,Right,Back,Right,Centre,74
<_io.BytesIO object at 0x000001C2734AD720>,0.7086376547813416,0.1610889732837677,0.1557263284921646,118851,50,2,False,Right,Back,Right,Centre,74
<_io.BytesIO object at 0x000001C2734ADA90>,0.6941899061203003,0.10404253751039505,0.17983752489089966,118851,50,2,False,Right,Back,Right,Centre,74
<_io.BytesIO object at 0x000001C2734AD810>,0.6888642907142639,0.1454361528158188,0.17454351484775543,118851,50,2,False,Right,Back,Right,Centre,74
<_io.BytesIO object at 0x000001C2734AD400>,0.7955838441848755,0.058962382376194,-0.0898348018527031,118851,50,2,False,Right,Back,Right,Centre,74
<_io.BytesIO object at 0x000001C2734AD270>,0.7659229040145874,0.06527997553348541,-0.11930637061595917,118851,50,2,False,Right,Back,Right,Centre,74
<_io.BytesIO object at 0x000001C2734AD2C0>,0.7977944016456604,0.025216873735189438,-0.07731391489505768,118851,50,2,False,Right,Back,Right,Centre,74
<_io.BytesIO object at 0x000001C2734AD540>,0.76967853307724,0.03833360970020294,-0.029444165527820587,118851,50,2,False,Right,Back,Right,Centre,74
<_io.BytesIO object at 0x000001C27347FAE0>,0.7252785563468933,0.09252653270959854,-0.07722359150648117,118851,50,2,False,Right,Back,Right,Centre,74
<_io.BytesIO object at 0x000001C2734AA450>,0.7605853080749512,0.1825171262025833,0.2350042313337326,118852,50,2,False,Right,Back,Right,Centre,74
<_io.BytesIO object at 0x000001C2734AA9F0>,0.727796733379364,0.09980089962482452,0.23661130666732788,118852,50,2,False,Right,Back,Right,Centre,74
<_io.BytesIO object at 0x000001C2734AA310>,0.7086376547813416,0.1610889732837677,0.1557263284921646,118852,50,2,False,Right,Back,Right,Centre,74
<_io.BytesIO object at 0x000001C2734AAE00>,0.6941899061203003,0.10404253751039505,0.17983752489089966,118852,50,2,False,Right,Back,Right,Centre,74
<_io.BytesIO object at 0x000001C2735D1950>,0.6888642907142639,0.1454361528158188,0.17454351484775543,118852,50,2,False,Right,Back,Right,Centre,74
<_io.BytesIO object at 0x000001C2735D1180>,0.7955136895179749,0.05895316228270531,-0.08966267108917236,118852,50,2,False,Right,Back,Right,Centre,74
<_io.BytesIO object at 0x000001C2735D1400>,0.7657926082611084,0.06539013236761093,-0.11909633129835129,118852,50,2,False,Right,Back,Right,Centre,74
<_io.BytesIO object at 0x000001C2735D16D0>,0.7976714968681335,0.025060083717107773,-0.07704770565032959,118852,50,2,False,Right,Back,Right,Centre,74
<_io.BytesIO object at 0x000001C2735D1DB0>,0.7696188688278198,0.03833697736263275,-0.029232284054160118,118852,50,2,False,Right,Back,Right,Centre,74
<_io.BytesIO object at 0x000001C2735D1220>,0.725224494934082,0.09255392104387283,-0.07703103125095367,118852,50,2,False,Right,Back,Right,Centre,74
<_io.BytesIO object at 0x000001C2735B4B30>,0.7605853080749512,0.1825171262025833,0.2350042313337326,118853,50,2,False,Right,Back,Right,Centre,74
<_io.BytesIO object at 0x000001C2735B4C20>,0.727796733379364,0.09980089962482452,0.23661130666732788,118853,50,2,False,Right,Back,Right,Centre,74
<_io.BytesIO object at 0x000001C2735BBBD0>,0.7086376547813416,0.1610889732837677,0.1557263284921646,118853,50,2,False,Right,Back,Right,Centre,74
<_io.BytesIO object at 0x000001C2735BB0E0>,0.6941899061203003,0.10404253751039505,0.17983752489089966,118853,50,2,False,Right,Back,Right,Centre,74
<_io.BytesIO object at 0x000001C2735BB360>,0.6888642907142639,0.1454361528158188,0.17454351484775543,118853,50,2,False,Right,Back,Right,Centre,74
<_io.BytesIO object at 0x000001C2735BB270>,0.7953550815582275,0.05901230126619339,-0.08939056098461151,118853,50,2,False,Right,Back,Right,Centre,74
<_io.BytesIO object at 0x000001C2735BB680>,0.7656229138374329,0.06527893245220184,-0.11885462701320648,118853,50,2,False,Right,Back,Right,Centre,74
<_io.BytesIO object at 0x000001C2735BBE00>,0.7975967526435852,0.02504722587764263,-0.0768357515335083,118853,50,2,False,Right,Back,Right,Centre,74
<_io.BytesIO object at 0x000001C2735BB7C0>,0.7692088484764099,0.0382392443716526,-0.028824783861637115,118853,50,2,False,Right,Back,Right,Centre,74
<_io.BytesIO object at 0x000001C2735A5590>,0.7251524329185486,0.09261950850486755,-0.07679122686386108,118853,50,2,False,Right,Back,Right,Centre,74
<_io.BytesIO object at 0x000001C27347DD60>,0.7605853080749512,0.1825171262025833,0.2350042313337326,118854,50,2,False,Right,Back,Right,Centre,74
<_io.BytesIO object at 0x000001C2735D4F90>,0.727796733379364,0.09980089962482452,0.23661130666732788,118854,50,2,False,Right,Back,Right,Centre,74
<_io.BytesIO object at 0x000001C2735D4BD0>,0.7086376547813416,0.1610889732837677,0.1557263284921646,118854,50,2,False,Right,Back,Right,Centre,74
<_io.BytesIO object at 0x000001C2735D4B80>,0.6941899061203003,0.10404253751039505,0.17983752489089966,118854,50,2,False,Right,Back,Right,Centre,74
<_io.BytesIO object at 0x000001C2735D4590>,0.6888642907142639,0.1454361528158188,0.17454351484775543,118854,50,2,False,Right,Back,Right,Centre,74
<_io.BytesIO object at 0x000001C2735D41D0>,0.7953333854675293,0.05902305617928505,-0.08910147100687027,118854,50,2,False,Right,Back,Right,Centre,74
<_io.BytesIO object at 0x000001C2735D4860>,0.7655911445617676,0.06532427668571472,-0.11862124502658844,118854,50,2,False,Right,Back,Right,Centre,74
<_io.BytesIO object at 0x000001C2736AD9A0>,0.7975274920463562,0.025054380297660828,-0.07661347836256027,118854,50,2,False,Right,Back,Right,Centre,74
<_io.BytesIO object at 0x000001C2736ADDB0>,0.7691712975502014,0.038258910179138184,-0.02854865789413452,118854,50,2,False,Right,Back,Right,Centre,74
<_io.BytesIO object at 0x000001C2736AD860>,0.7251340746879578,0.09264540672302246,-0.07657264918088913,118854,50,2,False,Right,Back,Right,Centre,74
<_io.BytesIO object at 0x000001C273470A90>,0.7605853080749512,0.1825171262025833,0.2350042313337326,118855,50,2,False,Right,Back,Right,Centre,74
<_io.BytesIO object at 0x000001C273470770>,0.727796733379364,0.09980089962482452,0.23661130666732788,118855,50,2,False,Right,Back,Right,Centre,74
<_io.BytesIO object at 0x000001C2736ADEA0>,0.7086376547813416,0.1610889732837677,0.1557263284921646,118855,50,2,False,Right,Back,Right,Centre,74
<_io.BytesIO object at 0x000001C2736ADF40>,0.6941899061203003,0.10404253751039505,0.17983752489089966,118855,50,2,False,Right,Back,Right,Centre,74
<_io.BytesIO object at 0x000001C2736AD0E0>,0.6888642907142639,0.1454361528158188,0.17454351484775543,118855,50,2,False,Right,Back,Right,Centre,74
<_io.BytesIO object at 0x000001C2736ADE50>,0.7952852249145508,0.059067945927381516,-0.0888579711318016,118855,50,2,False,Right,Back,Right,Centre,74
<_io.BytesIO object at 0x000001C2736AD860>,0.7654472589492798,0.06532064080238342,-0.11829942464828491,118855,50,2,False,Right,Back,Right,Centre,74
<_io.BytesIO object at 0x000001C2736ADC20>,0.797478199005127,0.02506115287542343,-0.07637490332126617,118855,50,2,False,Right,Back,Right,Centre,74
<_io.BytesIO object at 0x000001C2736ADD10>,0.7691361904144287,0.03826025500893593,-0.02830839343369007,118855,50,2,False,Right,Back,Right,Centre,74
<_io.BytesIO object at 0x000001C2735D4360>,0.7251462936401367,0.09257010370492935,-0.07627788186073303,118855,50,2,False,Right,Back,Right,Centre,74
<_io.BytesIO object at 0x000001C27347DEF0>,0.7605853080749512,0.1825171262025833,0.2350042313337326,118856,50,2,False,Right,Back,Right,Centre,74
<_io.BytesIO object at 0x000001C2735A5F90>,0.727796733379364,0.09980089962482452,0.23661130666732788,118856,50,2,False,Right,Back,Right,Centre,74
<_io.BytesIO object at 0x000001C2735A5E00>,0.7086376547813416,0.1610889732837677,0.1557263284921646,118856,50,2,False,Right,Back,Right,Centre,74
<_io.BytesIO object at 0x000001C2735A5EA0>,0.6941899061203003,0.10404253751039505,0.17983752489089966,118856,50,2,False,Right,Back,Right,Centre,74
<_io.BytesIO object at 0x000001C2735A5040>,0.6888642907142639,0.1454361528158188,0.17454351484775543,118856,50,2,False,Right,Back,Right,Centre,74
<_io.BytesIO object at 0x000001C2735BBDB0>,0.7952402234077454,0.059072449803352356,-0.08863037079572678,118856,50,2,False,Right,Back,Right,Centre,74
<_io.BytesIO object at 0x000001C2735BBA40>,0.7654160261154175,0.06534874439239502,-0.11807166785001755,118856,50,2,False,Right,Back,Right,Centre,74
<_io.BytesIO object at 0x000001C2735BBE00>,0.7974391579627991,0.025061048567295074,-0.07614731788635254,118856,50,2,False,Right,Back,Right,Centre,74
<_io.BytesIO object at 0x000001C2735BB4A0>,0.7691444754600525,0.038294341415166855,-0.02805931679904461,118856,50,2,False,Right,Back,Right,Centre,74
<_io.BytesIO object at 0x000001C2735BB900>,0.725145161151886,0.09260648488998413,-0.07601278275251389,118856,50,2,False,Right,Back,Right,Centre,74
<_io.BytesIO object at 0x000001C273483950>,0.7605853080749512,0.1825171262025833,0.2350042313337326,118857,50,2,False,Right,Back,Right,Centre,74
<_io.BytesIO object at 0x000001C273483A90>,0.727796733379364,0.09980089962482452,0.23661130666732788,118857,50,2,False,Right,Back,Right,Centre,74
<_io.BytesIO object at 0x000001C273483450>,0.7086376547813416,0.1610889732837677,0.1557263284921646,118857,50,2,False,Right,Back,Right,Centre,74
<_io.BytesIO object at 0x000001C2735D1E00>,0.6941899061203003,0.10404253751039505,0.17983752489089966,118857,50,2,False,Right,Back,Right,Centre,74
<_io.BytesIO object at 0x000001C2735D1680>,0.6888642907142639,0.1454361528158188,0.17454351484775543,118857,50,2,False,Right,Back,Right,Centre,74
<_io.BytesIO object at 0x000001C2735D1270>,0.7952016592025757,0.05909311771392822,-0.08841558545827866,118857,50,2,False,Right,Back,Right,Centre,74
<_io.BytesIO object at 0x000001C2735D14F0>,0.7653940916061401,0.06537327915430069,-0.11784989386796951,118857,50,2,False,Right,Back,Right,Centre,74
<_io.BytesIO object at 0x000001C2735D18B0>,0.7974560260772705,0.025120830163359642,-0.0758758932352066,118857,50,2,False,Right,Back,Right,Centre,74
<_io.BytesIO object at 0x000001C2735D1E50>,0.7691381573677063,0.038308173418045044,-0.02781338430941105,118857,50,2,False,Right,Back,Right,Centre,74
<_io.BytesIO object at 0x000001C2735D1950>,0.7251561284065247,0.09265942126512527,-0.07573355734348297,118857,50,2,False,Right,Back,Right,Centre,74
<_io.BytesIO object at 0x000001C26B2152C0>,0.7605853080749512,0.1825171262025833,0.2350042313337326,118858,50,2,False,Right,Back,Right,Centre,74
<_io.BytesIO object at 0x000001C27347F7C0>,0.727796733379364,0.09980089962482452,0.23661130666732788,118858,50,2,False,Right,Back,Right,Centre,74
<_io.BytesIO object at 0x000001C27347FDB0>,0.7086376547813416,0.1610889732837677,0.1557263284921646,118858,50,2,False,Right,Back,Right,Centre,74
<_io.BytesIO object at 0x000001C27347F360>,0.6941899061203003,0.10404253751039505,0.17983752489089966,118858,50,2,False,Right,Back,Right,Centre,74
<_io.BytesIO object at 0x000001C27347FEA0>,0.6888642907142639,0.1454361528158188,0.17454351484775543,118858,50,2,False,Right,Back,Right,Centre,74
<_io.BytesIO object at 0x000001C2734AD900>,0.7952107787132263,0.0591321736574173,-0.088173046708107,118858,50,2,False,Right,Back,Right,Centre,74
<_io.BytesIO object at 0x000001C2734AD4A0>,0.7654013633728027,0.06543723493814468,-0.11754259467124939,118858,50,2,False,Right,Back,Right,Centre,74
<_io.BytesIO object at 0x000001C2734AD130>,0.7974720597267151,0.02515099197626114,-0.07560363411903381,118858,50,2,False,Right,Back,Right,Centre,74
<_io.BytesIO object at 0x000001C2734AD270>,0.7691310048103333,0.03831193223595619,-0.02752985619008541,118858,50,2,False,Right,Back,Right,Centre,74
<_io.BytesIO object at 0x000001C2734AD360>,0.7251478433609009,0.09271039813756943,-0.07545576244592667,118858,50,2,False,Right,Back,Right,Centre,74
<_io.BytesIO object at 0x000001C27349D7C0>,0.7605853080749512,0.1825171262025833,0.2350042313337326,118859,50,2,False,Right,Back,Right,Centre,74
<_io.BytesIO object at 0x000001C27349D720>,0.727796733379364,0.09980089962482452,0.23661130666732788,118859,50,2,False,Right,Back,Right,Centre,74
<_io.BytesIO object at 0x000001C2735B5C70>,0.7086376547813416,0.1610889732837677,0.1557263284921646,118859,50,2,False,Right,Back,Right,Centre,74
<_io.BytesIO object at 0x000001C2735B5C20>,0.6941899061203003,0.10404253751039505,0.17983752489089966,118859,50,2,False,Right,Back,Right,Centre,74
<_io.BytesIO object at 0x000001C27349DF90>,0.6888642907142639,0.1454361528158188,0.17454351484775543,118859,50,2,False,Right,Back,Right,Centre,74
<_io.BytesIO object at 0x000001C27349DAE0>,0.7952196598052979,0.05912556126713753,-0.08793637156486511,118859,50,2,False,Right,Back,Right,Centre,74
<_io.BytesIO object at 0x000001C27349D9A0>,0.7654030919075012,0.06547632068395615,-0.11728018522262573,118859,50,2,False,Right,Back,Right,Centre,74
<_io.BytesIO object at 0x000001C27349D450>,0.7974547147750854,0.025135383009910583,-0.07537823915481567,118859,50,2,False,Right,Back,Right,Centre,74
<_io.BytesIO object at 0x000001C27349D220>,0.7692199945449829,0.038328979164361954,-0.027217857539653778,118859,50,2,False,Right,Back,Right,Centre,74
<_io.BytesIO object at 0x000001C2735DB860>,0.7250486016273499,0.09277909249067307,-0.07511303573846817,118859,50,2,False,Right,Back,Right,Centre,74
<_io.BytesIO object at 0x000001C2734AD4A0>,0.7605853080749512,0.1825171262025833,0.2350042313337326,118860,50,2,False,Right,Back,Right,Centre,74
<_io.BytesIO object at 0x000001C27347F4F0>,0.727796733379364,0.09980089962482452,0.23661130666732788,118860,50,2,False,Right,Back,Right,Centre,74
<_io.BytesIO object at 0x000001C27347F9A0>,0.7086376547813416,0.1610889732837677,0.1557263284921646,118860,50,2,False,Right,Back,Right,Centre,74
<_io.BytesIO object at 0x000001C27347FC20>,0.6941899061203003,0.10404253751039505,0.17983752489089966,118860,50,2,False,Right,Back,Right,Centre,74
<_io.BytesIO object at 0x000001C27347F8B0>,0.6888642907142639,0.1454361528158188,0.17454351484775543,118860,50,2,False,Right,Back,Right,Centre,74
<_io.BytesIO object at 0x000001C2707049F0>,0.79524827003479,0.059130363166332245,-0.08771540969610214,118860,50,2,False,Right,Back,Right,Centre,74
<_io.BytesIO object at 0x000001C26B2154A0>,0.7655433416366577,0.06579480320215225,-0.11704828590154648,118860,50,2,False,Right,Back,Right,Centre,74
<_io.BytesIO object at 0x000001C26B2150E0>,0.7974746823310852,0.025147881358861923,-0.07513747364282608,118860,50,2,False,Right,Back,Right,Centre,74
<_io.BytesIO object at 0x000001C26B215630>,0.7692806124687195,0.03837832063436508,-0.026893282309174538,118860,50,2,False,Right,Back,Right,Centre,74
<_io.BytesIO object at 0x000001C26B215090>,0.7252218723297119,0.09277493506669998,-0.07474944740533829,118860,50,2,False,Right,Back,Right,Centre,74
<_io.BytesIO object at 0x000001C2735D1040>,0.7605853080749512,0.1825171262025833,0.2350042313337326,118861,50,2,False,Right,Back,Right,Centre,74
<_io.BytesIO object at 0x000001C273483720>,0.727796733379364,0.09980089962482452,0.23661130666732788,118861,50,2,False,Right,Back,Right,Centre,74
<_io.BytesIO object at 0x000001C273483AE0>,0.7086376547813416,0.1610889732837677,0.1557263284921646,118861,50,2,False,Right,Back,Right,Centre,74
<_io.BytesIO object at 0x000001C2734834A0>,0.6941899061203003,0.10404253751039505,0.17983752489089966,118861,50,2,False,Right,Back,Right,Centre,74
<_io.BytesIO object at 0x000001C2734835E0>,0.6888642907142639,0.1454361528158188,0.17454351484775543,118861,50,2,False,Right,Back,Right,Centre,74
<_io.BytesIO object at 0x000001C2734839A0>,0.7953405976295471,0.05915668234229088,-0.08741364628076553,118861,50,2,False,Right,Back,Right,Centre,74
<_io.BytesIO object at 0x000001C273483540>,0.7655694484710693,0.0658249631524086,-0.11679040640592575,118861,50,2,False,Right,Back,Right,Centre,74
<_io.BytesIO object at 0x000001C2735B41D0>,0.7974755167961121,0.025120306760072708,-0.07489804923534393,118861,50,2,False,Right,Back,Right,Centre,74
<_io.BytesIO object at 0x000001C2735B42C0>,0.7693763971328735,0.0383639931678772,-0.026652202010154724,118861,50,2,False,Right,Back,Right,Centre,74
<_io.BytesIO object at 0x000001C2735B4EA0>,0.7252770662307739,0.09280873835086823,-0.07444775104522705,118861,50,2,False,Right,Back,Right,Centre,74
<_io.BytesIO object at 0x000001C27347D3B0>,0.7605853080749512,0.1825171262025833,0.2350042313337326,118862,50,2,False,Right,Back,Right,Centre,74
<_io.BytesIO object at 0x000001C27347D590>,0.727796733379364,0.09980089962482452,0.23661130666732788,118862,50,2,False,Right,Back,Right,Centre,74
<_io.BytesIO object at 0x000001C27347DBD0>,0.7086376547813416,0.1610889732837677,0.1557263284921646,118862,50,2,False,Right,Back,Right,Centre,74
<_io.BytesIO object at 0x000001C27347D950>,0.6941899061203003,0.10404253751039505,0.17983752489089966,118862,50,2,False,Right,Back,Right,Centre,74
<_io.BytesIO object at 0x000001C27347DDB0>,0.6888642907142639,0.1454361528158188,0.17454351484775543,118862,50,2,False,Right,Back,Right,Centre,74
<_io.BytesIO object at 0x000001C2735BB040>,0.7953762412071228,0.0590917132794857,-0.08713439106941223,118862,50,2,False,Right,Back,Right,Centre,74
<_io.BytesIO object at 0x000001C2735BBF90>,0.7656107544898987,0.0658845603466034,-0.1165504977107048,118862,50,2,False,Right,Back,Right,Centre,74
<_io.BytesIO object at 0x000001C2735BB090>,0.7975388169288635,0.025122374296188354,-0.07469584047794342,118862,50,2,False,Right,Back,Right,Centre,74
<_io.BytesIO object at 0x000001C2735BBEA0>,0.7694763541221619,0.03834116458892822,-0.026391517370939255,118862,50,2,False,Right,Back,Right,Centre,74
<_io.BytesIO object at 0x000001C2735BB680>,0.7253141403198242,0.09282516688108444,-0.07410454750061035,118862,50,2,False,Right,Back,Right,Centre,74
<_io.BytesIO object at 0x000001C2736AD860>,0.7605853080749512,0.1825171262025833,0.2350042313337326,118863,50,2,False,Right,Back,Right,Centre,74
<_io.BytesIO object at 0x000001C2736AD7C0>,0.727796733379364,0.09980089962482452,0.23661130666732788,118863,50,2,False,Right,Back,Right,Centre,74
<_io.BytesIO object at 0x000001C273470270>,0.7086376547813416,0.1610889732837677,0.1557263284921646,118863,50,2,False,Right,Back,Right,Centre,74
<_io.BytesIO object at 0x000001C2734702C0>,0.6941899061203003,0.10404253751039505,0.17983752489089966,118863,50,2,False,Right,Back,Right,Centre,74
<_io.BytesIO object at 0x000001C273470220>,0.6888642907142639,0.1454361528158188,0.17454351484775543,118863,50,2,False,Right,Back,Right,Centre,74
<_io.BytesIO object at 0x000001C2734704A0>,0.7954661250114441,0.05910405144095421,-0.08689440041780472,118863,50,2,False,Right,Back,Right,Centre,74
<_io.BytesIO object at 0x000001C273470450>,0.7655324339866638,0.06585005670785904,-0.11622583866119385,118863,50,2,False,Right,Back,Right,Centre,74
<_io.BytesIO object at 0x000001C2734707C0>,0.7976139187812805,0.025110682472586632,-0.07444792985916138,118863,50,2,False,Right,Back,Right,Centre,74
<_io.BytesIO object at 0x000001C273470130>,0.7696030139923096,0.03831847757101059,-0.026147587224841118,118863,50,2,False,Right,Back,Right,Centre,74
<_io.BytesIO object at 0x000001C2735B5C70>,0.7253983616828918,0.09285593032836914,-0.07380467653274536,118863,50,2,False,Right,Back,Right,Centre,74
<_io.BytesIO object at 0x000001C2736AD400>,0.7605853080749512,0.1825171262025833,0.2350042313337326,118864,50,2,False,Right,Back,Right,Centre,74
<_io.BytesIO object at 0x000001C2736ADCC0>,0.727796733379364,0.09980089962482452,0.23661130666732788,118864,50,2,False,Right,Back,Right,Centre,74
<_io.BytesIO object at 0x000001C2735D4D60>,0.7086376547813416,0.1610889732837677,0.1557263284921646,118864,50,2,False,Right,Back,Right,Centre,74
<_io.BytesIO object at 0x000001C2735D4680>,0.6941899061203003,0.10404253751039505,0.17983752489089966,118864,50,2,False,Right,Back,Right,Centre,74
<_io.BytesIO object at 0x000001C2735D49F0>,0.6888642907142639,0.1454361528158188,0.17454351484775543,118864,50,2,False,Right,Back,Right,Centre,74
<_io.BytesIO object at 0x000001C2735D4A90>,0.7955479621887207,0.05913405120372772,-0.08664871752262115,118864,50,2,False,Right,Back,Right,Centre,74
<_io.BytesIO object at 0x000001C2735D4CC0>,0.7656064033508301,0.06586314737796783,-0.11593544483184814,118864,50,2,False,Right,Back,Right,Centre,74
<_io.BytesIO object at 0x000001C2735D4310>,0.797728419303894,0.025077322497963905,-0.07422494143247604,118864,50,2,False,Right,Back,Right,Centre,74
<_io.BytesIO object at 0x000001C2735D49A0>,0.7697966694831848,0.03829173743724823,-0.025858869776129723,118864,50,2,False,Right,Back,Right,Centre,74
<_io.BytesIO object at 0x000001C2735BB310>,0.7256126403808594,0.0929083526134491,-0.07345553487539291,118864,50,2,False,Right,Back,Right,Centre,74
<_io.BytesIO object at 0x000001C27347DF40>,0.7605853080749512,0.1825171262025833,0.2350042313337326,118865,50,2,False,Right,Back,Right,Centre,74
<_io.BytesIO object at 0x000001C2735A5BD0>,0.727796733379364,0.09980089962482452,0.23661130666732788,118865,50,2,False,Right,Back,Right,Centre,74
<_io.BytesIO object at 0x000001C2735A5F90>,0.7086376547813416,0.1610889732837677,0.1557263284921646,118865,50,2,False,Right,Back,Right,Centre,74
<_io.BytesIO object at 0x000001C2735A5310>,0.6941899061203003,0.10404253751039505,0.17983752489089966,118865,50,2,False,Right,Back,Right,Centre,74
<_io.BytesIO object at 0x000001C2735A5590>,0.6888642907142639,0.1454361528158188,0.17454351484775543,118865,50,2,False,Right,Back,Right,Centre,74
<_io.BytesIO object at 0x000001C2735A5540>,0.7956314086914062,0.05913211777806282,-0.0864449143409729,118865,50,2,False,Right,Back,Right,Centre,74
<_io.BytesIO object at 0x000001C2735B4310>,0.7656812071800232,0.06586625427007675,-0.11567352712154388,118865,50,2,False,Right,Back,Right,Centre,74
<_io.BytesIO object at 0x000001C2735B49A0>,0.797855019569397,0.025070641189813614,-0.07400818914175034,118865,50,2,False,Right,Back,Right,Centre,74
<_io.BytesIO object at 0x000001C2735B4DB0>,0.7699985504150391,0.03827047348022461,-0.02557455189526081,118865,50,2,False,Right,Back,Right,Centre,74
<_io.BytesIO object at 0x000001C2735B4360>,0.7257454991340637,0.09292316436767578,-0.07313524186611176,118865,50,2,False,Right,Back,Right,Centre,74
<_io.BytesIO object at 0x000001C2735D1590>,0.7605853080749512,0.1825171262025833,0.2350042313337326,118866,50,2,False,Right,Back,Right,Centre,74
<_io.BytesIO object at 0x000001C2735D16D0>,0.727796733379364,0.09980089962482452,0.23661130666732788,118866,50,2,False,Right,Back,Right,Centre,74
<_io.BytesIO object at 0x000001C2735D1B80>,0.7086376547813416,0.1610889732837677,0.1557263284921646,118866,50,2,False,Right,Back,Right,Centre,74
<_io.BytesIO object at 0x000001C2735D10E0>,0.6941899061203003,0.10404253751039505,0.17983752489089966,118866,50,2,False,Right,Back,Right,Centre,74
<_io.BytesIO object at 0x000001C2734AAE00>,0.6888642907142639,0.1454361528158188,0.17454351484775543,118866,50,2,False,Right,Back,Right,Centre,74
<_io.BytesIO object at 0x000001C2734AA310>,0.7957120537757874,0.059102632105350494,-0.0862639769911766,118866,50,2,False,Right,Back,Right,Centre,74
<_io.BytesIO object at 0x000001C2734AA9F0>,0.7657026052474976,0.06570708006620407,-0.11541255563497543,118866,50,2,False,Right,Back,Right,Centre,74
<_io.BytesIO object at 0x000001C2734AAB80>,0.7979347705841064,0.02496642805635929,-0.07380511611700058,118866,50,2,False,Right,Back,Right,Centre,74
<_io.BytesIO object at 0x000001C2734AA040>,0.7701754570007324,0.038228534162044525,-0.025354649871587753,118866,50,2,False,Right,Back,Right,Centre,74
<_io.BytesIO object at 0x000001C2734AA630>,0.7258731722831726,0.09295934438705444,-0.07280426472425461,118866,50,2,False,Right,Back,Right,Centre,74
<_io.BytesIO object at 0x000001C27347F720>,0.7605853080749512,0.1825171262025833,0.2350042313337326,118867,50,2,False,Right,Back,Right,Centre,74
<_io.BytesIO object at 0x000001C2734AD9A0>,0.727796733379364,0.09980089962482452,0.23661130666732788,118867,50,2,False,Right,Back,Right,Centre,74
<_io.BytesIO object at 0x000001C2734AD630>,0.7086376547813416,0.1610889732837677,0.1557263284921646,118867,50,2,False,Right,Back,Right,Centre,74
<_io.BytesIO object at 0x000001C2734AD810>,0.6941899061203003,0.10404253751039505,0.17983752489089966,118867,50,2,False,Right,Back,Right,Centre,74
<_io.BytesIO object at 0x000001C2734ADF90>,0.6888642907142639,0.1454361528158188,0.17454351484775543,118867,50,2,False,Right,Back,Right,Centre,74
<_io.BytesIO object at 0x000001C2734ADB80>,0.7959495782852173,0.05915427953004837,-0.08597193658351898,118867,50,2,False,Right,Back,Right,Centre,74
<_io.BytesIO object at 0x000001C2735DB310>,0.7658175826072693,0.0656735971570015,-0.1152055561542511,118867,50,2,False,Right,Back,Right,Centre,74
<_io.BytesIO object at 0x000001C2735DBA90>,0.798043966293335,0.024912625551223755,-0.07362853735685349,118867,50,2,False,Right,Back,Right,Centre,74
<_io.BytesIO object at 0x000001C2735DB180>,0.7703567147254944,0.038202542811632156,-0.02513507939875126,118867,50,2,False,Right,Back,Right,Centre,74
<_io.BytesIO object at 0x000001C2735DB090>,0.7259809970855713,0.0929579958319664,-0.07252253592014313,118867,50,2,False,Right,Back,Right,Centre,74
<_io.BytesIO object at 0x000001C2734ADC20>,0.7605853080749512,0.1825171262025833,0.2350042313337326,118868,50,2,False,Right,Back,Right,Centre,74
<_io.BytesIO object at 0x000001C2734ADA40>,0.727796733379364,0.09980089962482452,0.23661130666732788,118868,50,2,False,Right,Back,Right,Centre,74
<_io.BytesIO object at 0x000001C2734ADB30>,0.7086376547813416,0.1610889732837677,0.1557263284921646,118868,50,2,False,Right,Back,Right,Centre,74
<_io.BytesIO object at 0x000001C27347F0E0>,0.6941899061203003,0.10404253751039505,0.17983752489089966,118868,50,2,False,Right,Back,Right,Centre,74
<_io.BytesIO object at 0x000001C27347FAE0>,0.6888642907142639,0.1454361528158188,0.17454351484775543,118868,50,2,False,Right,Back,Right,Centre,74
<_io.BytesIO object at 0x000001C27347F860>,0.7960790991783142,0.05916192755103111,-0.08577293157577515,118868,50,2,False,Right,Back,Right,Centre,74
<_io.BytesIO object at 0x000001C27347F7C0>,0.7658910751342773,0.06566966325044632,-0.1149776503443718,118868,50,2,False,Right,Back,Right,Centre,74
<_io.BytesIO object at 0x000001C27347FB30>,0.7981626391410828,0.024865014478564262,-0.07346846163272858,118868,50,2,False,Right,Back,Right,Centre,74
<_io.BytesIO object at 0x000001C27347FC70>,0.7706177234649658,0.038106758147478104,-0.024891778826713562,118868,50,2,False,Right,Back,Right,Centre,74
<_io.BytesIO object at 0x000001C27347F4A0>,0.7261381149291992,0.09285498410463333,-0.07220527529716492,118868,50,2,False,Right,Back,Right,Centre,74
<_io.BytesIO object at 0x000001C2734AA8B0>,0.7605853080749512,0.1825171262025833,0.2350042313337326,118869,50,2,False,Right,Back,Right,Centre,74
<_io.BytesIO object at 0x000001C273483950>,0.727796733379364,0.09980089962482452,0.23661130666732788,118869,50,2,False,Right,Back,Right,Centre,74
<_io.BytesIO object at 0x000001C273483040>,0.7086376547813416,0.1610889732837677,0.1557263284921646,118869,50,2,False,Right,Back,Right,Centre,74
<_io.BytesIO object at 0x000001C273483680>,0.6941899061203003,0.10404253751039505,0.17983752489089966,118869,50,2,False,Right,Back,Right,Centre,74
<_io.BytesIO object at 0x000001C273483180>,0.6888642907142639,0.1454361528158188,0.17454351484775543,118869,50,2,False,Right,Back,Right,Centre,74
<_io.BytesIO object at 0x000001C2735B4D10>,0.7962114214897156,0.059182729572057724,-0.08559495210647583,118869,50,2,False,Right,Back,Right,Centre,74
<_io.BytesIO object at 0x000001C2735B44A0>,0.7659821510314941,0.06561455130577087,-0.11465445160865784,118869,50,2,False,Right,Back,Right,Centre,74
<_io.BytesIO object at 0x000001C2735B4180>,0.7983132600784302,0.024840673431754112,-0.07330264896154404,118869,50,2,False,Right,Back,Right,Centre,74
<_io.BytesIO object at 0x000001C2735B4770>,0.7708306908607483,0.0380767360329628,-0.024632548913359642,118869,50,2,False,Right,Back,Right,Centre,74
<_io.BytesIO object at 0x000001C2735B4E50>,0.7262792587280273,0.09286659955978394,-0.07186123728752136,118869,50,2,False,Right,Back,Right,Centre,74
<_io.BytesIO object at 0x000001C27347D220>,0.7605853080749512,0.1825171262025833,0.2350042313337326,118870,50,2,False,Right,Back,Right,Centre,74
<_io.BytesIO object at 0x000001C27347D400>,0.727796733379364,0.09980089962482452,0.23661130666732788,118870,50,2,False,Right,Back,Right,Centre,74
<_io.BytesIO object at 0x000001C2735D45E0>,0.7086376547813416,0.1610889732837677,0.1557263284921646,118870,50,2,False,Right,Back,Right,Centre,74
<_io.BytesIO object at 0x000001C2735D4C20>,0.6941899061203003,0.10404253751039505,0.17983752489089966,118870,50,2,False,Right,Back,Right,Centre,74
<_io.BytesIO object at 0x000001C2735D4A40>,0.6888642907142639,0.1454361528158188,0.17454351484775543,118870,50,2,False,Right,Back,Right,Centre,74
<_io.BytesIO object at 0x000001C2735D46D0>,0.7962552309036255,0.05896750092506409,-0.085810586810112,118870,50,2,False,Right,Back,Right,Centre,74
<_io.BytesIO object at 0x000001C2735D4A90>,0.7661010026931763,0.06551298499107361,-0.11429177969694138,118870,50,2,False,Right,Back,Right,Centre,74
<_io.BytesIO object at 0x000001C2735D4270>,0.798478364944458,0.024804657325148582,-0.07313902676105499,118870,50,2,False,Right,Back,Right,Centre,74
<_io.BytesIO object at 0x000001C2735D4770>,0.7717050909996033,0.03820215165615082,-0.024775436148047447,118870,50,2,False,Right,Back,Right,Centre,74
<_io.BytesIO object at 0x000001C2735D4860>,0.726334810256958,0.09276694804430008,-0.0714905709028244,118870,50,2,False,Right,Back,Right,Centre,74
<_io.BytesIO object at 0x000001C2735BB4F0>,0.7605853080749512,0.1825171262025833,0.2350042313337326,118871,50,2,False,Right,Back,Right,Centre,74
<_io.BytesIO object at 0x000001C273470AE0>,0.727796733379364,0.09980089962482452,0.23661130666732788,118871,50,2,False,Right,Back,Right,Centre,74
<_io.BytesIO object at 0x000001C273470DB0>,0.7086376547813416,0.1610889732837677,0.1557263284921646,118871,50,2,False,Right,Back,Right,Centre,74
<_io.BytesIO object at 0x000001C2734708B0>,0.6941899061203003,0.10404253751039505,0.17983752489089966,118871,50,2,False,Right,Back,Right,Centre,74
<_io.BytesIO object at 0x000001C273470130>,0.6888642907142639,0.1454361528158188,0.17454351484775543,118871,50,2,False,Right,Back,Right,Centre,74
<_io.BytesIO object at 0x000001C273470450>,0.7963764071464539,0.05893249437212944,-0.0856829583644867,118871,50,2,False,Right,Back,Right,Centre,74
<_io.BytesIO object at 0x000001C2734706D0>,0.7662145495414734,0.06553173810243607,-0.11406740546226501,118871,50,2,False,Right,Back,Right,Centre,74
<_io.BytesIO object at 0x000001C2735B5BD0>,0.7986205816268921,0.024784067645668983,-0.07299590110778809,118871,50,2,False,Right,Back,Right,Centre,74
<_io.BytesIO object at 0x000001C2735B5810>,0.7716272473335266,0.03800094127655029,-0.024419648572802544,118871,50,2,False,Right,Back,Right,Centre,74
<_io.BytesIO object at 0x000001C2735B5A40>,0.7267284989356995,0.09267541021108627,-0.07111658155918121,118871,50,2,False,Right,Back,Right,Centre,74
<_io.BytesIO object at 0x000001C2735D1BD0>,0.7605853080749512,0.1825171262025833,0.2350042313337326,118872,50,2,False,Right,Back,Right,Centre,74
<_io.BytesIO object at 0x000001C2735D1450>,0.727796733379364,0.09980089962482452,0.23661130666732788,118872,50,2,False,Right,Back,Right,Centre,74
<_io.BytesIO object at 0x000001C2735D1860>,0.7086376547813416,0.1610889732837677,0.1557263284921646,118872,50,2,False,Right,Back,Right,Centre,74
<_io.BytesIO object at 0x000001C2735D1D10>,0.6941899061203003,0.10404253751039505,0.17983752489089966,118872,50,2,False,Right,Back,Right,Centre,74
<_io.BytesIO object at 0x000001C2735B5900>,0.6888642907142639,0.1454361528158188,0.17454351484775543,118872,50,2,False,Right,Back,Right,Centre,74
<_io.BytesIO object at 0x000001C2735B5810>,0.7965131402015686,0.058844298124313354,-0.08552520722150803,118872,50,2,False,Right,Back,Right,Centre,74
<_io.BytesIO object at 0x000001C2735B5E00>,0.766306459903717,0.0656750276684761,-0.11399967223405838,118872,50,2,False,Right,Back,Right,Centre,74
<_io.BytesIO object at 0x000001C273470F90>,0.7987873554229736,0.02475549280643463,-0.07287447154521942,118872,50,2,False,Right,Back,Right,Centre,74
<_io.BytesIO object at 0x000001C273470900>,0.7718732357025146,0.03791660815477371,-0.024236297234892845,118872,50,2,False,Right,Back,Right,Centre,74
<_io.BytesIO object at 0x000001C273470A40>,0.7269144058227539,0.09270164370536804,-0.0708371177315712,118872,50,2,False,Right,Back,Right,Centre,74
<_io.BytesIO object at 0x000001C2736ADF90>,0.7605853080749512,0.1825171262025833,0.2350042313337326,118873,50,2,False,Right,Back,Right,Centre,74
<_io.BytesIO object at 0x000001C2736AD9F0>,0.727796733379364,0.09980089962482452,0.23661130666732788,118873,50,2,False,Right,Back,Right,Centre,74
<_io.BytesIO object at 0x000001C2736ADB80>,0.7086376547813416,0.1610889732837677,0.1557263284921646,118873,50,2,False,Right,Back,Right,Centre,74
<_io.BytesIO object at 0x000001C2735D4310>,0.6941899061203003,0.10404253751039505,0.17983752489089966,118873,50,2,False,Right,Back,Right,Centre,74
<_io.BytesIO object at 0x000001C2735D4860>,0.6888642907142639,0.1454361528158188,0.17454351484775543,118873,50,2,False,Right,Back,Right,Centre,74
<_io.BytesIO object at 0x000001C2735D4130>,0.7966926693916321,0.0588361956179142,-0.08528387546539307,118873,50,2,False,Right,Back,Right,Centre,74
<_io.BytesIO object at 0x000001C2735D49F0>,0.7663983702659607,0.06567646563053131,-0.11382216215133667,118873,50,2,False,Right,Back,Right,Centre,74
<_io.BytesIO object at 0x000001C2735D44F0>,0.7989242076873779,0.024689679965376854,-0.07275040447711945,118873,50,2,False,Right,Back,Right,Centre,74
<_io.BytesIO object at 0x000001C2735D4950>,0.7720907926559448,0.03781261295080185,-0.024059096351265907,118873,50,2,False,Right,Back,Right,Centre,74
<_io.BytesIO object at 0x000001C2735D4C20>,0.7270756959915161,0.0927041694521904,-0.070529505610466,118873,50,2,False,Right,Back,Right,Centre,74
<_io.BytesIO object at 0x000001C2735A5E50>,0.7605853080749512,0.1825171262025833,0.2350042313337326,118874,50,2,False,Right,Back,Right,Centre,74
<_io.BytesIO object at 0x000001C2735A5EF0>,0.727796733379364,0.09980089962482452,0.23661130666732788,118874,50,2,False,Right,Back,Right,Centre,74
<_io.BytesIO object at 0x000001C2735B4450>,0.7086376547813416,0.1610889732837677,0.1557263284921646,118874,50,2,False,Right,Back,Right,Centre,74
<_io.BytesIO object at 0x000001C2735B4D60>,0.6941899061203003,0.10404253751039505,0.17983752489089966,118874,50,2,False,Right,Back,Right,Centre,74
<_io.BytesIO object at 0x000001C2735B4F40>,0.6888642907142639,0.1454361528158188,0.17454351484775543,118874,50,2,False,Right,Back,Right,Centre,74
<_io.BytesIO object at 0x000001C2735B4EA0>,0.7968074083328247,0.05857795476913452,-0.08511051535606384,118874,50,2,False,Right,Back,Right,Centre,74
<_io.BytesIO object at 0x000001C2735B4A90>,0.7665082216262817,0.06571568548679352,-0.11360469460487366,118874,50,2,False,Right,Back,Right,Centre,74
<_io.BytesIO object at 0x000001C2735B4D10>,0.7990483045578003,0.024618351832032204,-0.07264269143342972,118874,50,2,False,Right,Back,Right,Centre,74
<_io.BytesIO object at 0x000001C273483450>,0.7722763419151306,0.03773628547787666,-0.023868676275014877,118874,50,2,False,Right,Back,Right,Centre,74
<_io.BytesIO object at 0x000001C273483310>,0.7271901965141296,0.09268563985824585,-0.07027989625930786,118874,50,2,False,Right,Back,Right,Centre,74
<_io.BytesIO object at 0x000001C2734AA720>,0.7605853080749512,0.1825171262025833,0.2350042313337326,118875,50,2,False,Right,Back,Right,Centre,74
<_io.BytesIO object at 0x000001C26B215220>,0.727796733379364,0.09980089962482452,0.23661130666732788,118875,50,2,False,Right,Back,Right,Centre,74
<_io.BytesIO object at 0x000001C27347F950>,0.7086376547813416,0.1610889732837677,0.1557263284921646,118875,50,2,False,Right,Back,Right,Centre,74
<_io.BytesIO object at 0x000001C27347F770>,0.6941899061203003,0.10404253751039505,0.17983752489089966,118875,50,2,False,Right,Back,Right,Centre,74
<_io.BytesIO object at 0x000001C27347F1D0>,0.6888642907142639,0.1454361528158188,0.17454351484775543,118875,50,2,False,Right,Back,Right,Centre,74
<_io.BytesIO object at 0x000001C27347F310>,0.7969058752059937,0.058532100170850754,-0.08494734764099121,118875,50,2,False,Right,Back,Right,Centre,74
<_io.BytesIO object at 0x000001C27347FD60>,0.7666192650794983,0.06574127078056335,-0.11336421966552734,118875,50,2,False,Right,Back,Right,Centre,74
<_io.BytesIO object at 0x000001C27347F360>,0.7991629242897034,0.024548808112740517,-0.07249277830123901,118875,50,2,False,Right,Back,Right,Centre,74
<_io.BytesIO object at 0x000001C27347FAE0>,0.7724535465240479,0.03762734681367874,-0.023675069212913513,118875,50,2,False,Right,Back,Right,Centre,74
<_io.BytesIO object at 0x000001C27347FEA0>,0.72732013463974,0.09262514859437943,-0.0700342133641243,118875,50,2,False,Right,Back,Right,Centre,74
<_io.BytesIO object at 0x000001C2735DB720>,0.7605853080749512,0.1825171262025833,0.2350042313337326,118876,50,2,False,Right,Back,Right,Centre,74
<_io.BytesIO object at 0x000001C27349DA40>,0.727796733379364,0.09980089962482452,0.23661130666732788,118876,50,2,False,Right,Back,Right,Centre,74
<_io.BytesIO object at 0x000001C27349DEF0>,0.7086376547813416,0.1610889732837677,0.1557263284921646,118876,50,2,False,Right,Back,Right,Centre,74
<_io.BytesIO object at 0x000001C27349D7C0>,0.6941899061203003,0.10404253751039505,0.17983752489089966,118876,50,2,False,Right,Back,Right,Centre,74
<_io.BytesIO object at 0x000001C27349D220>,0.6888642907142639,0.1454361528158188,0.17454351484775543,118876,50,2,False,Right,Back,Right,Centre,74
<_io.BytesIO object at 0x000001C2734A3B80>,0.7969906330108643,0.058489810675382614,-0.08479130268096924,118876,50,2,False,Right,Back,Right,Centre,74
<_io.BytesIO object at 0x000001C27349D810>,0.7666957378387451,0.06571696698665619,-0.11317595839500427,118876,50,2,False,Right,Back,Right,Centre,74
<_io.BytesIO object at 0x000001C27349D720>,0.7992984056472778,0.024495642632246017,-0.07233487069606781,118876,50,2,False,Right,Back,Right,Centre,74
<_io.BytesIO object at 0x000001C27349D630>,0.7725825309753418,0.03738425299525261,-0.02347465232014656,118876,50,2,False,Right,Back,Right,Centre,74
<_io.BytesIO object at 0x000001C27349DB30>,0.7274273633956909,0.09255896508693695,-0.06977963447570801,118876,50,2,False,Right,Back,Right,Centre,74
<_io.BytesIO object at 0x000001C2734AD8B0>,0.7605853080749512,0.1825171262025833,0.2350042313337326,118877,50,2,False,Right,Back,Right,Centre,74
<_io.BytesIO object at 0x000001C27347F720>,0.727796733379364,0.09980089962482452,0.23661130666732788,118877,50,2,False,Right,Back,Right,Centre,74
<_io.BytesIO object at 0x000001C27347FDB0>,0.7086376547813416,0.1610889732837677,0.1557263284921646,118877,50,2,False,Right,Back,Right,Centre,74
<_io.BytesIO object at 0x000001C27347F810>,0.6941899061203003,0.10404253751039505,0.17983752489089966,118877,50,2,False,Right,Back,Right,Centre,74
<_io.BytesIO object at 0x000001C27347FE50>,0.6888642907142639,0.1454361528158188,0.17454351484775543,118877,50,2,False,Right,Back,Right,Centre,74
<_io.BytesIO object at 0x000001C27347F770>,0.797053873538971,0.058438196778297424,-0.08462721109390259,118877,50,2,False,Right,Back,Right,Centre,74
<_io.BytesIO object at 0x000001C27347F130>,0.7667524218559265,0.06570357829332352,-0.1129775270819664,118877,50,2,False,Right,Back,Right,Centre,74
<_io.BytesIO object at 0x000001C26B215770>,0.7994287014007568,0.024450860917568207,-0.07216481864452362,118877,50,2,False,Right,Back,Right,Centre,74
<_io.BytesIO object at 0x000001C26B215720>,0.7726876139640808,0.03728468716144562,-0.02323760651051998,118877,50,2,False,Right,Back,Right,Centre,74
<_io.BytesIO object at 0x000001C26B215400>,0.7274997234344482,0.09237821400165558,-0.06947016716003418,118877,50,2,False,Right,Back,Right,Centre,74
<_io.BytesIO object at 0x000001C273483040>,0.7605853080749512,0.1825171262025833,0.2350042313337326,118878,50,2,False,Right,Back,Right,Centre,74
<_io.BytesIO object at 0x000001C273483AE0>,0.727796733379364,0.09980089962482452,0.23661130666732788,118878,50,2,False,Right,Back,Right,Centre,74
<_io.BytesIO object at 0x000001C2735B4D10>,0.7086376547813416,0.1610889732837677,0.1557263284921646,118878,50,2,False,Right,Back,Right,Centre,74
<_io.BytesIO object at 0x000001C2735B44A0>,0.6941899061203003,0.10404253751039505,0.17983752489089966,118878,50,2,False,Right,Back,Right,Centre,74
<_io.BytesIO object at 0x000001C2735B4040>,0.6888642907142639,0.1454361528158188,0.17454351484775543,118878,50,2,False,Right,Back,Right,Centre,74
<_io.BytesIO object at 0x000001C2735B4E50>,0.7970921993255615,0.05838898569345474,-0.08444869518280029,118878,50,2,False,Right,Back,Right,Centre,74
<_io.BytesIO object at 0x000001C2735B49A0>,0.7667871713638306,0.06567113101482391,-0.11276917904615402,118878,50,2,False,Right,Back,Right,Centre,74
<_io.BytesIO object at 0x000001C2735B4720>,0.7995054721832275,0.02439253218472004,-0.07198858261108398,118878,50,2,False,Right,Back,Right,Centre,74
<_io.BytesIO object at 0x000001C2735B4630>,0.7727916836738586,0.03715972602367401,-0.02304617315530777,118878,50,2,False,Right,Back,Right,Centre,74
<_io.BytesIO object at 0x000001C2735A5DB0>,0.7275097370147705,0.09225928038358688,-0.06923143565654755,118878,50,2,False,Right,Back,Right,Centre,74
<_io.BytesIO object at 0x000001C27347DDB0>,0.7605853080749512,0.1825171262025833,0.2350042313337326,118879,50,2,False,Right,Back,Right,Centre,74
<_io.BytesIO object at 0x000001C2735D4E00>,0.727796733379364,0.09980089962482452,0.23661130666732788,118879,50,2,False,Right,Back,Right,Centre,74
<_io.BytesIO object at 0x000001C2735D44A0>,0.7086376547813416,0.1610889732837677,0.1557263284921646,118879,50,2,False,Right,Back,Right,Centre,74
<_io.BytesIO object at 0x000001C2735D4270>,0.6941899061203003,0.10404253751039505,0.17983752489089966,118879,50,2,False,Right,Back,Right,Centre,74
<_io.BytesIO object at 0x000001C2735D41D0>,0.6888642907142639,0.1454361528158188,0.17454351484775543,118879,50,2,False,Right,Back,Right,Centre,74
<_io.BytesIO object at 0x000001C2735D4310>,0.7971704006195068,0.058428406715393066,-0.08414564281702042,118879,50,2,False,Right,Back,Right,Centre,74
<_io.BytesIO object at 0x000001C2736ADD10>,0.7667256593704224,0.06563250720500946,-0.11243689805269241,118879,50,2,False,Right,Back,Right,Centre,74
<_io.BytesIO object at 0x000001C2736ADC20>,0.799506425857544,0.02432330697774887,-0.07175543904304504,118879,50,2,False,Right,Back,Right,Centre,74
<_io.BytesIO object at 0x000001C2736ADF90>,0.7728694081306458,0.037109483033418655,-0.022836556658148766,118879,50,2,False,Right,Back,Right,Centre,74
<_io.BytesIO object at 0x000001C2736ADDB0>,0.7275155186653137,0.09208959341049194,-0.06894177943468094,118879,50,2,False,Right,Back,Right,Centre,74
<_io.BytesIO object at 0x000001C2734704A0>,0.7605853080749512,0.1825171262025833,0.2350042313337326,118880,50,2,False,Right,Back,Right,Centre,74
<_io.BytesIO object at 0x000001C273470E00>,0.727796733379364,0.09980089962482452,0.23661130666732788,118880,50,2,False,Right,Back,Right,Centre,74
<_io.BytesIO object at 0x000001C2734706D0>,0.7086376547813416,0.1610889732837677,0.1557263284921646,118880,50,2,False,Right,Back,Right,Centre,74
<_io.BytesIO object at 0x000001C2735B59F0>,0.6941899061203003,0.10404253751039505,0.17983752489089966,118880,50,2,False,Right,Back,Right,Centre,74
<_io.BytesIO object at 0x000001C2735B5EF0>,0.6888642907142639,0.1454361528158188,0.17454351484775543,118880,50,2,False,Right,Back,Right,Centre,74
<_io.BytesIO object at 0x000001C2735B5B80>,0.7971807718276978,0.058441027998924255,-0.08392643183469772,118880,50,2,False,Right,Back,Right,Centre,74
<_io.BytesIO object at 0x000001C2735D1720>,0.7666599154472351,0.0654338002204895,-0.1121792122721672,118880,50,2,False,Right,Back,Right,Centre,74
<_io.BytesIO object at 0x000001C2735D1EF0>,0.7995579838752747,0.024353398010134697,-0.07155343890190125,118880,50,2,False,Right,Back,Right,Centre,74
<_io.BytesIO object at 0x000001C2735D1590>,0.7728952169418335,0.03702233359217644,-0.02261393517255783,118880,50,2,False,Right,Back,Right,Centre,74
<_io.BytesIO object at 0x000001C2735D1810>,0.7274274230003357,0.09189646691083908,-0.06869050860404968,118880,50,2,False,Right,Back,Right,Centre,74
<_io.BytesIO object at 0x000001C273470450>,0.7605853080749512,0.1825171262025833,0.2350042313337326,118881,50,2,False,Right,Back,Right,Centre,74
<_io.BytesIO object at 0x000001C273470A90>,0.727796733379364,0.09980089962482452,0.23661130666732788,118881,50,2,False,Right,Back,Right,Centre,74
<_io.BytesIO object at 0x000001C273470810>,0.7086376547813416,0.1610889732837677,0.1557263284921646,118881,50,2,False,Right,Back,Right,Centre,74
<_io.BytesIO object at 0x000001C2735BB4A0>,0.6941899061203003,0.10404253751039505,0.17983752489089966,118881,50,2,False,Right,Back,Right,Centre,74
<_io.BytesIO object at 0x000001C2735BB4F0>,0.6888642907142639,0.1454361528158188,0.17454351484775543,118881,50,2,False,Right,Back,Right,Centre,74
<_io.BytesIO object at 0x000001C2735BBAE0>,0.7971428036689758,0.058594271540641785,-0.08363074064254761,118881,50,2,False,Right,Back,Right,Centre,74
<_io.BytesIO object at 0x000001C2735BBDB0>,0.7667103409767151,0.06537909060716629,-0.11183162033557892,118881,50,2,False,Right,Back,Right,Centre,74
<_io.BytesIO object at 0x000001C2735BB450>,0.799653947353363,0.024332664906978607,-0.07135241478681564,118881,50,2,False,Right,Back,Right,Centre,74
<_io.BytesIO object at 0x000001C2735BB0E0>,0.7729151844978333,0.03700387850403786,-0.022402888163924217,118881,50,2,False,Right,Back,Right,Centre,74
<_io.BytesIO object at 0x000001C2735BB900>,0.727323055267334,0.09171279519796371,-0.06841115653514862,118881,50,2,False,Right,Back,Right,Centre,74
<_io.BytesIO object at 0x000001C2735D4E00>,0.7605853080749512,0.1825171262025833,0.2350042313337326,118882,50,2,False,Right,Back,Right,Centre,74
<_io.BytesIO object at 0x000001C2735D4630>,0.727796733379364,0.09980089962482452,0.23661130666732788,118882,50,2,False,Right,Back,Right,Centre,74
<_io.BytesIO object at 0x000001C27347D400>,0.7086376547813416,0.1610889732837677,0.1557263284921646,118882,50,2,False,Right,Back,Right,Centre,74
<_io.BytesIO object at 0x000001C27347D3B0>,0.6941899061203003,0.10404253751039505,0.17983752489089966,118882,50,2,False,Right,Back,Right,Centre,74
<_io.BytesIO object at 0x000001C27347D5E0>,0.6888642907142639,0.1454361528158188,0.17454351484775543,118882,50,2,False,Right,Back,Right,Centre,74
<_io.BytesIO object at 0x000001C27347DA40>,0.7971091270446777,0.05863526090979576,-0.08337915688753128,118882,50,2,False,Right,Back,Right,Centre,74
<_io.BytesIO object at 0x000001C27347D4F0>,0.7666486501693726,0.06530087441205978,-0.11150549352169037,118882,50,2,False,Right,Back,Right,Centre,74
<_io.BytesIO object at 0x000001C27347DB30>,0.7997284531593323,0.024409156292676926,-0.07106393575668335,118882,50,2,False,Right,Back,Right,Centre,74
<_io.BytesIO object at 0x000001C27347D270>,0.7729284763336182,0.03700914978981018,-0.022154830396175385,118882,50,2,False,Right,Back,Right,Centre,74
<_io.BytesIO object at 0x000001C2735A5C70>,0.7272108197212219,0.09167870134115219,-0.06808128952980042,118882,50,2,False,Right,Back,Right,Centre,74
<_io.BytesIO object at 0x000001C2735B4270>,0.7605853080749512,0.1825171262025833,0.2350042313337326,118883,50,2,False,Right,Back,Right,Centre,74
<_io.BytesIO object at 0x000001C273483450>,0.727796733379364,0.09980089962482452,0.23661130666732788,118883,50,2,False,Right,Back,Right,Centre,74
<_io.BytesIO object at 0x000001C273483900>,0.7086376547813416,0.1610889732837677,0.1557263284921646,118883,50,2,False,Right,Back,Right,Centre,74
<_io.BytesIO object at 0x000001C273483E00>,0.6941899061203003,0.10404253751039505,0.17983752489089966,118883,50,2,False,Right,Back,Right,Centre,74
<_io.BytesIO object at 0x000001C273483C20>,0.6888642907142639,0.1454361528158188,0.17454351484775543,118883,50,2,False,Right,Back,Right,Centre,74
<_io.BytesIO object at 0x000001C273483400>,0.7970507740974426,0.05871557071805,-0.08308884501457214,118883,50,2,False,Right,Back,Right,Centre,74
<_io.BytesIO object at 0x000001C2734AA0E0>,0.7665067911148071,0.06524120271205902,-0.1112101748585701,118883,50,2,False,Right,Back,Right,Centre,74
<_io.BytesIO object at 0x000001C2734AA7C0>,0.7997474670410156,0.024509621784090996,-0.07077290862798691,118883,50,2,False,Right,Back,Right,Centre,74
<_io.BytesIO object at 0x000001C2734AA310>,0.7731468081474304,0.03700702264904976,-0.021978696808218956,118883,50,2,False,Right,Back,Right,Centre,74
<_io.BytesIO object at 0x000001C2734AA090>,0.727078914642334,0.09166115522384644,-0.06780168414115906,118883,50,2,False,Right,Back,Right,Centre,74
<_io.BytesIO object at 0x000001C2734ADC20>,0.7605853080749512,0.1825171262025833,0.2350042313337326,118884,50,2,False,Right,Back,Right,Centre,74
<_io.BytesIO object at 0x000001C2734AD450>,0.727796733379364,0.09980089962482452,0.23661130666732788,118884,50,2,False,Right,Back,Right,Centre,74
<_io.BytesIO object at 0x000001C27347F770>,0.7086376547813416,0.1610889732837677,0.1557263284921646,118884,50,2,False,Right,Back,Right,Centre,74
<_io.BytesIO object at 0x000001C27347F1D0>,0.6941899061203003,0.10404253751039505,0.17983752489089966,118884,50,2,False,Right,Back,Right,Centre,74
<_io.BytesIO object at 0x000001C27347F4F0>,0.6888642907142639,0.1454361528158188,0.17454351484775543,118884,50,2,False,Right,Back,Right,Centre,74
<_io.BytesIO object at 0x000001C27347F360>,0.7970063090324402,0.05882977321743965,-0.08285753428936005,118884,50,2,False,Right,Back,Right,Centre,74
<_io.BytesIO object at 0x000001C27347F400>,0.766461193561554,0.06538742035627365,-0.11101707816123962,118884,50,2,False,Right,Back,Right,Centre,74
<_io.BytesIO object at 0x000001C27347FE00>,0.7997704148292542,0.024659397080540657,-0.07050564885139465,118884,50,2,False,Right,Back,Right,Centre,74
<_io.BytesIO object at 0x000001C2735DB900>,0.7731319069862366,0.0371541827917099,-0.02166779711842537,118884,50,2,False,Right,Back,Right,Centre,74
<_io.BytesIO object at 0x000001C2735DBAE0>,0.7270144820213318,0.09171260893344879,-0.06754999607801437,118884,50,2,False,Right,Back,Right,Centre,74
<_io.BytesIO object at 0x000001C2734AD5E0>,0.7605853080749512,0.1825171262025833,0.2350042313337326,118885,50,2,False,Right,Back,Right,Centre,74
<_io.BytesIO object at 0x000001C2734ADDB0>,0.727796733379364,0.09980089962482452,0.23661130666732788,118885,50,2,False,Right,Back,Right,Centre,74
<_io.BytesIO object at 0x000001C2734ADBD0>,0.7086376547813416,0.1610889732837677,0.1557263284921646,118885,50,2,False,Right,Back,Right,Centre,74
<_io.BytesIO object at 0x000001C2734AD8B0>,0.6941899061203003,0.10404253751039505,0.17983752489089966,118885,50,2,False,Right,Back,Right,Centre,74
<_io.BytesIO object at 0x000001C26B215680>,0.6888642907142639,0.1454361528158188,0.17454351484775543,118885,50,2,False,Right,Back,Right,Centre,74
<_io.BytesIO object at 0x000001C26B215720>,0.7970237135887146,0.05902071297168732,-0.08251479268074036,118885,50,2,False,Right,Back,Right,Centre,74
<_io.BytesIO object at 0x000001C26B215310>,0.7664202451705933,0.06553564965724945,-0.1107577234506607,118885,50,2,False,Right,Back,Right,Centre,74
<_io.BytesIO object at 0x000001C26B2150E0>,0.7997451424598694,0.024808619171380997,-0.07021519541740417,118885,50,2,False,Right,Back,Right,Centre,74
<_io.BytesIO object at 0x000001C2734AA220>,0.7731319665908813,0.037332985550165176,-0.021358950063586235,118885,50,2,False,Right,Back,Right,Centre,74
<_io.BytesIO object at 0x000001C2734AAA90>,0.7269561886787415,0.09182222187519073,-0.06728018820285797,118885,50,2,False,Right,Back,Right,Centre,74
<_io.BytesIO object at 0x000001C2734839A0>,0.7605853080749512,0.1825171262025833,0.2350042313337326,118886,50,2,False,Right,Back,Right,Centre,74
<_io.BytesIO object at 0x000001C2735B40E0>,0.727796733379364,0.09980089962482452,0.23661130666732788,118886,50,2,False,Right,Back,Right,Centre,74
<_io.BytesIO object at 0x000001C2735B4B80>,0.7086376547813416,0.1610889732837677,0.1557263284921646,118886,50,2,False,Right,Back,Right,Centre,74
<_io.BytesIO object at 0x000001C2735B4AE0>,0.6941899061203003,0.10404253751039505,0.17983752489089966,118886,50,2,False,Right,Back,Right,Centre,74
<_io.BytesIO object at 0x000001C2735B4630>,0.6888642907142639,0.1454361528158188,0.17454351484775543,118886,50,2,False,Right,Back,Right,Centre,74
<_io.BytesIO object at 0x000001C2735B46D0>,0.7969791889190674,0.059313803911209106,-0.08217381685972214,118886,50,2,False,Right,Back,Right,Centre,74
<_io.BytesIO object at 0x000001C2735A5720>,0.7663615942001343,0.0658082440495491,-0.11045140773057938,118886,50,2,False,Right,Back,Right,Centre,74
<_io.BytesIO object at 0x000001C2735A5D60>,0.7997465133666992,0.025089014321565628,-0.06989570707082748,118886,50,2,False,Right,Back,Right,Centre,74
<_io.BytesIO object at 0x000001C2735A52C0>,0.772720456123352,0.037554290145635605,-0.020852016285061836,118886,50,2,False,Right,Back,Right,Centre,74
<_io.BytesIO object at 0x000001C2735A51D0>,0.7269858121871948,0.0920155793428421,-0.06696458905935287,118886,50,2,False,Right,Back,Right,Centre,74
<_io.BytesIO object at 0x000001C2735D4E00>,0.7605853080749512,0.1825171262025833,0.2350042313337326,118887,50,2,False,Right,Back,Right,Centre,74
<_io.BytesIO object at 0x000001C2735D4CC0>,0.727796733379364,0.09980089962482452,0.23661130666732788,118887,50,2,False,Right,Back,Right,Centre,74
<_io.BytesIO object at 0x000001C2735D42C0>,0.7086376547813416,0.1610889732837677,0.1557263284921646,118887,50,2,False,Right,Back,Right,Centre,74
<_io.BytesIO object at 0x000001C2735D47C0>,0.6941899061203003,0.10404253751039505,0.17983752489089966,118887,50,2,False,Right,Back,Right,Centre,74
<_io.BytesIO object at 0x000001C2736ADAE0>,0.6888642907142639,0.1454361528158188,0.17454351484775543,118887,50,2,False,Right,Back,Right,Centre,74
<_io.BytesIO object at 0x000001C2736AD9F0>,0.7969547510147095,0.05955872684717178,-0.08190790563821793,118887,50,2,False,Right,Back,Right,Centre,74
<_io.BytesIO object at 0x000001C2736AD1D0>,0.7662768959999084,0.06602218747138977,-0.11005227267742157,118887,50,2,False,Right,Back,Right,Centre,74
<_io.BytesIO object at 0x000001C2736ADDB0>,0.7997846007347107,0.025393137708306313,-0.06957349181175232,118887,50,2,False,Right,Back,Right,Centre,74
<_io.BytesIO object at 0x000001C2736AD090>,0.7727580070495605,0.03782638907432556,-0.020574091002345085,118887,50,2,False,Right,Back,Right,Centre,74
<_io.BytesIO object at 0x000001C2736AD040>,0.7269689440727234,0.09223365038633347,-0.06665641069412231,118887,50,2,False,Right,Back,Right,Centre,74
<_io.BytesIO object at 0x000001C273470040>,0.7605853080749512,0.1825171262025833,0.2350042313337326,118888,50,2,False,Right,Back,Right,Centre,74
<_io.BytesIO object at 0x000001C2734709F0>,0.727796733379364,0.09980089962482452,0.23661130666732788,118888,50,2,False,Right,Back,Right,Centre,74
<_io.BytesIO object at 0x000001C2735B57C0>,0.7086376547813416,0.1610889732837677,0.1557263284921646,118888,50,2,False,Right,Back,Right,Centre,74
<_io.BytesIO object at 0x000001C2735B5F90>,0.6941899061203003,0.10404253751039505,0.17983752489089966,118888,50,2,False,Right,Back,Right,Centre,74
<_io.BytesIO object at 0x000001C2735B5A90>,0.6888642907142639,0.1454361528158188,0.17454351484775543,118888,50,2,False,Right,Back,Right,Centre,74
<_io.BytesIO object at 0x000001C2735D1720>,0.7969626188278198,0.05983292683959007,-0.08166144788265228,118888,50,2,False,Right,Back,Right,Centre,74
<_io.BytesIO object at 0x000001C2735D1680>,0.7662845253944397,0.06628819555044174,-0.10974422097206116,118888,50,2,False,Right,Back,Right,Centre,74
<_io.BytesIO object at 0x000001C2735D10E0>,0.799838662147522,0.02574104443192482,-0.06925155967473984,118888,50,2,False,Right,Back,Right,Centre,74
<_io.BytesIO object at 0x000001C2735D11D0>,0.7727635502815247,0.03818008676171303,-0.02027408592402935,118888,50,2,False,Right,Back,Right,Centre,74
<_io.BytesIO object at 0x000001C2735D1D60>,0.7269700765609741,0.09252485632896423,-0.06632955372333527,118888,50,2,False,Right,Back,Right,Centre,74
<_io.BytesIO object at 0x000001C27349D590>,0.7605853080749512,0.1825171262025833,0.2350042313337326,118889,50,2,False,Right,Back,Right,Centre,74
<_io.BytesIO object at 0x000001C27349DD60>,0.727796733379364,0.09980089962482452,0.23661130666732788,118889,50,2,False,Right,Back,Right,Centre,74
<_io.BytesIO object at 0x000001C27349D630>,0.7086376547813416,0.1610889732837677,0.1557263284921646,118889,50,2,False,Right,Back,Right,Centre,74
<_io.BytesIO object at 0x000001C27349DDB0>,0.6941899061203003,0.10404253751039505,0.17983752489089966,118889,50,2,False,Right,Back,Right,Centre,74
<_io.BytesIO object at 0x000001C27349D220>,0.6888642907142639,0.1454361528158188,0.17454351484775543,118889,50,2,False,Right,Back,Right,Centre,74
<_io.BytesIO object at 0x000001C2735DB900>,0.7969309687614441,0.06021485850214958,-0.0813869908452034,118889,50,2,False,Right,Back,Right,Centre,74
<_io.BytesIO object at 0x000001C2735DBF40>,0.7663317322731018,0.06687094271183014,-0.10958833247423172,118889,50,2,False,Right,Back,Right,Centre,74
<_io.BytesIO object at 0x000001C2735DBDB0>,0.799907922744751,0.026183659210801125,-0.06893819570541382,118889,50,2,False,Right,Back,Right,Centre,74
<_io.BytesIO object at 0x000001C2735DB310>,0.7734415531158447,0.038799382746219635,-0.02017793245613575,118889,50,2,False,Right,Back,Right,Centre,74
<_io.BytesIO object at 0x000001C2735DB540>,0.7269384264945984,0.09294063597917557,-0.06595496833324432,118889,50,2,False,Right,Back,Right,Centre,74
<_io.BytesIO object at 0x000001C2734704F0>,0.7605853080749512,0.1825171262025833,0.2350042313337326,118890,50,2,False,Right,Back,Right,Centre,74
<_io.BytesIO object at 0x000001C273470CC0>,0.727796733379364,0.09980089962482452,0.23661130666732788,118890,50,2,False,Right,Back,Right,Centre,74
<_io.BytesIO object at 0x000001C273470AE0>,0.7086376547813416,0.1610889732837677,0.1557263284921646,118890,50,2,False,Right,Back,Right,Centre,74
<_io.BytesIO object at 0x000001C273470F40>,0.6941899061203003,0.10404253751039505,0.17983752489089966,118890,50,2,False,Right,Back,Right,Centre,74
<_io.BytesIO object at 0x000001C2735BBBD0>,0.6888642907142639,0.1454361528158188,0.17454351484775543,118890,50,2,False,Right,Back,Right,Centre,74
<_io.BytesIO object at 0x000001C2735BBCC0>,0.7969897389411926,0.06066562607884407,-0.08106866478919983,118890,50,2,False,Right,Back,Right,Centre,74
<_io.BytesIO object at 0x000001C2735BBDB0>,0.766345202922821,0.06725700944662094,-0.10927312821149826,118890,50,2,False,Right,Back,Right,Centre,74
<_io.BytesIO object at 0x000001C2735BB450>,0.7998996376991272,0.026591707020998,-0.06860121339559555,118890,50,2,False,Right,Back,Right,Centre,74
<_io.BytesIO object at 0x000001C2735BB860>,0.7735555171966553,0.0392560139298439,-0.0198011863976717,118890,50,2,False,Right,Back,Right,Centre,74
<_io.BytesIO object at 0x000001C2735BBD10>,0.7269166707992554,0.09343606978654861,-0.06564714014530182,118890,50,2,False,Right,Back,Right,Centre,74
<_io.BytesIO object at 0x000001C2735D4B30>,0.7605853080749512,0.1825171262025833,0.2350042313337326,118891,50,2,False,Right,Back,Right,Centre,74
<_io.BytesIO object at 0x000001C2735D4AE0>,0.727796733379364,0.09980089962482452,0.23661130666732788,118891,50,2,False,Right,Back,Right,Centre,74
<_io.BytesIO object at 0x000001C27347D860>,0.7086376547813416,0.1610889732837677,0.1557263284921646,118891,50,2,False,Right,Back,Right,Centre,74
<_io.BytesIO object at 0x000001C27347D310>,0.6941899061203003,0.10404253751039505,0.17983752489089966,118891,50,2,False,Right,Back,Right,Centre,74
<_io.BytesIO object at 0x000001C27347D220>,0.6888642907142639,0.1454361528158188,0.17454351484775543,118891,50,2,False,Right,Back,Right,Centre,74
<_io.BytesIO object at 0x000001C27347DF90>,0.7970730066299438,0.061089836061000824,-0.08090770989656448,118891,50,2,False,Right,Back,Right,Centre,74
<_io.BytesIO object at 0x000001C27347DBD0>,0.7663725018501282,0.06763423979282379,-0.10896479338407516,118891,50,2,False,Right,Back,Right,Centre,74
<_io.BytesIO object at 0x000001C27347D540>,0.8000612854957581,0.027031050994992256,-0.06838024407625198,118891,50,2,False,Right,Back,Right,Centre,74
<_io.BytesIO object at 0x000001C27347D090>,0.7738450765609741,0.0397205576300621,-0.019515270367264748,118891,50,2,False,Right,Back,Right,Centre,74
<_io.BytesIO object at 0x000001C27347D630>,0.727013885974884,0.09392762184143066,-0.0653325766324997,118891,50,2,False,Right,Back,Right,Centre,74
<_io.BytesIO object at 0x000001C2735B4900>,0.7605853080749512,0.1825171262025833,0.2350042313337326,118892,50,2,False,Right,Back,Right,Centre,74
<_io.BytesIO object at 0x000001C2735B4A40>,0.727796733379364,0.09980089962482452,0.23661130666732788,118892,50,2,False,Right,Back,Right,Centre,74
<_io.BytesIO object at 0x000001C273483BD0>,0.7086376547813416,0.1610889732837677,0.1557263284921646,118892,50,2,False,Right,Back,Right,Centre,74
<_io.BytesIO object at 0x000001C273483D10>,0.6941899061203003,0.10404253751039505,0.17983752489089966,118892,50,2,False,Right,Back,Right,Centre,74
<_io.BytesIO object at 0x000001C2734836D0>,0.6888642907142639,0.1454361528158188,0.17454351484775543,118892,50,2,False,Right,Back,Right,Centre,74
<_io.BytesIO object at 0x000001C273483360>,0.7972499132156372,0.06168524548411369,-0.08065955340862274,118892,50,2,False,Right,Back,Right,Centre,74
<_io.BytesIO object at 0x000001C2734832C0>,0.7663940191268921,0.06800329685211182,-0.10868340730667114,118892,50,2,False,Right,Back,Right,Centre,74
<_io.BytesIO object at 0x000001C273483400>,0.8001908659934998,0.027505507692694664,-0.06813882291316986,118892,50,2,False,Right,Back,Right,Centre,74
<_io.BytesIO object at 0x000001C2734AA680>,0.773809015750885,0.04027831554412842,-0.01909583993256092,118892,50,2,False,Right,Back,Right,Centre,74
<_io.BytesIO object at 0x000001C2734AA4A0>,0.7272009253501892,0.09435495734214783,-0.06490852683782578,118892,50,2,False,Right,Back,Right,Centre,74
<_io.BytesIO object at 0x000001C2734AD180>,0.7605853080749512,0.1825171262025833,0.2350042313337326,118893,50,2,False,Right,Back,Right,Centre,74
<_io.BytesIO object at 0x000001C2734AD5E0>,0.727796733379364,0.09980089962482452,0.23661130666732788,118893,50,2,False,Right,Back,Right,Centre,74
<_io.BytesIO object at 0x000001C2734AD810>,0.7086376547813416,0.1610889732837677,0.1557263284921646,118893,50,2,False,Right,Back,Right,Centre,74
<_io.BytesIO object at 0x000001C2734AD720>,0.6941899061203003,0.10404253751039505,0.17983752489089966,118893,50,2,False,Right,Back,Right,Centre,74
<_io.BytesIO object at 0x000001C26B207C20>,0.6888642907142639,0.1454361528158188,0.17454351484775543,118893,50,2,False,Right,Back,Right,Centre,74
<_io.BytesIO object at 0x000001C27347F720>,0.7973713874816895,0.062205687165260315,-0.08036907017230988,118893,50,2,False,Right,Back,Right,Centre,74
<_io.BytesIO object at 0x000001C27347FAE0>,0.7665214538574219,0.06838775426149368,-0.10819437354803085,118893,50,2,False,Right,Back,Right,Centre,74
<_io.BytesIO object at 0x000001C27347F950>,0.8003686666488647,0.02801021747291088,-0.06787688285112381,118893,50,2,False,Right,Back,Right,Centre,74
<_io.BytesIO object at 0x000001C27347FC70>,0.7741207480430603,0.040802862495183945,-0.01875992678105831,118893,50,2,False,Right,Back,Right,Centre,74
<_io.BytesIO object at 0x000001C27347FDB0>,0.7274569272994995,0.0949181467294693,-0.06447472423315048,118893,50,2,False,Right,Back,Right,Centre,74
<_io.BytesIO object at 0x000001C2735B4C70>,0.7605853080749512,0.1825171262025833,0.2350042313337326,118894,50,2,False,Right,Back,Right,Centre,74
<_io.BytesIO object at 0x000001C2735A56D0>,0.727796733379364,0.09980089962482452,0.23661130666732788,118894,50,2,False,Right,Back,Right,Centre,74
<_io.BytesIO object at 0x000001C2735A5F90>,0.7086376547813416,0.1610889732837677,0.1557263284921646,118894,50,2,False,Right,Back,Right,Centre,74
<_io.BytesIO object at 0x000001C2735A57C0>,0.6941899061203003,0.10404253751039505,0.17983752489089966,118894,50,2,False,Right,Back,Right,Centre,74
<_io.BytesIO object at 0x000001C2735A54A0>,0.6888642907142639,0.1454361528158188,0.17454351484775543,118894,50,2,False,Right,Back,Right,Centre,74
<_io.BytesIO object at 0x000001C2735A5040>,0.7976495623588562,0.06272184103727341,-0.08014179021120071,118894,50,2,False,Right,Back,Right,Centre,74
<_io.BytesIO object at 0x000001C27347D040>,0.7666622400283813,0.06886071711778641,-0.10785721242427826,118894,50,2,False,Right,Back,Right,Centre,74
<_io.BytesIO object at 0x000001C27347D630>,0.8005847334861755,0.02855025790631771,-0.06761551648378372,118894,50,2,False,Right,Back,Right,Centre,74
<_io.BytesIO object at 0x000001C27347DEF0>,0.7745010852813721,0.041349202394485474,-0.01839146949350834,118894,50,2,False,Right,Back,Right,Centre,74
<_io.BytesIO object at 0x000001C27347D180>,0.7276014685630798,0.09539878368377686,-0.06411239504814148,118894,50,2,False,Right,Back,Right,Centre,74
<_io.BytesIO object at 0x000001C2735D4A90>,0.7605853080749512,0.1825171262025833,0.2350042313337326,118895,50,2,False,Right,Back,Right,Centre,74
<_io.BytesIO object at 0x000001C2735BB540>,0.727796733379364,0.09980089962482452,0.23661130666732788,118895,50,2,False,Right,Back,Right,Centre,74
<_io.BytesIO object at 0x000001C2735BB810>,0.7086376547813416,0.1610889732837677,0.1557263284921646,118895,50,2,False,Right,Back,Right,Centre,74
<_io.BytesIO object at 0x000001C2735BBDB0>,0.6941899061203003,0.10404253751039505,0.17983752489089966,118895,50,2,False,Right,Back,Right,Centre,74
<_io.BytesIO object at 0x000001C2735BB770>,0.6888642907142639,0.1454361528158188,0.17454351484775543,118895,50,2,False,Right,Back,Right,Centre,74
<_io.BytesIO object at 0x000001C2735BB360>,0.7978702187538147,0.06315653771162033,-0.0799855887889862,118895,50,2,False,Right,Back,Right,Centre,74
<_io.BytesIO object at 0x000001C273483C70>,0.7666859030723572,0.06949310749769211,-0.10778634250164032,118895,50,2,False,Right,Back,Right,Centre,74
<_io.BytesIO object at 0x000001C273483310>,0.8008426427841187,0.02911047637462616,-0.06743213534355164,118895,50,2,False,Right,Back,Right,Centre,74
<_io.BytesIO object at 0x000001C273483B30>,0.77493816614151,0.04187567159533501,-0.018091443926095963,118895,50,2,False,Right,Back,Right,Centre,74
<_io.BytesIO object at 0x000001C273483F90>,0.7279189825057983,0.09599639475345612,-0.06367073953151703,118895,50,2,False,Right,Back,Right,Centre,74
<_io.BytesIO object at 0x000001C27347F5E0>,0.7605853080749512,0.1825171262025833,0.2350042313337326,118896,50,2,False,Right,Back,Right,Centre,74
<_io.BytesIO object at 0x000001C273470720>,0.727796733379364,0.09980089962482452,0.23661130666732788,118896,50,2,False,Right,Back,Right,Centre,74
<_io.BytesIO object at 0x000001C273470400>,0.7086376547813416,0.1610889732837677,0.1557263284921646,118896,50,2,False,Right,Back,Right,Centre,74
<_io.BytesIO object at 0x000001C273470130>,0.6941899061203003,0.10404253751039505,0.17983752489089966,118896,50,2,False,Right,Back,Right,Centre,74
<_io.BytesIO object at 0x000001C27349D400>,0.6888642907142639,0.1454361528158188,0.17454351484775543,118896,50,2,False,Right,Back,Right,Centre,74
<_io.BytesIO object at 0x000001C27349D220>,0.7981401681900024,0.06355207413434982,-0.07984957098960876,118896,50,2,False,Right,Back,Right,Centre,74
<_io.BytesIO object at 0x000001C27349D360>,0.7669434547424316,0.07011529803276062,-0.1073637381196022,118896,50,2,False,Right,Back,Right,Centre,74
<_io.BytesIO object at 0x000001C27349D9A0>,0.8011428117752075,0.02961130626499653,-0.06727121025323868,118896,50,2,False,Right,Back,Right,Centre,74
<_io.BytesIO object at 0x000001C27349D3B0>,0.7752991318702698,0.04246106743812561,-0.01782737672328949,118896,50,2,False,Right,Back,Right,Centre,74
<_io.BytesIO object at 0x000001C27349DCC0>,0.7282772064208984,0.09632252156734467,-0.06327726691961288,118896,50,2,False,Right,Back,Right,Centre,74
<_io.BytesIO object at 0x000001C2734AA1D0>,0.7605853080749512,0.1825171262025833,0.2350042313337326,118897,50,2,False,Right,Back,Right,Centre,74
<_io.BytesIO object at 0x000001C2734AA590>,0.727796733379364,0.09980089962482452,0.23661130666732788,118897,50,2,False,Right,Back,Right,Centre,74
<_io.BytesIO object at 0x000001C2734AD810>,0.7086376547813416,0.1610889732837677,0.1557263284921646,118897,50,2,False,Right,Back,Right,Centre,74
<_io.BytesIO object at 0x000001C2734AD450>,0.6941899061203003,0.10404253751039505,0.17983752489089966,118897,50,2,False,Right,Back,Right,Centre,74
<_io.BytesIO object at 0x000001C2734ADE00>,0.6888642907142639,0.1454361528158188,0.17454351484775543,118897,50,2,False,Right,Back,Right,Centre,74
<_io.BytesIO object at 0x000001C2734AD220>,0.7983584403991699,0.06413520872592926,-0.0797417014837265,118897,50,2,False,Right,Back,Right,Centre,74
<_io.BytesIO object at 0x000001C2734AD090>,0.7671095132827759,0.07056353986263275,-0.10708906501531601,118897,50,2,False,Right,Back,Right,Centre,74
<_io.BytesIO object at 0x000001C2734ADB30>,0.80147385597229,0.030079929158091545,-0.06715346872806549,118897,50,2,False,Right,Back,Right,Centre,74
<_io.BytesIO object at 0x000001C2734AD130>,0.7758557200431824,0.04300902783870697,-0.017506713047623634,118897,50,2,False,Right,Back,Right,Centre,74
<_io.BytesIO object at 0x000001C2735B5EA0>,0.7286201119422913,0.09689527750015259,-0.06284221261739731,118897,50,2,False,Right,Back,Right,Centre,74
<_io.BytesIO object at 0x000001C2735B5DB0>,0.7605853080749512,0.1825171262025833,0.2350042313337326,118898,50,2,False,Right,Back,Right,Centre,74
<_io.BytesIO object at 0x000001C2734ADE50>,0.727796733379364,0.09980089962482452,0.23661130666732788,118898,50,2,False,Right,Back,Right,Centre,74
<_io.BytesIO object at 0x000001C2734AD590>,0.7086376547813416,0.1610889732837677,0.1557263284921646,118898,50,2,False,Right,Back,Right,Centre,74
<_io.BytesIO object at 0x000001C2734AD450>,0.6941899061203003,0.10404253751039505,0.17983752489089966,118898,50,2,False,Right,Back,Right,Centre,74
<_io.BytesIO object at 0x000001C2734ADC70>,0.6888642907142639,0.1454361528158188,0.17454351484775543,118898,50,2,False,Right,Back,Right,Centre,74
<_io.BytesIO object at 0x000001C2734AA590>,0.7986564636230469,0.06467732042074203,-0.07964776456356049,118898,50,2,False,Right,Back,Right,Centre,74
<_io.BytesIO object at 0x000001C2734AABD0>,0.7671865224838257,0.07097499817609787,-0.10703699290752411,118898,50,2,False,Right,Back,Right,Centre,74
<_io.BytesIO object at 0x000001C2734AA810>,0.8018982410430908,0.03058820776641369,-0.06705615669488907,118898,50,2,False,Right,Back,Right,Centre,74
<_io.BytesIO object at 0x000001C2734AA9F0>,0.7766884565353394,0.043564848601818085,-0.017361236736178398,118898,50,2,False,Right,Back,Right,Centre,74
<_io.BytesIO object at 0x000001C2734AA400>,0.728966474533081,0.09746456146240234,-0.0625377893447876,118898,50,2,False,Right,Back,Right,Centre,74
<_io.BytesIO object at 0x000001C27349DF90>,0.7605853080749512,0.1825171262025833,0.2350042313337326,118899,50,2,False,Right,Back,Right,Centre,74
<_io.BytesIO object at 0x000001C27349D630>,0.727796733379364,0.09980089962482452,0.23661130666732788,118899,50,2,False,Right,Back,Right,Centre,74
<_io.BytesIO object at 0x000001C27349D720>,0.7086376547813416,0.1610889732837677,0.1557263284921646,118899,50,2,False,Right,Back,Right,Centre,74
<_io.BytesIO object at 0x000001C273470590>,0.6941899061203003,0.10404253751039505,0.17983752489089966,118899,50,2,False,Right,Back,Right,Centre,74
<_io.BytesIO object at 0x000001C273470810>,0.6888642907142639,0.1454361528158188,0.17454351484775543,118899,50,2,False,Right,Back,Right,Centre,74
<_io.BytesIO object at 0x000001C273470720>,0.7990407943725586,0.06506266444921494,-0.07952096313238144,118899,50,2,False,Right,Back,Right,Centre,74
<_io.BytesIO object at 0x000001C273470900>,0.767512857913971,0.07139866799116135,-0.10662762075662613,118899,50,2,False,Right,Back,Right,Centre,74
<_io.BytesIO object at 0x000001C273470680>,0.802314043045044,0.031059276312589645,-0.06702052801847458,118899,50,2,False,Right,Back,Right,Centre,74
<_io.BytesIO object at 0x000001C2734701D0>,0.7772917151451111,0.043989550322294235,-0.017154891043901443,118899,50,2,False,Right,Back,Right,Centre,74
<_io.BytesIO object at 0x000001C273470C20>,0.7295992374420166,0.09798528254032135,-0.061999909579753876,118899,50,2,False,Right,Back,Right,Centre,74
<_io.BytesIO object at 0x000001C2735BB950>,0.7605853080749512,0.1825171262025833,0.2350042313337326,118900,50,2,False,Right,Back,Right,Centre,74
<_io.BytesIO object at 0x000001C2735BB400>,0.727796733379364,0.09980089962482452,0.23661130666732788,118900,50,2,False,Right,Back,Right,Centre,74
<_io.BytesIO object at 0x000001C2735D4220>,0.7086376547813416,0.1610889732837677,0.1557263284921646,118900,50,2,False,Right,Back,Right,Centre,74
<_io.BytesIO object at 0x000001C2735D4450>,0.6941899061203003,0.10404253751039505,0.17983752489089966,118900,50,2,False,Right,Back,Right,Centre,74
<_io.BytesIO object at 0x000001C2735D4630>,0.6888642907142639,0.1454361528158188,0.17454351484775543,118900,50,2,False,Right,Back,Right,Centre,74
<_io.BytesIO object at 0x000001C2735D4E00>,0.7995393872261047,0.06549210846424103,-0.0794651210308075,118900,50,2,False,Right,Back,Right,Centre,74
<_io.BytesIO object at 0x000001C2735D4C70>,0.7677751183509827,0.07184279710054398,-0.10635601729154587,118900,50,2,False,Right,Back,Right,Centre,74
<_io.BytesIO object at 0x000001C2735D4B80>,0.802717387676239,0.03152020648121834,-0.06701362133026123,118900,50,2,False,Right,Back,Right,Centre,74
<_io.BytesIO object at 0x000001C2735D4770>,0.7779558897018433,0.044409651309251785,-0.01697237603366375,118900,50,2,False,Right,Back,Right,Centre,74
<_io.BytesIO object at 0x000001C27347D950>,0.7300283908843994,0.09849503636360168,-0.06165965646505356,118900,50,2,False,Right,Back,Right,Centre,74
<_io.BytesIO object at 0x000001C2735A5A90>,0.7605853080749512,0.1825171262025833,0.2350042313337326,118901,50,2,False,Right,Back,Right,Centre,74
<_io.BytesIO object at 0x000001C2735A59A0>,0.727796733379364,0.09980089962482452,0.23661130666732788,118901,50,2,False,Right,Back,Right,Centre,74
<_io.BytesIO object at 0x000001C2735B4E00>,0.7086376547813416,0.1610889732837677,0.1557263284921646,118901,50,2,False,Right,Back,Right,Centre,74
<_io.BytesIO object at 0x000001C2735B49A0>,0.6941899061203003,0.10404253751039505,0.17983752489089966,118901,50,2,False,Right,Back,Right,Centre,74
<_io.BytesIO object at 0x000001C2735B43B0>,0.6888642907142639,0.1454361528158188,0.17454351484775543,118901,50,2,False,Right,Back,Right,Centre,74
<_io.BytesIO object at 0x000001C2735B40E0>,0.7999247312545776,0.06580328196287155,-0.07949542999267578,118901,50,2,False,Right,Back,Right,Centre,74
<_io.BytesIO object at 0x000001C2735B4090>,0.7678641080856323,0.07213035225868225,-0.10638267546892166,118901,50,2,False,Right,Back,Right,Centre,74
<_io.BytesIO object at 0x000001C2735B4270>,0.8032169938087463,0.03188840672373772,-0.06702881306409836,118901,50,2,False,Right,Back,Right,Centre,74
<_io.BytesIO object at 0x000001C2735B4A40>,0.7786497473716736,0.04479684308171272,-0.016829049214720726,118901,50,2,False,Right,Back,Right,Centre,74
<_io.BytesIO object at 0x000001C26B2152C0>,0.7306813597679138,0.09894618391990662,-0.061275042593479156,118901,50,2,False,Right,Back,Right,Centre,74
<_io.BytesIO object at 0x000001C2735DB720>,0.7605853080749512,0.1825171262025833,0.2350042313337326,118902,50,2,False,Right,Back,Right,Centre,74
<_io.BytesIO object at 0x000001C2735DBDB0>,0.727796733379364,0.09980089962482452,0.23661130666732788,118902,50,2,False,Right,Back,Right,Centre,74
<_io.BytesIO object at 0x000001C2735DB220>,0.7086376547813416,0.1610889732837677,0.1557263284921646,118902,50,2,False,Right,Back,Right,Centre,74
<_io.BytesIO object at 0x000001C2735DB950>,0.6941899061203003,0.10404253751039505,0.17983752489089966,118902,50,2,False,Right,Back,Right,Centre,74
<_io.BytesIO object at 0x000001C2736ADE00>,0.6888642907142639,0.1454361528158188,0.17454351484775543,118902,50,2,False,Right,Back,Right,Centre,74
<_io.BytesIO object at 0x000001C2736AD400>,0.8003482222557068,0.06625048071146011,-0.07965076714754105,118902,50,2,False,Right,Back,Right,Centre,74
<_io.BytesIO object at 0x000001C2736AD770>,0.7681640982627869,0.07262112200260162,-0.10624655336141586,118902,50,2,False,Right,Back,Right,Centre,74
<_io.BytesIO object at 0x000001C2736ADEF0>,0.8037214279174805,0.03217030689120293,-0.06710273027420044,118902,50,2,False,Right,Back,Right,Centre,74
<_io.BytesIO object at 0x000001C2736AD090>,0.77945476770401,0.04510240629315376,-0.016799068078398705,118902,50,2,False,Right,Back,Right,Centre,74
<_io.BytesIO object at 0x000001C2736AD4F0>,0.7311608195304871,0.09927535057067871,-0.060903191566467285,118902,50,2,False,Right,Back,Right,Centre,74
<_io.BytesIO object at 0x000001C2734837C0>,0.7605853080749512,0.1825171262025833,0.2350042313337326,118903,50,2,False,Right,Back,Right,Centre,74
<_io.BytesIO object at 0x000001C26B215770>,0.727796733379364,0.09980089962482452,0.23661130666732788,118903,50,2,False,Right,Back,Right,Centre,74
<_io.BytesIO object at 0x000001C26B215900>,0.7086376547813416,0.1610889732837677,0.1557263284921646,118903,50,2,False,Right,Back,Right,Centre,74
<_io.BytesIO object at 0x000001C2735B4130>,0.6941899061203003,0.10404253751039505,0.17983752489089966,118903,50,2,False,Right,Back,Right,Centre,74
<_io.BytesIO object at 0x000001C2735B4D10>,0.6888642907142639,0.1454361528158188,0.17454351484775543,118903,50,2,False,Right,Back,Right,Centre,74
<_io.BytesIO object at 0x000001C2735B4180>,0.8008302450180054,0.06657294183969498,-0.07974589616060257,118903,50,2,False,Right,Back,Right,Centre,74
<_io.BytesIO object at 0x000001C2735B41D0>,0.7688385248184204,0.0731504037976265,-0.10595683753490448,118903,50,2,False,Right,Back,Right,Centre,74
<_io.BytesIO object at 0x000001C2735B43B0>,0.8042041063308716,0.03240646794438362,-0.06725979596376419,118903,50,2,False,Right,Back,Right,Centre,74
<_io.BytesIO object at 0x000001C2735B4B30>,0.7803016304969788,0.04535770043730736,-0.016805283725261688,118903,50,2,False,Right,Back,Right,Centre,74
<_io.BytesIO object at 0x000001C2735B46D0>,0.7317102551460266,0.09957298636436462,-0.06063758209347725,118903,50,2,False,Right,Back,Right,Centre,74
<_io.BytesIO object at 0x000001C27347D9A0>,0.7605853080749512,0.1825171262025833,0.2350042313337326,118904,50,2,False,Right,Back,Right,Centre,74
<_io.BytesIO object at 0x000001C27347D360>,0.727796733379364,0.09980089962482452,0.23661130666732788,118904,50,2,False,Right,Back,Right,Centre,74
<_io.BytesIO object at 0x000001C2735D4130>,0.7086376547813416,0.1610889732837677,0.1557263284921646,118904,50,2,False,Right,Back,Right,Centre,74
<_io.BytesIO object at 0x000001C2735D4EA0>,0.6941899061203003,0.10404253751039505,0.17983752489089966,118904,50,2,False,Right,Back,Right,Centre,74
<_io.BytesIO object at 0x000001C2735D4310>,0.6888642907142639,0.1454361528158188,0.17454351484775543,118904,50,2,False,Right,Back,Right,Centre,74
<_io.BytesIO object at 0x000001C2735D45E0>,0.801274299621582,0.06667430698871613,-0.07995826750993729,118904,50,2,False,Right,Back,Right,Centre,74
<_io.BytesIO object at 0x000001C2735D4E00>,0.7692135572433472,0.07339681684970856,-0.10590532422065735,118904,50,2,False,Right,Back,Right,Centre,74
<_io.BytesIO object at 0x000001C2735D48B0>,0.8046808838844299,0.03258880227804184,-0.06744390726089478,118904,50,2,False,Right,Back,Right,Centre,74
<_io.BytesIO object at 0x000001C2735D4D10>,0.7811600565910339,0.045636944472789764,-0.016759304329752922,118904,50,2,False,Right,Back,Right,Centre,74
<_io.BytesIO object at 0x000001C2735D4F90>,0.7324308156967163,0.09991153329610825,-0.06030368432402611,118904,50,2,False,Right,Back,Right,Centre,74
<_io.BytesIO object at 0x000001C27347FA40>,0.7605853080749512,0.1825171262025833,0.2350042313337326,118905,50,2,False,Right,Back,Right,Centre,74
<_io.BytesIO object at 0x000001C27347F810>,0.727796733379364,0.09980089962482452,0.23661130666732788,118905,50,2,False,Right,Back,Right,Centre,74
<_io.BytesIO object at 0x000001C2734704A0>,0.7086376547813416,0.1610889732837677,0.1557263284921646,118905,50,2,False,Right,Back,Right,Centre,74
<_io.BytesIO object at 0x000001C273470D60>,0.6941899061203003,0.10404253751039505,0.17983752489089966,118905,50,2,False,Right,Back,Right,Centre,74
<_io.BytesIO object at 0x000001C273470180>,0.6888642907142639,0.1454361528158188,0.17454351484775543,118905,50,2,False,Right,Back,Right,Centre,74
<_io.BytesIO object at 0x000001C2734704F0>,0.8017489314079285,0.066793292760849,-0.0801270380616188,118905,50,2,False,Right,Back,Right,Centre,74
<_io.BytesIO object at 0x000001C273470720>,0.7694231867790222,0.0735415518283844,-0.1059098094701767,118905,50,2,False,Right,Back,Right,Centre,74
<_io.BytesIO object at 0x000001C273470400>,0.8052792549133301,0.03285808116197586,-0.06765966862440109,118905,50,2,False,Right,Back,Right,Centre,74
<_io.BytesIO object at 0x000001C273470E00>,0.7819950580596924,0.04583270102739334,-0.0168742872774601,118905,50,2,False,Right,Back,Right,Centre,74
<_io.BytesIO object at 0x000001C27349D720>,0.7329710125923157,0.10005784779787064,-0.06013808026909828,118905,50,2,False,Right,Back,Right,Centre,74
<_io.BytesIO object at 0x000001C2735D1040>,0.7605853080749512,0.1825171262025833,0.2350042313337326,118906,50,2,False,Right,Back,Right,Centre,74
<_io.BytesIO object at 0x000001C2734AA770>,0.727796733379364,0.09980089962482452,0.23661130666732788,118906,50,2,False,Right,Back,Right,Centre,74
<_io.BytesIO object at 0x000001C2734AA8B0>,0.7086376547813416,0.1610889732837677,0.1557263284921646,118906,50,2,False,Right,Back,Right,Centre,74
<_io.BytesIO object at 0x000001C2734AA400>,0.6941899061203003,0.10404253751039505,0.17983752489089966,118906,50,2,False,Right,Back,Right,Centre,74
<_io.BytesIO object at 0x000001C2734AA130>,0.6888642907142639,0.1454361528158188,0.17454351484775543,118906,50,2,False,Right,Back,Right,Centre,74
<_io.BytesIO object at 0x000001C2734AA540>,0.8021385669708252,0.06692223995923996,-0.08034638315439224,118906,50,2,False,Right,Back,Right,Centre,74
<_io.BytesIO object at 0x000001C2734AA1D0>,0.7695949673652649,0.07363078743219376,-0.1059756949543953,118906,50,2,False,Right,Back,Right,Centre,74
<_io.BytesIO object at 0x000001C2734AD220>,0.8057593703269958,0.032997362315654755,-0.06792718172073364,118906,50,2,False,Right,Back,Right,Centre,74
<_io.BytesIO object at 0x000001C2734AD5E0>,0.7828736901283264,0.045970041304826736,-0.01698237657546997,118906,50,2,False,Right,Back,Right,Centre,74
<_io.BytesIO object at 0x000001C2734AD950>,0.733637273311615,0.10027987509965897,-0.05970339477062225,118906,50,2,False,Right,Back,Right,Centre,74
<_io.BytesIO object at 0x000001C2735B5DB0>,0.7605853080749512,0.1825171262025833,0.2350042313337326,118907,50,2,False,Right,Back,Right,Centre,74
<_io.BytesIO object at 0x000001C2735B5BD0>,0.727796733379364,0.09980089962482452,0.23661130666732788,118907,50,2,False,Right,Back,Right,Centre,74
<_io.BytesIO object at 0x000001C2734AD400>,0.7086376547813416,0.1610889732837677,0.1557263284921646,118907,50,2,False,Right,Back,Right,Centre,74
<_io.BytesIO object at 0x000001C2734AD680>,0.6941899061203003,0.10404253751039505,0.17983752489089966,118907,50,2,False,Right,Back,Right,Centre,74
<_io.BytesIO object at 0x000001C2734AD180>,0.6888642907142639,0.1454361528158188,0.17454351484775543,118907,50,2,False,Right,Back,Right,Centre,74
<_io.BytesIO object at 0x000001C2734AD9A0>,0.8025206923484802,0.06702835112810135,-0.08060851693153381,118907,50,2,False,Right,Back,Right,Centre,74
<_io.BytesIO object at 0x000001C2734ADEF0>,0.7700109481811523,0.07388664036989212,-0.10608185827732086,118907,50,2,False,Right,Back,Right,Centre,74
<_io.BytesIO object at 0x000001C2734ADDB0>,0.806299090385437,0.033124085515737534,-0.06829380244016647,118907,50,2,False,Right,Back,Right,Centre,74
<_io.BytesIO object at 0x000001C2734AD7C0>,0.7837828993797302,0.0460418276488781,-0.017199968919157982,118907,50,2,False,Right,Back,Right,Centre,74
<_io.BytesIO object at 0x000001C2734AA680>,0.7342095375061035,0.10049734264612198,-0.0595785491168499,118907,50,2,False,Right,Back,Right,Centre,74
<_io.BytesIO object at 0x000001C2735D13B0>,0.7605853080749512,0.1825171262025833,0.2350042313337326,118908,50,2,False,Right,Back,Right,Centre,74
<_io.BytesIO object at 0x000001C2735D1770>,0.727796733379364,0.09980089962482452,0.23661130666732788,118908,50,2,False,Right,Back,Right,Centre,74
<_io.BytesIO object at 0x000001C27349D590>,0.7086376547813416,0.1610889732837677,0.1557263284921646,118908,50,2,False,Right,Back,Right,Centre,74
<_io.BytesIO object at 0x000001C27349D900>,0.6941899061203003,0.10404253751039505,0.17983752489089966,118908,50,2,False,Right,Back,Right,Centre,74
<_io.BytesIO object at 0x000001C27349D360>,0.6888642907142639,0.1454361528158188,0.17454351484775543,118908,50,2,False,Right,Back,Right,Centre,74
<_io.BytesIO object at 0x000001C27349DA40>,0.8031240701675415,0.0671975165605545,-0.08086864650249481,118908,50,2,False,Right,Back,Right,Centre,74
<_io.BytesIO object at 0x000001C27349D0E0>,0.7702369093894958,0.07395504415035248,-0.10618775337934494,118908,50,2,False,Right,Back,Right,Centre,74
<_io.BytesIO object at 0x000001C273470D10>,0.8069338202476501,0.03330441191792488,-0.06868641823530197,118908,50,2,False,Right,Back,Right,Centre,74
<_io.BytesIO object at 0x000001C273470B80>,0.7846577167510986,0.04612357169389725,-0.01736849918961525,118908,50,2,False,Right,Back,Right,Centre,74
<_io.BytesIO object at 0x000001C273470810>,0.7347810864448547,0.10056932270526886,-0.05948875471949577,118908,50,2,False,Right,Back,Right,Centre,74
<_io.BytesIO object at 0x000001C27347F950>,0.7605853080749512,0.1825171262025833,0.2350042313337326,118909,50,2,False,Right,Back,Right,Centre,74
<_io.BytesIO object at 0x000001C2735BBC70>,0.727796733379364,0.09980089962482452,0.23661130666732788,118909,50,2,False,Right,Back,Right,Centre,74
<_io.BytesIO object at 0x000001C2735BBAE0>,0.7086376547813416,0.1610889732837677,0.1557263284921646,118909,50,2,False,Right,Back,Right,Centre,74
<_io.BytesIO object at 0x000001C2735BB450>,0.6941899061203003,0.10404253751039505,0.17983752489089966,118909,50,2,False,Right,Back,Right,Centre,74
<_io.BytesIO object at 0x000001C2735BB1D0>,0.6888642907142639,0.1454361528158188,0.17454351484775543,118909,50,2,False,Right,Back,Right,Centre,74
<_io.BytesIO object at 0x000001C2735BB8B0>,0.8036200404167175,0.06713831424713135,-0.08135106414556503,118909,50,2,False,Right,Back,Right,Centre,74
<_io.BytesIO object at 0x000001C2735BB770>,0.7705186605453491,0.0742255225777626,-0.10646873712539673,118909,50,2,False,Right,Back,Right,Centre,74
<_io.BytesIO object at 0x000001C2735BB310>,0.807379961013794,0.033289697021245956,-0.06917911022901535,118909,50,2,False,Right,Back,Right,Centre,74
<_io.BytesIO object at 0x000001C2735D4AE0>,0.7854849696159363,0.04602792486548424,-0.01772264391183853,118909,50,2,False,Right,Back,Right,Centre,74
<_io.BytesIO object at 0x000001C2735D4360>,0.7355431318283081,0.10057609528303146,-0.05923314392566681,118909,50,2,False,Right,Back,Right,Centre,74
<_io.BytesIO object at 0x000001C27347DD60>,0.7605853080749512,0.1825171262025833,0.2350042313337326,118910,50,2,False,Right,Back,Right,Centre,74
<_io.BytesIO object at 0x000001C27347DD10>,0.727796733379364,0.09980089962482452,0.23661130666732788,118910,50,2,False,Right,Back,Right,Centre,74
<_io.BytesIO object at 0x000001C2735A5E00>,0.7086376547813416,0.1610889732837677,0.1557263284921646,118910,50,2,False,Right,Back,Right,Centre,74
<_io.BytesIO object at 0x000001C2735A5090>,0.6941899061203003,0.10404253751039505,0.17983752489089966,118910,50,2,False,Right,Back,Right,Centre,74
<_io.BytesIO object at 0x000001C2735A5220>,0.6888642907142639,0.1454361528158188,0.17454351484775543,118910,50,2,False,Right,Back,Right,Centre,74
<_io.BytesIO object at 0x000001C2735A5C20>,0.8039707541465759,0.06718527525663376,-0.08178214728832245,118910,50,2,False,Right,Back,Right,Centre,74
<_io.BytesIO object at 0x000001C2735A52C0>,0.7708001732826233,0.07399783283472061,-0.1066107451915741,118910,50,2,False,Right,Back,Right,Centre,74
<_io.BytesIO object at 0x000001C2735A5A40>,0.8078196048736572,0.03318754583597183,-0.06965368241071701,118910,50,2,False,Right,Back,Right,Centre,74
<_io.BytesIO object at 0x000001C26B215540>,0.7863112092018127,0.04596066102385521,-0.018094845116138458,118910,50,2,False,Right,Back,Right,Centre,74
<_io.BytesIO object at 0x000001C26B2155E0>,0.7361087203025818,0.10042617470026016,-0.059267979115247726,118910,50,2,False,Right,Back,Right,Centre,74
<_io.BytesIO object at 0x000001C273483590>,0.7605853080749512,0.1825171262025833,0.2350042313337326,118911,50,2,False,Right,Back,Right,Centre,74
<_io.BytesIO object at 0x000001C2735B44F0>,0.727796733379364,0.09980089962482452,0.23661130666732788,118911,50,2,False,Right,Back,Right,Centre,74
<_io.BytesIO object at 0x000001C2735B4F40>,0.7086376547813416,0.1610889732837677,0.1557263284921646,118911,50,2,False,Right,Back,Right,Centre,74
<_io.BytesIO object at 0x000001C2735B4E50>,0.6941899061203003,0.10404253751039505,0.17983752489089966,118911,50,2,False,Right,Back,Right,Centre,74
<_io.BytesIO object at 0x000001C2735B42C0>,0.6888642907142639,0.1454361528158188,0.17454351484775543,118911,50,2,False,Right,Back,Right,Centre,74
<_io.BytesIO object at 0x000001C2735B4270>,0.8043884634971619,0.0672241821885109,-0.0822383314371109,118911,50,2,False,Right,Back,Right,Centre,74
<_io.BytesIO object at 0x000001C2735B4130>,0.771008312702179,0.07393983751535416,-0.10687817633152008,118911,50,2,False,Right,Back,Right,Centre,74
<_io.BytesIO object at 0x000001C2735DB220>,0.8083612322807312,0.03306875750422478,-0.07025324553251266,118911,50,2,False,Right,Back,Right,Centre,74
<_io.BytesIO object at 0x000001C2735DB360>,0.7871166467666626,0.04570648819208145,-0.018547816202044487,118911,50,2,False,Right,Back,Right,Centre,74
<_io.BytesIO object at 0x000001C2735DB4F0>,0.736627995967865,0.10032528638839722,-0.05925046652555466,118911,50,2,False,Right,Back,Right,Centre,74
<_io.BytesIO object at 0x000001C2736ADF40>,0.7605853080749512,0.1825171262025833,0.2350042313337326,118912,50,2,False,Right,Back,Right,Centre,74
<_io.BytesIO object at 0x000001C2736AD9A0>,0.727796733379364,0.09980089962482452,0.23661130666732788,118912,50,2,False,Right,Back,Right,Centre,74
<_io.BytesIO object at 0x000001C2736ADAE0>,0.7086376547813416,0.1610889732837677,0.1557263284921646,118912,50,2,False,Right,Back,Right,Centre,74
<_io.BytesIO object at 0x000001C2736ADDB0>,0.6941899061203003,0.10404253751039505,0.17983752489089966,118912,50,2,False,Right,Back,Right,Centre,74
<_io.BytesIO object at 0x000001C2736AD220>,0.6888642907142639,0.1454361528158188,0.17454351484775543,118912,50,2,False,Right,Back,Right,Centre,74
<_io.BytesIO object at 0x000001C2736AD450>,0.8049559593200684,0.06712319701910019,-0.08283315598964691,118912,50,2,False,Right,Back,Right,Centre,74
<_io.BytesIO object at 0x000001C2736ADE00>,0.7713982462882996,0.07394075393676758,-0.10715276002883911,118912,50,2,False,Right,Back,Right,Centre,74
<_io.BytesIO object at 0x000001C2735DB0E0>,0.8087418675422668,0.03290596231818199,-0.07091391831636429,118912,50,2,False,Right,Back,Right,Centre,74
<_io.BytesIO object at 0x000001C2735DBBD0>,0.7879383563995361,0.045470427721738815,-0.018971135839819908,118912,50,2,False,Right,Back,Right,Centre,74
<_io.BytesIO object at 0x000001C2735DBEA0>,0.7370890974998474,0.10009542852640152,-0.0592833086848259,118912,50,2,False,Right,Back,Right,Centre,74
<_io.BytesIO object at 0x000001C2735B4C70>,0.7605853080749512,0.1825171262025833,0.2350042313337326,118913,50,2,False,Right,Back,Right,Centre,74
<_io.BytesIO object at 0x000001C2707049F0>,0.727796733379364,0.09980089962482452,0.23661130666732788,118913,50,2,False,Right,Back,Right,Centre,74
<_io.BytesIO object at 0x000001C2734834A0>,0.7086376547813416,0.1610889732837677,0.1557263284921646,118913,50,2,False,Right,Back,Right,Centre,74
<_io.BytesIO object at 0x000001C273483540>,0.6941899061203003,0.10404253751039505,0.17983752489089966,118913,50,2,False,Right,Back,Right,Centre,74
<_io.BytesIO object at 0x000001C273483680>,0.6888642907142639,0.1454361528158188,0.17454351484775543,118913,50,2,False,Right,Back,Right,Centre,74
<_io.BytesIO object at 0x000001C2734833B0>,0.8053120374679565,0.06692051142454147,-0.08334541320800781,118913,50,2,False,Right,Back,Right,Centre,74
<_io.BytesIO object at 0x000001C273483630>,0.7715772390365601,0.07381119579076767,-0.10747259855270386,118913,50,2,False,Right,Back,Right,Centre,74
<_io.BytesIO object at 0x000001C2734837C0>,0.8093468546867371,0.032761361449956894,-0.07156570255756378,118913,50,2,False,Right,Back,Right,Centre,74
<_io.BytesIO object at 0x000001C26B2157C0>,0.7886814475059509,0.04512842372059822,-0.0194956436753273,118913,50,2,False,Right,Back,Right,Centre,74
<_io.BytesIO object at 0x000001C26B215630>,0.737789511680603,0.10005157440900803,-0.059429019689559937,118913,50,2,False,Right,Back,Right,Centre,74
<_io.BytesIO object at 0x000001C2735A5040>,0.7605853080749512,0.1825171262025833,0.2350042313337326,118914,50,2,False,Right,Back,Right,Centre,74
<_io.BytesIO object at 0x000001C27347DF40>,0.727796733379364,0.09980089962482452,0.23661130666732788,118914,50,2,False,Right,Back,Right,Centre,74
<_io.BytesIO object at 0x000001C27347DF90>,0.7086376547813416,0.1610889732837677,0.1557263284921646,118914,50,2,False,Right,Back,Right,Centre,74
<_io.BytesIO object at 0x000001C27347D450>,0.6941899061203003,0.10404253751039505,0.17983752489089966,118914,50,2,False,Right,Back,Right,Centre,74
<_io.BytesIO object at 0x000001C27347DCC0>,0.6888642907142639,0.1454361528158188,0.17454351484775543,118914,50,2,False,Right,Back,Right,Centre,74
<_io.BytesIO object at 0x000001C2735BBD10>,0.8056262731552124,0.06654547899961472,-0.0839754268527031,118914,50,2,False,Right,Back,Right,Centre,74
<_io.BytesIO object at 0x000001C2735BB680>,0.7718351483345032,0.07370270788669586,-0.10788977891206741,118914,50,2,False,Right,Back,Right,Centre,74
<_io.BytesIO object at 0x000001C2735BBC20>,0.8096870183944702,0.032472457736730576,-0.07229235768318176,118914,50,2,False,Right,Back,Right,Centre,74
<_io.BytesIO object at 0x000001C2735BBB80>,0.7894157767295837,0.04471921548247337,-0.020066920667886734,118914,50,2,False,Right,Back,Right,Centre,74
<_io.BytesIO object at 0x000001C2735BBE00>,0.7383861541748047,0.0997496023774147,-0.05959755554795265,118914,50,2,False,Right,Back,Right,Centre,74
<_io.BytesIO object at 0x000001C27347F6D0>,0.7605853080749512,0.1825171262025833,0.2350042313337326,118915,50,2,False,Right,Back,Right,Centre,74
<_io.BytesIO object at 0x000001C273470A40>,0.727796733379364,0.09980089962482452,0.23661130666732788,118915,50,2,False,Right,Back,Right,Centre,74
<_io.BytesIO object at 0x000001C2734706D0>,0.7086376547813416,0.1610889732837677,0.1557263284921646,118915,50,2,False,Right,Back,Right,Centre,74
<_io.BytesIO object at 0x000001C273470F90>,0.6941899061203003,0.10404253751039505,0.17983752489089966,118915,50,2,False,Right,Back,Right,Centre,74
<_io.BytesIO object at 0x000001C273470720>,0.6888642907142639,0.1454361528158188,0.17454351484775543,118915,50,2,False,Right,Back,Right,Centre,74
<_io.BytesIO object at 0x000001C273470B80>,0.80596524477005,0.06627310812473297,-0.08458375930786133,118915,50,2,False,Right,Back,Right,Centre,74
<_io.BytesIO object at 0x000001C273470680>,0.7720577120780945,0.07345668226480484,-0.10829787701368332,118915,50,2,False,Right,Back,Right,Centre,74
<_io.BytesIO object at 0x000001C27349D8B0>,0.8100751638412476,0.03213164582848549,-0.07304319739341736,118915,50,2,False,Right,Back,Right,Centre,74
<_io.BytesIO object at 0x000001C27349D720>,0.7900955080986023,0.04426867514848709,-0.02072867378592491,118915,50,2,False,Right,Back,Right,Centre,74
<_io.BytesIO object at 0x000001C27349D2C0>,0.7387897968292236,0.09939530491828918,-0.0597139447927475,118915,50,2,False,Right,Back,Right,Centre,74
<_io.BytesIO object at 0x000001C2735D19A0>,0.7605853080749512,0.1825171262025833,0.2350042313337326,118916,50,2,False,Right,Back,Right,Centre,74
<_io.BytesIO object at 0x000001C2735D47C0>,0.727796733379364,0.09980089962482452,0.23661130666732788,118916,50,2,False,Right,Back,Right,Centre,74
<_io.BytesIO object at 0x000001C2735D4C70>,0.7086376547813416,0.1610889732837677,0.1557263284921646,118916,50,2,False,Right,Back,Right,Centre,74
<_io.BytesIO object at 0x000001C2735D4E00>,0.6941899061203003,0.10404253751039505,0.17983752489089966,118916,50,2,False,Right,Back,Right,Centre,74
<_io.BytesIO object at 0x000001C2735D4040>,0.6888642907142639,0.1454361528158188,0.17454351484775543,118916,50,2,False,Right,Back,Right,Centre,74
<_io.BytesIO object at 0x000001C2735D4360>,0.8062661290168762,0.06590207666158676,-0.0852833166718483,118916,50,2,False,Right,Back,Right,Centre,74
<_io.BytesIO object at 0x000001C2735D4720>,0.7722377777099609,0.07320631295442581,-0.10883545875549316,118916,50,2,False,Right,Back,Right,Centre,74
<_io.BytesIO object at 0x000001C2734AA590>,0.810509979724884,0.03177722543478012,-0.07388299703598022,118916,50,2,False,Right,Back,Right,Centre,74
<_io.BytesIO object at 0x000001C2734AAA40>,0.7907420992851257,0.043793536722660065,-0.021332278847694397,118916,50,2,False,Right,Back,Right,Centre,74
<_io.BytesIO object at 0x000001C2734AAA90>,0.739207923412323,0.09901013225317001,-0.05988411232829094,118916,50,2,False,Right,Back,Right,Centre,74
<_io.BytesIO object at 0x000001C2734AD4F0>,0.7605853080749512,0.1825171262025833,0.2350042313337326,118917,50,2,False,Right,Back,Right,Centre,74
<_io.BytesIO object at 0x000001C2734AD680>,0.727796733379364,0.09980089962482452,0.23661130666732788,118917,50,2,False,Right,Back,Right,Centre,74
<_io.BytesIO object at 0x000001C2735B5BD0>,0.7086376547813416,0.1610889732837677,0.1557263284921646,118917,50,2,False,Right,Back,Right,Centre,74
<_io.BytesIO object at 0x000001C2735B59F0>,0.6941899061203003,0.10404253751039505,0.17983752489089966,118917,50,2,False,Right,Back,Right,Centre,74
<_io.BytesIO object at 0x000001C2735B5900>,0.6888642907142639,0.1454361528158188,0.17454351484775543,118917,50,2,False,Right,Back,Right,Centre,74
<_io.BytesIO object at 0x000001C2735B5A90>,0.8066326975822449,0.0657278522849083,-0.08600780367851257,118917,50,2,False,Right,Back,Right,Centre,74
<_io.BytesIO object at 0x000001C2734A3C20>,0.7721752524375916,0.07276855409145355,-0.10949885845184326,118917,50,2,False,Right,Back,Right,Centre,74
<_io.BytesIO object at 0x000001C2734A3C70>,0.8108562231063843,0.031392961740493774,-0.07465925067663193,118917,50,2,False,Right,Back,Right,Centre,74
<_io.BytesIO object at 0x000001C2734A3EF0>,0.7913978099822998,0.04321117326617241,-0.02203908935189247,118917,50,2,False,Right,Back,Right,Centre,74
<_io.BytesIO object at 0x000001C2734A3AE0>,0.7395840287208557,0.09858019649982452,-0.06015019491314888,118917,50,2,False,Right,Back,Right,Centre,74
<_io.BytesIO object at 0x000001C2734ADAE0>,0.7605853080749512,0.1825171262025833,0.2350042313337326,118918,50,2,False,Right,Back,Right,Centre,74
<_io.BytesIO object at 0x000001C2734AD770>,0.727796733379364,0.09980089962482452,0.23661130666732788,118918,50,2,False,Right,Back,Right,Centre,74
<_io.BytesIO object at 0x000001C2734AAE00>,0.7086376547813416,0.1610889732837677,0.1557263284921646,118918,50,2,False,Right,Back,Right,Centre,74
<_io.BytesIO object at 0x000001C2734AA4A0>,0.6941899061203003,0.10404253751039505,0.17983752489089966,118918,50,2,False,Right,Back,Right,Centre,74
<_io.BytesIO object at 0x000001C2734AAF90>,0.6888642907142639,0.1454361528158188,0.17454351484775543,118918,50,2,False,Right,Back,Right,Centre,74
<_io.BytesIO object at 0x000001C2734AA3B0>,0.8069173097610474,0.06532938033342361,-0.08672117441892624,118918,50,2,False,Right,Back,Right,Centre,74
<_io.BytesIO object at 0x000001C2734AA400>,0.7722647786140442,0.07245953381061554,-0.10999400913715363,118918,50,2,False,Right,Back,Right,Centre,74
<_io.BytesIO object at 0x000001C2734AA180>,0.8112760186195374,0.031080087646842003,-0.07553131133317947,118918,50,2,False,Right,Back,Right,Centre,74
<_io.BytesIO object at 0x000001C2734AAA40>,0.7919877171516418,0.04262995719909668,-0.02274279110133648,118918,50,2,False,Right,Back,Right,Centre,74
<_io.BytesIO object at 0x000001C2734AA860>,0.7401167750358582,0.09797091037034988,-0.060447972267866135,118918,50,2,False,Right,Back,Right,Centre,74
<_io.BytesIO object at 0x000001C2735D19F0>,0.7605853080749512,0.1825171262025833,0.2350042313337326,118919,50,2,False,Right,Back,Right,Centre,74
<_io.BytesIO object at 0x000001C2735D14F0>,0.727796733379364,0.09980089962482452,0.23661130666732788,118919,50,2,False,Right,Back,Right,Centre,74
<_io.BytesIO object at 0x000001C2735D1590>,0.7086376547813416,0.1610889732837677,0.1557263284921646,118919,50,2,False,Right,Back,Right,Centre,74
<_io.BytesIO object at 0x000001C2735D1180>,0.6941899061203003,0.10404253751039505,0.17983752489089966,118919,50,2,False,Right,Back,Right,Centre,74
<_io.BytesIO object at 0x000001C27349DC70>,0.6888642907142639,0.1454361528158188,0.17454351484775543,118919,50,2,False,Right,Back,Right,Centre,74
<_io.BytesIO object at 0x000001C27349D810>,0.8072361946105957,0.06492351740598679,-0.08747898787260056,118919,50,2,False,Right,Back,Right,Centre,74
<_io.BytesIO object at 0x000001C27349D090>,0.7725187540054321,0.07215971499681473,-0.11054150015115738,118919,50,2,False,Right,Back,Right,Centre,74
<_io.BytesIO object at 0x000001C27349DF90>,0.8115852475166321,0.030597640201449394,-0.07640466839075089,118919,50,2,False,Right,Back,Right,Centre,74
<_io.BytesIO object at 0x000001C27349D0E0>,0.7926111221313477,0.041959065943956375,-0.02353627048432827,118919,50,2,False,Right,Back,Right,Centre,74
<_io.BytesIO object at 0x000001C27349DAE0>,0.740380585193634,0.09750066697597504,-0.06075678765773773,118919,50,2,False,Right,Back,Right,Centre,74
<_io.BytesIO object at 0x000001C27347FB80>,0.7605853080749512,0.1825171262025833,0.2350042313337326,118920,50,2,False,Right,Back,Right,Centre,74
<_io.BytesIO object at 0x000001C27347FEF0>,0.727796733379364,0.09980089962482452,0.23661130666732788,118920,50,2,False,Right,Back,Right,Centre,74
<_io.BytesIO object at 0x000001C27347FF90>,0.7086376547813416,0.1610889732837677,0.1557263284921646,118920,50,2,False,Right,Back,Right,Centre,74
<_io.BytesIO object at 0x000001C2735BB7C0>,0.6941899061203003,0.10404253751039505,0.17983752489089966,118920,50,2,False,Right,Back,Right,Centre,74
<_io.BytesIO object at 0x000001C2735BB9A0>,0.6888642907142639,0.1454361528158188,0.17454351484775543,118920,50,2,False,Right,Back,Right,Centre,74
<_io.BytesIO object at 0x000001C2735BB4F0>,0.8074384331703186,0.06452087312936783,-0.08814113587141037,118920,50,2,False,Right,Back,Right,Centre,74
<_io.BytesIO object at 0x000001C2735BBAE0>,0.7726749777793884,0.07185433804988861,-0.11113188415765762,118920,50,2,False,Right,Back,Right,Centre,74
<_io.BytesIO object at 0x000001C2735BB590>,0.8119570016860962,0.030239665880799294,-0.07727549225091934,118920,50,2,False,Right,Back,Right,Centre,74
<_io.BytesIO object at 0x000001C2735BB400>,0.793159544467926,0.04138067737221718,-0.024260753765702248,118920,50,2,False,Right,Back,Right,Centre,74
<_io.BytesIO object at 0x000001C2735BB270>,0.7407814264297485,0.09714296460151672,-0.061068344861269,118920,50,2,False,Right,Back,Right,Centre,74
<_io.BytesIO object at 0x000001C27347D090>,0.7605853080749512,0.1825171262025833,0.2350042313337326,118921,50,2,False,Right,Back,Right,Centre,74
<_io.BytesIO object at 0x000001C2735A5EA0>,0.727796733379364,0.09980089962482452,0.23661130666732788,118921,50,2,False,Right,Back,Right,Centre,74
<_io.BytesIO object at 0x000001C2735A5DB0>,0.7086376547813416,0.1610889732837677,0.1557263284921646,118921,50,2,False,Right,Back,Right,Centre,74
<_io.BytesIO object at 0x000001C2735A59A0>,0.6941899061203003,0.10404253751039505,0.17983752489089966,118921,50,2,False,Right,Back,Right,Centre,74
<_io.BytesIO object at 0x000001C2735A5950>,0.6888642907142639,0.1454361528158188,0.17454351484775543,118921,50,2,False,Right,Back,Right,Centre,74
<_io.BytesIO object at 0x000001C26B215900>,0.8076627254486084,0.0640721544623375,-0.08888580650091171,118921,50,2,False,Right,Back,Right,Centre,74
<_io.BytesIO object at 0x000001C26B2155E0>,0.772739827632904,0.07150206714868546,-0.11170001327991486,118921,50,2,False,Right,Back,Right,Centre,74
<_io.BytesIO object at 0x000001C26B215360>,0.8122772574424744,0.02984047494828701,-0.07816921174526215,118921,50,2,False,Right,Back,Right,Centre,74
<_io.BytesIO object at 0x000001C26B215590>,0.7937340140342712,0.04076441749930382,-0.025060832500457764,118921,50,2,False,Right,Back,Right,Centre,74
<_io.BytesIO object at 0x000001C273483040>,0.7410884499549866,0.09644454717636108,-0.06141341105103493,118921,50,2,False,Right,Back,Right,Centre,74
<_io.BytesIO object at 0x000001C2735B4C20>,0.7605853080749512,0.1825171262025833,0.2350042313337326,118922,50,2,False,Right,Back,Right,Centre,74
<_io.BytesIO object at 0x000001C2735B4950>,0.727796733379364,0.09980089962482452,0.23661130666732788,118922,50,2,False,Right,Back,Right,Centre,74
<_io.BytesIO object at 0x000001C2735B48B0>,0.7086376547813416,0.1610889732837677,0.1557263284921646,118922,50,2,False,Right,Back,Right,Centre,74
<_io.BytesIO object at 0x000001C2735B4770>,0.6941899061203003,0.10404253751039505,0.17983752489089966,118922,50,2,False,Right,Back,Right,Centre,74
<_io.BytesIO object at 0x000001C2735DBE00>,0.6888642907142639,0.1454361528158188,0.17454351484775543,118922,50,2,False,Right,Back,Right,Centre,74
<_io.BytesIO object at 0x000001C2735DBDB0>,0.8079078197479248,0.06375399976968765,-0.08958682417869568,118922,50,2,False,Right,Back,Right,Centre,74
<_io.BytesIO object at 0x000001C2735DB4F0>,0.772840678691864,0.0711483359336853,-0.1122535839676857,118922,50,2,False,Right,Back,Right,Centre,74
<_io.BytesIO object at 0x000001C2735DBD10>,0.812595009803772,0.02941080741584301,-0.07903362810611725,118922,50,2,False,Right,Back,Right,Centre,74
<_io.BytesIO object at 0x000001C2735DBA40>,0.794215738773346,0.04016229510307312,-0.025786545127630234,118922,50,2,False,Right,Back,Right,Centre,74
<_io.BytesIO object at 0x000001C2735DBBD0>,0.7414548993110657,0.09580377489328384,-0.0617852546274662,118922,50,2,False,Right,Back,Right,Centre,74
<_io.BytesIO object at 0x000001C2736ADC20>,0.7605853080749512,0.1825171262025833,0.2350042313337326,118923,50,2,False,Right,Back,Right,Centre,74
<_io.BytesIO object at 0x000001C2734A3810>,0.727796733379364,0.09980089962482452,0.23661130666732788,118923,50,2,False,Right,Back,Right,Centre,74
<_io.BytesIO object at 0x000001C2734A3770>,0.7086376547813416,0.1610889732837677,0.1557263284921646,118923,50,2,False,Right,Back,Right,Centre,74
<_io.BytesIO object at 0x000001C2734A3180>,0.6941899061203003,0.10404253751039505,0.17983752489089966,118923,50,2,False,Right,Back,Right,Centre,74
<_io.BytesIO object at 0x000001C2734A3DB0>,0.6888642907142639,0.1454361528158188,0.17454351484775543,118923,50,2,False,Right,Back,Right,Centre,74
<_io.BytesIO object at 0x000001C2734A3B80>,0.8080957531929016,0.06330784410238266,-0.09038900583982468,118923,50,2,False,Right,Back,Right,Centre,74
<_io.BytesIO object at 0x000001C2734A3EF0>,0.7729315757751465,0.07083851099014282,-0.112765371799469,118923,50,2,False,Right,Back,Right,Centre,74
<_io.BytesIO object at 0x000001C2734A39A0>,0.8128229379653931,0.029008615761995316,-0.07987426966428757,118923,50,2,False,Right,Back,Right,Centre,74
<_io.BytesIO object at 0x000001C2734A3F40>,0.7947262525558472,0.03951035812497139,-0.026545152068138123,118923,50,2,False,Right,Back,Right,Centre,74
<_io.BytesIO object at 0x000001C2734A33B0>,0.7418323755264282,0.09548412263393402,-0.06215006485581398,118923,50,2,False,Right,Back,Right,Centre,74
<_io.BytesIO object at 0x000001C2735DBA40>,0.7605853080749512,0.1825171262025833,0.2350042313337326,118924,50,2,False,Right,Back,Right,Centre,74
<_io.BytesIO object at 0x000001C2735DB590>,0.727796733379364,0.09980089962482452,0.23661130666732788,118924,50,2,False,Right,Back,Right,Centre,74
<_io.BytesIO object at 0x000001C2735B4720>,0.7086376547813416,0.1610889732837677,0.1557263284921646,118924,50,2,False,Right,Back,Right,Centre,74
<_io.BytesIO object at 0x000001C2735B4180>,0.6941899061203003,0.10404253751039505,0.17983752489089966,118924,50,2,False,Right,Back,Right,Centre,74
<_io.BytesIO object at 0x000001C2735B4220>,0.6888642907142639,0.1454361528158188,0.17454351484775543,118924,50,2,False,Right,Back,Right,Centre,74
<_io.BytesIO object at 0x000001C2735B4C70>,0.8083145022392273,0.06301926076412201,-0.09102257341146469,118924,50,2,False,Right,Back,Right,Centre,74
<_io.BytesIO object at 0x000001C2735B41D0>,0.7731866836547852,0.07055508345365524,-0.11339642852544785,118924,50,2,False,Right,Back,Right,Centre,74
<_io.BytesIO object at 0x000001C2735B4F40>,0.8131895065307617,0.028624573722481728,-0.08077657222747803,118924,50,2,False,Right,Back,Right,Centre,74
<_io.BytesIO object at 0x000001C2735B4810>,0.7952345013618469,0.0389045849442482,-0.027300018817186356,118924,50,2,False,Right,Back,Right,Centre,74
<_io.BytesIO object at 0x000001C2735B4090>,0.7420568466186523,0.09502410888671875,-0.06250812858343124,118924,50,2,False,Right,Back,Right,Centre,74
<_io.BytesIO object at 0x000001C273483720>,0.7605853080749512,0.1825171262025833,0.2350042313337326,118925,50,2,False,Right,Back,Right,Centre,74
<_io.BytesIO object at 0x000001C26B215220>,0.727796733379364,0.09980089962482452,0.23661130666732788,118925,50,2,False,Right,Back,Right,Centre,74
<_io.BytesIO object at 0x000001C2735A51D0>,0.7086376547813416,0.1610889732837677,0.1557263284921646,118925,50,2,False,Right,Back,Right,Centre,74
<_io.BytesIO object at 0x000001C2735A5400>,0.6941899061203003,0.10404253751039505,0.17983752489089966,118925,50,2,False,Right,Back,Right,Centre,74
<_io.BytesIO object at 0x000001C2735A59F0>,0.6888642907142639,0.1454361528158188,0.17454351484775543,118925,50,2,False,Right,Back,Right,Centre,74
<_io.BytesIO object at 0x000001C2735A57C0>,0.8086130023002625,0.06275023519992828,-0.09171195328235626,118925,50,2,False,Right,Back,Right,Centre,74
<_io.BytesIO object at 0x000001C2735A5A40>,0.7735366821289062,0.0703531950712204,-0.11388835310935974,118925,50,2,False,Right,Back,Right,Centre,74
<_io.BytesIO object at 0x000001C2735A5CC0>,0.8134389519691467,0.028255943208932877,-0.08161501586437225,118925,50,2,False,Right,Back,Right,Centre,74
<_io.BytesIO object at 0x000001C27347DC70>,0.7956610918045044,0.03831401467323303,-0.028012994676828384,118925,50,2,False,Right,Back,Right,Centre,74
<_io.BytesIO object at 0x000001C27347D4F0>,0.7423443794250488,0.09436773508787155,-0.06285043060779572,118925,50,2,False,Right,Back,Right,Centre,74
<_io.BytesIO object at 0x000001C2735BBC20>,0.7605853080749512,0.1825171262025833,0.2350042313337326,118926,50,2,False,Right,Back,Right,Centre,74
<_io.BytesIO object at 0x000001C2735BBCC0>,0.727796733379364,0.09980089962482452,0.23661130666732788,118926,50,2,False,Right,Back,Right,Centre,74
<_io.BytesIO object at 0x000001C2735BB7C0>,0.7086376547813416,0.1610889732837677,0.1557263284921646,118926,50,2,False,Right,Back,Right,Centre,74
<_io.BytesIO object at 0x000001C27347F720>,0.6941899061203003,0.10404253751039505,0.17983752489089966,118926,50,2,False,Right,Back,Right,Centre,74
<_io.BytesIO object at 0x000001C27347FDB0>,0.6888642907142639,0.1454361528158188,0.17454351484775543,118926,50,2,False,Right,Back,Right,Centre,74
<_io.BytesIO object at 0x000001C27347F630>,0.8087364435195923,0.062408726662397385,-0.09234154224395752,118926,50,2,False,Right,Back,Right,Centre,74
<_io.BytesIO object at 0x000001C27347FE50>,0.773649275302887,0.07002008706331253,-0.1143784299492836,118926,50,2,False,Right,Back,Right,Centre,74
<_io.BytesIO object at 0x000001C27347F9F0>,0.8136991858482361,0.027869779616594315,-0.08246411383152008,118926,50,2,False,Right,Back,Right,Centre,74
<_io.BytesIO object at 0x000001C27347F3B0>,0.7960988879203796,0.03778747096657753,-0.028790196403861046,118926,50,2,False,Right,Back,Right,Centre,74
<_io.BytesIO object at 0x000001C27347F5E0>,0.742665708065033,0.09375830739736557,-0.06324490159749985,118926,50,2,False,Right,Back,Right,Centre,74
<_io.BytesIO object at 0x000001C27349DA40>,0.7605853080749512,0.1825171262025833,0.2350042313337326,118927,50,2,False,Right,Back,Right,Centre,74
<_io.BytesIO object at 0x000001C27349DE50>,0.727796733379364,0.09980089962482452,0.23661130666732788,118927,50,2,False,Right,Back,Right,Centre,74
<_io.BytesIO object at 0x000001C2735D1130>,0.7086376547813416,0.1610889732837677,0.1557263284921646,118927,50,2,False,Right,Back,Right,Centre,74
<_io.BytesIO object at 0x000001C2735D1950>,0.6941899061203003,0.10404253751039505,0.17983752489089966,118927,50,2,False,Right,Back,Right,Centre,74
<_io.BytesIO object at 0x000001C2735D1400>,0.6888642907142639,0.1454361528158188,0.17454351484775543,118927,50,2,False,Right,Back,Right,Centre,74
<_io.BytesIO object at 0x000001C2735D1860>,0.8089106678962708,0.062039341777563095,-0.092958465218544,118927,50,2,False,Right,Back,Right,Centre,74
<_io.BytesIO object at 0x000001C2735D1EF0>,0.7737916111946106,0.0697847306728363,-0.11483112722635269,118927,50,2,False,Right,Back,Right,Centre,74
<_io.BytesIO object at 0x000001C2735D17C0>,0.8140677809715271,0.027553709223866463,-0.0832928717136383,118927,50,2,False,Right,Back,Right,Centre,74
<_io.BytesIO object at 0x000001C2735D1E50>,0.7965577840805054,0.03720671683549881,-0.029502516612410545,118927,50,2,False,Right,Back,Right,Centre,74
<_io.BytesIO object at 0x000001C2735D16D0>,0.7430310249328613,0.09350237995386124,-0.06357192993164062,118927,50,2,False,Right,Back,Right,Centre,74
<_io.BytesIO object at 0x000001C2734AA1D0>,0.7605853080749512,0.1825171262025833,0.2350042313337326,118928,50,2,False,Right,Back,Right,Centre,74
<_io.BytesIO object at 0x000001C2734AADB0>,0.727796733379364,0.09980089962482452,0.23661130666732788,118928,50,2,False,Right,Back,Right,Centre,74
<_io.BytesIO object at 0x000001C2734AA9F0>,0.7086376547813416,0.1610889732837677,0.1557263284921646,118928,50,2,False,Right,Back,Right,Centre,74
<_io.BytesIO object at 0x000001C2734AA6D0>,0.6941899061203003,0.10404253751039505,0.17983752489089966,118928,50,2,False,Right,Back,Right,Centre,74
<_io.BytesIO object at 0x000001C2734AA630>,0.6888642907142639,0.1454361528158188,0.17454351484775543,118928,50,2,False,Right,Back,Right,Centre,74
<_io.BytesIO object at 0x000001C2734ADF40>,0.8092275261878967,0.06180490180850029,-0.09365282207727432,118928,50,2,False,Right,Back,Right,Centre,74
<_io.BytesIO object at 0x000001C2734ADAE0>,0.7742096185684204,0.06985382735729218,-0.11512131243944168,118928,50,2,False,Right,Back,Right,Centre,74
<_io.BytesIO object at 0x000001C2734AD5E0>,0.8143282532691956,0.027196340262889862,-0.08402375131845474,118928,50,2,False,Right,Back,Right,Centre,74
<_io.BytesIO object at 0x000001C2734ADC70>,0.7970010638237,0.03669889271259308,-0.03019137866795063,118928,50,2,False,Right,Back,Right,Centre,74
<_io.BytesIO object at 0x000001C2734AD180>,0.7432495951652527,0.09319424629211426,-0.06400972604751587,118928,50,2,False,Right,Back,Right,Centre,74
<_io.BytesIO object at 0x000001C2734AA720>,0.7605853080749512,0.1825171262025833,0.2350042313337326,118929,50,2,False,Right,Back,Right,Centre,74
<_io.BytesIO object at 0x000001C2735D4720>,0.727796733379364,0.09980089962482452,0.23661130666732788,118929,50,2,False,Right,Back,Right,Centre,74
<_io.BytesIO object at 0x000001C2735D4CC0>,0.7086376547813416,0.1610889732837677,0.1557263284921646,118929,50,2,False,Right,Back,Right,Centre,74
<_io.BytesIO object at 0x000001C2735D4770>,0.6941899061203003,0.10404253751039505,0.17983752489089966,118929,50,2,False,Right,Back,Right,Centre,74
<_io.BytesIO object at 0x000001C2735D4400>,0.6888642907142639,0.1454361528158188,0.17454351484775543,118929,50,2,False,Right,Back,Right,Centre,74
<_io.BytesIO object at 0x000001C2735D1F90>,0.8095955848693848,0.061365190893411636,-0.09428171813488007,118929,50,2,False,Right,Back,Right,Centre,74
<_io.BytesIO object at 0x000001C2735D1810>,0.7744263410568237,0.06968697160482407,-0.11558207124471664,118929,50,2,False,Right,Back,Right,Centre,74
<_io.BytesIO object at 0x000001C2735D1C20>,0.8145866990089417,0.026863139122724533,-0.08477398008108139,118929,50,2,False,Right,Back,Right,Centre,74
<_io.BytesIO object at 0x000001C2735D1EF0>,0.797444760799408,0.03618958219885826,-0.030845053493976593,118929,50,2,False,Right,Back,Right,Centre,74
<_io.BytesIO object at 0x000001C2735D19F0>,0.7435289621353149,0.09283455461263657,-0.06425419449806213,118929,50,2,False,Right,Back,Right,Centre,74
<_io.BytesIO object at 0x000001C273470C70>,0.7605853080749512,0.1825171262025833,0.2350042313337326,118930,50,2,False,Right,Back,Right,Centre,74
<_io.BytesIO object at 0x000001C2734706D0>,0.727796733379364,0.09980089962482452,0.23661130666732788,118930,50,2,False,Right,Back,Right,Centre,74
<_io.BytesIO object at 0x000001C273470950>,0.7086376547813416,0.1610889732837677,0.1557263284921646,118930,50,2,False,Right,Back,Right,Centre,74
<_io.BytesIO object at 0x000001C27347FEF0>,0.6941899061203003,0.10404253751039505,0.17983752489089966,118930,50,2,False,Right,Back,Right,Centre,74
<_io.BytesIO object at 0x000001C27347FA90>,0.6888642907142639,0.1454361528158188,0.17454351484775543,118930,50,2,False,Right,Back,Right,Centre,74
<_io.BytesIO object at 0x000001C27347F3B0>,0.8097554445266724,0.06110836938023567,-0.09483116865158081,118930,50,2,False,Right,Back,Right,Centre,74
<_io.BytesIO object at 0x000001C27347F1D0>,0.7746298909187317,0.06944592297077179,-0.115993432700634,118930,50,2,False,Right,Back,Right,Centre,74
<_io.BytesIO object at 0x000001C27347F180>,0.8148816227912903,0.026567040011286736,-0.08548776805400848,118930,50,2,False,Right,Back,Right,Centre,74
<_io.BytesIO object at 0x000001C27347FC70>,0.7978790998458862,0.03563521057367325,-0.031483907252550125,118930,50,2,False,Right,Back,Right,Centre,74
<_io.BytesIO object at 0x000001C27347FF90>,0.7440205812454224,0.09236939996480942,-0.0645599514245987,118930,50,2,False,Right,Back,Right,Centre,74
<_io.BytesIO object at 0x000001C27347DB80>,0.7605853080749512,0.1825171262025833,0.2350042313337326,118931,50,2,False,Right,Back,Right,Centre,74
<_io.BytesIO object at 0x000001C27347D900>,0.727796733379364,0.09980089962482452,0.23661130666732788,118931,50,2,False,Right,Back,Right,Centre,74
<_io.BytesIO object at 0x000001C27347D5E0>,0.7086376547813416,0.1610889732837677,0.1557263284921646,118931,50,2,False,Right,Back,Right,Centre,74
<_io.BytesIO object at 0x000001C27347DC70>,0.6941899061203003,0.10404253751039505,0.17983752489089966,118931,50,2,False,Right,Back,Right,Centre,74
<_io.BytesIO object at 0x000001C2735A50E0>,0.6888642907142639,0.1454361528158188,0.17454351484775543,118931,50,2,False,Right,Back,Right,Centre,74
<_io.BytesIO object at 0x000001C2735A5CC0>,0.8100228309631348,0.06075010448694229,-0.09538618475198746,118931,50,2,False,Right,Back,Right,Centre,74
<_io.BytesIO object at 0x000001C2735A5310>,0.774780809879303,0.06923312693834305,-0.11635702103376389,118931,50,2,False,Right,Back,Right,Centre,74
<_io.BytesIO object at 0x000001C2735A5F90>,0.8152307868003845,0.026281489059329033,-0.08608035743236542,118931,50,2,False,Right,Back,Right,Centre,74
<_io.BytesIO object at 0x000001C2735A5720>,0.7982810735702515,0.03518219664692879,-0.0319666713476181,118931,50,2,False,Right,Back,Right,Centre,74
<_io.BytesIO object at 0x000001C2735A5360>,0.744353175163269,0.09191112220287323,-0.06477749347686768,118931,50,2,False,Right,Back,Right,Centre,74
<_io.BytesIO object at 0x000001C273483E00>,0.7605853080749512,0.1825171262025833,0.2350042313337326,118932,50,2,False,Right,Back,Right,Centre,74
<_io.BytesIO object at 0x000001C270704360>,0.727796733379364,0.09980089962482452,0.23661130666732788,118932,50,2,False,Right,Back,Right,Centre,74
<_io.BytesIO object at 0x000001C2735B4B30>,0.7086376547813416,0.1610889732837677,0.1557263284921646,118932,50,2,False,Right,Back,Right,Centre,74
<_io.BytesIO object at 0x000001C2735B4810>,0.6941899061203003,0.10404253751039505,0.17983752489089966,118932,50,2,False,Right,Back,Right,Centre,74
<_io.BytesIO object at 0x000001C2735B4F90>,0.6888642907142639,0.1454361528158188,0.17454351484775543,118932,50,2,False,Right,Back,Right,Centre,74
<_io.BytesIO object at 0x000001C2735B40E0>,0.8102385401725769,0.060538291931152344,-0.09578300267457962,118932,50,2,False,Right,Back,Right,Centre,74
<_io.BytesIO object at 0x000001C2735B4B80>,0.7749834060668945,0.06898060441017151,-0.11678414791822433,118932,50,2,False,Right,Back,Right,Centre,74
<_io.BytesIO object at 0x000001C2735B48B0>,0.8155133128166199,0.02595696970820427,-0.08666995912790298,118932,50,2,False,Right,Back,Right,Centre,74
<_io.BytesIO object at 0x000001C2735B4720>,0.7987781763076782,0.034722067415714264,-0.03248963505029678,118932,50,2,False,Right,Back,Right,Centre,74
<_io.BytesIO object at 0x000001C2735DBB30>,0.7446017265319824,0.09154312312602997,-0.06497040390968323,118932,50,2,False,Right,Back,Right,Centre,74
<_io.BytesIO object at 0x000001C2736ADF90>,0.7605853080749512,0.1825171262025833,0.2350042313337326,118933,50,2,False,Right,Back,Right,Centre,74
<_io.BytesIO object at 0x000001C2736AD540>,0.727796733379364,0.09980089962482452,0.23661130666732788,118933,50,2,False,Right,Back,Right,Centre,74
<_io.BytesIO object at 0x000001C2734A38B0>,0.7086376547813416,0.1610889732837677,0.1557263284921646,118933,50,2,False,Right,Back,Right,Centre,74
<_io.BytesIO object at 0x000001C2734A33B0>,0.6941899061203003,0.10404253751039505,0.17983752489089966,118933,50,2,False,Right,Back,Right,Centre,74
<_io.BytesIO object at 0x000001C2734A39F0>,0.6888642907142639,0.1454361528158188,0.17454351484775543,118933,50,2,False,Right,Back,Right,Centre,74
<_io.BytesIO object at 0x000001C2734A3AE0>,0.8102476000785828,0.06008168309926987,-0.09592558443546295,118933,50,2,False,Right,Back,Right,Centre,74
<_io.BytesIO object at 0x000001C2734A3860>,0.7751443982124329,0.06879591941833496,-0.11703791469335556,118933,50,2,False,Right,Back,Right,Centre,74
<_io.BytesIO object at 0x000001C2734A3E50>,0.8158717155456543,0.025744974613189697,-0.08721796423196793,118933,50,2,False,Right,Back,Right,Centre,74
<_io.BytesIO object at 0x000001C2734ADA90>,0.7991511225700378,0.03430134057998657,-0.032982464879751205,118933,50,2,False,Right,Back,Right,Centre,74
<_io.BytesIO object at 0x000001C2734AD9F0>,0.7448865175247192,0.09117580205202103,-0.06512699276208878,118933,50,2,False,Right,Back,Right,Centre,74
<_io.BytesIO object at 0x000001C2736AD2C0>,0.7605853080749512,0.1825171262025833,0.2350042313337326,118934,50,2,False,Right,Back,Right,Centre,74
<_io.BytesIO object at 0x000001C2736ADEF0>,0.727796733379364,0.09980089962482452,0.23661130666732788,118934,50,2,False,Right,Back,Right,Centre,74
<_io.BytesIO object at 0x000001C2735DB310>,0.7086376547813416,0.1610889732837677,0.1557263284921646,118934,50,2,False,Right,Back,Right,Centre,74
<_io.BytesIO object at 0x000001C2735DBF90>,0.6941899061203003,0.10404253751039505,0.17983752489089966,118934,50,2,False,Right,Back,Right,Centre,74
<_io.BytesIO object at 0x000001C2735DB090>,0.6888642907142639,0.1454361528158188,0.17454351484775543,118934,50,2,False,Right,Back,Right,Centre,74
<_io.BytesIO object at 0x000001C2735DBF40>,0.8109235763549805,0.06018240749835968,-0.09662875533103943,118934,50,2,False,Right,Back,Right,Centre,74
<_io.BytesIO object at 0x000001C2735DBD60>,0.7753517627716064,0.06867172569036484,-0.1173289492726326,118934,50,2,False,Right,Back,Right,Centre,74
<_io.BytesIO object at 0x000001C2735DB360>,0.8161997199058533,0.025444278493523598,-0.08769221603870392,118934,50,2,False,Right,Back,Right,Centre,74
<_io.BytesIO object at 0x000001C2735B4EA0>,0.7995836734771729,0.033902253955602646,-0.03332812711596489,118934,50,2,False,Right,Back,Right,Centre,74
<_io.BytesIO object at 0x000001C2735B42C0>,0.7452784180641174,0.0907493606209755,-0.06526090949773788,118934,50,2,False,Right,Back,Right,Centre,74
<_io.BytesIO object at 0x000001C273483C20>,0.7605853080749512,0.1825171262025833,0.2350042313337326,118935,50,2,False,Right,Back,Right,Centre,74
<_io.BytesIO object at 0x000001C273483090>,0.727796733379364,0.09980089962482452,0.23661130666732788,118935,50,2,False,Right,Back,Right,Centre,74
<_io.BytesIO object at 0x000001C273483A90>,0.7086376547813416,0.1610889732837677,0.1557263284921646,118935,50,2,False,Right,Back,Right,Centre,74
<_io.BytesIO object at 0x000001C26B215400>,0.6941899061203003,0.10404253751039505,0.17983752489089966,118935,50,2,False,Right,Back,Right,Centre,74
<_io.BytesIO object at 0x000001C26B215180>,0.6888642907142639,0.1454361528158188,0.17454351484775543,118935,50,2,False,Right,Back,Right,Centre,74
<_io.BytesIO object at 0x000001C26B2155E0>,0.8111629486083984,0.059999000281095505,-0.09689099341630936,118935,50,2,False,Right,Back,Right,Centre,74
<_io.BytesIO object at 0x000001C26B215220>,0.7756350040435791,0.068491131067276,-0.11751959472894669,118935,50,2,False,Right,Back,Right,Centre,74
<_io.BytesIO object at 0x000001C2735A5860>,0.8165069818496704,0.025179490447044373,-0.08808672428131104,118935,50,2,False,Right,Back,Right,Centre,74
<_io.BytesIO object at 0x000001C2735A5130>,0.8000591397285461,0.03351106494665146,-0.033721283078193665,118935,50,2,False,Right,Back,Right,Centre,74
<_io.BytesIO object at 0x000001C2735A5180>,0.7455689311027527,0.09035933017730713,-0.06535163521766663,118935,50,2,False,Right,Back,Right,Centre,74
<_io.BytesIO object at 0x000001C27347D810>,0.7605853080749512,0.1825171262025833,0.2350042313337326,118936,50,2,False,Right,Back,Right,Centre,74
<_io.BytesIO object at 0x000001C27347D770>,0.727796733379364,0.09980089962482452,0.23661130666732788,118936,50,2,False,Right,Back,Right,Centre,74
<_io.BytesIO object at 0x000001C2735BB680>,0.7086376547813416,0.1610889732837677,0.1557263284921646,118936,50,2,False,Right,Back,Right,Centre,74
<_io.BytesIO object at 0x000001C2735BB270>,0.6941899061203003,0.10404253751039505,0.17983752489089966,118936,50,2,False,Right,Back,Right,Centre,74
<_io.BytesIO object at 0x000001C2735BBB80>,0.6888642907142639,0.1454361528158188,0.17454351484775543,118936,50,2,False,Right,Back,Right,Centre,74
<_io.BytesIO object at 0x000001C2735BB450>,0.8115681409835815,0.059631891548633575,-0.09716615825891495,118936,50,2,False,Right,Back,Right,Centre,74
<_io.BytesIO object at 0x000001C2735BB590>,0.776070237159729,0.06824031472206116,-0.11773858219385147,118936,50,2,False,Right,Back,Right,Centre,74
<_io.BytesIO object at 0x000001C2735BB4F0>,0.816796600818634,0.025021884590387344,-0.08843700587749481,118936,50,2,False,Right,Back,Right,Centre,74
<_io.BytesIO object at 0x000001C27347FC20>,0.8005072474479675,0.03311567008495331,-0.03399218991398811,118936,50,2,False,Right,Back,Right,Centre,74
<_io.BytesIO object at 0x000001C27347FDB0>,0.7459117770195007,0.08992956578731537,-0.06538306176662445,118936,50,2,False,Right,Back,Right,Centre,74
<_io.BytesIO object at 0x000001C273470EF0>,0.7605853080749512,0.1825171262025833,0.2350042313337326,118937,50,2,False,Right,Back,Right,Centre,74
<_io.BytesIO object at 0x000001C2734709F0>,0.727796733379364,0.09980089962482452,0.23661130666732788,118937,50,2,False,Right,Back,Right,Centre,74
<_io.BytesIO object at 0x000001C27349D180>,0.7086376547813416,0.1610889732837677,0.1557263284921646,118937,50,2,False,Right,Back,Right,Centre,74
<_io.BytesIO object at 0x000001C27349DAE0>,0.6941899061203003,0.10404253751039505,0.17983752489089966,118937,50,2,False,Right,Back,Right,Centre,74
<_io.BytesIO object at 0x000001C27349DDB0>,0.6888642907142639,0.1454361528158188,0.17454351484775543,118937,50,2,False,Right,Back,Right,Centre,74
<_io.BytesIO object at 0x000001C27349D900>,0.8118091821670532,0.05946057289838791,-0.0973459854722023,118937,50,2,False,Right,Back,Right,Centre,74
<_io.BytesIO object at 0x000001C27349D4F0>,0.7763009667396545,0.06802729517221451,-0.11766455322504044,118937,50,2,False,Right,Back,Right,Centre,74
<_io.BytesIO object at 0x000001C27349D220>,0.8172119855880737,0.024804873391985893,-0.08871900290250778,118937,50,2,False,Right,Back,Right,Centre,74
<_io.BytesIO object at 0x000001C2735D1270>,0.8009724617004395,0.032780881971120834,-0.03420679271221161,118937,50,2,False,Right,Back,Right,Centre,74
<_io.BytesIO object at 0x000001C2735D14F0>,0.7461937069892883,0.08965267241001129,-0.0653713196516037,118937,50,2,False,Right,Back,Right,Centre,74
<_io.BytesIO object at 0x000001C2735D42C0>,0.7605853080749512,0.1825171262025833,0.2350042313337326,118938,50,2,False,Right,Back,Right,Centre,74
<_io.BytesIO object at 0x000001C2735D4630>,0.727796733379364,0.09980089962482452,0.23661130666732788,118938,50,2,False,Right,Back,Right,Centre,74
<_io.BytesIO object at 0x000001C26B207C20>,0.7086376547813416,0.1610889732837677,0.1557263284921646,118938,50,2,False,Right,Back,Right,Centre,74
<_io.BytesIO object at 0x000001C2734AA220>,0.6941899061203003,0.10404253751039505,0.17983752489089966,118938,50,2,False,Right,Back,Right,Centre,74
<_io.BytesIO object at 0x000001C2734AA590>,0.6888642907142639,0.1454361528158188,0.17454351484775543,118938,50,2,False,Right,Back,Right,Centre,74
<_io.BytesIO object at 0x000001C2734AAA40>,0.8118851184844971,0.0589824877679348,-0.09729994088411331,118938,50,2,False,Right,Back,Right,Centre,74
<_io.BytesIO object at 0x000001C2734AA2C0>,0.7765348553657532,0.06784804910421371,-0.11780858039855957,118938,50,2,False,Right,Back,Right,Centre,74
<_io.BytesIO object at 0x000001C2734AA770>,0.8175775408744812,0.02455499768257141,-0.08891788125038147,118938,50,2,False,Right,Back,Right,Centre,74
<_io.BytesIO object at 0x000001C2734AA810>,0.8014845252037048,0.03246917948126793,-0.034383147954940796,118938,50,2,False,Right,Back,Right,Centre,74
<_io.BytesIO object at 0x000001C2734AAE00>,0.7464916110038757,0.08930189162492752,-0.06534047424793243,118938,50,2,False,Right,Back,Right,Centre,74
<_io.BytesIO object at 0x000001C2734AAB80>,0.7605853080749512,0.1825171262025833,0.2350042313337326,118939,50,2,False,Right,Back,Right,Centre,74
<_io.BytesIO object at 0x000001C2735D42C0>,0.727796733379364,0.09980089962482452,0.23661130666732788,118939,50,2,False,Right,Back,Right,Centre,74
<_io.BytesIO object at 0x000001C2735D4360>,0.7086376547813416,0.1610889732837677,0.1557263284921646,118939,50,2,False,Right,Back,Right,Centre,74
<_io.BytesIO object at 0x000001C2735D4CC0>,0.6941899061203003,0.10404253751039505,0.17983752489089966,118939,50,2,False,Right,Back,Right,Centre,74
<_io.BytesIO object at 0x000001C2735D41D0>,0.6888642907142639,0.1454361528158188,0.17454351484775543,118939,50,2,False,Right,Back,Right,Centre,74
<_io.BytesIO object at 0x000001C2735D4310>,0.8120101094245911,0.05866947025060654,-0.0972822979092598,118939,50,2,False,Right,Back,Right,Centre,74
<_io.BytesIO object at 0x000001C2735D1C70>,0.7767153978347778,0.06771785020828247,-0.11782900243997574,118939,50,2,False,Right,Back,Right,Centre,74
<_io.BytesIO object at 0x000001C2735D19A0>,0.81789630651474,0.024402325972914696,-0.08906236290931702,118939,50,2,False,Right,Back,Right,Centre,74
<_io.BytesIO object at 0x000001C2735D17C0>,0.8019143342971802,0.0322401262819767,-0.034465961158275604,118939,50,2,False,Right,Back,Right,Centre,74
<_io.BytesIO object at 0x000001C2735D1B80>,0.7468365430831909,0.0890275090932846,-0.06522303819656372,118939,50,2,False,Right,Back,Right,Centre,74
<_io.BytesIO object at 0x000001C27349D180>,0.7605853080749512,0.1825171262025833,0.2350042313337326,118940,50,2,False,Right,Back,Right,Centre,74
<_io.BytesIO object at 0x000001C2734707C0>,0.727796733379364,0.09980089962482452,0.23661130666732788,118940,50,2,False,Right,Back,Right,Centre,74
<_io.BytesIO object at 0x000001C2734704F0>,0.7086376547813416,0.1610889732837677,0.1557263284921646,118940,50,2,False,Right,Back,Right,Centre,74
<_io.BytesIO object at 0x000001C273470810>,0.6941899061203003,0.10404253751039505,0.17983752489089966,118940,50,2,False,Right,Back,Right,Centre,74
<_io.BytesIO object at 0x000001C2734701D0>,0.6888642907142639,0.1454361528158188,0.17454351484775543,118940,50,2,False,Right,Back,Right,Centre,74
<_io.BytesIO object at 0x000001C273470040>,0.8121042251586914,0.057933270931243896,-0.09716448932886124,118940,50,2,False,Right,Back,Right,Centre,74
<_io.BytesIO object at 0x000001C27347F360>,0.7769110202789307,0.0675830990076065,-0.11783488839864731,118940,50,2,False,Right,Back,Right,Centre,74
<_io.BytesIO object at 0x000001C27347F860>,0.8181872963905334,0.02422529086470604,-0.08919914811849594,118940,50,2,False,Right,Back,Right,Centre,74
<_io.BytesIO object at 0x000001C27347F3B0>,0.8023646473884583,0.03201010450720787,-0.034523140639066696,118940,50,2,False,Right,Back,Right,Centre,74
<_io.BytesIO object at 0x000001C27347FE50>,0.7471284866333008,0.08875136822462082,-0.06507668644189835,118940,50,2,False,Right,Back,Right,Centre,74
<_io.BytesIO object at 0x000001C2735BBA40>,0.7605853080749512,0.1825171262025833,0.2350042313337326,118941,50,2,False,Right,Back,Right,Centre,74
<_io.BytesIO object at 0x000001C27347DB30>,0.727796733379364,0.09980089962482452,0.23661130666732788,118941,50,2,False,Right,Back,Right,Centre,74
<_io.BytesIO object at 0x000001C27347DA90>,0.7086376547813416,0.1610889732837677,0.1557263284921646,118941,50,2,False,Right,Back,Right,Centre,74
<_io.BytesIO object at 0x000001C27347D0E0>,0.6941899061203003,0.10404253751039505,0.17983752489089966,118941,50,2,False,Right,Back,Right,Centre,74
<_io.BytesIO object at 0x000001C27347D310>,0.6888642907142639,0.1454361528158188,0.17454351484775543,118941,50,2,False,Right,Back,Right,Centre,74
<_io.BytesIO object at 0x000001C27347DEA0>,0.8123030662536621,0.05766187235713005,-0.09722326695919037,118941,50,2,False,Right,Back,Right,Centre,74
<_io.BytesIO object at 0x000001C27347DAE0>,0.7771110534667969,0.06749353557825089,-0.11776907742023468,118941,50,2,False,Right,Back,Right,Centre,74
<_io.BytesIO object at 0x000001C27347D400>,0.8185949325561523,0.024120677262544632,-0.08923493325710297,118941,50,2,False,Right,Back,Right,Centre,74
<_io.BytesIO object at 0x000001C2735A56D0>,0.8028077483177185,0.03183450177311897,-0.034532465040683746,118941,50,2,False,Right,Back,Right,Centre,74
<_io.BytesIO object at 0x000001C2735A5770>,0.7474093437194824,0.08852099627256393,-0.0649060383439064,118941,50,2,False,Right,Back,Right,Centre,74
<_io.BytesIO object at 0x000001C26B215630>,0.7605853080749512,0.1825171262025833,0.2350042313337326,118942,50,2,False,Right,Back,Right,Centre,74
<_io.BytesIO object at 0x000001C273483E00>,0.727796733379364,0.09980089962482452,0.23661130666732788,118942,50,2,False,Right,Back,Right,Centre,74
<_io.BytesIO object at 0x000001C273483AE0>,0.7086376547813416,0.1610889732837677,0.1557263284921646,118942,50,2,False,Right,Back,Right,Centre,74
<_io.BytesIO object at 0x000001C273483860>,0.6941899061203003,0.10404253751039505,0.17983752489089966,118942,50,2,False,Right,Back,Right,Centre,74
<_io.BytesIO object at 0x000001C2734837C0>,0.6888642907142639,0.1454361528158188,0.17454351484775543,118942,50,2,False,Right,Back,Right,Centre,74
<_io.BytesIO object at 0x000001C2734AB900>,0.8125083446502686,0.05765773728489876,-0.09715466946363449,118942,50,2,False,Right,Back,Right,Centre,74
<_io.BytesIO object at 0x000001C2735B44F0>,0.7773651480674744,0.06741888076066971,-0.11760975420475006,118942,50,2,False,Right,Back,Right,Centre,74
<_io.BytesIO object at 0x000001C2735B4BD0>,0.8189207911491394,0.024054450914263725,-0.08916817605495453,118942,50,2,False,Right,Back,Right,Centre,74
<_io.BytesIO object at 0x000001C2735B4590>,0.8032426238059998,0.031702395528554916,-0.03451072424650192,118942,50,2,False,Right,Back,Right,Centre,74
<_io.BytesIO object at 0x000001C2735B4130>,0.7477568984031677,0.08832721412181854,-0.06468645483255386,118942,50,2,False,Right,Back,Right,Centre,74
<_io.BytesIO object at 0x000001C2735DBB80>,0.7605853080749512,0.1825171262025833,0.2350042313337326,118943,50,2,False,Right,Back,Right,Centre,74
<_io.BytesIO object at 0x000001C2736AD180>,0.727796733379364,0.09980089962482452,0.23661130666732788,118943,50,2,False,Right,Back,Right,Centre,74
<_io.BytesIO object at 0x000001C2736AD090>,0.7086376547813416,0.1610889732837677,0.1557263284921646,118943,50,2,False,Right,Back,Right,Centre,74
<_io.BytesIO object at 0x000001C2736AD6D0>,0.6941899061203003,0.10404253751039505,0.17983752489089966,118943,50,2,False,Right,Back,Right,Centre,74
<_io.BytesIO object at 0x000001C2736AD9A0>,0.6888642907142639,0.1454361528158188,0.17454351484775543,118943,50,2,False,Right,Back,Right,Centre,74
<_io.BytesIO object at 0x000001C2736AD7C0>,0.8127462863922119,0.057664573192596436,-0.09705109894275665,118943,50,2,False,Right,Back,Right,Centre,74
<_io.BytesIO object at 0x000001C2736ADF90>,0.7775848507881165,0.06734003126621246,-0.11745328456163406,118943,50,2,False,Right,Back,Right,Centre,74
<_io.BytesIO object at 0x000001C2734A38B0>,0.8193056583404541,0.024076687172055244,-0.08907964825630188,118943,50,2,False,Right,Back,Right,Centre,74
<_io.BytesIO object at 0x000001C2734A3680>,0.80367511510849,0.03150946646928787,-0.03440679982304573,118943,50,2,False,Right,Back,Right,Centre,74
<_io.BytesIO object at 0x000001C2734A3C70>,0.7481345534324646,0.0882553681731224,-0.06449346989393234,118943,50,2,False,Right,Back,Right,Centre,74
<_io.BytesIO object at 0x000001C2734ADEF0>,0.7605853080749512,0.1825171262025833,0.2350042313337326,118944,50,2,False,Right,Back,Right,Centre,74
<_io.BytesIO object at 0x000001C2735B5B30>,0.727796733379364,0.09980089962482452,0.23661130666732788,118944,50,2,False,Right,Back,Right,Centre,74
<_io.BytesIO object at 0x000001C2735B5C70>,0.7086376547813416,0.1610889732837677,0.1557263284921646,118944,50,2,False,Right,Back,Right,Centre,74
<_io.BytesIO object at 0x000001C2735B5A90>,0.6941899061203003,0.10404253751039505,0.17983752489089966,118944,50,2,False,Right,Back,Right,Centre,74
<_io.BytesIO object at 0x000001C2707371D0>,0.6888642907142639,0.1454361528158188,0.17454351484775543,118944,50,2,False,Right,Back,Right,Centre,74
<_io.BytesIO object at 0x000001C2735B5B80>,0.8135220408439636,0.05787913128733635,-0.09688804298639297,118944,50,2,False,Right,Back,Right,Centre,74
<_io.BytesIO object at 0x000001C2735B5EF0>,0.7780522704124451,0.0672258511185646,-0.11717823147773743,118944,50,2,False,Right,Back,Right,Centre,74
<_io.BytesIO object at 0x000001C2735B5810>,0.8196109533309937,0.024054501205682755,-0.0889875516295433,118944,50,2,False,Right,Back,Right,Centre,74
<_io.BytesIO object at 0x000001C2734AD5E0>,0.8040862679481506,0.03143143653869629,-0.03424842655658722,118944,50,2,False,Right,Back,Right,Centre,74
<_io.BytesIO object at 0x000001C2734AD770>,0.7485011219978333,0.0881447121500969,-0.06413882225751877,118944,50,2,False,Right,Back,Right,Centre,74
<_io.BytesIO object at 0x000001C2734A3680>,0.7605853080749512,0.1825171262025833,0.2350042313337326,118945,50,2,False,Right,Back,Right,Centre,74
<_io.BytesIO object at 0x000001C2736AD040>,0.727796733379364,0.09980089962482452,0.23661130666732788,118945,50,2,False,Right,Back,Right,Centre,74
<_io.BytesIO object at 0x000001C2736AD9A0>,0.7086376547813416,0.1610889732837677,0.1557263284921646,118945,50,2,False,Right,Back,Right,Centre,74
<_io.BytesIO object at 0x000001C2736ADD60>,0.6941899061203003,0.10404253751039505,0.17983752489089966,118945,50,2,False,Right,Back,Right,Centre,74
<_io.BytesIO object at 0x000001C2736AD590>,0.6888642907142639,0.1454361528158188,0.17454351484775543,118945,50,2,False,Right,Back,Right,Centre,74
<_io.BytesIO object at 0x000001C2736ADA40>,0.8137398958206177,0.05793177708983421,-0.09672745317220688,118945,50,2,False,Right,Back,Right,Centre,74
<_io.BytesIO object at 0x000001C2736ADC20>,0.778260350227356,0.06714239716529846,-0.11694132536649704,118945,50,2,False,Right,Back,Right,Centre,74
<_io.BytesIO object at 0x000001C2735DBC70>,0.8199881315231323,0.02398608811199665,-0.08890179544687271,118945,50,2,False,Right,Back,Right,Centre,74
<_io.BytesIO object at 0x000001C2735DB6D0>,0.8045739531517029,0.031332310289144516,-0.03408901393413544,118945,50,2,False,Right,Back,Right,Centre,74
<_io.BytesIO object at 0x000001C2735DBF90>,0.7487667798995972,0.08804250508546829,-0.06389966607093811,118945,50,2,False,Right,Back,Right,Centre,74
<_io.BytesIO object at 0x000001C2735B4C20>,0.7605853080749512,0.1825171262025833,0.2350042313337326,118946,50,2,False,Right,Back,Right,Centre,74
<_io.BytesIO object at 0x000001C2735B4A90>,0.727796733379364,0.09980089962482452,0.23661130666732788,118946,50,2,False,Right,Back,Right,Centre,74
<_io.BytesIO object at 0x000001C273483C70>,0.7086376547813416,0.1610889732837677,0.1557263284921646,118946,50,2,False,Right,Back,Right,Centre,74
<_io.BytesIO object at 0x000001C273483860>,0.6941899061203003,0.10404253751039505,0.17983752489089966,118946,50,2,False,Right,Back,Right,Centre,74
<_io.BytesIO object at 0x000001C2734834A0>,0.6888642907142639,0.1454361528158188,0.17454351484775543,118946,50,2,False,Right,Back,Right,Centre,74
<_io.BytesIO object at 0x000001C2734835E0>,0.8139281272888184,0.05793049558997154,-0.09655077755451202,118946,50,2,False,Right,Back,Right,Centre,74
<_io.BytesIO object at 0x000001C273483360>,0.7784498929977417,0.06710948050022125,-0.11669537425041199,118946,50,2,False,Right,Back,Right,Centre,74
<_io.BytesIO object at 0x000001C273483D10>,0.8203520178794861,0.02396414615213871,-0.08873830735683441,118946,50,2,False,Right,Back,Right,Centre,74
<_io.BytesIO object at 0x000001C2734836D0>,0.8050916194915771,0.031233251094818115,-0.03391939029097557,118946,50,2,False,Right,Back,Right,Centre,74
<_io.BytesIO object at 0x000001C26B215810>,0.7491008043289185,0.08789195120334625,-0.06351130455732346,118946,50,2,False,Right,Back,Right,Centre,74
<_io.BytesIO object at 0x000001C2735A5EA0>,0.7605853080749512,0.1825171262025833,0.2350042313337326,118947,50,2,False,Right,Back,Right,Centre,74
<_io.BytesIO object at 0x000001C27347D360>,0.727796733379364,0.09980089962482452,0.23661130666732788,118947,50,2,False,Right,Back,Right,Centre,74
<_io.BytesIO object at 0x000001C27347D310>,0.7086376547813416,0.1610889732837677,0.1557263284921646,118947,50,2,False,Right,Back,Right,Centre,74
<_io.BytesIO object at 0x000001C27347DF40>,0.6941899061203003,0.10404253751039505,0.17983752489089966,118947,50,2,False,Right,Back,Right,Centre,74
<_io.BytesIO object at 0x000001C27347D4A0>,0.6888642907142639,0.1454361528158188,0.17454351484775543,118947,50,2,False,Right,Back,Right,Centre,74
<_io.BytesIO object at 0x000001C27347D180>,0.8141713738441467,0.057949114590883255,-0.09630990773439407,118947,50,2,False,Right,Back,Right,Centre,74
<_io.BytesIO object at 0x000001C2735BB090>,0.7786348462104797,0.06708764284849167,-0.11641405522823334,118947,50,2,False,Right,Back,Right,Centre,74
<_io.BytesIO object at 0x000001C2735BB8B0>,0.8207358121871948,0.023996446281671524,-0.08852513134479523,118947,50,2,False,Right,Back,Right,Centre,74
<_io.BytesIO object at 0x000001C2735BB180>,0.8054757118225098,0.03118078224360943,-0.03371204808354378,118947,50,2,False,Right,Back,Right,Centre,74
<_io.BytesIO object at 0x000001C2735BB400>,0.7494931221008301,0.0877704843878746,-0.0631069540977478,118947,50,2,False,Right,Back,Right,Centre,74
<_io.BytesIO object at 0x000001C27347F9F0>,0.7605853080749512,0.1825171262025833,0.2350042313337326,118948,50,2,False,Right,Back,Right,Centre,74
<_io.BytesIO object at 0x000001C27347FD10>,0.727796733379364,0.09980089962482452,0.23661130666732788,118948,50,2,False,Right,Back,Right,Centre,74
<_io.BytesIO object at 0x000001C273470CC0>,0.7086376547813416,0.1610889732837677,0.1557263284921646,118948,50,2,False,Right,Back,Right,Centre,74
<_io.BytesIO object at 0x000001C273470810>,0.6941899061203003,0.10404253751039505,0.17983752489089966,118948,50,2,False,Right,Back,Right,Centre,74
<_io.BytesIO object at 0x000001C273470310>,0.6888642907142639,0.1454361528158188,0.17454351484775543,118948,50,2,False,Right,Back,Right,Centre,74
<_io.BytesIO object at 0x000001C273470B80>,0.8148108720779419,0.05836395546793938,-0.09608130902051926,118948,50,2,False,Right,Back,Right,Centre,74
<_io.BytesIO object at 0x000001C273470EF0>,0.7788234353065491,0.06708315014839172,-0.11613619327545166,118948,50,2,False,Right,Back,Right,Centre,74
<_io.BytesIO object at 0x000001C2734702C0>,0.8210375308990479,0.023977816104888916,-0.08832450956106186,118948,50,2,False,Right,Back,Right,Centre,74
<_io.BytesIO object at 0x000001C27349D360>,0.8059207201004028,0.031118294224143028,-0.03343671187758446,118948,50,2,False,Right,Back,Right,Centre,74
<_io.BytesIO object at 0x000001C27349DF40>,0.7498296499252319,0.08763735741376877,-0.06277050077915192,118948,50,2,False,Right,Back,Right,Centre,74
<_io.BytesIO object at 0x000001C2735D1D10>,0.7605853080749512,0.1825171262025833,0.2350042313337326,118949,50,2,False,Right,Back,Right,Centre,74
<_io.BytesIO object at 0x000001C2735D44F0>,0.727796733379364,0.09980089962482452,0.23661130666732788,118949,50,2,False,Right,Back,Right,Centre,74
<_io.BytesIO object at 0x000001C2735D4D60>,0.7086376547813416,0.1610889732837677,0.1557263284921646,118949,50,2,False,Right,Back,Right,Centre,74
<_io.BytesIO object at 0x000001C2735D45E0>,0.6941899061203003,0.10404253751039505,0.17983752489089966,118949,50,2,False,Right,Back,Right,Centre,74
<_io.BytesIO object at 0x000001C2735D4360>,0.6888642907142639,0.1454361528158188,0.17454351484775543,118949,50,2,False,Right,Back,Right,Centre,74
<_io.BytesIO object at 0x000001C2735D4220>,0.8150625824928284,0.058274853974580765,-0.0957743301987648,118949,50,2,False,Right,Back,Right,Centre,74
<_io.BytesIO object at 0x000001C2735D47C0>,0.7790480852127075,0.06708312034606934,-0.11574222147464752,118949,50,2,False,Right,Back,Right,Centre,74
<_io.BytesIO object at 0x000001C2735D4630>,0.8214500546455383,0.02398267574608326,-0.0881054475903511,118949,50,2,False,Right,Back,Right,Centre,74
<_io.BytesIO object at 0x000001C2734AA4A0>,0.8063478469848633,0.031095577403903008,-0.033157121390104294,118949,50,2,False,Right,Back,Right,Centre,74
<_io.BytesIO object at 0x000001C2734AAE50>,0.7501615881919861,0.0875604897737503,-0.062316372990608215,118949,50,2,False,Right,Back,Right,Centre,74
<_io.BytesIO object at 0x000001C2735D4590>,0.7605853080749512,0.1825171262025833,0.2350042313337326,118950,50,2,False,Right,Back,Right,Centre,74
<_io.BytesIO object at 0x000001C2735D1C70>,0.727796733379364,0.09980089962482452,0.23661130666732788,118950,50,2,False,Right,Back,Right,Centre,74
<_io.BytesIO object at 0x000001C2735D1720>,0.7086376547813416,0.1610889732837677,0.1557263284921646,118950,50,2,False,Right,Back,Right,Centre,74
<_io.BytesIO object at 0x000001C2735D1C20>,0.6941899061203003,0.10404253751039505,0.17983752489089966,118950,50,2,False,Right,Back,Right,Centre,74
<_io.BytesIO object at 0x000001C2735D1590>,0.6888642907142639,0.1454361528158188,0.17454351484775543,118950,50,2,False,Right,Back,Right,Centre,74
<_io.BytesIO object at 0x000001C2735D1680>,0.8152440190315247,0.05827697366476059,-0.09551622718572617,118950,50,2,False,Right,Back,Right,Centre,74
<_io.BytesIO object at 0x000001C27349DE50>,0.7792720794677734,0.06709848344326019,-0.1153913214802742,118950,50,2,False,Right,Back,Right,Centre,74
<_io.BytesIO object at 0x000001C27349DD60>,0.8217669725418091,0.0239134319126606,-0.08780550956726074,118950,50,2,False,Right,Back,Right,Centre,74
<_io.BytesIO object at 0x000001C27349D590>,0.8067373633384705,0.030991995707154274,-0.032897137105464935,118950,50,2,False,Right,Back,Right,Centre,74
<_io.BytesIO object at 0x000001C27349DCC0>,0.7504835724830627,0.0875774398446083,-0.06189573183655739,118950,50,2,False,Right,Back,Right,Centre,74
<_io.BytesIO object at 0x000001C273470F90>,0.7605853080749512,0.1825171262025833,0.2350042313337326,118951,50,2,False,Right,Back,Right,Centre,74
<_io.BytesIO object at 0x000001C27347F4A0>,0.727796733379364,0.09980089962482452,0.23661130666732788,118951,50,2,False,Right,Back,Right,Centre,74
<_io.BytesIO object at 0x000001C27347FCC0>,0.7086376547813416,0.1610889732837677,0.1557263284921646,118951,50,2,False,Right,Back,Right,Centre,74
<_io.BytesIO object at 0x000001C27347FB30>,0.6941899061203003,0.10404253751039505,0.17983752489089966,118951,50,2,False,Right,Back,Right,Centre,74
<_io.BytesIO object at 0x000001C27347FF90>,0.6888642907142639,0.1454361528158188,0.17454351484775543,118951,50,2,False,Right,Back,Right,Centre,74
<_io.BytesIO object at 0x000001C27347F130>,0.8155040144920349,0.05835157632827759,-0.09519362449645996,118951,50,2,False,Right,Back,Right,Centre,74
<_io.BytesIO object at 0x000001C2735BB810>,0.7794771194458008,0.0670372024178505,-0.11505212634801865,118951,50,2,False,Right,Back,Right,Centre,74
<_io.BytesIO object at 0x000001C2735BB860>,0.8220559358596802,0.023909276351332664,-0.0875454843044281,118951,50,2,False,Right,Back,Right,Centre,74
<_io.BytesIO object at 0x000001C2735BB630>,0.8071741461753845,0.03094949573278427,-0.03262881562113762,118951,50,2,False,Right,Back,Right,Centre,74
<_io.BytesIO object at 0x000001C2735BBC20>,0.7507714629173279,0.08755188435316086,-0.06149842217564583,118951,50,2,False,Right,Back,Right,Centre,74
<_io.BytesIO object at 0x000001C27347D5E0>,0.7605853080749512,0.1825171262025833,0.2350042313337326,118952,50,2,False,Right,Back,Right,Centre,74
<_io.BytesIO object at 0x000001C2735A5EA0>,0.727796733379364,0.09980089962482452,0.23661130666732788,118952,50,2,False,Right,Back,Right,Centre,74
<_io.BytesIO object at 0x000001C2735A5310>,0.7086376547813416,0.1610889732837677,0.1557263284921646,118952,50,2,False,Right,Back,Right,Centre,74
<_io.BytesIO object at 0x000001C2735A5F90>,0.6941899061203003,0.10404253751039505,0.17983752489089966,118952,50,2,False,Right,Back,Right,Centre,74
<_io.BytesIO object at 0x000001C2735A5AE0>,0.6888642907142639,0.1454361528158188,0.17454351484775543,118952,50,2,False,Right,Back,Right,Centre,74
<_io.BytesIO object at 0x000001C2735A5950>,0.815729022026062,0.0583079531788826,-0.09501565247774124,118952,50,2,False,Right,Back,Right,Centre,74
<_io.BytesIO object at 0x000001C2735A5F40>,0.7797648906707764,0.06690888106822968,-0.11464296281337738,118952,50,2,False,Right,Back,Right,Centre,74
<_io.BytesIO object at 0x000001C26B215090>,0.8223190307617188,0.023906119167804718,-0.08728369325399399,118952,50,2,False,Right,Back,Right,Centre,74
<_io.BytesIO object at 0x000001C26B215590>,0.8075841665267944,0.030920173972845078,-0.03228027746081352,118952,50,2,False,Right,Back,Right,Centre,74
<_io.BytesIO object at 0x000001C26B215180>,0.7511319518089294,0.08741356432437897,-0.061043210327625275,118952,50,2,False,Right,Back,Right,Centre,74
<_io.BytesIO object at 0x000001C273483770>,0.7605853080749512,0.1825171262025833,0.2350042313337326,118953,50,2,False,Right,Back,Right,Centre,74
<_io.BytesIO object at 0x000001C2735B4540>,0.727796733379364,0.09980089962482452,0.23661130666732788,118953,50,2,False,Right,Back,Right,Centre,74
<_io.BytesIO object at 0x000001C2735B4680>,0.7086376547813416,0.1610889732837677,0.1557263284921646,118953,50,2,False,Right,Back,Right,Centre,74
<_io.BytesIO object at 0x000001C2735B4D10>,0.6941899061203003,0.10404253751039505,0.17983752489089966,118953,50,2,False,Right,Back,Right,Centre,74
<_io.BytesIO object at 0x000001C2735B4180>,0.6888642907142639,0.1454361528158188,0.17454351484775543,118953,50,2,False,Right,Back,Right,Centre,74
<_io.BytesIO object at 0x000001C2735B4770>,0.8161563873291016,0.05856454372406006,-0.09471018612384796,118953,50,2,False,Right,Back,Right,Centre,74
<_io.BytesIO object at 0x000001C2735DBE00>,0.7801253199577332,0.06695680320262909,-0.11420277506113052,118953,50,2,False,Right,Back,Right,Centre,74
<_io.BytesIO object at 0x000001C2735DB360>,0.8225788474082947,0.02389509603381157,-0.08700542896986008,118953,50,2,False,Right,Back,Right,Centre,74
<_io.BytesIO object at 0x000001C2735DB310>,0.8079279661178589,0.03085380606353283,-0.03201520815491676,118953,50,2,False,Right,Back,Right,Centre,74
<_io.BytesIO object at 0x000001C2735DB220>,0.7514145970344543,0.08732655644416809,-0.06061316281557083,118953,50,2,False,Right,Back,Right,Centre,74
<_io.BytesIO object at 0x000001C2736AD810>,0.7605853080749512,0.1825171262025833,0.2350042313337326,118954,50,2,False,Right,Back,Right,Centre,74
<_io.BytesIO object at 0x000001C2734A3090>,0.727796733379364,0.09980089962482452,0.23661130666732788,118954,50,2,False,Right,Back,Right,Centre,74
<_io.BytesIO object at 0x000001C2734A35E0>,0.7086376547813416,0.1610889732837677,0.1557263284921646,118954,50,2,False,Right,Back,Right,Centre,74
<_io.BytesIO object at 0x000001C2734A3590>,0.6941899061203003,0.10404253751039505,0.17983752489089966,118954,50,2,False,Right,Back,Right,Centre,74
<_io.BytesIO object at 0x000001C2734A3900>,0.6888642907142639,0.1454361528158188,0.17454351484775543,118954,50,2,False,Right,Back,Right,Centre,74
<_io.BytesIO object at 0x000001C2734A3040>,0.816339373588562,0.058560192584991455,-0.09442591667175293,118954,50,2,False,Right,Back,Right,Centre,74
<_io.BytesIO object at 0x000001C2734AD0E0>,0.7802242636680603,0.06696783751249313,-0.11379296332597733,118954,50,2,False,Right,Back,Right,Centre,74
<_io.BytesIO object at 0x000001C2734AD180>,0.8228700160980225,0.02393825724720955,-0.08669821918010712,118954,50,2,False,Right,Back,Right,Centre,74
<_io.BytesIO object at 0x000001C2734ADD10>,0.8082432746887207,0.03081619180738926,-0.031752120703458786,118954,50,2,False,Right,Back,Right,Centre,74
<_io.BytesIO object at 0x000001C2734ADC70>,0.7516936659812927,0.0873199924826622,-0.060191329568624496,118954,50,2,False,Right,Back,Right,Centre,74
<_io.BytesIO object at 0x000001C2734AA5E0>,0.7605853080749512,0.1825171262025833,0.2350042313337326,118955,50,2,False,Right,Back,Right,Centre,74
<_io.BytesIO object at 0x000001C2734AA7C0>,0.727796733379364,0.09980089962482452,0.23661130666732788,118955,50,2,False,Right,Back,Right,Centre,74
<_io.BytesIO object at 0x000001C2734AA0E0>,0.7086376547813416,0.1610889732837677,0.1557263284921646,118955,50,2,False,Right,Back,Right,Centre,74
<_io.BytesIO object at 0x000001C270737220>,0.6941899061203003,0.10404253751039505,0.17983752489089966,118955,50,2,False,Right,Back,Right,Centre,74
<_io.BytesIO object at 0x000001C270737400>,0.6888642907142639,0.1454361528158188,0.17454351484775543,118955,50,2,False,Right,Back,Right,Centre,74
<_io.BytesIO object at 0x000001C26B207C20>,0.8166177272796631,0.058698225766420364,-0.09405317157506943,118955,50,2,False,Right,Back,Right,Centre,74
<_io.BytesIO object at 0x000001C2735B5D60>,0.7803367972373962,0.0669788345694542,-0.11346971988677979,118955,50,2,False,Right,Back,Right,Centre,74
<_io.BytesIO object at 0x000001C2735B5EA0>,0.8230821490287781,0.02396310679614544,-0.08643297106027603,118955,50,2,False,Right,Back,Right,Centre,74
<_io.BytesIO object at 0x000001C2735B5A90>,0.8085609078407288,0.030740706250071526,-0.031424619257450104,118955,50,2,False,Right,Back,Right,Centre,74
<_io.BytesIO object at 0x000001C2707049F0>,0.7518373131752014,0.08720714598894119,-0.059757672250270844,118955,50,2,False,Right,Back,Right,Centre,74
<_io.BytesIO object at 0x000001C26B2154F0>,0.7605853080749512,0.1825171262025833,0.2350042313337326,118956,50,2,False,Right,Back,Right,Centre,74
<_io.BytesIO object at 0x000001C2735A5860>,0.727796733379364,0.09980089962482452,0.23661130666732788,118956,50,2,False,Right,Back,Right,Centre,74
<_io.BytesIO object at 0x000001C2735A5310>,0.7086376547813416,0.1610889732837677,0.1557263284921646,118956,50,2,False,Right,Back,Right,Centre,74
<_io.BytesIO object at 0x000001C2735A5040>,0.6941899061203003,0.10404253751039505,0.17983752489089966,118956,50,2,False,Right,Back,Right,Centre,74
<_io.BytesIO object at 0x000001C2735A5180>,0.6888642907142639,0.1454361528158188,0.17454351484775543,118956,50,2,False,Right,Back,Right,Centre,74
<_io.BytesIO object at 0x000001C27347D270>,0.8168007135391235,0.058682236820459366,-0.09373759478330612,118956,50,2,False,Right,Back,Right,Centre,74
<_io.BytesIO object at 0x000001C27347D090>,0.7804903984069824,0.06702277809381485,-0.1131262481212616,118956,50,2,False,Right,Back,Right,Centre,74
<_io.BytesIO object at 0x000001C27347DD60>,0.8233191967010498,0.023976895958185196,-0.086153544485569,118956,50,2,False,Right,Back,Right,Centre,74
<_io.BytesIO object at 0x000001C27347DE00>,0.8088266849517822,0.03069758601486683,-0.03113764151930809,118956,50,2,False,Right,Back,Right,Centre,74
<_io.BytesIO object at 0x000001C27347D860>,0.7520293593406677,0.08715938031673431,-0.05935404822230339,118956,50,2,False,Right,Back,Right,Centre,74
<_io.BytesIO object at 0x000001C2735BB770>,0.7605853080749512,0.1825171262025833,0.2350042313337326,118957,50,2,False,Right,Back,Right,Centre,74
<_io.BytesIO object at 0x000001C27347F310>,0.727796733379364,0.09980089962482452,0.23661130666732788,118957,50,2,False,Right,Back,Right,Centre,74
<_io.BytesIO object at 0x000001C27347F2C0>,0.7086376547813416,0.1610889732837677,0.1557263284921646,118957,50,2,False,Right,Back,Right,Centre,74
<_io.BytesIO object at 0x000001C27347F4A0>,0.6941899061203003,0.10404253751039505,0.17983752489089966,118957,50,2,False,Right,Back,Right,Centre,74
<_io.BytesIO object at 0x000001C27347FEA0>,0.6888642907142639,0.1454361528158188,0.17454351484775543,118957,50,2,False,Right,Back,Right,Centre,74
<_io.BytesIO object at 0x000001C27347FBD0>,0.816952645778656,0.05873534083366394,-0.09346113353967667,118957,50,2,False,Right,Back,Right,Centre,74
<_io.BytesIO object at 0x000001C27347F9F0>,0.780606210231781,0.06704343855381012,-0.11282632499933243,118957,50,2,False,Right,Back,Right,Centre,74
<_io.BytesIO object at 0x000001C27349D810>,0.8235089778900146,0.02401207946240902,-0.08588780462741852,118957,50,2,False,Right,Back,Right,Centre,74
<_io.BytesIO object at 0x000001C27349D5E0>,0.8090397119522095,0.03062639944255352,-0.030872024595737457,118957,50,2,False,Right,Back,Right,Centre,74
<_io.BytesIO object at 0x000001C27349D0E0>,0.7521868348121643,0.08718313276767731,-0.058878496289253235,118957,50,2,False,Right,Back,Right,Centre,74
<_io.BytesIO object at 0x000001C2735D19A0>,0.7605853080749512,0.1825171262025833,0.2350042313337326,118958,50,2,False,Right,Back,Right,Centre,74
<_io.BytesIO object at 0x000001C2735D41D0>,0.727796733379364,0.09980089962482452,0.23661130666732788,118958,50,2,False,Right,Back,Right,Centre,74
<_io.BytesIO object at 0x000001C2735D44F0>,0.7086376547813416,0.1610889732837677,0.1557263284921646,118958,50,2,False,Right,Back,Right,Centre,74
<_io.BytesIO object at 0x000001C2735D4C20>,0.6941899061203003,0.10404253751039505,0.17983752489089966,118958,50,2,False,Right,Back,Right,Centre,74
<_io.BytesIO object at 0x000001C2735D4130>,0.6888642907142639,0.1454361528158188,0.17454351484775543,118958,50,2,False,Right,Back,Right,Centre,74
<_io.BytesIO object at 0x000001C2735D4F90>,0.8170731663703918,0.05876379460096359,-0.09321469813585281,118958,50,2,False,Right,Back,Right,Centre,74
<_io.BytesIO object at 0x000001C2735D49F0>,0.7807470560073853,0.06707083433866501,-0.11246157437562943,118958,50,2,False,Right,Back,Right,Centre,74
<_io.BytesIO object at 0x000001C2735B4A40>,0.8236971497535706,0.024053722620010376,-0.08561596274375916,118958,50,2,False,Right,Back,Right,Centre,74
<_io.BytesIO object at 0x000001C2735B4DB0>,0.8092172741889954,0.03061803989112377,-0.030565248802304268,118958,50,2,False,Right,Back,Right,Centre,74
<_io.BytesIO object at 0x000001C2735B4180>,0.7523554563522339,0.08698800206184387,-0.05857425183057785,118958,50,2,False,Right,Back,Right,Centre,74
<_io.BytesIO object at 0x000001C2734ADEF0>,0.7605853080749512,0.1825171262025833,0.2350042313337326,118959,50,2,False,Right,Back,Right,Centre,74
<_io.BytesIO object at 0x000001C2734AD180>,0.727796733379364,0.09980089962482452,0.23661130666732788,118959,50,2,False,Right,Back,Right,Centre,74
<_io.BytesIO object at 0x000001C2734AD040>,0.7086376547813416,0.1610889732837677,0.1557263284921646,118959,50,2,False,Right,Back,Right,Centre,74
<_io.BytesIO object at 0x000001C2735DB400>,0.6941899061203003,0.10404253751039505,0.17983752489089966,118959,50,2,False,Right,Back,Right,Centre,74
<_io.BytesIO object at 0x000001C2735DBB80>,0.6888642907142639,0.1454361528158188,0.17454351484775543,118959,50,2,False,Right,Back,Right,Centre,74
<_io.BytesIO object at 0x000001C2735DB630>,0.8172417879104614,0.05876496806740761,-0.09287028014659882,118959,50,2,False,Right,Back,Right,Centre,74
<_io.BytesIO object at 0x000001C2735DB040>,0.7807213664054871,0.06707558780908585,-0.11207769811153412,118959,50,2,False,Right,Back,Right,Centre,74
<_io.BytesIO object at 0x000001C2735DBD60>,0.8238217830657959,0.02406616322696209,-0.08538781106472015,118959,50,2,False,Right,Back,Right,Centre,74
<_io.BytesIO object at 0x000001C2735DBEA0>,0.809403657913208,0.030505985021591187,-0.030319225043058395,118959,50,2,False,Right,Back,Right,Centre,74
<_io.BytesIO object at 0x000001C2735DB7C0>,0.7524401545524597,0.0869223102927208,-0.05826915428042412,118959,50,2,False,Right,Back,Right,Centre,74
<_io.BytesIO object at 0x000001C2734A3EF0>,0.7605853080749512,0.1825171262025833,0.2350042313337326,118960,50,2,False,Right,Back,Right,Centre,74
<_io.BytesIO object at 0x000001C2734A3C70>,0.727796733379364,0.09980089962482452,0.23661130666732788,118960,50,2,False,Right,Back,Right,Centre,74
<_io.BytesIO object at 0x000001C2734A3680>,0.7086376547813416,0.1610889732837677,0.1557263284921646,118960,50,2,False,Right,Back,Right,Centre,74
<_io.BytesIO object at 0x000001C2734AABD0>,0.6941899061203003,0.10404253751039505,0.17983752489089966,118960,50,2,False,Right,Back,Right,Centre,74
<_io.BytesIO object at 0x000001C2734AA630>,0.6888642907142639,0.1454361528158188,0.17454351484775543,118960,50,2,False,Right,Back,Right,Centre,74
<_io.BytesIO object at 0x000001C2734AA2C0>,0.8173216581344604,0.05877605825662613,-0.09265701472759247,118960,50,2,False,Right,Back,Right,Centre,74
<_io.BytesIO object at 0x000001C2734AA310>,0.7809488773345947,0.06705667823553085,-0.11190377175807953,118960,50,2,False,Right,Back,Right,Centre,74
<_io.BytesIO object at 0x000001C2734AAD60>,0.8240308165550232,0.02411021664738655,-0.0851566419005394,118960,50,2,False,Right,Back,Right,Centre,74
<_io.BytesIO object at 0x000001C2734AA860>,0.8095267415046692,0.030451951548457146,-0.030083710327744484,118960,50,2,False,Right,Back,Right,Centre,74
<_io.BytesIO object at 0x000001C2734AA720>,0.7525209784507751,0.0868103951215744,-0.057935845106840134,118960,50,2,False,Right,Back,Right,Centre,74
<_io.BytesIO object at 0x000001C2734AA0E0>,0.7605853080749512,0.1825171262025833,0.2350042313337326,118961,50,2,False,Right,Back,Right,Centre,74
<_io.BytesIO object at 0x000001C2734A3AE0>,0.727796733379364,0.09980089962482452,0.23661130666732788,118961,50,2,False,Right,Back,Right,Centre,74
<_io.BytesIO object at 0x000001C2734A39A0>,0.7086376547813416,0.1610889732837677,0.1557263284921646,118961,50,2,False,Right,Back,Right,Centre,74
<_io.BytesIO object at 0x000001C2734A3590>,0.6941899061203003,0.10404253751039505,0.17983752489089966,118961,50,2,False,Right,Back,Right,Centre,74
<_io.BytesIO object at 0x000001C2734A3B80>,0.6888642907142639,0.1454361528158188,0.17454351484775543,118961,50,2,False,Right,Back,Right,Centre,74
<_io.BytesIO object at 0x000001C2734A33B0>,0.8173481225967407,0.05857878550887108,-0.09240330755710602,118961,50,2,False,Right,Back,Right,Centre,74
<_io.BytesIO object at 0x000001C273470450>,0.7810081243515015,0.06702033430337906,-0.11164183169603348,118961,50,2,False,Right,Back,Right,Centre,74
<_io.BytesIO object at 0x000001C2734702C0>,0.8241057395935059,0.024028785526752472,-0.08494986593723297,118961,50,2,False,Right,Back,Right,Centre,74
<_io.BytesIO object at 0x000001C273470680>,0.8096466064453125,0.03040090762078762,-0.029842693358659744,118961,50,2,False,Right,Back,Right,Centre,74
<_io.BytesIO object at 0x000001C2734704F0>,0.7526025772094727,0.08675825595855713,-0.05764387547969818,118961,50,2,False,Right,Back,Right,Centre,74
<_io.BytesIO object at 0x000001C2735DB770>,0.7605853080749512,0.1825171262025833,0.2350042313337326,118962,50,2,False,Right,Back,Right,Centre,74
<_io.BytesIO object at 0x000001C2734AD770>,0.727796733379364,0.09980089962482452,0.23661130666732788,118962,50,2,False,Right,Back,Right,Centre,74
<_io.BytesIO object at 0x000001C2734AD810>,0.7086376547813416,0.1610889732837677,0.1557263284921646,118962,50,2,False,Right,Back,Right,Centre,74
<_io.BytesIO object at 0x000001C2734AD630>,0.6941899061203003,0.10404253751039505,0.17983752489089966,118962,50,2,False,Right,Back,Right,Centre,74
<_io.BytesIO object at 0x000001C2734ADB80>,0.6888642907142639,0.1454361528158188,0.17454351484775543,118962,50,2,False,Right,Back,Right,Centre,74
<_io.BytesIO object at 0x000001C2734AD3B0>,0.8173894882202148,0.0585780069231987,-0.09220903366804123,118962,50,2,False,Right,Back,Right,Centre,74
<_io.BytesIO object at 0x000001C2735B4A90>,0.7810174822807312,0.06699946522712708,-0.11141738295555115,118962,50,2,False,Right,Back,Right,Centre,74
<_io.BytesIO object at 0x000001C2735B4900>,0.8242185711860657,0.024036820977926254,-0.08472606539726257,118962,50,2,False,Right,Back,Right,Centre,74
<_io.BytesIO object at 0x000001C2735B4360>,0.8097271919250488,0.030354296788573265,-0.029584359377622604,118962,50,2,False,Right,Back,Right,Centre,74
<_io.BytesIO object at 0x000001C2735B4EF0>,0.7526186108589172,0.08667166531085968,-0.05741363763809204,118962,50,2,False,Right,Back,Right,Centre,74
<_io.BytesIO object at 0x000001C2735D4720>,0.7605853080749512,0.1825171262025833,0.2350042313337326,118963,50,2,False,Right,Back,Right,Centre,74
<_io.BytesIO object at 0x000001C2735D4540>,0.727796733379364,0.09980089962482452,0.23661130666732788,118963,50,2,False,Right,Back,Right,Centre,74
<_io.BytesIO object at 0x000001C2735D18B0>,0.7086376547813416,0.1610889732837677,0.1557263284921646,118963,50,2,False,Right,Back,Right,Centre,74
<_io.BytesIO object at 0x000001C2735D1900>,0.6941899061203003,0.10404253751039505,0.17983752489089966,118963,50,2,False,Right,Back,Right,Centre,74
<_io.BytesIO object at 0x000001C2735D1310>,0.6888642907142639,0.1454361528158188,0.17454351484775543,118963,50,2,False,Right,Back,Right,Centre,74
<_io.BytesIO object at 0x000001C2735D1DB0>,0.8174195885658264,0.05857474356889725,-0.0920436829328537,118963,50,2,False,Right,Back,Right,Centre,74
<_io.BytesIO object at 0x000001C2735D14F0>,0.7810881733894348,0.06697344779968262,-0.11118891090154648,118963,50,2,False,Right,Back,Right,Centre,74
<_io.BytesIO object at 0x000001C2735D1D10>,0.8242916464805603,0.0240209698677063,-0.08450661599636078,118963,50,2,False,Right,Back,Right,Centre,74
<_io.BytesIO object at 0x000001C27349DE50>,0.8097715973854065,0.030266258865594864,-0.02940792590379715,118963,50,2,False,Right,Back,Right,Centre,74
<_io.BytesIO object at 0x000001C27349D360>,0.7526046633720398,0.08657611161470413,-0.05720251053571701,118963,50,2,False,Right,Back,Right,Centre,74
<_io.BytesIO object at 0x000001C27347FDB0>,0.7605853080749512,0.1825171262025833,0.2350042313337326,118964,50,2,False,Right,Back,Right,Centre,74
<_io.BytesIO object at 0x000001C2735BB2C0>,0.727796733379364,0.09980089962482452,0.23661130666732788,118964,50,2,False,Right,Back,Right,Centre,74
<_io.BytesIO object at 0x000001C2735BB6D0>,0.7086376547813416,0.1610889732837677,0.1557263284921646,118964,50,2,False,Right,Back,Right,Centre,74
<_io.BytesIO object at 0x000001C2735BB450>,0.6941899061203003,0.10404253751039505,0.17983752489089966,118964,50,2,False,Right,Back,Right,Centre,74
<_io.BytesIO object at 0x000001C2735BB180>,0.6888642907142639,0.1454361528158188,0.17454351484775543,118964,50,2,False,Right,Back,Right,Centre,74
<_io.BytesIO object at 0x000001C2735BB360>,0.817486584186554,0.05861055850982666,-0.09180759638547897,118964,50,2,False,Right,Back,Right,Centre,74
<_io.BytesIO object at 0x000001C2735BB090>,0.7810727953910828,0.06680427491664886,-0.11093060672283173,118964,50,2,False,Right,Back,Right,Centre,74
<_io.BytesIO object at 0x000001C27347DB80>,0.8243319392204285,0.023982219398021698,-0.08436078578233719,118964,50,2,False,Right,Back,Right,Centre,74
<_io.BytesIO object at 0x000001C27347D8B0>,0.8097962141036987,0.030154461041092873,-0.029258813709020615,118964,50,2,False,Right,Back,Right,Centre,74
<_io.BytesIO object at 0x000001C27347D540>,0.7524924874305725,0.08645722270011902,-0.05700528994202614,118964,50,2,False,Right,Back,Right,Centre,74
<_io.BytesIO object at 0x000001C2735A5270>,0.7605853080749512,0.1825171262025833,0.2350042313337326,118965,50,2,False,Right,Back,Right,Centre,74
<_io.BytesIO object at 0x000001C26B215540>,0.727796733379364,0.09980089962482452,0.23661130666732788,118965,50,2,False,Right,Back,Right,Centre,74
<_io.BytesIO object at 0x000001C26B215180>,0.7086376547813416,0.1610889732837677,0.1557263284921646,118965,50,2,False,Right,Back,Right,Centre,74
<_io.BytesIO object at 0x000001C26B2151D0>,0.6941899061203003,0.10404253751039505,0.17983752489089966,118965,50,2,False,Right,Back,Right,Centre,74
<_io.BytesIO object at 0x000001C273483810>,0.6888642907142639,0.1454361528158188,0.17454351484775543,118965,50,2,False,Right,Back,Right,Centre,74
<_io.BytesIO object at 0x000001C273483F90>,0.817478597164154,0.05859166383743286,-0.09165000915527344,118965,50,2,False,Right,Back,Right,Centre,74
<_io.BytesIO object at 0x000001C273483900>,0.7810875773429871,0.06677407771348953,-0.11076096445322037,118965,50,2,False,Right,Back,Right,Centre,74
<_io.BytesIO object at 0x000001C2734835E0>,0.8243666887283325,0.023931004106998444,-0.08423176407814026,118965,50,2,False,Right,Back,Right,Centre,74
<_io.BytesIO object at 0x000001C2734833B0>,0.8098353743553162,0.030012955889105797,-0.029117463156580925,118965,50,2,False,Right,Back,Right,Centre,74
<_io.BytesIO object at 0x000001C2734830E0>,0.7524135708808899,0.08626003563404083,-0.05679326504468918,118965,50,2,False,Right,Back,Right,Centre,74
<_io.BytesIO object at 0x000001C273483950>,0.7605853080749512,0.1825171262025833,0.2350042313337326,118966,50,2,False,Right,Back,Right,Centre,74
<_io.BytesIO object at 0x000001C26B215720>,0.727796733379364,0.09980089962482452,0.23661130666732788,118966,50,2,False,Right,Back,Right,Centre,74
<_io.BytesIO object at 0x000001C2735A5D60>,0.7086376547813416,0.1610889732837677,0.1557263284921646,118966,50,2,False,Right,Back,Right,Centre,74
<_io.BytesIO object at 0x000001C2735A5400>,0.6941899061203003,0.10404253751039505,0.17983752489089966,118966,50,2,False,Right,Back,Right,Centre,74
<_io.BytesIO object at 0x000001C2735A5360>,0.6888642907142639,0.1454361528158188,0.17454351484775543,118966,50,2,False,Right,Back,Right,Centre,74
<_io.BytesIO object at 0x000001C2735A5630>,0.8175292015075684,0.05852391570806503,-0.0915706679224968,118966,50,2,False,Right,Back,Right,Centre,74
<_io.BytesIO object at 0x000001C2735A5A40>,0.7810084819793701,0.066698357462883,-0.11051706224679947,118966,50,2,False,Right,Back,Right,Centre,74
<_io.BytesIO object at 0x000001C2735A5180>,0.8243531584739685,0.023872582241892815,-0.08412136137485504,118966,50,2,False,Right,Back,Right,Centre,74
<_io.BytesIO object at 0x000001C27347D090>,0.8097667098045349,0.029831133782863617,-0.029005523771047592,118966,50,2,False,Right,Back,Right,Centre,74
<_io.BytesIO object at 0x000001C27347D270>,0.752248227596283,0.08608787506818771,-0.05657344311475754,118966,50,2,False,Right,Back,Right,Centre,74
<_io.BytesIO object at 0x000001C2735BB680>,0.7605853080749512,0.1825171262025833,0.2350042313337326,118967,50,2,False,Right,Back,Right,Centre,74
<_io.BytesIO object at 0x000001C2735BB4F0>,0.727796733379364,0.09980089962482452,0.23661130666732788,118967,50,2,False,Right,Back,Right,Centre,74
<_io.BytesIO object at 0x000001C27347F770>,0.7086376547813416,0.1610889732837677,0.1557263284921646,118967,50,2,False,Right,Back,Right,Centre,74
<_io.BytesIO object at 0x000001C27347F8B0>,0.6941899061203003,0.10404253751039505,0.17983752489089966,118967,50,2,False,Right,Back,Right,Centre,74
<_io.BytesIO object at 0x000001C27347FD60>,0.6888642907142639,0.1454361528158188,0.17454351484775543,118967,50,2,False,Right,Back,Right,Centre,74
<_io.BytesIO object at 0x000001C27347FB80>,0.817491352558136,0.05860182270407677,-0.09146416932344437,118967,50,2,False,Right,Back,Right,Centre,74
<_io.BytesIO object at 0x000001C27347FEA0>,0.7810101509094238,0.06667892634868622,-0.11034737527370453,118967,50,2,False,Right,Back,Right,Centre,74
<_io.BytesIO object at 0x000001C27347F400>,0.8242643475532532,0.023742537945508957,-0.0840337947010994,118967,50,2,False,Right,Back,Right,Centre,74
<_io.BytesIO object at 0x000001C27347FE00>,0.8097104430198669,0.029651625081896782,-0.028910953551530838,118967,50,2,False,Right,Back,Right,Centre,74
<_io.BytesIO object at 0x000001C27349DF90>,0.7522602677345276,0.0858064666390419,-0.05646101385354996,118967,50,2,False,Right,Back,Right,Centre,74
<_io.BytesIO object at 0x000001C2735D1C20>,0.7605853080749512,0.1825171262025833,0.2350042313337326,118968,50,2,False,Right,Back,Right,Centre,74
<_io.BytesIO object at 0x000001C2735D19A0>,0.727796733379364,0.09980089962482452,0.23661130666732788,118968,50,2,False,Right,Back,Right,Centre,74
<_io.BytesIO object at 0x000001C2735D45E0>,0.7086376547813416,0.1610889732837677,0.1557263284921646,118968,50,2,False,Right,Back,Right,Centre,74
<_io.BytesIO object at 0x000001C2735D46D0>,0.6941899061203003,0.10404253751039505,0.17983752489089966,118968,50,2,False,Right,Back,Right,Centre,74
<_io.BytesIO object at 0x000001C2735D4770>,0.6888642907142639,0.1454361528158188,0.17454351484775543,118968,50,2,False,Right,Back,Right,Centre,74
<_io.BytesIO object at 0x000001C2735D4E50>,0.8174405097961426,0.05853817239403725,-0.09133636951446533,118968,50,2,False,Right,Back,Right,Centre,74
<_io.BytesIO object at 0x000001C2735D4040>,0.7809653282165527,0.06661910563707352,-0.1102348044514656,118968,50,2,False,Right,Back,Right,Centre,74
<_io.BytesIO object at 0x000001C2735D4A90>,0.8242456316947937,0.023657094687223434,-0.08396045118570328,118968,50,2,False,Right,Back,Right,Centre,74
<_io.BytesIO object at 0x000001C2735B4770>,0.8096321821212769,0.02945384569466114,-0.02884175255894661,118968,50,2,False,Right,Back,Right,Centre,74
<_io.BytesIO object at 0x000001C2735B4CC0>,0.7521519064903259,0.08557448536157608,-0.05635471269488335,118968,50,2,False,Right,Back,Right,Centre,74
<_io.BytesIO object at 0x000001C2734ADDB0>,0.7605853080749512,0.1825171262025833,0.2350042313337326,118969,50,2,False,Right,Back,Right,Centre,74
<_io.BytesIO object at 0x000001C2734AD270>,0.727796733379364,0.09980089962482452,0.23661130666732788,118969,50,2,False,Right,Back,Right,Centre,74
<_io.BytesIO object at 0x000001C2734AD4A0>,0.7086376547813416,0.1610889732837677,0.1557263284921646,118969,50,2,False,Right,Back,Right,Centre,74
<_io.BytesIO object at 0x000001C2735DB4F0>,0.6941899061203003,0.10404253751039505,0.17983752489089966,118969,50,2,False,Right,Back,Right,Centre,74
<_io.BytesIO object at 0x000001C2735DBBD0>,0.6888642907142639,0.1454361528158188,0.17454351484775543,118969,50,2,False,Right,Back,Right,Centre,74
<_io.BytesIO object at 0x000001C2735DB540>,0.8173506855964661,0.058422159403562546,-0.09124274551868439,118969,50,2,False,Right,Back,Right,Centre,74
<_io.BytesIO object at 0x000001C2735DBF40>,0.7809237837791443,0.06655682623386383,-0.11015478521585464,118969,50,2,False,Right,Back,Right,Centre,74
<_io.BytesIO object at 0x000001C2735DB360>,0.824177086353302,0.023526346310973167,-0.08393750339746475,118969,50,2,False,Right,Back,Right,Centre,74
<_io.BytesIO object at 0x000001C2735DBB30>,0.8095149993896484,0.029205968603491783,-0.02879139967262745,118969,50,2,False,Right,Back,Right,Centre,74
<_io.BytesIO object at 0x000001C2735DBAE0>,0.7520129680633545,0.08540505915880203,-0.05622716248035431,118969,50,2,False,Right,Back,Right,Centre,74
<_io.BytesIO object at 0x000001C2734A30E0>,0.7605853080749512,0.1825171262025833,0.2350042313337326,118970,50,2,False,Right,Back,Right,Centre,74
<_io.BytesIO object at 0x000001C2734A3770>,0.727796733379364,0.09980089962482452,0.23661130666732788,118970,50,2,False,Right,Back,Right,Centre,74
<_io.BytesIO object at 0x000001C2734AACC0>,0.7086376547813416,0.1610889732837677,0.1557263284921646,118970,50,2,False,Right,Back,Right,Centre,74
<_io.BytesIO object at 0x000001C2734AAB30>,0.6941899061203003,0.10404253751039505,0.17983752489089966,118970,50,2,False,Right,Back,Right,Centre,74
<_io.BytesIO object at 0x000001C2734AAE00>,0.6888642907142639,0.1454361528158188,0.17454351484775543,118970,50,2,False,Right,Back,Right,Centre,74
<_io.BytesIO object at 0x000001C2734AAE50>,0.8172194957733154,0.05820645019412041,-0.09115418046712875,118970,50,2,False,Right,Back,Right,Centre,74
<_io.BytesIO object at 0x000001C2734AAA90>,0.7808293700218201,0.06640327721834183,-0.11007533967494965,118970,50,2,False,Right,Back,Right,Centre,74
<_io.BytesIO object at 0x000001C2734AA220>,0.8241007924079895,0.023397866636514664,-0.0839177742600441,118970,50,2,False,Right,Back,Right,Centre,74
<_io.BytesIO object at 0x000001C2734AAEF0>,0.8093639612197876,0.028844963759183884,-0.028759419918060303,118970,50,2,False,Right,Back,Right,Centre,74
<_io.BytesIO object at 0x000001C2734AA400>,0.751889705657959,0.08517225086688995,-0.05613519251346588,118970,50,2,False,Right,Back,Right,Centre,74
<_io.BytesIO object at 0x000001C273470C70>,0.7605853080749512,0.1825171262025833,0.2350042313337326,118971,50,2,False,Right,Back,Right,Centre,74
<_io.BytesIO object at 0x000001C273470810>,0.727796733379364,0.09980089962482452,0.23661130666732788,118971,50,2,False,Right,Back,Right,Centre,74
<_io.BytesIO object at 0x000001C2735DB9F0>,0.7086376547813416,0.1610889732837677,0.1557263284921646,118971,50,2,False,Right,Back,Right,Centre,74
<_io.BytesIO object at 0x000001C2735DBB30>,0.6941899061203003,0.10404253751039505,0.17983752489089966,118971,50,2,False,Right,Back,Right,Centre,74
<_io.BytesIO object at 0x000001C2735DBA40>,0.6888642907142639,0.1454361528158188,0.17454351484775543,118971,50,2,False,Right,Back,Right,Centre,74
<_io.BytesIO object at 0x000001C2735DBD10>,0.8171149492263794,0.05806120112538338,-0.0910876914858818,118971,50,2,False,Right,Back,Right,Centre,74
<_io.BytesIO object at 0x000001C2735DB180>,0.7807061672210693,0.06623931974172592,-0.110048308968544,118971,50,2,False,Right,Back,Right,Centre,74
<_io.BytesIO object at 0x000001C2735DB400>,0.8239569664001465,0.023214217275381088,-0.08390133827924728,118971,50,2,False,Right,Back,Right,Centre,74
<_io.BytesIO object at 0x000001C2735DB770>,0.8092111349105835,0.028559032827615738,-0.02877565659582615,118971,50,2,False,Right,Back,Right,Centre,74
<_io.BytesIO object at 0x000001C2734AD900>,0.7517258524894714,0.08489324152469635,-0.05607445910573006,118971,50,2,False,Right,Back,Right,Centre,74
<_io.BytesIO object at 0x000001C2735B4EF0>,0.7605853080749512,0.1825171262025833,0.2350042313337326,118972,50,2,False,Right,Back,Right,Centre,74
<_io.BytesIO object at 0x000001C2735B4630>,0.727796733379364,0.09980089962482452,0.23661130666732788,118972,50,2,False,Right,Back,Right,Centre,74
<_io.BytesIO object at 0x000001C2735B4770>,0.7086376547813416,0.1610889732837677,0.1557263284921646,118972,50,2,False,Right,Back,Right,Centre,74
<_io.BytesIO object at 0x000001C2735D4CC0>,0.6941899061203003,0.10404253751039505,0.17983752489089966,118972,50,2,False,Right,Back,Right,Centre,74
<_io.BytesIO object at 0x000001C2735D4630>,0.6888642907142639,0.1454361528158188,0.17454351484775543,118972,50,2,False,Right,Back,Right,Centre,74
<_io.BytesIO object at 0x000001C2735D4040>,0.8169702291488647,0.05789261311292648,-0.0910431370139122,118972,50,2,False,Right,Back,Right,Centre,74
<_io.BytesIO object at 0x000001C2735D4130>,0.7805485725402832,0.06608469039201736,-0.110089011490345,118972,50,2,False,Right,Back,Right,Centre,74
<_io.BytesIO object at 0x000001C2735D4D60>,0.8238168358802795,0.023017646744847298,-0.08392150700092316,118972,50,2,False,Right,Back,Right,Centre,74
<_io.BytesIO object at 0x000001C2735D41D0>,0.8090187907218933,0.028248246759176254,-0.0287921205163002,118972,50,2,False,Right,Back,Right,Centre,74
<_io.BytesIO object at 0x000001C2735D4E00>,0.75156569480896,0.08445143699645996,-0.05593618378043175,118972,50,2,False,Right,Back,Right,Centre,74
<_io.BytesIO object at 0x000001C27349DDB0>,0.7605853080749512,0.1825171262025833,0.2350042313337326,118973,50,2,False,Right,Back,Right,Centre,74
<_io.BytesIO object at 0x000001C27349DCC0>,0.727796733379364,0.09980089962482452,0.23661130666732788,118973,50,2,False,Right,Back,Right,Centre,74
<_io.BytesIO object at 0x000001C27347F130>,0.7086376547813416,0.1610889732837677,0.1557263284921646,118973,50,2,False,Right,Back,Right,Centre,74
<_io.BytesIO object at 0x000001C27347F450>,0.6941899061203003,0.10404253751039505,0.17983752489089966,118973,50,2,False,Right,Back,Right,Centre,74
<_io.BytesIO object at 0x000001C27347F400>,0.6888642907142639,0.1454361528158188,0.17454351484775543,118973,50,2,False,Right,Back,Right,Centre,74
<_io.BytesIO object at 0x000001C27347F5E0>,0.8167715072631836,0.05771347135305405,-0.09097103029489517,118973,50,2,False,Right,Back,Right,Centre,74
<_io.BytesIO object at 0x000001C27347FCC0>,0.7803792357444763,0.0658678188920021,-0.11006714403629303,118973,50,2,False,Right,Back,Right,Centre,74
<_io.BytesIO object at 0x000001C27347F590>,0.8236367106437683,0.02278600074350834,-0.08391986787319183,118973,50,2,False,Right,Back,Right,Centre,74
<_io.BytesIO object at 0x000001C27347F950>,0.8088113069534302,0.027921153232455254,-0.02881520427763462,118973,50,2,False,Right,Back,Right,Centre,74
<_io.BytesIO object at 0x000001C27347F900>,0.751328706741333,0.08414965867996216,-0.0559086911380291,118973,50,2,False,Right,Back,Right,Centre,74
<_io.BytesIO object at 0x000001C2734A39F0>,0.7605853080749512,0.1825171262025833,0.2350042313337326,118974,50,2,False,Right,Back,Right,Centre,74
<_io.BytesIO object at 0x000001C2734A32C0>,0.727796733379364,0.09980089962482452,0.23661130666732788,118974,50,2,False,Right,Back,Right,Centre,74
<_io.BytesIO object at 0x000001C2734A3180>,0.7086376547813416,0.1610889732837677,0.1557263284921646,118974,50,2,False,Right,Back,Right,Centre,74
<_io.BytesIO object at 0x000001C27347DF40>,0.6941899061203003,0.10404253751039505,0.17983752489089966,118974,50,2,False,Right,Back,Right,Centre,74
<_io.BytesIO object at 0x000001C27347DB80>,0.6888642907142639,0.1454361528158188,0.17454351484775543,118974,50,2,False,Right,Back,Right,Centre,74
<_io.BytesIO object at 0x000001C27347D0E0>,0.8164902329444885,0.05741913616657257,-0.09095333516597748,118974,50,2,False,Right,Back,Right,Centre,74
<_io.BytesIO object at 0x000001C27347DAE0>,0.7802375555038452,0.06574882566928864,-0.11011204123497009,118974,50,2,False,Right,Back,Right,Centre,74
<_io.BytesIO object at 0x000001C27347D7C0>,0.8234777450561523,0.022592972964048386,-0.08393516391515732,118974,50,2,False,Right,Back,Right,Centre,74
<_io.BytesIO object at 0x000001C27347D220>,0.8085063695907593,0.027586137875914574,-0.02888466976583004,118974,50,2,False,Right,Back,Right,Centre,74
<_io.BytesIO object at 0x000001C27347D630>,0.7508929967880249,0.08374328166246414,-0.0558294951915741,118974,50,2,False,Right,Back,Right,Centre,74
<_io.BytesIO object at 0x000001C26B2154A0>,0.7605853080749512,0.1825171262025833,0.2350042313337326,118975,50,2,False,Right,Back,Right,Centre,74
<_io.BytesIO object at 0x000001C26B215630>,0.727796733379364,0.09980089962482452,0.23661130666732788,118975,50,2,False,Right,Back,Right,Centre,74
<_io.BytesIO object at 0x000001C26B2150E0>,0.7086376547813416,0.1610889732837677,0.1557263284921646,118975,50,2,False,Right,Back,Right,Centre,74
<_io.BytesIO object at 0x000001C26B2157C0>,0.6941899061203003,0.10404253751039505,0.17983752489089966,118975,50,2,False,Right,Back,Right,Centre,74
<_io.BytesIO object at 0x000001C2735A5090>,0.6888642907142639,0.1454361528158188,0.17454351484775543,118975,50,2,False,Right,Back,Right,Centre,74
<_io.BytesIO object at 0x000001C2735A5D60>,0.816226065158844,0.057170890271663666,-0.09089624136686325,118975,50,2,False,Right,Back,Right,Centre,74
<_io.BytesIO object at 0x000001C2735A59F0>,0.7800365090370178,0.06556178629398346,-0.1101294755935669,118975,50,2,False,Right,Back,Right,Centre,74
<_io.BytesIO object at 0x000001C2735A5630>,0.8232930302619934,0.02235107682645321,-0.08395203202962875,118975,50,2,False,Right,Back,Right,Centre,74
<_io.BytesIO object at 0x000001C2735A56D0>,0.8081458210945129,0.02725110575556755,-0.028922906145453453,118975,50,2,False,Right,Back,Right,Centre,74
<_io.BytesIO object at 0x000001C2735A5F40>,0.7506238222122192,0.08345770090818405,-0.055867813527584076,118975,50,2,False,Right,Back,Right,Centre,74
<_io.BytesIO object at 0x000001C2734A3360>,0.7605853080749512,0.1825171262025833,0.2350042313337326,118976,50,2,False,Right,Back,Right,Centre,74
<_io.BytesIO object at 0x000001C2734A3270>,0.727796733379364,0.09980089962482452,0.23661130666732788,118976,50,2,False,Right,Back,Right,Centre,74
<_io.BytesIO object at 0x000001C2735BB5E0>,0.7086376547813416,0.1610889732837677,0.1557263284921646,118976,50,2,False,Right,Back,Right,Centre,74
<_io.BytesIO object at 0x000001C2735BB540>,0.6941899061203003,0.10404253751039505,0.17983752489089966,118976,50,2,False,Right,Back,Right,Centre,74
<_io.BytesIO object at 0x000001C2735BB180>,0.6888642907142639,0.1454361528158188,0.17454351484775543,118976,50,2,False,Right,Back,Right,Centre,74
<_io.BytesIO object at 0x000001C2735BB450>,0.8160134553909302,0.05701589211821556,-0.09087027609348297,118976,50,2,False,Right,Back,Right,Centre,74
<_io.BytesIO object at 0x000001C2735BB810>,0.7797276377677917,0.06533534079790115,-0.11009572446346283,118976,50,2,False,Right,Back,Right,Centre,74
<_io.BytesIO object at 0x000001C2735BBDB0>,0.8230925798416138,0.022147027775645256,-0.08396641910076141,118976,50,2,False,Right,Back,Right,Centre,74
<_io.BytesIO object at 0x000001C2735BB590>,0.8078759908676147,0.026872461661696434,-0.02897677943110466,118976,50,2,False,Right,Back,Right,Centre,74
<_io.BytesIO object at 0x000001C27347FB30>,0.75023353099823,0.08313305675983429,-0.05592575669288635,118976,50,2,False,Right,Back,Right,Centre,74
<_io.BytesIO object at 0x000001C27349D0E0>,0.7605853080749512,0.1825171262025833,0.2350042313337326,118977,50,2,False,Right,Back,Right,Centre,74
<_io.BytesIO object at 0x000001C2735D1E00>,0.727796733379364,0.09980089962482452,0.23661130666732788,118977,50,2,False,Right,Back,Right,Centre,74
<_io.BytesIO object at 0x000001C2735D10E0>,0.7086376547813416,0.1610889732837677,0.1557263284921646,118977,50,2,False,Right,Back,Right,Centre,74
<_io.BytesIO object at 0x000001C2735D1A40>,0.6941899061203003,0.10404253751039505,0.17983752489089966,118977,50,2,False,Right,Back,Right,Centre,74
<_io.BytesIO object at 0x000001C2735D1EF0>,0.6888642907142639,0.1454361528158188,0.17454351484775543,118977,50,2,False,Right,Back,Right,Centre,74
<_io.BytesIO object at 0x000001C2735D1540>,0.8157724738121033,0.056917738169431686,-0.09085046499967575,118977,50,2,False,Right,Back,Right,Centre,74
<_io.BytesIO object at 0x000001C2735D1C70>,0.779169499874115,0.06504330784082413,-0.10988475382328033,118977,50,2,False,Right,Back,Right,Centre,74
<_io.BytesIO object at 0x000001C2735D44F0>,0.8228570222854614,0.021933097392320633,-0.08399690687656403,118977,50,2,False,Right,Back,Right,Centre,74
<_io.BytesIO object at 0x000001C2735D4EF0>,0.8075942397117615,0.026477698236703873,-0.0290895514190197,118977,50,2,False,Right,Back,Right,Centre,74
<_io.BytesIO object at 0x000001C2735D4B30>,0.7498710751533508,0.0828176960349083,-0.05603083223104477,118977,50,2,False,Right,Back,Right,Centre,74
<_io.BytesIO object at 0x000001C2735B4F40>,0.7605853080749512,0.1825171262025833,0.2350042313337326,118978,50,2,False,Right,Back,Right,Centre,74
<_io.BytesIO object at 0x000001C2735B49F0>,0.727796733379364,0.09980089962482452,0.23661130666732788,118978,50,2,False,Right,Back,Right,Centre,74
<_io.BytesIO object at 0x000001C2734ADBD0>,0.7086376547813416,0.1610889732837677,0.1557263284921646,118978,50,2,False,Right,Back,Right,Centre,74
<_io.BytesIO object at 0x000001C2734AD5E0>,0.6941899061203003,0.10404253751039505,0.17983752489089966,118978,50,2,False,Right,Back,Right,Centre,74
<_io.BytesIO object at 0x000001C2734AD090>,0.6888642907142639,0.1454361528158188,0.17454351484775543,118978,50,2,False,Right,Back,Right,Centre,74
<_io.BytesIO object at 0x000001C2734AD3B0>,0.8155152201652527,0.05678648129105568,-0.09084011614322662,118978,50,2,False,Right,Back,Right,Centre,74
<_io.BytesIO object at 0x000001C2734ADD10>,0.7789255380630493,0.06485398858785629,-0.10991828888654709,118978,50,2,False,Right,Back,Right,Centre,74
<_io.BytesIO object at 0x000001C2734AD180>,0.8224104642868042,0.021675949916243553,-0.08399877697229385,118978,50,2,False,Right,Back,Right,Centre,74
<_io.BytesIO object at 0x000001C2734ADEF0>,0.8072076439857483,0.026165075600147247,-0.02913031168282032,118978,50,2,False,Right,Back,Right,Centre,74
<_io.BytesIO object at 0x000001C2735DB130>,0.7495371103286743,0.08244887739419937,-0.056087177246809006,118978,50,2,False,Right,Back,Right,Centre,74
<_io.BytesIO object at 0x000001C2734702C0>,0.7605853080749512,0.1825171262025833,0.2350042313337326,118979,50,2,False,Right,Back,Right,Centre,74
<_io.BytesIO object at 0x000001C2734AAB30>,0.727796733379364,0.09980089962482452,0.23661130666732788,118979,50,2,False,Right,Back,Right,Centre,74
<_io.BytesIO object at 0x000001C2734AA040>,0.7086376547813416,0.1610889732837677,0.1557263284921646,118979,50,2,False,Right,Back,Right,Centre,74
<_io.BytesIO object at 0x000001C2734AADB0>,0.6941899061203003,0.10404253751039505,0.17983752489089966,118979,50,2,False,Right,Back,Right,Centre,74
<_io.BytesIO object at 0x000001C2734AA1D0>,0.6888642907142639,0.1454361528158188,0.17454351484775543,118979,50,2,False,Right,Back,Right,Centre,74
<_io.BytesIO object at 0x000001C2734AA860>,0.8151833415031433,0.05666130781173706,-0.09086161851882935,118979,50,2,False,Right,Back,Right,Centre,74
<_io.BytesIO object at 0x000001C2734AA6D0>,0.7788077592849731,0.06467796117067337,-0.11008930951356888,118979,50,2,False,Right,Back,Right,Centre,74
<_io.BytesIO object at 0x000001C2734AAA90>,0.8221558332443237,0.021527161821722984,-0.08406798541545868,118979,50,2,False,Right,Back,Right,Centre,74
<_io.BytesIO object at 0x000001C273483590>,0.8068322539329529,0.025893570855259895,-0.029157500714063644,118979,50,2,False,Right,Back,Right,Centre,74
<_io.BytesIO object at 0x000001C273483F90>,0.7490648627281189,0.08213876932859421,-0.056152865290641785,118979,50,2,False,Right,Back,Right,Centre,74
<_io.BytesIO object at 0x000001C273483220>,0.7605853080749512,0.1825171262025833,0.2350042313337326,118980,50,2,False,Right,Back,Right,Centre,74
<_io.BytesIO object at 0x000001C273483040>,0.727796733379364,0.09980089962482452,0.23661130666732788,118980,50,2,False,Right,Back,Right,Centre,74
<_io.BytesIO object at 0x000001C2734AA360>,0.7086376547813416,0.1610889732837677,0.1557263284921646,118980,50,2,False,Right,Back,Right,Centre,74
<_io.BytesIO object at 0x000001C2734AA1D0>,0.6941899061203003,0.10404253751039505,0.17983752489089966,118980,50,2,False,Right,Back,Right,Centre,74
<_io.BytesIO object at 0x000001C2734AA7C0>,0.6888642907142639,0.1454361528158188,0.17454351484775543,118980,50,2,False,Right,Back,Right,Centre,74
<_io.BytesIO object at 0x000001C2734AA2C0>,0.8147239685058594,0.0564124695956707,-0.0909193754196167,118980,50,2,False,Right,Back,Right,Centre,74
<_io.BytesIO object at 0x000001C2734AAE00>,0.7785208225250244,0.06448908895254135,-0.11018478870391846,118980,50,2,False,Right,Back,Right,Centre,74
<_io.BytesIO object at 0x000001C2734702C0>,0.8218474984169006,0.02138819359242916,-0.08410761505365372,118980,50,2,False,Right,Back,Right,Centre,74
<_io.BytesIO object at 0x000001C2734704A0>,0.8063311576843262,0.025688769295811653,-0.02914097160100937,118980,50,2,False,Right,Back,Right,Centre,74
<_io.BytesIO object at 0x000001C273470A90>,0.7485830187797546,0.08180712163448334,-0.05626906827092171,118980,50,2,False,Right,Back,Right,Centre,74
<_io.BytesIO object at 0x000001C2735DB720>,0.7605853080749512,0.1825171262025833,0.2350042313337326,118981,50,2,False,Right,Back,Right,Centre,74
<_io.BytesIO object at 0x000001C2734ADC20>,0.727796733379364,0.09980089962482452,0.23661130666732788,118981,50,2,False,Right,Back,Right,Centre,74
<_io.BytesIO object at 0x000001C2734AD0E0>,0.7086376547813416,0.1610889732837677,0.1557263284921646,118981,50,2,False,Right,Back,Right,Centre,74
<_io.BytesIO object at 0x000001C2734AD630>,0.6941899061203003,0.10404253751039505,0.17983752489089966,118981,50,2,False,Right,Back,Right,Centre,74
<_io.BytesIO object at 0x000001C2734ADF40>,0.6888642907142639,0.1454361528158188,0.17454351484775543,118981,50,2,False,Right,Back,Right,Centre,74
<_io.BytesIO object at 0x000001C2734AD220>,0.81434166431427,0.05636170506477356,-0.09080673009157181,118981,50,2,False,Right,Back,Right,Centre,74
<_io.BytesIO object at 0x000001C2735B4680>,0.7780699133872986,0.06434006989002228,-0.11014355719089508,118981,50,2,False,Right,Back,Right,Centre,74
<_io.BytesIO object at 0x000001C2735B4E00>,0.8215676546096802,0.02132624387741089,-0.08412894606590271,118981,50,2,False,Right,Back,Right,Centre,74
<_io.BytesIO object at 0x000001C2735B4450>,0.8057646751403809,0.025470169261097908,-0.029220422729849815,118981,50,2,False,Right,Back,Right,Centre,74
<_io.BytesIO object at 0x000001C2735B4F90>,0.748034656047821,0.08156229555606842,-0.056335944682359695,118981,50,2,False,Right,Back,Right,Centre,74
<_io.BytesIO object at 0x000001C2735D47C0>,0.7605853080749512,0.1825171262025833,0.2350042313337326,118982,50,2,False,Right,Back,Right,Centre,74
<_io.BytesIO object at 0x000001C2735D1590>,0.727796733379364,0.09980089962482452,0.23661130666732788,118982,50,2,False,Right,Back,Right,Centre,74
<_io.BytesIO object at 0x000001C2735D1B80>,0.7086376547813416,0.1610889732837677,0.1557263284921646,118982,50,2,False,Right,Back,Right,Centre,74
<_io.BytesIO object at 0x000001C2735D1680>,0.6941899061203003,0.10404253751039505,0.17983752489089966,118982,50,2,False,Right,Back,Right,Centre,74
<_io.BytesIO object at 0x000001C2735D1D60>,0.6888642907142639,0.1454361528158188,0.17454351484775543,118982,50,2,False,Right,Back,Right,Centre,74
<_io.BytesIO object at 0x000001C2735D1E00>,0.8140328526496887,0.056356657296419144,-0.0907883271574974,118982,50,2,False,Right,Back,Right,Centre,74
<_io.BytesIO object at 0x000001C2735D1130>,0.7777719497680664,0.06422749906778336,-0.11023921519517899,118982,50,2,False,Right,Back,Right,Centre,74
<_io.BytesIO object at 0x000001C27349D180>,0.8212296962738037,0.0212236475199461,-0.08412185311317444,118982,50,2,False,Right,Back,Right,Centre,74
<_io.BytesIO object at 0x000001C27349DEF0>,0.8052811026573181,0.025346795096993446,-0.02927418425679207,118982,50,2,False,Right,Back,Right,Centre,74
<_io.BytesIO object at 0x000001C27349D090>,0.747597336769104,0.08139235526323318,-0.05649493262171745,118982,50,2,False,Right,Back,Right,Centre,74
<_io.BytesIO object at 0x000001C27347F950>,0.7605853080749512,0.1825171262025833,0.2350042313337326,118983,50,2,False,Right,Back,Right,Centre,74
<_io.BytesIO object at 0x000001C2735BB270>,0.727796733379364,0.09980089962482452,0.23661130666732788,118983,50,2,False,Right,Back,Right,Centre,74
<_io.BytesIO object at 0x000001C2735BB400>,0.7086376547813416,0.1610889732837677,0.1557263284921646,118983,50,2,False,Right,Back,Right,Centre,74
<_io.BytesIO object at 0x000001C2735BBC70>,0.6941899061203003,0.10404253751039505,0.17983752489089966,118983,50,2,False,Right,Back,Right,Centre,74
<_io.BytesIO object at 0x000001C2735BB5E0>,0.6888642907142639,0.1454361528158188,0.17454351484775543,118983,50,2,False,Right,Back,Right,Centre,74
<_io.BytesIO object at 0x000001C2734A3630>,0.8137189745903015,0.0563407763838768,-0.09076393395662308,118983,50,2,False,Right,Back,Right,Centre,74
<_io.BytesIO object at 0x000001C2734A3360>,0.7774630784988403,0.06420966982841492,-0.11037079244852066,118983,50,2,False,Right,Back,Right,Centre,74
<_io.BytesIO object at 0x000001C2734A3680>,0.820875883102417,0.021232595667243004,-0.0841083824634552,118983,50,2,False,Right,Back,Right,Centre,74
<_io.BytesIO object at 0x000001C2734A3EF0>,0.8048011660575867,0.025262828916311264,-0.029302500188350677,118983,50,2,False,Right,Back,Right,Centre,74
<_io.BytesIO object at 0x000001C2734A3900>,0.74709552526474,0.08127877116203308,-0.05660317838191986,118983,50,2,False,Right,Back,Right,Centre,74
<_io.BytesIO object at 0x000001C27347D4F0>,0.7605853080749512,0.1825171262025833,0.2350042313337326,118984,50,2,False,Right,Back,Right,Centre,74
<_io.BytesIO object at 0x000001C2735A5680>,0.727796733379364,0.09980089962482452,0.23661130666732788,118984,50,2,False,Right,Back,Right,Centre,74
<_io.BytesIO object at 0x000001C2735A59F0>,0.7086376547813416,0.1610889732837677,0.1557263284921646,118984,50,2,False,Right,Back,Right,Centre,74
<_io.BytesIO object at 0x000001C2735A5CC0>,0.6941899061203003,0.10404253751039505,0.17983752489089966,118984,50,2,False,Right,Back,Right,Centre,74
<_io.BytesIO object at 0x000001C2735A5310>,0.6888642907142639,0.1454361528158188,0.17454351484775543,118984,50,2,False,Right,Back,Right,Centre,74
<_io.BytesIO object at 0x000001C26B2157C0>,0.8133354187011719,0.0563560351729393,-0.09081675112247467,118984,50,2,False,Right,Back,Right,Centre,74
<_io.BytesIO object at 0x000001C26B215360>,0.7772015333175659,0.0642094761133194,-0.11048030853271484,118984,50,2,False,Right,Back,Right,Centre,74
<_io.BytesIO object at 0x000001C26B2151D0>,0.820464015007019,0.021205315366387367,-0.08410415798425674,118984,50,2,False,Right,Back,Right,Centre,74
<_io.BytesIO object at 0x000001C26B215180>,0.8044750690460205,0.025600817054510117,-0.02950306050479412,118984,50,2,False,Right,Back,Right,Centre,74
<_io.BytesIO object at 0x000001C2735B5C70>,0.7466413378715515,0.08119264990091324,-0.056795693933963776,118984,50,2,False,Right,Back,Right,Centre,74
<_io.BytesIO object at 0x000001C27347D4F0>,0.7605853080749512,0.1825171262025833,0.2350042313337326,118985,50,2,False,Right,Back,Right,Centre,74
<_io.BytesIO object at 0x000001C27347DBD0>,0.727796733379364,0.09980089962482452,0.23661130666732788,118985,50,2,False,Right,Back,Right,Centre,74
<_io.BytesIO object at 0x000001C27347D0E0>,0.7086376547813416,0.1610889732837677,0.1557263284921646,118985,50,2,False,Right,Back,Right,Centre,74
<_io.BytesIO object at 0x000001C27347D770>,0.6941899061203003,0.10404253751039505,0.17983752489089966,118985,50,2,False,Right,Back,Right,Centre,74
<_io.BytesIO object at 0x000001C27347D680>,0.6888642907142639,0.1454361528158188,0.17454351484775543,118985,50,2,False,Right,Back,Right,Centre,74
<_io.BytesIO object at 0x000001C2734A3E00>,0.8129342794418335,0.05628885328769684,-0.09085381031036377,118985,50,2,False,Right,Back,Right,Centre,74
<_io.BytesIO object at 0x000001C2734A36D0>,0.7768686413764954,0.06424037367105484,-0.11058609187602997,118985,50,2,False,Right,Back,Right,Centre,74
<_io.BytesIO object at 0x000001C2734A32C0>,0.8200861215591431,0.021266642957925797,-0.0841088593006134,118985,50,2,False,Right,Back,Right,Centre,74
<_io.BytesIO object at 0x000001C2734A3DB0>,0.8041085600852966,0.025754142552614212,-0.029648859053850174,118985,50,2,False,Right,Back,Right,Centre,74
<_io.BytesIO object at 0x000001C2734A3EF0>,0.7462226152420044,0.08119744807481766,-0.056999657303094864,118985,50,2,False,Right,Back,Right,Centre,74
<_io.BytesIO object at 0x000001C2735BBEA0>,0.7605853080749512,0.1825171262025833,0.2350042313337326,118986,50,2,False,Right,Back,Right,Centre,74
<_io.BytesIO object at 0x000001C27347FC20>,0.727796733379364,0.09980089962482452,0.23661130666732788,118986,50,2,False,Right,Back,Right,Centre,74
<_io.BytesIO object at 0x000001C27347F6D0>,0.7086376547813416,0.1610889732837677,0.1557263284921646,118986,50,2,False,Right,Back,Right,Centre,74
<_io.BytesIO object at 0x000001C27347F4A0>,0.6941899061203003,0.10404253751039505,0.17983752489089966,118986,50,2,False,Right,Back,Right,Centre,74
<_io.BytesIO object at 0x000001C27347F360>,0.6888642907142639,0.1454361528158188,0.17454351484775543,118986,50,2,False,Right,Back,Right,Centre,74
<_io.BytesIO object at 0x000001C27349D3B0>,0.8125641345977783,0.05628105625510216,-0.09084062278270721,118986,50,2,False,Right,Back,Right,Centre,74
<_io.BytesIO object at 0x000001C27349DCC0>,0.7766574025154114,0.06431692838668823,-0.11069554090499878,118986,50,2,False,Right,Back,Right,Centre,74
<_io.BytesIO object at 0x000001C27349D8B0>,0.8197489380836487,0.02134902961552143,-0.08413165807723999,118986,50,2,False,Right,Back,Right,Centre,74
<_io.BytesIO object at 0x000001C27349D4A0>,0.8035274744033813,0.025833483785390854,-0.02967550978064537,118986,50,2,False,Right,Back,Right,Centre,74
<_io.BytesIO object at 0x000001C27349DA40>,0.7458310723304749,0.08133268356323242,-0.05720841512084007,118986,50,2,False,Right,Back,Right,Centre,74
<_io.BytesIO object at 0x000001C2735B4130>,0.7605853080749512,0.1825171262025833,0.2350042313337326,118987,50,2,False,Right,Back,Right,Centre,74
<_io.BytesIO object at 0x000001C2735B4770>,0.727796733379364,0.09980089962482452,0.23661130666732788,118987,50,2,False,Right,Back,Right,Centre,74
<_io.BytesIO object at 0x000001C2735B45E0>,0.7086376547813416,0.1610889732837677,0.1557263284921646,118987,50,2,False,Right,Back,Right,Centre,74
<_io.BytesIO object at 0x000001C2735B4CC0>,0.6941899061203003,0.10404253751039505,0.17983752489089966,118987,50,2,False,Right,Back,Right,Centre,74
<_io.BytesIO object at 0x000001C2734AD900>,0.6888642907142639,0.1454361528158188,0.17454351484775543,118987,50,2,False,Right,Back,Right,Centre,74
<_io.BytesIO object at 0x000001C2734AD8B0>,0.8121882677078247,0.05649329349398613,-0.09080765396356583,118987,50,2,False,Right,Back,Right,Centre,74
<_io.BytesIO object at 0x000001C2734AD360>,0.7763615250587463,0.06444285064935684,-0.11070308834314346,118987,50,2,False,Right,Back,Right,Centre,74
<_io.BytesIO object at 0x000001C2734AD630>,0.8194347023963928,0.021469132974743843,-0.08417345583438873,118987,50,2,False,Right,Back,Right,Centre,74
<_io.BytesIO object at 0x000001C2734AD400>,0.8032025098800659,0.0260373055934906,-0.02975614368915558,118987,50,2,False,Right,Back,Right,Centre,74
<_io.BytesIO object at 0x000001C2734ADB30>,0.7454587817192078,0.08149854838848114,-0.05731716379523277,118987,50,2,False,Right,Back,Right,Centre,74
<_io.BytesIO object at 0x000001C2735D19F0>,0.7605853080749512,0.1825171262025833,0.2350042313337326,118988,50,2,False,Right,Back,Right,Centre,74
<_io.BytesIO object at 0x000001C2735D1680>,0.727796733379364,0.09980089962482452,0.23661130666732788,118988,50,2,False,Right,Back,Right,Centre,74
<_io.BytesIO object at 0x000001C2735D1F90>,0.7086376547813416,0.1610889732837677,0.1557263284921646,118988,50,2,False,Right,Back,Right,Centre,74
<_io.BytesIO object at 0x000001C2735D1860>,0.6941899061203003,0.10404253751039505,0.17983752489089966,118988,50,2,False,Right,Back,Right,Centre,74
<_io.BytesIO object at 0x000001C273470C70>,0.6888642907142639,0.1454361528158188,0.17454351484775543,118988,50,2,False,Right,Back,Right,Centre,74
<_io.BytesIO object at 0x000001C273470950>,0.8119432926177979,0.05667472258210182,-0.09083099663257599,118988,50,2,False,Right,Back,Right,Centre,74
<_io.BytesIO object at 0x000001C273470180>,0.7760762572288513,0.06457348167896271,-0.11085976660251617,118988,50,2,False,Right,Back,Right,Centre,74
<_io.BytesIO object at 0x000001C273470A40>,0.8191099762916565,0.021738341078162193,-0.08417567610740662,118988,50,2,False,Right,Back,Right,Centre,74
<_io.BytesIO object at 0x000001C273470680>,0.8029540777206421,0.026295475661754608,-0.02986716479063034,118988,50,2,False,Right,Back,Right,Centre,74
<_io.BytesIO object at 0x000001C2734704A0>,0.7450269460678101,0.08161547780036926,-0.05747707188129425,118988,50,2,False,Right,Back,Right,Centre,74
<_io.BytesIO object at 0x000001C2734AAEA0>,0.7605853080749512,0.1825171262025833,0.2350042313337326,118989,50,2,False,Right,Back,Right,Centre,74
<_io.BytesIO object at 0x000001C2734AA5E0>,0.727796733379364,0.09980089962482452,0.23661130666732788,118989,50,2,False,Right,Back,Right,Centre,74
<_io.BytesIO object at 0x000001C2734AA0E0>,0.7086376547813416,0.1610889732837677,0.1557263284921646,118989,50,2,False,Right,Back,Right,Centre,74
<_io.BytesIO object at 0x000001C2734AAB30>,0.6941899061203003,0.10404253751039505,0.17983752489089966,118989,50,2,False,Right,Back,Right,Centre,74
<_io.BytesIO object at 0x000001C2734AA400>,0.6888642907142639,0.1454361528158188,0.17454351484775543,118989,50,2,False,Right,Back,Right,Centre,74
<_io.BytesIO object at 0x000001C2734AA770>,0.8117130398750305,0.05680360272526741,-0.0908512994647026,118989,50,2,False,Right,Back,Right,Centre,74
<_io.BytesIO object at 0x000001C273470D10>,0.7757534980773926,0.06474172323942184,-0.11093513667583466,118989,50,2,False,Right,Back,Right,Centre,74
<_io.BytesIO object at 0x000001C2734708B0>,0.8188038468360901,0.021888431161642075,-0.08415156602859497,118989,50,2,False,Right,Back,Right,Centre,74
<_io.BytesIO object at 0x000001C273470310>,0.8023344874382019,0.02629147283732891,-0.029734471812844276,118989,50,2,False,Right,Back,Right,Centre,74
<_io.BytesIO object at 0x000001C2734706D0>,0.7447211146354675,0.081752710044384,-0.05765355005860329,118989,50,2,False,Right,Back,Right,Centre,74
<_io.BytesIO object at 0x000001C2734AD590>,0.7605853080749512,0.1825171262025833,0.2350042313337326,118990,50,2,False,Right,Back,Right,Centre,74
<_io.BytesIO object at 0x000001C2734ADF90>,0.727796733379364,0.09980089962482452,0.23661130666732788,118990,50,2,False,Right,Back,Right,Centre,74
<_io.BytesIO object at 0x000001C2734ADC70>,0.7086376547813416,0.1610889732837677,0.1557263284921646,118990,50,2,False,Right,Back,Right,Centre,74
<_io.BytesIO object at 0x000001C2734AD770>,0.6941899061203003,0.10404253751039505,0.17983752489089966,118990,50,2,False,Right,Back,Right,Centre,74
<_io.BytesIO object at 0x000001C2735B4D60>,0.6888642907142639,0.1454361528158188,0.17454351484775543,118990,50,2,False,Right,Back,Right,Centre,74
<_io.BytesIO object at 0x000001C2735B4900>,0.8114964962005615,0.05692989379167557,-0.09090059250593185,118990,50,2,False,Right,Back,Right,Centre,74
<_io.BytesIO object at 0x000001C2735B4C20>,0.7754835486412048,0.06487467885017395,-0.11103411018848419,118990,50,2,False,Right,Back,Right,Centre,74
<_io.BytesIO object at 0x000001C2735B4090>,0.8185343742370605,0.02197462134063244,-0.08411559462547302,118990,50,2,False,Right,Back,Right,Centre,74
<_io.BytesIO object at 0x000001C2735B4BD0>,0.8017867207527161,0.026088973507285118,-0.029555993154644966,118990,50,2,False,Right,Back,Right,Centre,74
<_io.BytesIO object at 0x000001C2735B4AE0>,0.7444445490837097,0.08189521729946136,-0.05777699127793312,118990,50,2,False,Right,Back,Right,Centre,74
<_io.BytesIO object at 0x000001C2735D4BD0>,0.7605853080749512,0.1825171262025833,0.2350042313337326,118991,50,2,False,Right,Back,Right,Centre,74
<_io.BytesIO object at 0x000001C27349D4A0>,0.727796733379364,0.09980089962482452,0.23661130666732788,118991,50,2,False,Right,Back,Right,Centre,74
<_io.BytesIO object at 0x000001C27349DAE0>,0.7086376547813416,0.1610889732837677,0.1557263284921646,118991,50,2,False,Right,Back,Right,Centre,74
<_io.BytesIO object at 0x000001C27347F9F0>,0.6941899061203003,0.10404253751039505,0.17983752489089966,118991,50,2,False,Right,Back,Right,Centre,74
<_io.BytesIO object at 0x000001C27347F360>,0.6888642907142639,0.1454361528158188,0.17454351484775543,118991,50,2,False,Right,Back,Right,Centre,74
<_io.BytesIO object at 0x000001C27347FE00>,0.8112519979476929,0.0570824109017849,-0.09099622070789337,118991,50,2,False,Right,Back,Right,Centre,74
<_io.BytesIO object at 0x000001C27347FB80>,0.7753255367279053,0.06500615924596786,-0.1111183613538742,118991,50,2,False,Right,Back,Right,Centre,74
<_io.BytesIO object at 0x000001C27347FCC0>,0.818336546421051,0.022141767665743828,-0.08413414657115936,118991,50,2,False,Right,Back,Right,Centre,74
<_io.BytesIO object at 0x000001C27347F720>,0.8015132546424866,0.02633974328637123,-0.029556885361671448,118991,50,2,False,Right,Back,Right,Centre,74
<_io.BytesIO object at 0x000001C27347FC70>,0.7442242503166199,0.08217048645019531,-0.05786942318081856,118991,50,2,False,Right,Back,Right,Centre,74
<_io.BytesIO object at 0x000001C2734A30E0>,0.7605853080749512,0.1825171262025833,0.2350042313337326,118992,50,2,False,Right,Back,Right,Centre,74
<_io.BytesIO object at 0x000001C2734A3BD0>,0.727796733379364,0.09980089962482452,0.23661130666732788,118992,50,2,False,Right,Back,Right,Centre,74
<_io.BytesIO object at 0x000001C2734A35E0>,0.7086376547813416,0.1610889732837677,0.1557263284921646,118992,50,2,False,Right,Back,Right,Centre,74
<_io.BytesIO object at 0x000001C2734A3AE0>,0.6941899061203003,0.10404253751039505,0.17983752489089966,118992,50,2,False,Right,Back,Right,Centre,74
<_io.BytesIO object at 0x000001C27347D680>,0.6888642907142639,0.1454361528158188,0.17454351484775543,118992,50,2,False,Right,Back,Right,Centre,74
<_io.BytesIO object at 0x000001C27347DF40>,0.8109396696090698,0.05701928958296776,-0.09103075414896011,118992,50,2,False,Right,Back,Right,Centre,74
<_io.BytesIO object at 0x000001C27347D4A0>,0.7751895189285278,0.06514504551887512,-0.11119522154331207,118992,50,2,False,Right,Back,Right,Centre,74
<_io.BytesIO object at 0x000001C27347D220>,0.8181633353233337,0.022285399958491325,-0.08414917439222336,118992,50,2,False,Right,Back,Right,Centre,74
<_io.BytesIO object at 0x000001C27347D950>,0.8013065457344055,0.026555504649877548,-0.029576072469353676,118992,50,2,False,Right,Back,Right,Centre,74
<_io.BytesIO object at 0x000001C27347D180>,0.7440584301948547,0.08244093507528305,-0.05798681080341339,118992,50,2,False,Right,Back,Right,Centre,74
<_io.BytesIO object at 0x000001C2735D1630>,0.7605853080749512,0.1825171262025833,0.2350042313337326,118993,50,2,False,Right,Back,Right,Centre,74
<_io.BytesIO object at 0x000001C2735D1DB0>,0.727796733379364,0.09980089962482452,0.23661130666732788,118993,50,2,False,Right,Back,Right,Centre,74
<_io.BytesIO object at 0x000001C2735D1450>,0.7086376547813416,0.1610889732837677,0.1557263284921646,118993,50,2,False,Right,Back,Right,Centre,74
<_io.BytesIO object at 0x000001C26B215360>,0.6941899061203003,0.10404253751039505,0.17983752489089966,118993,50,2,False,Right,Back,Right,Centre,74
<_io.BytesIO object at 0x000001C26B215900>,0.6888642907142639,0.1454361528158188,0.17454351484775543,118993,50,2,False,Right,Back,Right,Centre,74
<_io.BytesIO object at 0x000001C26B215720>,0.8108201622962952,0.05724909529089928,-0.09100116789340973,118993,50,2,False,Right,Back,Right,Centre,74
<_io.BytesIO object at 0x000001C26B2155E0>,0.7750720977783203,0.06525293737649918,-0.1112893596291542,118993,50,2,False,Right,Back,Right,Centre,74
<_io.BytesIO object at 0x000001C2734833B0>,0.8180436491966248,0.022479958832263947,-0.08416964113712311,118993,50,2,False,Right,Back,Right,Centre,74
<_io.BytesIO object at 0x000001C2734832C0>,0.8011664152145386,0.02676844596862793,-0.029640085995197296,118993,50,2,False,Right,Back,Right,Centre,74
<_io.BytesIO object at 0x000001C273483220>,0.743859589099884,0.08270645886659622,-0.05804870277643204,118993,50,2,False,Right,Back,Right,Centre,74
<_io.BytesIO object at 0x000001C2735D1DB0>,0.7605853080749512,0.1825171262025833,0.2350042313337326,118994,50,2,False,Right,Back,Right,Centre,74
<_io.BytesIO object at 0x000001C2735D1810>,0.727796733379364,0.09980089962482452,0.23661130666732788,118994,50,2,False,Right,Back,Right,Centre,74
<_io.BytesIO object at 0x000001C2735D1950>,0.7086376547813416,0.1610889732837677,0.1557263284921646,118994,50,2,False,Right,Back,Right,Centre,74
<_io.BytesIO object at 0x000001C2735A59F0>,0.6941899061203003,0.10404253751039505,0.17983752489089966,118994,50,2,False,Right,Back,Right,Centre,74
<_io.BytesIO object at 0x000001C2735A59A0>,0.6888642907142639,0.1454361528158188,0.17454351484775543,118994,50,2,False,Right,Back,Right,Centre,74
<_io.BytesIO object at 0x000001C2735A5270>,0.8107296228408813,0.057430658489465714,-0.09109978377819061,118994,50,2,False,Right,Back,Right,Centre,74
<_io.BytesIO object at 0x000001C2735A5540>,0.7749276161193848,0.06543358415365219,-0.11130084842443466,118994,50,2,False,Right,Back,Right,Centre,74
<_io.BytesIO object at 0x000001C2735A5180>,0.8179537653923035,0.022667838260531425,-0.084202840924263,118994,50,2,False,Right,Back,Right,Centre,74
<_io.BytesIO object at 0x000001C2735A5400>,0.8010898232460022,0.026990622282028198,-0.029687397181987762,118994,50,2,False,Right,Back,Right,Centre,74
<_io.BytesIO object at 0x000001C2735A57C0>,0.7438205480575562,0.08285891264677048,-0.058200474828481674,118994,50,2,False,Right,Back,Right,Centre,74
<_io.BytesIO object at 0x000001C2734A3540>,0.7605853080749512,0.1825171262025833,0.2350042313337326,118995,50,2,False,Right,Back,Right,Centre,74
<_io.BytesIO object at 0x000001C2734A38B0>,0.727796733379364,0.09980089962482452,0.23661130666732788,118995,50,2,False,Right,Back,Right,Centre,74
<_io.BytesIO object at 0x000001C2735BB950>,0.7086376547813416,0.1610889732837677,0.1557263284921646,118995,50,2,False,Right,Back,Right,Centre,74
<_io.BytesIO object at 0x000001C2735BBA40>,0.6941899061203003,0.10404253751039505,0.17983752489089966,118995,50,2,False,Right,Back,Right,Centre,74
<_io.BytesIO object at 0x000001C2735BB860>,0.6888642907142639,0.1454361528158188,0.17454351484775543,118995,50,2,False,Right,Back,Right,Centre,74
<_io.BytesIO object at 0x000001C2735BB630>,0.8106348514556885,0.057598818093538284,-0.0912703275680542,118995,50,2,False,Right,Back,Right,Centre,74
<_io.BytesIO object at 0x000001C2735BBCC0>,0.7749772071838379,0.06563856452703476,-0.11143751442432404,118995,50,2,False,Right,Back,Right,Centre,74
<_io.BytesIO object at 0x000001C2735BBE00>,0.8178960084915161,0.022850239649415016,-0.08426475524902344,118995,50,2,False,Right,Back,Right,Centre,74
<_io.BytesIO object at 0x000001C2735BB360>,0.8010531067848206,0.027254484593868256,-0.029762443155050278,118995,50,2,False,Right,Back,Right,Centre,74
<_io.BytesIO object at 0x000001C27347F1D0>,0.7437999844551086,0.08310253918170929,-0.05830401927232742,118995,50,2,False,Right,Back,Right,Centre,74
<_io.BytesIO object at 0x000001C27349D9A0>,0.7605853080749512,0.1825171262025833,0.2350042313337326,118996,50,2,False,Right,Back,Right,Centre,74
<_io.BytesIO object at 0x000001C27349D810>,0.727796733379364,0.09980089962482452,0.23661130666732788,118996,50,2,False,Right,Back,Right,Centre,74
<_io.BytesIO object at 0x000001C2735D4360>,0.7086376547813416,0.1610889732837677,0.1557263284921646,118996,50,2,False,Right,Back,Right,Centre,74
<_io.BytesIO object at 0x000001C2735D4DB0>,0.6941899061203003,0.10404253751039505,0.17983752489089966,118996,50,2,False,Right,Back,Right,Centre,74
<_io.BytesIO object at 0x000001C2735D40E0>,0.6888642907142639,0.1454361528158188,0.17454351484775543,118996,50,2,False,Right,Back,Right,Centre,74
<_io.BytesIO object at 0x000001C2735D4A40>,0.8106719851493835,0.057800497859716415,-0.09134175628423691,118996,50,2,False,Right,Back,Right,Centre,74
<_io.BytesIO object at 0x000001C2735D4810>,0.7749826312065125,0.06578932702541351,-0.11152219027280807,118996,50,2,False,Right,Back,Right,Centre,74
<_io.BytesIO object at 0x000001C2735D4310>,0.8178897500038147,0.023026559501886368,-0.08432868123054504,118996,50,2,False,Right,Back,Right,Centre,74
<_io.BytesIO object at 0x000001C2735B4400>,0.8010757565498352,0.027501791715621948,-0.029864085838198662,118996,50,2,False,Right,Back,Right,Centre,74
<_io.BytesIO object at 0x000001C2735B4220>,0.7438036203384399,0.08328694105148315,-0.058425482362508774,118996,50,2,False,Right,Back,Right,Centre,74
<_io.BytesIO object at 0x000001C2734AD2C0>,0.7605853080749512,0.1825171262025833,0.2350042313337326,118997,50,2,False,Right,Back,Right,Centre,74
<_io.BytesIO object at 0x000001C2734ADE00>,0.727796733379364,0.09980089962482452,0.23661130666732788,118997,50,2,False,Right,Back,Right,Centre,74
<_io.BytesIO object at 0x000001C2735DBF90>,0.7086376547813416,0.1610889732837677,0.1557263284921646,118997,50,2,False,Right,Back,Right,Centre,74
<_io.BytesIO object at 0x000001C2735DB720>,0.6941899061203003,0.10404253751039505,0.17983752489089966,118997,50,2,False,Right,Back,Right,Centre,74
<_io.BytesIO object at 0x000001C2735DBCC0>,0.6888642907142639,0.1454361528158188,0.17454351484775543,118997,50,2,False,Right,Back,Right,Centre,74
<_io.BytesIO object at 0x000001C2735DB220>,0.8106988072395325,0.05795181170105934,-0.09143389016389847,118997,50,2,False,Right,Back,Right,Centre,74
<_io.BytesIO object at 0x000001C2735DB4A0>,0.7749614119529724,0.06600179523229599,-0.11160894483327866,118997,50,2,False,Right,Back,Right,Centre,74
<_io.BytesIO object at 0x000001C2735DB040>,0.8178966045379639,0.02321254089474678,-0.08442182093858719,118997,50,2,False,Right,Back,Right,Centre,74
<_io.BytesIO object at 0x000001C2735DBAE0>,0.801110029220581,0.027750341221690178,-0.029934559017419815,118997,50,2,False,Right,Back,Right,Centre,74
<_io.BytesIO object at 0x000001C273470810>,0.7438762187957764,0.08353856950998306,-0.0585227869451046,118997,50,2,False,Right,Back,Right,Centre,74
<_io.BytesIO object at 0x000001C2734AA4A0>,0.7605853080749512,0.1825171262025833,0.2350042313337326,118998,50,2,False,Right,Back,Right,Centre,74
<_io.BytesIO object at 0x000001C2734AA590>,0.727796733379364,0.09980089962482452,0.23661130666732788,118998,50,2,False,Right,Back,Right,Centre,74
<_io.BytesIO object at 0x000001C273483630>,0.7086376547813416,0.1610889732837677,0.1557263284921646,118998,50,2,False,Right,Back,Right,Centre,74
<_io.BytesIO object at 0x000001C273483450>,0.6941899061203003,0.10404253751039505,0.17983752489089966,118998,50,2,False,Right,Back,Right,Centre,74
<_io.BytesIO object at 0x000001C273483810>,0.6888642907142639,0.1454361528158188,0.17454351484775543,118998,50,2,False,Right,Back,Right,Centre,74
<_io.BytesIO object at 0x000001C273483BD0>,0.8109390735626221,0.058379385620355606,-0.09156212955713272,118998,50,2,False,Right,Back,Right,Centre,74
<_io.BytesIO object at 0x000001C2734831D0>,0.7750321626663208,0.0662093535065651,-0.11172381043434143,118998,50,2,False,Right,Back,Right,Centre,74
<_io.BytesIO object at 0x000001C273483CC0>,0.8179503679275513,0.023417916148900986,-0.08452928066253662,118998,50,2,False,Right,Back,Right,Centre,74
<_io.BytesIO object at 0x000001C2735B5810>,0.8011581897735596,0.028030578047037125,-0.029962794855237007,118998,50,2,False,Right,Back,Right,Centre,74
<_io.BytesIO object at 0x000001C2735B5900>,0.7439672946929932,0.08391132205724716,-0.05871002748608589,118998,50,2,False,Right,Back,Right,Centre,74
<_io.BytesIO object at 0x000001C2734AAD60>,0.7605853080749512,0.1825171262025833,0.2350042313337326,118999,50,2,False,Right,Back,Right,Centre,74
<_io.BytesIO object at 0x000001C2734AACC0>,0.727796733379364,0.09980089962482452,0.23661130666732788,118999,50,2,False,Right,Back,Right,Centre,74
<_io.BytesIO object at 0x000001C273470C70>,0.7086376547813416,0.1610889732837677,0.1557263284921646,118999,50,2,False,Right,Back,Right,Centre,74
<_io.BytesIO object at 0x000001C273470450>,0.6941899061203003,0.10404253751039505,0.17983752489089966,118999,50,2,False,Right,Back,Right,Centre,74
<_io.BytesIO object at 0x000001C273470D60>,0.6888642907142639,0.1454361528158188,0.17454351484775543,118999,50,2,False,Right,Back,Right,Centre,74
<_io.BytesIO object at 0x000001C273470720>,0.8110377192497253,0.05862124636769295,-0.0917067676782608,118999,50,2,False,Right,Back,Right,Centre,74
<_io.BytesIO object at 0x000001C273470EF0>,0.7751280069351196,0.06635624915361404,-0.11194231361150742,118999,50,2,False,Right,Back,Right,Centre,74
<_io.BytesIO object at 0x000001C273470BD0>,0.8180475234985352,0.023629624396562576,-0.08464279025793076,118999,50,2,False,Right,Back,Right,Centre,74
<_io.BytesIO object at 0x000001C273470810>,0.8012791872024536,0.028273334726691246,-0.03004077821969986,118999,50,2,False,Right,Back,Right,Centre,74
<_io.BytesIO object at 0x000001C2735DB950>,0.7441092729568481,0.0841640904545784,-0.05885622277855873,118999,50,2,False,Right,Back,Right,Centre,74
<_io.BytesIO object at 0x000001C2734AD4A0>,0.7605853080749512,0.1825171262025833,0.2350042313337326,119000,50,2,False,Right,Back,Right,Centre,74
<_io.BytesIO object at 0x000001C2734AD900>,0.727796733379364,0.09980089962482452,0.23661130666732788,119000,50,2,False,Right,Back,Right,Centre,74
<_io.BytesIO object at 0x000001C2735B4310>,0.7086376547813416,0.1610889732837677,0.1557263284921646,119000,50,2,False,Right,Back,Right,Centre,74
<_io.BytesIO object at 0x000001C2735B4E00>,0.6941899061203003,0.10404253751039505,0.17983752489089966,119000,50,2,False,Right,Back,Right,Centre,74
<_io.BytesIO object at 0x000001C2735B4090>,0.6888642907142639,0.1454361528158188,0.17454351484775543,119000,50,2,False,Right,Back,Right,Centre,74
<_io.BytesIO object at 0x000001C2735B4DB0>,0.8111612796783447,0.05874639004468918,-0.09190475940704346,119000,50,2,False,Right,Back,Right,Centre,74
<_io.BytesIO object at 0x000001C2735B46D0>,0.7752631902694702,0.06657257676124573,-0.112053781747818,119000,50,2,False,Right,Back,Right,Centre,74
<_io.BytesIO object at 0x000001C2735B4630>,0.8181702494621277,0.023808307945728302,-0.08476200699806213,119000,50,2,False,Right,Back,Right,Centre,74
<_io.BytesIO object at 0x000001C2735B4A40>,0.8014055490493774,0.028530104085803032,-0.03016018308699131,119000,50,2,False,Right,Back,Right,Centre,74
<_io.BytesIO object at 0x000001C2735D4770>,0.7442517280578613,0.08441971987485886,-0.05895686894655228,119000,50,2,False,Right,Back,Right,Centre,74
<_io.BytesIO object at 0x000001C27349D360>,0.7605853080749512,0.1825171262025833,0.2350042313337326,119001,50,2,False,Right,Back,Right,Centre,74
<_io.BytesIO object at 0x000001C27349D630>,0.727796733379364,0.09980089962482452,0.23661130666732788,119001,50,2,False,Right,Back,Right,Centre,74
<_io.BytesIO object at 0x000001C27347F130>,0.7086376547813416,0.1610889732837677,0.1557263284921646,119001,50,2,False,Right,Back,Right,Centre,74
<_io.BytesIO object at 0x000001C27347F6D0>,0.6941899061203003,0.10404253751039505,0.17983752489089966,119001,50,2,False,Right,Back,Right,Centre,74
<_io.BytesIO object at 0x000001C27347F810>,0.6888642907142639,0.1454361528158188,0.17454351484775543,119001,50,2,False,Right,Back,Right,Centre,74
<_io.BytesIO object at 0x000001C27347FEF0>,0.8112666606903076,0.058867163956165314,-0.09204509854316711,119001,50,2,False,Right,Back,Right,Centre,74
<_io.BytesIO object at 0x000001C27347FE50>,0.7753791213035583,0.06671877205371857,-0.1122041568160057,119001,50,2,False,Right,Back,Right,Centre,74
<_io.BytesIO object at 0x000001C27347F590>,0.8183051943778992,0.02396549843251705,-0.08487270027399063,119001,50,2,False,Right,Back,Right,Centre,74
<_io.BytesIO object at 0x000001C2735BB540>,0.8015632629394531,0.028837988153100014,-0.030273426324129105,119001,50,2,False,Right,Back,Right,Centre,74
<_io.BytesIO object at 0x000001C2735BBAE0>,0.744378924369812,0.08459293097257614,-0.05910731106996536,119001,50,2,False,Right,Back,Right,Centre,74
<_io.BytesIO object at 0x000001C2734A3F90>,0.7605853080749512,0.1825171262025833,0.2350042313337326,119002,50,2,False,Right,Back,Right,Centre,74
<_io.BytesIO object at 0x000001C2734A3AE0>,0.727796733379364,0.09980089962482452,0.23661130666732788,119002,50,2,False,Right,Back,Right,Centre,74
<_io.BytesIO object at 0x000001C27347D9A0>,0.7086376547813416,0.1610889732837677,0.1557263284921646,119002,50,2,False,Right,Back,Right,Centre,74
<_io.BytesIO object at 0x000001C27347D0E0>,0.6941899061203003,0.10404253751039505,0.17983752489089966,119002,50,2,False,Right,Back,Right,Centre,74
<_io.BytesIO object at 0x000001C27347D090>,0.6888642907142639,0.1454361528158188,0.17454351484775543,119002,50,2,False,Right,Back,Right,Centre,74
<_io.BytesIO object at 0x000001C27347D1D0>,0.8114055395126343,0.05902275815606117,-0.0922156348824501,119002,50,2,False,Right,Back,Right,Centre,74
<_io.BytesIO object at 0x000001C27347DDB0>,0.7754966020584106,0.06686031073331833,-0.11234552413225174,119002,50,2,False,Right,Back,Right,Centre,74
<_io.BytesIO object at 0x000001C27347DD60>,0.8184493184089661,0.024115247651934624,-0.08500022441148758,119002,50,2,False,Right,Back,Right,Centre,74
<_io.BytesIO object at 0x000001C27347DD10>,0.8017289042472839,0.029077500104904175,-0.03042536973953247,119002,50,2,False,Right,Back,Right,Centre,74
<_io.BytesIO object at 0x000001C2735A5EA0>,0.7445392608642578,0.08487915992736816,-0.05927044898271561,119002,50,2,False,Right,Back,Right,Centre,74
<_io.BytesIO object at 0x000001C2735A59A0>,0.7605853080749512,0.1825171262025833,0.2350042313337326,119003,50,2,False,Right,Back,Right,Centre,74
<_io.BytesIO object at 0x000001C2735A5AE0>,0.727796733379364,0.09980089962482452,0.23661130666732788,119003,50,2,False,Right,Back,Right,Centre,74
<_io.BytesIO object at 0x000001C2735A5E50>,0.7086376547813416,0.1610889732837677,0.1557263284921646,119003,50,2,False,Right,Back,Right,Centre,74
<_io.BytesIO object at 0x000001C2735A5360>,0.6941899061203003,0.10404253751039505,0.17983752489089966,119003,50,2,False,Right,Back,Right,Centre,74
<_io.BytesIO object at 0x000001C2735A57C0>,0.6888642907142639,0.1454361528158188,0.17454351484775543,119003,50,2,False,Right,Back,Right,Centre,74
<_io.BytesIO object at 0x000001C27347D9F0>,0.8115761280059814,0.059175051748752594,-0.09238492697477341,119003,50,2,False,Right,Back,Right,Centre,74
<_io.BytesIO object at 0x000001C27347D450>,0.7756437659263611,0.06701963394880295,-0.11253460496664047,119003,50,2,False,Right,Back,Right,Centre,74
<_io.BytesIO object at 0x000001C27347DB80>,0.8186827898025513,0.024324070662260056,-0.0851559266448021,119003,50,2,False,Right,Back,Right,Centre,74
<_io.BytesIO object at 0x000001C27347D090>,0.8019532561302185,0.0293309036642313,-0.0305868498980999,119003,50,2,False,Right,Back,Right,Centre,74
<_io.BytesIO object at 0x000001C27347D310>,0.7448134422302246,0.08507253974676132,-0.05953013896942139,119003,50,2,False,Right,Back,Right,Centre,74
<_io.BytesIO object at 0x000001C2735BB310>,0.7605853080749512,0.1825171262025833,0.2350042313337326,119004,50,2,False,Right,Back,Right,Centre,74
<_io.BytesIO object at 0x000001C2735BB900>,0.727796733379364,0.09980089962482452,0.23661130666732788,119004,50,2,False,Right,Back,Right,Centre,74
<_io.BytesIO object at 0x000001C2735BB360>,0.7086376547813416,0.1610889732837677,0.1557263284921646,119004,50,2,False,Right,Back,Right,Centre,74
<_io.BytesIO object at 0x000001C2735BB770>,0.6941899061203003,0.10404253751039505,0.17983752489089966,119004,50,2,False,Right,Back,Right,Centre,74
<_io.BytesIO object at 0x000001C27347FF40>,0.6888642907142639,0.1454361528158188,0.17454351484775543,119004,50,2,False,Right,Back,Right,Centre,74
<_io.BytesIO object at 0x000001C27347F1D0>,0.8116471767425537,0.05933355912566185,-0.09248604625463486,119004,50,2,False,Right,Back,Right,Centre,74
<_io.BytesIO object at 0x000001C27347F3B0>,0.775808572769165,0.06716486066579819,-0.1127731055021286,119004,50,2,False,Right,Back,Right,Centre,74
<_io.BytesIO object at 0x000001C27347FEF0>,0.8188852667808533,0.02452029287815094,-0.08530791848897934,119004,50,2,False,Right,Back,Right,Centre,74
<_io.BytesIO object at 0x000001C27347FA90>,0.8022058606147766,0.029600774869322777,-0.030734017491340637,119004,50,2,False,Right,Back,Right,Centre,74
<_io.BytesIO object at 0x000001C27347FBD0>,0.7450096011161804,0.08525963872671127,-0.059705331921577454,119004,50,2,False,Right,Back,Right,Centre,74
<_io.BytesIO object at 0x000001C2735D4590>,0.7605853080749512,0.1825171262025833,0.2350042313337326,119005,50,2,False,Right,Back,Right,Centre,74
<_io.BytesIO object at 0x000001C2735D4A40>,0.727796733379364,0.09980089962482452,0.23661130666732788,119005,50,2,False,Right,Back,Right,Centre,74
<_io.BytesIO object at 0x000001C2735D4720>,0.7086376547813416,0.1610889732837677,0.1557263284921646,119005,50,2,False,Right,Back,Right,Centre,74
<_io.BytesIO object at 0x000001C2735B4AE0>,0.6941899061203003,0.10404253751039505,0.17983752489089966,119005,50,2,False,Right,Back,Right,Centre,74
<_io.BytesIO object at 0x000001C2735B4400>,0.6888642907142639,0.1454361528158188,0.17454351484775543,119005,50,2,False,Right,Back,Right,Centre,74
<_io.BytesIO object at 0x000001C2735B43B0>,0.81180739402771,0.059272490441799164,-0.09262324124574661,119005,50,2,False,Right,Back,Right,Centre,74
<_io.BytesIO object at 0x000001C2735B46D0>,0.7759976983070374,0.06731246411800385,-0.11295388638973236,119005,50,2,False,Right,Back,Right,Centre,74
<_io.BytesIO object at 0x000001C2735B4D10>,0.8190907835960388,0.024690046906471252,-0.08550462871789932,119005,50,2,False,Right,Back,Right,Centre,74
<_io.BytesIO object at 0x000001C2735B4590>,0.8024463653564453,0.02984924055635929,-0.030907172709703445,119005,50,2,False,Right,Back,Right,Centre,74
<_io.BytesIO object at 0x000001C2735B4B80>,0.7452892065048218,0.08561620861291885,-0.05987713113427162,119005,50,2,False,Right,Back,Right,Centre,74
<_io.BytesIO object at 0x000001C2734706D0>,0.7605853080749512,0.1825171262025833,0.2350042313337326,119006,50,2,False,Right,Back,Right,Centre,74
<_io.BytesIO object at 0x000001C273470180>,0.727796733379364,0.09980089962482452,0.23661130666732788,119006,50,2,False,Right,Back,Right,Centre,74
<_io.BytesIO object at 0x000001C273470D10>,0.7086376547813416,0.1610889732837677,0.1557263284921646,119006,50,2,False,Right,Back,Right,Centre,74
<_io.BytesIO object at 0x000001C2734AA4F0>,0.6941899061203003,0.10404253751039505,0.17983752489089966,119006,50,2,False,Right,Back,Right,Centre,74
<_io.BytesIO object at 0x000001C2734AA3B0>,0.6888642907142639,0.1454361528158188,0.17454351484775543,119006,50,2,False,Right,Back,Right,Centre,74
<_io.BytesIO object at 0x000001C2734AA720>,0.8120220303535461,0.05935114622116089,-0.09287433326244354,119006,50,2,False,Right,Back,Right,Centre,74
<_io.BytesIO object at 0x000001C2734AA180>,0.7763659358024597,0.0674273893237114,-0.11319582164287567,119006,50,2,False,Right,Back,Right,Centre,74
<_io.BytesIO object at 0x000001C2734AA7C0>,0.8192951679229736,0.024908825755119324,-0.08570167422294617,119006,50,2,False,Right,Back,Right,Centre,74
<_io.BytesIO object at 0x000001C2734AAEA0>,0.8026434183120728,0.030052844434976578,-0.03108791820704937,119006,50,2,False,Right,Back,Right,Centre,74
<_io.BytesIO object at 0x000001C2734AA360>,0.7455207109451294,0.08575434237718582,-0.06008893996477127,119006,50,2,False,Right,Back,Right,Centre,74
<_io.BytesIO object at 0x000001C273483090>,0.7605853080749512,0.1825171262025833,0.2350042313337326,119007,50,2,False,Right,Back,Right,Centre,74
<_io.BytesIO object at 0x000001C273483540>,0.727796733379364,0.09980089962482452,0.23661130666732788,119007,50,2,False,Right,Back,Right,Centre,74
<_io.BytesIO object at 0x000001C2735B5900>,0.7086376547813416,0.1610889732837677,0.1557263284921646,119007,50,2,False,Right,Back,Right,Centre,74
<_io.BytesIO object at 0x000001C2735B5A40>,0.6941899061203003,0.10404253751039505,0.17983752489089966,119007,50,2,False,Right,Back,Right,Centre,74
<_io.BytesIO object at 0x000001C2735B5C20>,0.6888642907142639,0.1454361528158188,0.17454351484775543,119007,50,2,False,Right,Back,Right,Centre,74
<_io.BytesIO object at 0x000001C2735D1680>,0.8123465776443481,0.05979565158486366,-0.0930631011724472,119007,50,2,False,Right,Back,Right,Centre,74
<_io.BytesIO object at 0x000001C2735D1F90>,0.7765438556671143,0.06756583601236343,-0.11345016956329346,119007,50,2,False,Right,Back,Right,Centre,74
<_io.BytesIO object at 0x000001C2735D1900>,0.8195144534111023,0.025046231225132942,-0.08589468896389008,119007,50,2,False,Right,Back,Right,Centre,74
<_io.BytesIO object at 0x000001C2735D16D0>,0.8028959035873413,0.030345458537340164,-0.03131524473428726,119007,50,2,False,Right,Back,Right,Centre,74
<_io.BytesIO object at 0x000001C2735D1860>,0.745704174041748,0.08593776822090149,-0.06029444560408592,119007,50,2,False,Right,Back,Right,Centre,74
<_io.BytesIO object at 0x000001C273483C20>,0.7605853080749512,0.1825171262025833,0.2350042313337326,119008,50,2,False,Right,Back,Right,Centre,74
<_io.BytesIO object at 0x000001C273483040>,0.727796733379364,0.09980089962482452,0.23661130666732788,119008,50,2,False,Right,Back,Right,Centre,74
<_io.BytesIO object at 0x000001C2735DBBD0>,0.7086376547813416,0.1610889732837677,0.1557263284921646,119008,50,2,False,Right,Back,Right,Centre,74
<_io.BytesIO object at 0x000001C2735DB040>,0.6941899061203003,0.10404253751039505,0.17983752489089966,119008,50,2,False,Right,Back,Right,Centre,74
<_io.BytesIO object at 0x000001C2735DBF40>,0.6888642907142639,0.1454361528158188,0.17454351484775543,119008,50,2,False,Right,Back,Right,Centre,74
<_io.BytesIO object at 0x000001C2735DBCC0>,0.8127923011779785,0.059959933161735535,-0.09366470575332642,119008,50,2,False,Right,Back,Right,Centre,74
<_io.BytesIO object at 0x000001C2735DB3B0>,0.776730477809906,0.06765972077846527,-0.11366549134254456,119008,50,2,False,Right,Back,Right,Centre,74
<_io.BytesIO object at 0x000001C2735DB0E0>,0.8197650909423828,0.025204481557011604,-0.08606849610805511,119008,50,2,False,Right,Back,Right,Centre,74
<_io.BytesIO object at 0x000001C2734AA040>,0.8031424880027771,0.030533894896507263,-0.031509365886449814,119008,50,2,False,Right,Back,Right,Centre,74
<_io.BytesIO object at 0x000001C2734AAC70>,0.7460134029388428,0.08608473092317581,-0.06063371151685715,119008,50,2,False,Right,Back,Right,Centre,74
<_io.BytesIO object at 0x000001C273470A40>,0.7605853080749512,0.1825171262025833,0.2350042313337326,119009,50,2,False,Right,Back,Right,Centre,74
<_io.BytesIO object at 0x000001C2734ADBD0>,0.727796733379364,0.09980089962482452,0.23661130666732788,119009,50,2,False,Right,Back,Right,Centre,74
<_io.BytesIO object at 0x000001C2734AD9F0>,0.7086376547813416,0.1610889732837677,0.1557263284921646,119009,50,2,False,Right,Back,Right,Centre,74
<_io.BytesIO object at 0x000001C2734AD950>,0.6941899061203003,0.10404253751039505,0.17983752489089966,119009,50,2,False,Right,Back,Right,Centre,74
<_io.BytesIO object at 0x000001C2734AD630>,0.6888642907142639,0.1454361528158188,0.17454351484775543,119009,50,2,False,Right,Back,Right,Centre,74
<_io.BytesIO object at 0x000001C2734ADC70>,0.8129830360412598,0.060069143772125244,-0.09385836869478226,119009,50,2,False,Right,Back,Right,Centre,74
<_io.BytesIO object at 0x000001C2734AD130>,0.7770217657089233,0.06771072745323181,-0.11395542323589325,119009,50,2,False,Right,Back,Right,Centre,74
<_io.BytesIO object at 0x000001C2734AD900>,0.8199515342712402,0.02529904618859291,-0.08626754581928253,119009,50,2,False,Right,Back,Right,Centre,74
<_io.BytesIO object at 0x000001C2735B4A40>,0.8033930659294128,0.030752385035157204,-0.03171437606215477,119009,50,2,False,Right,Back,Right,Centre,74
<_io.BytesIO object at 0x000001C2735B40E0>,0.7462677359580994,0.08623498678207397,-0.06089959293603897,119009,50,2,False,Right,Back,Right,Centre,74
<_io.BytesIO object at 0x000001C2735D4B80>,0.7605853080749512,0.1825171262025833,0.2350042313337326,119010,50,2,False,Right,Back,Right,Centre,74
<_io.BytesIO object at 0x000001C2735D4540>,0.727796733379364,0.09980089962482452,0.23661130666732788,119010,50,2,False,Right,Back,Right,Centre,74
<_io.BytesIO object at 0x000001C27349D8B0>,0.7086376547813416,0.1610889732837677,0.1557263284921646,119010,50,2,False,Right,Back,Right,Centre,74
<_io.BytesIO object at 0x000001C27349DD60>,0.6941899061203003,0.10404253751039505,0.17983752489089966,119010,50,2,False,Right,Back,Right,Centre,74
<_io.BytesIO object at 0x000001C27349DE50>,0.6888642907142639,0.1454361528158188,0.17454351484775543,119010,50,2,False,Right,Back,Right,Centre,74
<_io.BytesIO object at 0x000001C27349D4A0>,0.81300288438797,0.05983734875917435,-0.09387802332639694,119010,50,2,False,Right,Back,Right,Centre,74
<_io.BytesIO object at 0x000001C27349DB30>,0.7772037982940674,0.06775136291980743,-0.11419034749269485,119010,50,2,False,Right,Back,Right,Centre,74
<_io.BytesIO object at 0x000001C27347F400>,0.8202693462371826,0.025486605241894722,-0.08645213395357132,119010,50,2,False,Right,Back,Right,Centre,74
<_io.BytesIO object at 0x000001C27347F770>,0.8036515116691589,0.030996160581707954,-0.03189541772007942,119010,50,2,False,Right,Back,Right,Centre,74
<_io.BytesIO object at 0x000001C27347F7C0>,0.7464840412139893,0.08642830699682236,-0.0611441470682621,119010,50,2,False,Right,Back,Right,Centre,74
<_io.BytesIO object at 0x000001C2735BBA40>,0.7605853080749512,0.1825171262025833,0.2350042313337326,119011,50,2,False,Right,Back,Right,Centre,74
<_io.BytesIO object at 0x000001C2734A3400>,0.727796733379364,0.09980089962482452,0.23661130666732788,119011,50,2,False,Right,Back,Right,Centre,74
<_io.BytesIO object at 0x000001C2734A3630>,0.7086376547813416,0.1610889732837677,0.1557263284921646,119011,50,2,False,Right,Back,Right,Centre,74
<_io.BytesIO object at 0x000001C2734A3090>,0.6941899061203003,0.10404253751039505,0.17983752489089966,119011,50,2,False,Right,Back,Right,Centre,74
<_io.BytesIO object at 0x000001C2734A3CC0>,0.6888642907142639,0.1454361528158188,0.17454351484775543,119011,50,2,False,Right,Back,Right,Centre,74
<_io.BytesIO object at 0x000001C2734A3BD0>,0.8130413889884949,0.059725575149059296,-0.09396529942750931,119011,50,2,False,Right,Back,Right,Centre,74
<_io.BytesIO object at 0x000001C2734A3040>,0.7774643898010254,0.06782694160938263,-0.11451084911823273,119011,50,2,False,Right,Back,Right,Centre,74
<_io.BytesIO object at 0x000001C27347DA40>,0.8205048441886902,0.02561846934258938,-0.08664622157812119,119011,50,2,False,Right,Back,Right,Centre,74
<_io.BytesIO object at 0x000001C27347D4A0>,0.8039315938949585,0.031189339235424995,-0.03206614404916763,119011,50,2,False,Right,Back,Right,Centre,74
<_io.BytesIO object at 0x000001C27347D040>,0.7467303276062012,0.0866837128996849,-0.06140030920505524,119011,50,2,False,Right,Back,Right,Centre,74
<_io.BytesIO object at 0x000001C2735A5E00>,0.7605853080749512,0.1825171262025833,0.2350042313337326,119012,50,2,False,Right,Back,Right,Centre,74
<_io.BytesIO object at 0x000001C2735D1BD0>,0.727796733379364,0.09980089962482452,0.23661130666732788,119012,50,2,False,Right,Back,Right,Centre,74
<_io.BytesIO object at 0x000001C2735D1C70>,0.7086376547813416,0.1610889732837677,0.1557263284921646,119012,50,2,False,Right,Back,Right,Centre,74
<_io.BytesIO object at 0x000001C2735D1540>,0.6941899061203003,0.10404253751039505,0.17983752489089966,119012,50,2,False,Right,Back,Right,Centre,74
<_io.BytesIO object at 0x000001C2735D1F90>,0.6888642907142639,0.1454361528158188,0.17454351484775543,119012,50,2,False,Right,Back,Right,Centre,74
<_io.BytesIO object at 0x000001C2735D1220>,0.8131276369094849,0.05973281338810921,-0.0941310003399849,119012,50,2,False,Right,Back,Right,Centre,74
<_io.BytesIO object at 0x000001C26B215720>,0.7776247262954712,0.06805352121591568,-0.11464866250753403,119012,50,2,False,Right,Back,Right,Centre,74
<_io.BytesIO object at 0x000001C26B2154A0>,0.8206807971000671,0.02578115090727806,-0.08686484396457672,119012,50,2,False,Right,Back,Right,Centre,74
<_io.BytesIO object at 0x000001C26B215770>,0.8041352033615112,0.03139519691467285,-0.0322636142373085,119012,50,2,False,Right,Back,Right,Centre,74
<_io.BytesIO object at 0x000001C2707049F0>,0.7469833493232727,0.08685197681188583,-0.06169523671269417,119012,50,2,False,Right,Back,Right,Centre,74
<_io.BytesIO object at 0x000001C27347D5E0>,0.7605853080749512,0.1825171262025833,0.2350042313337326,119013,50,2,False,Right,Back,Right,Centre,74
<_io.BytesIO object at 0x000001C27347DF40>,0.727796733379364,0.09980089962482452,0.23661130666732788,119013,50,2,False,Right,Back,Right,Centre,74
<_io.BytesIO object at 0x000001C2734A3450>,0.7086376547813416,0.1610889732837677,0.1557263284921646,119013,50,2,False,Right,Back,Right,Centre,74
<_io.BytesIO object at 0x000001C2734A35E0>,0.6941899061203003,0.10404253751039505,0.17983752489089966,119013,50,2,False,Right,Back,Right,Centre,74
<_io.BytesIO object at 0x000001C2734A3590>,0.6888642907142639,0.1454361528158188,0.17454351484775543,119013,50,2,False,Right,Back,Right,Centre,74
<_io.BytesIO object at 0x000001C2734A3360>,0.813302755355835,0.059714000672101974,-0.09431696683168411,119013,50,2,False,Right,Back,Right,Centre,74
<_io.BytesIO object at 0x000001C2734A3400>,0.7780155539512634,0.0682571604847908,-0.11492497473955154,119013,50,2,False,Right,Back,Right,Centre,74
<_io.BytesIO object at 0x000001C2734A3D10>,0.8208506107330322,0.02590077742934227,-0.08701435476541519,119013,50,2,False,Right,Back,Right,Centre,74
<_io.BytesIO object at 0x000001C2735BBA40>,0.8043476939201355,0.0315711572766304,-0.032498400658369064,119013,50,2,False,Right,Back,Right,Centre,74
<_io.BytesIO object at 0x000001C2735BB6D0>,0.7473205327987671,0.08719195425510406,-0.062019653618335724,119013,50,2,False,Right,Back,Right,Centre,74
<_io.BytesIO object at 0x000001C27347F310>,0.7605853080749512,0.1825171262025833,0.2350042313337326,119014,50,2,False,Right,Back,Right,Centre,74
<_io.BytesIO object at 0x000001C27347F2C0>,0.727796733379364,0.09980089962482452,0.23661130666732788,119014,50,2,False,Right,Back,Right,Centre,74
<_io.BytesIO object at 0x000001C27349D220>,0.7086376547813416,0.1610889732837677,0.1557263284921646,119014,50,2,False,Right,Back,Right,Centre,74
<_io.BytesIO object at 0x000001C27349D450>,0.6941899061203003,0.10404253751039505,0.17983752489089966,119014,50,2,False,Right,Back,Right,Centre,74
<_io.BytesIO object at 0x000001C27349D770>,0.6888642907142639,0.1454361528158188,0.17454351484775543,119014,50,2,False,Right,Back,Right,Centre,74
<_io.BytesIO object at 0x000001C27349DD60>,0.8133894205093384,0.05974108353257179,-0.09447057545185089,119014,50,2,False,Right,Back,Right,Centre,74
<_io.BytesIO object at 0x000001C27349D590>,0.7782094478607178,0.06832350790500641,-0.11515962332487106,119014,50,2,False,Right,Back,Right,Centre,74
<_io.BytesIO object at 0x000001C27349D0E0>,0.8210321664810181,0.026010677218437195,-0.08716490864753723,119014,50,2,False,Right,Back,Right,Centre,74
<_io.BytesIO object at 0x000001C2735D4B80>,0.8045483231544495,0.031752318143844604,-0.03268272802233696,119014,50,2,False,Right,Back,Right,Centre,74
<_io.BytesIO object at 0x000001C2735D46D0>,0.7474921941757202,0.08735799044370651,-0.06226418912410736,119014,50,2,False,Right,Back,Right,Centre,74
<_io.BytesIO object at 0x000001C2735B4A90>,0.7605853080749512,0.1825171262025833,0.2350042313337326,119015,50,2,False,Right,Back,Right,Centre,74
<_io.BytesIO object at 0x000001C2735B4B80>,0.727796733379364,0.09980089962482452,0.23661130666732788,119015,50,2,False,Right,Back,Right,Centre,74
<_io.BytesIO object at 0x000001C2734AD7C0>,0.7086376547813416,0.1610889732837677,0.1557263284921646,119015,50,2,False,Right,Back,Right,Centre,74
<_io.BytesIO object at 0x000001C2734ADD60>,0.6941899061203003,0.10404253751039505,0.17983752489089966,119015,50,2,False,Right,Back,Right,Centre,74
<_io.BytesIO object at 0x000001C2734ADB30>,0.6888642907142639,0.1454361528158188,0.17454351484775543,119015,50,2,False,Right,Back,Right,Centre,74
<_io.BytesIO object at 0x000001C2734AD630>,0.8137511014938354,0.05972343310713768,-0.09477219730615616,119015,50,2,False,Right,Back,Right,Centre,74
<_io.BytesIO object at 0x000001C2734ADC20>,0.7784571647644043,0.06841582804918289,-0.11541956663131714,119015,50,2,False,Right,Back,Right,Centre,74
<_io.BytesIO object at 0x000001C2734ADA90>,0.821302056312561,0.026186656206846237,-0.08735637366771698,119015,50,2,False,Right,Back,Right,Centre,74
<_io.BytesIO object at 0x000001C2734AD0E0>,0.804714024066925,0.03197038918733597,-0.032823432236909866,119015,50,2,False,Right,Back,Right,Centre,74
<_io.BytesIO object at 0x000001C2734AD540>,0.7476561665534973,0.08749115467071533,-0.06248869001865387,119015,50,2,False,Right,Back,Right,Centre,74
<_io.BytesIO object at 0x000001C2735D1310>,0.7605853080749512,0.1825171262025833,0.2350042313337326,119016,50,2,False,Right,Back,Right,Centre,74
<_io.BytesIO object at 0x000001C2735D1590>,0.727796733379364,0.09980089962482452,0.23661130666732788,119016,50,2,False,Right,Back,Right,Centre,74
<_io.BytesIO object at 0x000001C2735D1180>,0.7086376547813416,0.1610889732837677,0.1557263284921646,119016,50,2,False,Right,Back,Right,Centre,74
<_io.BytesIO object at 0x000001C26B215770>,0.6941899061203003,0.10404253751039505,0.17983752489089966,119016,50,2,False,Right,Back,Right,Centre,74
<_io.BytesIO object at 0x000001C26B2157C0>,0.6888642907142639,0.1454361528158188,0.17454351484775543,119016,50,2,False,Right,Back,Right,Centre,74
<_io.BytesIO object at 0x000001C26B2151D0>,0.8145977854728699,0.060477644205093384,-0.09520204365253448,119016,50,2,False,Right,Back,Right,Centre,74
<_io.BytesIO object at 0x000001C2734834A0>,0.778645396232605,0.06854195892810822,-0.11571785062551498,119016,50,2,False,Right,Back,Right,Centre,74
<_io.BytesIO object at 0x000001C273483A90>,0.821535050868988,0.02632666938006878,-0.08751416951417923,119016,50,2,False,Right,Back,Right,Centre,74
<_io.BytesIO object at 0x000001C273483F40>,0.8048519492149353,0.032166410237550735,-0.032975710928440094,119016,50,2,False,Right,Back,Right,Centre,74
<_io.BytesIO object at 0x000001C273483D10>,0.7477807998657227,0.08762744814157486,-0.06274587661027908,119016,50,2,False,Right,Back,Right,Centre,74
<_io.BytesIO object at 0x000001C2735DB9F0>,0.7605853080749512,0.1825171262025833,0.2350042313337326,119017,50,2,False,Right,Back,Right,Centre,74
<_io.BytesIO object at 0x000001C2735B5950>,0.727796733379364,0.09980089962482452,0.23661130666732788,119017,50,2,False,Right,Back,Right,Centre,74
<_io.BytesIO object at 0x000001C2735DB590>,0.7086376547813416,0.1610889732837677,0.1557263284921646,119017,50,2,False,Right,Back,Right,Centre,74
<_io.BytesIO object at 0x000001C2735DB130>,0.6941899061203003,0.10404253751039505,0.17983752489089966,119017,50,2,False,Right,Back,Right,Centre,74
<_io.BytesIO object at 0x000001C2735DBD60>,0.6888642907142639,0.1454361528158188,0.17454351484775543,119017,50,2,False,Right,Back,Right,Centre,74
<_io.BytesIO object at 0x000001C2735DB270>,0.8147433400154114,0.06080266460776329,-0.0954430103302002,119017,50,2,False,Right,Back,Right,Centre,74
<_io.BytesIO object at 0x000001C2735DB6D0>,0.7787874341011047,0.06868959218263626,-0.11595865339040756,119017,50,2,False,Right,Back,Right,Centre,74
<_io.BytesIO object at 0x000001C2735DB310>,0.8216777443885803,0.026445213705301285,-0.0876498818397522,119017,50,2,False,Right,Back,Right,Centre,74
<_io.BytesIO object at 0x000001C2735DB220>,0.8049440979957581,0.0324135422706604,-0.03311198949813843,119017,50,2,False,Right,Back,Right,Centre,74
<_io.BytesIO object at 0x000001C273483BD0>,0.7478023767471313,0.08767568320035934,-0.06299396604299545,119017,50,2,False,Right,Back,Right,Centre,74
<_io.BytesIO object at 0x000001C2735D12C0>,0.7605853080749512,0.1825171262025833,0.2350042313337326,119018,50,2,False,Right,Back,Right,Centre,74
<_io.BytesIO object at 0x000001C2735D1860>,0.727796733379364,0.09980089962482452,0.23661130666732788,119018,50,2,False,Right,Back,Right,Centre,74
<_io.BytesIO object at 0x000001C2735D19F0>,0.7086376547813416,0.1610889732837677,0.1557263284921646,119018,50,2,False,Right,Back,Right,Centre,74
<_io.BytesIO object at 0x000001C2735D1270>,0.6941899061203003,0.10404253751039505,0.17983752489089966,119018,50,2,False,Right,Back,Right,Centre,74
<_io.BytesIO object at 0x000001C2734AB900>,0.6888642907142639,0.1454361528158188,0.17454351484775543,119018,50,2,False,Right,Back,Right,Centre,74
<_io.BytesIO object at 0x000001C273470040>,0.8148286938667297,0.06090075895190239,-0.09558390825986862,119018,50,2,False,Right,Back,Right,Centre,74
<_io.BytesIO object at 0x000001C2734702C0>,0.7789290547370911,0.06879212707281113,-0.1161600723862648,119018,50,2,False,Right,Back,Right,Centre,74
<_io.BytesIO object at 0x000001C2734709F0>,0.8217901587486267,0.026564424857497215,-0.08774448186159134,119018,50,2,False,Right,Back,Right,Centre,74
<_io.BytesIO object at 0x000001C273470E00>,0.8050915002822876,0.03270171955227852,-0.03327301889657974,119018,50,2,False,Right,Back,Right,Centre,74
<_io.BytesIO object at 0x000001C273470CC0>,0.7480484843254089,0.08797488361597061,-0.0633392184972763,119018,50,2,False,Right,Back,Right,Centre,74
<_io.BytesIO object at 0x000001C2735B4770>,0.7605853080749512,0.1825171262025833,0.2350042313337326,119019,50,2,False,Right,Back,Right,Centre,74
<_io.BytesIO object at 0x000001C2735D4720>,0.727796733379364,0.09980089962482452,0.23661130666732788,119019,50,2,False,Right,Back,Right,Centre,74
<_io.BytesIO object at 0x000001C2735D49F0>,0.7086376547813416,0.1610889732837677,0.1557263284921646,119019,50,2,False,Right,Back,Right,Centre,74
<_io.BytesIO object at 0x000001C2735D4EF0>,0.6941899061203003,0.10404253751039505,0.17983752489089966,119019,50,2,False,Right,Back,Right,Centre,74
<_io.BytesIO object at 0x000001C2735D4DB0>,0.6888642907142639,0.1454361528158188,0.17454351484775543,119019,50,2,False,Right,Back,Right,Centre,74
<_io.BytesIO object at 0x000001C2735D4BD0>,0.8147924542427063,0.06114383414387703,-0.09563165158033371,119019,50,2,False,Right,Back,Right,Centre,74
<_io.BytesIO object at 0x000001C2735D4180>,0.7790414094924927,0.06877249479293823,-0.11631468683481216,119019,50,2,False,Right,Back,Right,Centre,74
<_io.BytesIO object at 0x000001C27349DDB0>,0.8218803405761719,0.026764487847685814,-0.08785867691040039,119019,50,2,False,Right,Back,Right,Centre,74
<_io.BytesIO object at 0x000001C27349D720>,0.8051583766937256,0.03293755650520325,-0.0333905853331089,119019,50,2,False,Right,Back,Right,Centre,74
<_io.BytesIO object at 0x000001C27349DD60>,0.7482438087463379,0.0883411392569542,-0.06362276524305344,119019,50,2,False,Right,Back,Right,Centre,74
<_io.BytesIO object at 0x000001C27347F360>,0.7605853080749512,0.1825171262025833,0.2350042313337326,119020,50,2,False,Right,Back,Right,Centre,74
<_io.BytesIO object at 0x000001C2735BBE50>,0.727796733379364,0.09980089962482452,0.23661130666732788,119020,50,2,False,Right,Back,Right,Centre,74
<_io.BytesIO object at 0x000001C2735BBCC0>,0.7086376547813416,0.1610889732837677,0.1557263284921646,119020,50,2,False,Right,Back,Right,Centre,74
<_io.BytesIO object at 0x000001C2735BBE00>,0.6941899061203003,0.10404253751039505,0.17983752489089966,119020,50,2,False,Right,Back,Right,Centre,74
<_io.BytesIO object at 0x000001C2735BBEA0>,0.6888642907142639,0.1454361528158188,0.17454351484775543,119020,50,2,False,Right,Back,Right,Centre,74
<_io.BytesIO object at 0x000001C2735BB090>,0.8149133324623108,0.061309631913900375,-0.09576622396707535,119020,50,2,False,Right,Back,Right,Centre,74
<_io.BytesIO object at 0x000001C2735BB5E0>,0.7791517972946167,0.06888447701931,-0.11648903042078018,119020,50,2,False,Right,Back,Right,Centre,74
<_io.BytesIO object at 0x000001C2734A31D0>,0.8219477534294128,0.02694101072847843,-0.08792932331562042,119020,50,2,False,Right,Back,Right,Centre,74
<_io.BytesIO object at 0x000001C2734A3130>,0.8051908612251282,0.0332186333835125,-0.03348102048039436,119020,50,2,False,Right,Back,Right,Centre,74
<_io.BytesIO object at 0x000001C2734A33B0>,0.7483386397361755,0.088572658598423,-0.06388358771800995,119020,50,2,False,Right,Back,Right,Centre,74
<_io.BytesIO object at 0x000001C27347D680>,0.7605853080749512,0.1825171262025833,0.2350042313337326,119021,50,2,False,Right,Back,Right,Centre,74
<_io.BytesIO object at 0x000001C27347D450>,0.727796733379364,0.09980089962482452,0.23661130666732788,119021,50,2,False,Right,Back,Right,Centre,74
<_io.BytesIO object at 0x000001C2734AD4F0>,0.7086376547813416,0.1610889732837677,0.1557263284921646,119021,50,2,False,Right,Back,Right,Centre,74
<_io.BytesIO object at 0x000001C2734AD0E0>,0.6941899061203003,0.10404253751039505,0.17983752489089966,119021,50,2,False,Right,Back,Right,Centre,74
<_io.BytesIO object at 0x000001C2734AD810>,0.6888642907142639,0.1454361528158188,0.17454351484775543,119021,50,2,False,Right,Back,Right,Centre,74
<_io.BytesIO object at 0x000001C2734AD950>,0.8149144649505615,0.06143832951784134,-0.09597112238407135,119021,50,2,False,Right,Back,Right,Centre,74
<_io.BytesIO object at 0x000001C2734AD360>,0.7793046832084656,0.06920934468507767,-0.11672879010438919,119021,50,2,False,Right,Back,Right,Centre,74
<_io.BytesIO object at 0x000001C2734AD8B0>,0.8219835162162781,0.02712474763393402,-0.08794993907213211,119021,50,2,False,Right,Back,Right,Centre,74
<_io.BytesIO object at 0x000001C2734AD7C0>,0.8051625490188599,0.03359120339155197,-0.033518675714731216,119021,50,2,False,Right,Back,Right,Centre,74
<_io.BytesIO object at 0x000001C2735A5AE0>,0.7482965588569641,0.08870960026979446,-0.0641089528799057,119021,50,2,False,Right,Back,Right,Centre,74
<_io.BytesIO object at 0x000001C2735B5E00>,0.7605853080749512,0.1825171262025833,0.2350042313337326,119022,50,2,False,Right,Back,Right,Centre,74
<_io.BytesIO object at 0x000001C2734AA310>,0.727796733379364,0.09980089962482452,0.23661130666732788,119022,50,2,False,Right,Back,Right,Centre,74
<_io.BytesIO object at 0x000001C2734AAF40>,0.7086376547813416,0.1610889732837677,0.1557263284921646,119022,50,2,False,Right,Back,Right,Centre,74
<_io.BytesIO object at 0x000001C2734AA180>,0.6941899061203003,0.10404253751039505,0.17983752489089966,119022,50,2,False,Right,Back,Right,Centre,74
<_io.BytesIO object at 0x000001C2734AAB80>,0.6888642907142639,0.1454361528158188,0.17454351484775543,119022,50,2,False,Right,Back,Right,Centre,74
<_io.BytesIO object at 0x000001C2734AA360>,0.8149607181549072,0.06160934269428253,-0.09607473760843277,119022,50,2,False,Right,Back,Right,Centre,74
<_io.BytesIO object at 0x000001C2734AA8B0>,0.7792903780937195,0.06935368478298187,-0.11685556173324585,119022,50,2,False,Right,Back,Right,Centre,74
<_io.BytesIO object at 0x000001C2736AD360>,0.8219902515411377,0.027319584041833878,-0.08797578513622284,119022,50,2,False,Right,Back,Right,Centre,74
<_io.BytesIO object at 0x000001C2736AD720>,0.8050704002380371,0.033920854330062866,-0.033600445836782455,119022,50,2,False,Right,Back,Right,Centre,74
<_io.BytesIO object at 0x000001C2736AD0E0>,0.7482901215553284,0.08906148374080658,-0.06433936208486557,119022,50,2,False,Right,Back,Right,Centre,74
<_io.BytesIO object at 0x000001C2735B5A40>,0.7605853080749512,0.1825171262025833,0.2350042313337326,119023,50,2,False,Right,Back,Right,Centre,74
<_io.BytesIO object at 0x000001C2735A5540>,0.727796733379364,0.09980089962482452,0.23661130666732788,119023,50,2,False,Right,Back,Right,Centre,74
<_io.BytesIO object at 0x000001C2735A5A90>,0.7086376547813416,0.1610889732837677,0.1557263284921646,119023,50,2,False,Right,Back,Right,Centre,74
<_io.BytesIO object at 0x000001C2735A5680>,0.6941899061203003,0.10404253751039505,0.17983752489089966,119023,50,2,False,Right,Back,Right,Centre,74
<_io.BytesIO object at 0x000001C2735A5130>,0.6888642907142639,0.1454361528158188,0.17454351484775543,119023,50,2,False,Right,Back,Right,Centre,74
<_io.BytesIO object at 0x000001C27347D0E0>,0.8150246739387512,0.06203756481409073,-0.09627225250005722,119023,50,2,False,Right,Back,Right,Centre,74
<_io.BytesIO object at 0x000001C27347D5E0>,0.779582142829895,0.06959673017263412,-0.11706115305423737,119023,50,2,False,Right,Back,Right,Centre,74
<_io.BytesIO object at 0x000001C27347D7C0>,0.8219768404960632,0.027525607496500015,-0.08796337991952896,119023,50,2,False,Right,Back,Right,Centre,74
<_io.BytesIO object at 0x000001C27347DC70>,0.8049865365028381,0.034346479922533035,-0.033668000251054764,119023,50,2,False,Right,Back,Right,Centre,74
<_io.BytesIO object at 0x000001C27347D310>,0.748275876045227,0.08949469774961472,-0.06462756544351578,119023,50,2,False,Right,Back,Right,Centre,74
<_io.BytesIO object at 0x000001C2734A3130>,0.7605853080749512,0.1825171262025833,0.2350042313337326,119024,50,2,False,Right,Back,Right,Centre,74
<_io.BytesIO object at 0x000001C2735BB950>,0.727796733379364,0.09980089962482452,0.23661130666732788,119024,50,2,False,Right,Back,Right,Centre,74
<_io.BytesIO object at 0x000001C2735BBD10>,0.7086376547813416,0.1610889732837677,0.1557263284921646,119024,50,2,False,Right,Back,Right,Centre,74
<_io.BytesIO object at 0x000001C2735BBE00>,0.6941899061203003,0.10404253751039505,0.17983752489089966,119024,50,2,False,Right,Back,Right,Centre,74
<_io.BytesIO object at 0x000001C2735BBDB0>,0.6888642907142639,0.1454361528158188,0.17454351484775543,119024,50,2,False,Right,Back,Right,Centre,74
<_io.BytesIO object at 0x000001C2735BB810>,0.8151753544807434,0.06239338219165802,-0.09654129296541214,119024,50,2,False,Right,Back,Right,Centre,74
<_io.BytesIO object at 0x000001C2735BB1D0>,0.779657781124115,0.06973778456449509,-0.11719449609518051,119024,50,2,False,Right,Back,Right,Centre,74
<_io.BytesIO object at 0x000001C27347F770>,0.8219359517097473,0.027755755931138992,-0.08794277906417847,119024,50,2,False,Right,Back,Right,Centre,74
<_io.BytesIO object at 0x000001C27347FAE0>,0.8048252463340759,0.03472860902547836,-0.03359813615679741,119024,50,2,False,Right,Back,Right,Centre,74
<_io.BytesIO object at 0x000001C27347FBD0>,0.7482531666755676,0.08981428295373917,-0.06483125686645508,119024,50,2,False,Right,Back,Right,Centre,74
<_io.BytesIO object at 0x000001C27349D720>,0.7605853080749512,0.1825171262025833,0.2350042313337326,119025,50,2,False,Right,Back,Right,Centre,74
<_io.BytesIO object at 0x000001C2735D4450>,0.727796733379364,0.09980089962482452,0.23661130666732788,119025,50,2,False,Right,Back,Right,Centre,74
<_io.BytesIO object at 0x000001C2735D46D0>,0.7086376547813416,0.1610889732837677,0.1557263284921646,119025,50,2,False,Right,Back,Right,Centre,74
<_io.BytesIO object at 0x000001C2735D48B0>,0.6941899061203003,0.10404253751039505,0.17983752489089966,119025,50,2,False,Right,Back,Right,Centre,74
<_io.BytesIO object at 0x000001C2735D49F0>,0.6888642907142639,0.1454361528158188,0.17454351484775543,119025,50,2,False,Right,Back,Right,Centre,74
<_io.BytesIO object at 0x000001C2735D4680>,0.8151010870933533,0.06270986795425415,-0.0964597836136818,119025,50,2,False,Right,Back,Right,Centre,74
<_io.BytesIO object at 0x000001C2735D4130>,0.779717743396759,0.06997166574001312,-0.11729835718870163,119025,50,2,False,Right,Back,Right,Centre,74
<_io.BytesIO object at 0x000001C2735D4630>,0.8218557238578796,0.028118493035435677,-0.08789179474115372,119025,50,2,False,Right,Back,Right,Centre,74
<_io.BytesIO object at 0x000001C2735B4130>,0.8046550750732422,0.03514544293284416,-0.033566560596227646,119025,50,2,False,Right,Back,Right,Centre,74
<_io.BytesIO object at 0x000001C2735B4450>,0.7482497096061707,0.09018083661794662,-0.06509826332330704,119025,50,2,False,Right,Back,Right,Centre,74
<_io.BytesIO object at 0x000001C273470130>,0.7605853080749512,0.1825171262025833,0.2350042313337326,119026,50,2,False,Right,Back,Right,Centre,74
<_io.BytesIO object at 0x000001C273470310>,0.727796733379364,0.09980089962482452,0.23661130666732788,119026,50,2,False,Right,Back,Right,Centre,74
<_io.BytesIO object at 0x000001C2735D1DB0>,0.7086376547813416,0.1610889732837677,0.1557263284921646,119026,50,2,False,Right,Back,Right,Centre,74
<_io.BytesIO object at 0x000001C2735D16D0>,0.6941899061203003,0.10404253751039505,0.17983752489089966,119026,50,2,False,Right,Back,Right,Centre,74
<_io.BytesIO object at 0x000001C2735D19F0>,0.6888642907142639,0.1454361528158188,0.17454351484775543,119026,50,2,False,Right,Back,Right,Centre,74
<_io.BytesIO object at 0x000001C2735D1E50>,0.8150781989097595,0.06290388852357864,-0.09645765274763107,119026,50,2,False,Right,Back,Right,Centre,74
<_io.BytesIO object at 0x000001C2735D1900>,0.7797377705574036,0.0701887458562851,-0.1173996850848198,119026,50,2,False,Right,Back,Right,Centre,74
<_io.BytesIO object at 0x000001C2735D1F40>,0.8217675089836121,0.028373150154948235,-0.08780132234096527,119026,50,2,False,Right,Back,Right,Centre,74
<_io.BytesIO object at 0x000001C2735D1360>,0.8044824600219727,0.035560473799705505,-0.033541783690452576,119026,50,2,False,Right,Back,Right,Centre,74
<_io.BytesIO object at 0x000001C2735D1E00>,0.7481709718704224,0.0905868336558342,-0.06535032391548157,119026,50,2,False,Right,Back,Right,Centre,74
<_io.BytesIO object at 0x000001C2734AD860>,0.7605853080749512,0.1825171262025833,0.2350042313337326,119027,50,2,False,Right,Back,Right,Centre,74
<_io.BytesIO object at 0x000001C2734AD680>,0.727796733379364,0.09980089962482452,0.23661130666732788,119027,50,2,False,Right,Back,Right,Centre,74
<_io.BytesIO object at 0x000001C273483090>,0.7086376547813416,0.1610889732837677,0.1557263284921646,119027,50,2,False,Right,Back,Right,Centre,74
<_io.BytesIO object at 0x000001C273483770>,0.6941899061203003,0.10404253751039505,0.17983752489089966,119027,50,2,False,Right,Back,Right,Centre,74
<_io.BytesIO object at 0x000001C273483590>,0.6888642907142639,0.1454361528158188,0.17454351484775543,119027,50,2,False,Right,Back,Right,Centre,74
<_io.BytesIO object at 0x000001C273483400>,0.8150047063827515,0.06313091516494751,-0.09644652903079987,119027,50,2,False,Right,Back,Right,Centre,74
<_io.BytesIO object at 0x000001C273483630>,0.7796978950500488,0.07046718150377274,-0.11749093979597092,119027,50,2,False,Right,Back,Right,Centre,74
<_io.BytesIO object at 0x000001C2734839F0>,0.8216614127159119,0.028601396828889847,-0.08762664347887039,119027,50,2,False,Right,Back,Right,Centre,74
<_io.BytesIO object at 0x000001C2735DBA40>,0.8042567372322083,0.0360536091029644,-0.033499907702207565,119027,50,2,False,Right,Back,Right,Centre,74
<_io.BytesIO object at 0x000001C2735DB220>,0.7480850219726562,0.0911470577120781,-0.06566844135522842,119027,50,2,False,Right,Back,Right,Centre,74
<_io.BytesIO object at 0x000001C2734832C0>,0.7605853080749512,0.1825171262025833,0.2350042313337326,119028,50,2,False,Right,Back,Right,Centre,74
<_io.BytesIO object at 0x000001C2734ADEF0>,0.727796733379364,0.09980089962482452,0.23661130666732788,119028,50,2,False,Right,Back,Right,Centre,74
<_io.BytesIO object at 0x000001C2734AD360>,0.7086376547813416,0.1610889732837677,0.1557263284921646,119028,50,2,False,Right,Back,Right,Centre,74
<_io.BytesIO object at 0x000001C2734ADD60>,0.6941899061203003,0.10404253751039505,0.17983752489089966,119028,50,2,False,Right,Back,Right,Centre,74
<_io.BytesIO object at 0x000001C2734ADAE0>,0.6888642907142639,0.1454361528158188,0.17454351484775543,119028,50,2,False,Right,Back,Right,Centre,74
<_io.BytesIO object at 0x000001C2734AD9F0>,0.8149423003196716,0.06335204094648361,-0.09643443673849106,119028,50,2,False,Right,Back,Right,Centre,74
<_io.BytesIO object at 0x000001C26B2152C0>,0.7795506715774536,0.07067956030368805,-0.11759358644485474,119028,50,2,False,Right,Back,Right,Centre,74
<_io.BytesIO object at 0x000001C26B2157C0>,0.821504533290863,0.02886369824409485,-0.08747787773609161,119028,50,2,False,Right,Back,Right,Centre,74
<_io.BytesIO object at 0x000001C26B215720>,0.8040082454681396,0.03657037019729614,-0.03338710963726044,119028,50,2,False,Right,Back,Right,Centre,74
<_io.BytesIO object at 0x000001C26B215090>,0.7479900121688843,0.09150126576423645,-0.06583135575056076,119028,50,2,False,Right,Back,Right,Centre,74
<_io.BytesIO object at 0x000001C273470C70>,0.7605853080749512,0.1825171262025833,0.2350042313337326,119029,50,2,False,Right,Back,Right,Centre,74
<_io.BytesIO object at 0x000001C273470E00>,0.727796733379364,0.09980089962482452,0.23661130666732788,119029,50,2,False,Right,Back,Right,Centre,74
<_io.BytesIO object at 0x000001C273470180>,0.7086376547813416,0.1610889732837677,0.1557263284921646,119029,50,2,False,Right,Back,Right,Centre,74
<_io.BytesIO object at 0x000001C2735B4D60>,0.6941899061203003,0.10404253751039505,0.17983752489089966,119029,50,2,False,Right,Back,Right,Centre,74
<_io.BytesIO object at 0x000001C2735B4360>,0.6888642907142639,0.1454361528158188,0.17454351484775543,119029,50,2,False,Right,Back,Right,Centre,74
<_io.BytesIO object at 0x000001C2735B44F0>,0.8148736953735352,0.06359895318746567,-0.0964103564620018,119029,50,2,False,Right,Back,Right,Centre,74
<_io.BytesIO object at 0x000001C2735B41D0>,0.7795220613479614,0.0709766298532486,-0.11766024678945541,119029,50,2,False,Right,Back,Right,Centre,74
<_io.BytesIO object at 0x000001C2735B4040>,0.8212807774543762,0.0291635412722826,-0.08732392638921738,119029,50,2,False,Right,Back,Right,Centre,74
<_io.BytesIO object at 0x000001C2735B4770>,0.8037595748901367,0.03710941597819328,-0.0332784503698349,119029,50,2,False,Right,Back,Right,Centre,74
<_io.BytesIO object at 0x000001C2735B4540>,0.7478346228599548,0.09195232391357422,-0.06601480394601822,119029,50,2,False,Right,Back,Right,Centre,74
<_io.BytesIO object at 0x000001C2735D4D10>,0.7605853080749512,0.1825171262025833,0.2350042313337326,119030,50,2,False,Right,Back,Right,Centre,74
<_io.BytesIO object at 0x000001C27349DDB0>,0.727796733379364,0.09980089962482452,0.23661130666732788,119030,50,2,False,Right,Back,Right,Centre,74
<_io.BytesIO object at 0x000001C27349D2C0>,0.7086376547813416,0.1610889732837677,0.1557263284921646,119030,50,2,False,Right,Back,Right,Centre,74
<_io.BytesIO object at 0x000001C27349D220>,0.6941899061203003,0.10404253751039505,0.17983752489089966,119030,50,2,False,Right,Back,Right,Centre,74
<_io.BytesIO object at 0x000001C27347F590>,0.6888642907142639,0.1454361528158188,0.17454351484775543,119030,50,2,False,Right,Back,Right,Centre,74
<_io.BytesIO object at 0x000001C27347F0E0>,0.8146947026252747,0.06402329355478287,-0.09625629335641861,119030,50,2,False,Right,Back,Right,Centre,74
<_io.BytesIO object at 0x000001C27347FF90>,0.7794407606124878,0.07121910899877548,-0.11769573390483856,119030,50,2,False,Right,Back,Right,Centre,74
<_io.BytesIO object at 0x000001C27347FA90>,0.8210994005203247,0.02956213243305683,-0.08709557354450226,119030,50,2,False,Right,Back,Right,Centre,74
<_io.BytesIO object at 0x000001C27347FEF0>,0.8034349679946899,0.037695787847042084,-0.0332036167383194,119030,50,2,False,Right,Back,Right,Centre,74
<_io.BytesIO object at 0x000001C27347F810>,0.747568666934967,0.09251216053962708,-0.06630679219961166,119030,50,2,False,Right,Back,Right,Centre,74
<_io.BytesIO object at 0x000001C2735BB2C0>,0.7605853080749512,0.1825171262025833,0.2350042313337326,119031,50,2,False,Right,Back,Right,Centre,74
<_io.BytesIO object at 0x000001C2734A31D0>,0.727796733379364,0.09980089962482452,0.23661130666732788,119031,50,2,False,Right,Back,Right,Centre,74
<_io.BytesIO object at 0x000001C2734A3450>,0.7086376547813416,0.1610889732837677,0.1557263284921646,119031,50,2,False,Right,Back,Right,Centre,74
<_io.BytesIO object at 0x000001C2734A3590>,0.6941899061203003,0.10404253751039505,0.17983752489089966,119031,50,2,False,Right,Back,Right,Centre,74
<_io.BytesIO object at 0x000001C2734A37C0>,0.6888642907142639,0.1454361528158188,0.17454351484775543,119031,50,2,False,Right,Back,Right,Centre,74
<_io.BytesIO object at 0x000001C2734A3A40>,0.8145768046379089,0.06463082134723663,-0.09632664173841476,119031,50,2,False,Right,Back,Right,Centre,74
<_io.BytesIO object at 0x000001C27347DF90>,0.7794318199157715,0.07158065587282181,-0.1177135556936264,119031,50,2,False,Right,Back,Right,Centre,74
<_io.BytesIO object at 0x000001C27347D400>,0.8209071755409241,0.030063465237617493,-0.08689534664154053,119031,50,2,False,Right,Back,Right,Centre,74
<_io.BytesIO object at 0x000001C27347DDB0>,0.803037166595459,0.03837800398468971,-0.033048294484615326,119031,50,2,False,Right,Back,Right,Centre,74
<_io.BytesIO object at 0x000001C27347D040>,0.7472871541976929,0.09303770214319229,-0.06658425182104111,119031,50,2,False,Right,Back,Right,Centre,74
<_io.BytesIO object at 0x000001C2735A5E00>,0.7605853080749512,0.1825171262025833,0.2350042313337326,119032,50,2,False,Right,Back,Right,Centre,74
<_io.BytesIO object at 0x000001C2735A51D0>,0.727796733379364,0.09980089962482452,0.23661130666732788,119032,50,2,False,Right,Back,Right,Centre,74
<_io.BytesIO object at 0x000001C2735B5F90>,0.7086376547813416,0.1610889732837677,0.1557263284921646,119032,50,2,False,Right,Back,Right,Centre,74
<_io.BytesIO object at 0x000001C2735B5B30>,0.6941899061203003,0.10404253751039505,0.17983752489089966,119032,50,2,False,Right,Back,Right,Centre,74
<_io.BytesIO object at 0x000001C2734AAB80>,0.6888642907142639,0.1454361528158188,0.17454351484775543,119032,50,2,False,Right,Back,Right,Centre,74
<_io.BytesIO object at 0x000001C2734AA180>,0.814466118812561,0.06500411033630371,-0.09627106040716171,119032,50,2,False,Right,Back,Right,Centre,74
<_io.BytesIO object at 0x000001C2734AA9F0>,0.7790762186050415,0.07176758348941803,-0.11800062656402588,119032,50,2,False,Right,Back,Right,Centre,74
<_io.BytesIO object at 0x000001C2734AA770>,0.8206445574760437,0.03065154142677784,-0.08664853125810623,119032,50,2,False,Right,Back,Right,Centre,74
<_io.BytesIO object at 0x000001C2734AA0E0>,0.8026007413864136,0.03912592679262161,-0.03292519226670265,119032,50,2,False,Right,Back,Right,Centre,74
<_io.BytesIO object at 0x000001C2734AA220>,0.7469562292098999,0.09360639750957489,-0.06676024198532104,119032,50,2,False,Right,Back,Right,Centre,74
