_io,pos_x,pos_y,pos_z,frame,trial_num,block_num,practicing,left_right_hand,palm_back_hand,target_loc,distractor_loc,participant_id
<_io.BytesIO object at 0x000001A1F16FF1D0>,0.6943857073783875,0.052562884986400604,-0.16231641173362732,181259,32,8,False,Left,Back,Centre,Left,72
_io,pos_x,pos_y,pos_z,frame,trial_num,block_num,practicing,left_right_hand,palm_back_hand,target_loc,distractor_loc,participant_id
<_io.BytesIO object at 0x000001A1EE924950>,0.6756852269172668,0.07567001134157181,-0.16856355965137482,181259,32,8,False,Left,Back,Centre,Left,72
_io,pos_x,pos_y,pos_z,frame,trial_num,block_num,practicing,left_right_hand,palm_back_hand,target_loc,distractor_loc,participant_id
<_io.BytesIO object at 0x000001A1F16FF8B0>,0.6023998856544495,0.06282614916563034,-0.11033032834529877,181259,32,8,False,Left,Back,Centre,Left,72
_io,pos_x,pos_y,pos_z,frame,trial_num,block_num,practicing,left_right_hand,palm_back_hand,target_loc,distractor_loc,participant_id
<_io.BytesIO object at 0x000001A1F16FF950>,0.6395634412765503,0.071612149477005,-0.1877834051847458,181259,32,8,False,Left,Back,Centre,Left,72
_io,pos_x,pos_y,pos_z,frame,trial_num,block_num,practicing,left_right_hand,palm_back_hand,target_loc,distractor_loc,participant_id
<_io.BytesIO object at 0x000001A1F17E2D10>,0.6860916018486023,0.028058186173439026,-0.09978089481592178,181259,32,8,False,Left,Back,Centre,Left,72
<_io.BytesIO object at 0x000001A1F16FF040>,0.6944071054458618,0.052200011909008026,-0.16236183047294617,181260,32,8,False,Left,Back,Centre,Left,72
<_io.BytesIO object at 0x000001A1F16FFB80>,0.6756604909896851,0.07524830102920532,-0.16855184733867645,181260,32,8,False,Left,Back,Centre,Left,72
<_io.BytesIO object at 0x000001A1F16FFA40>,0.6023151874542236,0.06192996725440025,-0.11043675988912582,181260,32,8,False,Left,Back,Centre,Left,72
<_io.BytesIO object at 0x000001A1F16FF720>,0.6395449042320251,0.07117810100317001,-0.1878129094839096,181260,32,8,False,Left,Back,Centre,Left,72
<_io.BytesIO object at 0x000001A1F17E2C20>,0.6861889362335205,0.02738630771636963,-0.09995709359645844,181260,32,8,False,Left,Back,Centre,Left,72
<_io.BytesIO object at 0x000001A1F17E28B0>,0.6943933963775635,0.0518827922642231,-0.16239182651042938,181261,32,8,False,Left,Back,Centre,Left,72
<_io.BytesIO object at 0x000001A1F16FF450>,0.6755729913711548,0.07484140247106552,-0.1685056984424591,181261,32,8,False,Left,Back,Centre,Left,72
<_io.BytesIO object at 0x000001A1F16FF5E0>,0.6022266149520874,0.06069263815879822,-0.11047956347465515,181261,32,8,False,Left,Back,Centre,Left,72
<_io.BytesIO object at 0x000001A1F16FF860>,0.63953697681427,0.07078459113836288,-0.1878504753112793,181261,32,8,False,Left,Back,Centre,Left,72
<_io.BytesIO object at 0x000001A1EE97E630>,0.6861766576766968,0.026285719126462936,-0.09994600713253021,181261,32,8,False,Left,Back,Centre,Left,72
<_io.BytesIO object at 0x000001A1F16FF0E0>,0.6943826675415039,0.05153527483344078,-0.1624803990125656,181262,32,8,False,Left,Back,Centre,Left,72
<_io.BytesIO object at 0x000001A1F17E2040>,0.675482988357544,0.07449646294116974,-0.1684967279434204,181262,32,8,False,Left,Back,Centre,Left,72
<_io.BytesIO object at 0x000001A1F17E29A0>,0.6021142601966858,0.059655822813510895,-0.11063370853662491,181262,32,8,False,Left,Back,Centre,Left,72
<_io.BytesIO object at 0x000001A1F16FFF90>,0.6394771933555603,0.07036853581666946,-0.18787309527397156,181262,32,8,False,Left,Back,Centre,Left,72
<_io.BytesIO object at 0x000001A1F16FF4F0>,0.6862275004386902,0.025613177567720413,-0.1000966802239418,181262,32,8,False,Left,Back,Centre,Left,72
<_io.BytesIO object at 0x000001A1F17E29A0>,0.6943588852882385,0.05128170922398567,-0.16254229843616486,181263,32,8,False,Left,Back,Centre,Left,72
<_io.BytesIO object at 0x000001A1F17E2900>,0.6754181981086731,0.07415124773979187,-0.16853944957256317,181263,32,8,False,Left,Back,Centre,Left,72
<_io.BytesIO object at 0x000001A1F17E2270>,0.6019978523254395,0.058725278824567795,-0.11079643666744232,181263,32,8,False,Left,Back,Centre,Left,72
<_io.BytesIO object at 0x000001A1F17E2180>,0.639380156993866,0.06994619220495224,-0.18792212009429932,181263,32,8,False,Left,Back,Centre,Left,72
<_io.BytesIO object at 0x000001A1F17E20E0>,0.6862280964851379,0.02522404119372368,-0.10020383447408676,181263,32,8,False,Left,Back,Centre,Left,72
<_io.BytesIO object at 0x000001A1EE924310>,0.6943458318710327,0.05110648274421692,-0.16262976825237274,181264,32,8,False,Left,Back,Centre,Left,72
<_io.BytesIO object at 0x000001A1F16FF9A0>,0.6753546595573425,0.07398724555969238,-0.16862653195858002,181264,32,8,False,Left,Back,Centre,Left,72
<_io.BytesIO object at 0x000001A1F16FFEF0>,0.601897120475769,0.058281101286411285,-0.11102845519781113,181264,32,8,False,Left,Back,Centre,Left,72
<_io.BytesIO object at 0x000001A1F16FF950>,0.6393122673034668,0.0696479082107544,-0.1880125105381012,181264,32,8,False,Left,Back,Centre,Left,72
<_io.BytesIO object at 0x000001A1F16FFF90>,0.6861851215362549,0.02505861036479473,-0.10027202218770981,181264,32,8,False,Left,Back,Centre,Left,72
<_io.BytesIO object at 0x000001A1F17E2AE0>,0.6943168640136719,0.05101682245731354,-0.1627330631017685,181265,32,8,False,Left,Back,Centre,Left,72
<_io.BytesIO object at 0x000001A1F17E2B80>,0.6753168106079102,0.0738849863409996,-0.1688108742237091,181265,32,8,False,Left,Back,Centre,Left,72
<_io.BytesIO object at 0x000001A1F17E2180>,0.6018304824829102,0.05819539725780487,-0.11123295873403549,181265,32,8,False,Left,Back,Centre,Left,72
<_io.BytesIO object at 0x000001A1F17E2540>,0.6392258405685425,0.06933370977640152,-0.1883494257926941,181265,32,8,False,Left,Back,Centre,Left,72
<_io.BytesIO object at 0x000001A1F17E2900>,0.6861141920089722,0.025039581581950188,-0.10033054649829865,181265,32,8,False,Left,Back,Centre,Left,72
<_io.BytesIO object at 0x000001A1F16FF400>,0.6942704916000366,0.051008190959692,-0.16284441947937012,181266,32,8,False,Left,Back,Centre,Left,72
<_io.BytesIO object at 0x000001A1F16FF860>,0.6753033995628357,0.07392161339521408,-0.1690170168876648,181266,32,8,False,Left,Back,Centre,Left,72
<_io.BytesIO object at 0x000001A1F16FFEF0>,0.6018038392066956,0.058510053902864456,-0.11145422607660294,181266,32,8,False,Left,Back,Centre,Left,72
<_io.BytesIO object at 0x000001A1F16FF630>,0.6392481327056885,0.069325290620327,-0.18847566843032837,181266,32,8,False,Left,Back,Centre,Left,72
<_io.BytesIO object at 0x000001A1F17E2F40>,0.6859515309333801,0.025363583117723465,-0.10044420510530472,181266,32,8,False,Left,Back,Centre,Left,72
<_io.BytesIO object at 0x000001A1F17E2310>,0.6942142248153687,0.05108226090669632,-0.1629646271467209,181267,32,8,False,Left,Back,Centre,Left,72
<_io.BytesIO object at 0x000001A1F16FF090>,0.6753232479095459,0.07414588332176208,-0.16930466890335083,181267,32,8,False,Left,Back,Centre,Left,72
<_io.BytesIO object at 0x000001A1F16FF950>,0.6018582582473755,0.059166498482227325,-0.11166927218437195,181267,32,8,False,Left,Back,Centre,Left,72
<_io.BytesIO object at 0x000001A1F16FF680>,0.6393632888793945,0.06942770630121231,-0.18863129615783691,181267,32,8,False,Left,Back,Centre,Left,72
<_io.BytesIO object at 0x000001A1F16FF450>,0.6857855916023254,0.025651372969150543,-0.10054180026054382,181267,32,8,False,Left,Back,Centre,Left,72
<_io.BytesIO object at 0x000001A1EE924360>,0.6941683292388916,0.05122490972280502,-0.16309767961502075,181268,32,8,False,Left,Back,Centre,Left,72
<_io.BytesIO object at 0x000001A1F16FFB30>,0.6753928661346436,0.07436604052782059,-0.16951362788677216,181268,32,8,False,Left,Back,Centre,Left,72
<_io.BytesIO object at 0x000001A1F16FFCC0>,0.6019092798233032,0.059902727603912354,-0.11178109794855118,181268,32,8,False,Left,Back,Centre,Left,72
<_io.BytesIO object at 0x000001A1F16FFA40>,0.6394662857055664,0.0697735995054245,-0.18875637650489807,181268,32,8,False,Left,Back,Centre,Left,72
<_io.BytesIO object at 0x000001A1F16FF8B0>,0.6857547760009766,0.02610013447701931,-0.10058483481407166,181268,32,8,False,Left,Back,Centre,Left,72
<_io.BytesIO object at 0x000001A1F17E28B0>,0.6941137313842773,0.05143441632390022,-0.16321922838687897,181269,32,8,False,Left,Back,Centre,Left,72
<_io.BytesIO object at 0x000001A1F16FF680>,0.6754854321479797,0.07467585802078247,-0.1697263866662979,181269,32,8,False,Left,Back,Centre,Left,72
<_io.BytesIO object at 0x000001A1F16FF9A0>,0.6019898653030396,0.06097353622317314,-0.11196798086166382,181269,32,8,False,Left,Back,Centre,Left,72
<_io.BytesIO object at 0x000001A1F16FF450>,0.6394819617271423,0.07011318951845169,-0.18886391818523407,181269,32,8,False,Left,Back,Centre,Left,72
<_io.BytesIO object at 0x000001A1F16FF6D0>,0.6856359839439392,0.02652512677013874,-0.10061580687761307,181269,32,8,False,Left,Back,Centre,Left,72
<_io.BytesIO object at 0x000001A1EE924360>,0.6940560340881348,0.05164441466331482,-0.1633920669555664,181270,32,8,False,Left,Back,Centre,Left,72
<_io.BytesIO object at 0x000001A1F17E2090>,0.6755619645118713,0.07498814910650253,-0.16997623443603516,181270,32,8,False,Left,Back,Centre,Left,72
<_io.BytesIO object at 0x000001A1F17E2400>,0.6021019816398621,0.06177888065576553,-0.11205248534679413,181270,32,8,False,Left,Back,Centre,Left,72
<_io.BytesIO object at 0x000001A1F17E21D0>,0.6394820809364319,0.07045074552297592,-0.1890687346458435,181270,32,8,False,Left,Back,Centre,Left,72
<_io.BytesIO object at 0x000001A1F17E27C0>,0.6855887174606323,0.026987815275788307,-0.10068362206220627,181270,32,8,False,Left,Back,Centre,Left,72
<_io.BytesIO object at 0x000001A1F17E2630>,0.694066047668457,0.051886219531297684,-0.16356508433818817,181271,32,8,False,Left,Back,Centre,Left,72
<_io.BytesIO object at 0x000001A1E9D37860>,0.6756647229194641,0.0752585157752037,-0.17013834416866302,181271,32,8,False,Left,Back,Centre,Left,72
<_io.BytesIO object at 0x000001A1F17E2C20>,0.6021996140480042,0.0627196878194809,-0.11208660155534744,181271,32,8,False,Left,Back,Centre,Left,72
<_io.BytesIO object at 0x000001A1F17E2950>,0.6395264267921448,0.07077568024396896,-0.18918734788894653,181271,32,8,False,Left,Back,Centre,Left,72
<_io.BytesIO object at 0x000001A1F17E2590>,0.685547947883606,0.027310119941830635,-0.10073869675397873,181271,32,8,False,Left,Back,Centre,Left,72
<_io.BytesIO object at 0x000001A1F16FFEF0>,0.6940115094184875,0.05216863378882408,-0.16363999247550964,181272,32,8,False,Left,Back,Centre,Left,72
<_io.BytesIO object at 0x000001A1F16FF4F0>,0.6756952404975891,0.07553287595510483,-0.17028585076332092,181272,32,8,False,Left,Back,Centre,Left,72
<_io.BytesIO object at 0x000001A1F16FF270>,0.6022961139678955,0.06340046226978302,-0.11218924820423126,181272,32,8,False,Left,Back,Centre,Left,72
<_io.BytesIO object at 0x000001A1F16FFBD0>,0.6395909190177917,0.07113619893789291,-0.18932519853115082,181272,32,8,False,Left,Back,Centre,Left,72
<_io.BytesIO object at 0x000001A1F17E2310>,0.6855517625808716,0.027778681367635727,-0.10080313682556152,181272,32,8,False,Left,Back,Centre,Left,72
<_io.BytesIO object at 0x000001A1F17E2310>,0.6939867734909058,0.052284643054008484,-0.1637522578239441,181273,32,8,False,Left,Back,Centre,Left,72
<_io.BytesIO object at 0x000001A1F16FF400>,0.6757985949516296,0.07577764987945557,-0.17045575380325317,181273,32,8,False,Left,Back,Centre,Left,72
<_io.BytesIO object at 0x000001A1F16FFCC0>,0.6024439334869385,0.063995361328125,-0.1123475655913353,181273,32,8,False,Left,Back,Centre,Left,72
<_io.BytesIO object at 0x000001A1F16FF680>,0.6396500468254089,0.0714201033115387,-0.1894497573375702,181273,32,8,False,Left,Back,Centre,Left,72
<_io.BytesIO object at 0x000001A1F16FF8B0>,0.6855812072753906,0.028178801760077477,-0.10083002597093582,181273,32,8,False,Left,Back,Centre,Left,72
<_io.BytesIO object at 0x000001A1EE924A40>,0.6940569281578064,0.052454832941293716,-0.16385039687156677,181274,32,8,False,Left,Back,Centre,Left,72
<_io.BytesIO object at 0x000001A1F17E22C0>,0.675874650478363,0.0760500356554985,-0.1706288456916809,181274,32,8,False,Left,Back,Centre,Left,72
<_io.BytesIO object at 0x000001A1F17E2A90>,0.6026058197021484,0.06462053954601288,-0.11252222210168839,181274,32,8,False,Left,Back,Centre,Left,72
<_io.BytesIO object at 0x000001A1F17E2810>,0.6397636532783508,0.07163181155920029,-0.18960504233837128,181274,32,8,False,Left,Back,Centre,Left,72
<_io.BytesIO object at 0x000001A1F17E2E00>,0.6857200264930725,0.028718329966068268,-0.10083678364753723,181274,32,8,False,Left,Back,Centre,Left,72
<_io.BytesIO object at 0x000001A1F17E2C70>,0.6941413879394531,0.05266781896352768,-0.1639581024646759,181275,32,8,False,Left,Back,Centre,Left,72
<_io.BytesIO object at 0x000001A1F16FFEF0>,0.6759716272354126,0.07622316479682922,-0.17073911428451538,181275,32,8,False,Left,Back,Centre,Left,72
<_io.BytesIO object at 0x000001A1F16FF860>,0.6027792692184448,0.06514344364404678,-0.1126740425825119,181275,32,8,False,Left,Back,Centre,Left,72
<_io.BytesIO object at 0x000001A1F16FF770>,0.6398500800132751,0.07181514799594879,-0.18968668580055237,181275,32,8,False,Left,Back,Centre,Left,72
<_io.BytesIO object at 0x000001A1F16FF9F0>,0.6857632398605347,0.029081838205456734,-0.10079656541347504,181275,32,8,False,Left,Back,Centre,Left,72
<_io.BytesIO object at 0x000001A1EE924310>,0.6942301392555237,0.05277267098426819,-0.16405941545963287,181276,32,8,False,Left,Back,Centre,Left,72
<_io.BytesIO object at 0x000001A1F17E2310>,0.6761003136634827,0.07635873556137085,-0.17082622647285461,181276,32,8,False,Left,Back,Centre,Left,72
<_io.BytesIO object at 0x000001A1F17E2810>,0.6030262112617493,0.0654422789812088,-0.11272118985652924,181276,32,8,False,Left,Back,Centre,Left,72
<_io.BytesIO object at 0x000001A1F17E2130>,0.6399456262588501,0.07195252180099487,-0.18973320722579956,181276,32,8,False,Left,Back,Centre,Left,72
<_io.BytesIO object at 0x000001A1F17E2D60>,0.6858955025672913,0.029302498325705528,-0.10083334892988205,181276,32,8,False,Left,Back,Centre,Left,72
<_io.BytesIO object at 0x000001A1EE97ED10>,0.6943808794021606,0.05281525477766991,-0.16420923173427582,181277,32,8,False,Left,Back,Centre,Left,72
<_io.BytesIO object at 0x000001A1EE97E400>,0.6762521266937256,0.07645229250192642,-0.17091970145702362,181277,32,8,False,Left,Back,Centre,Left,72
<_io.BytesIO object at 0x000001A1EE97E2C0>,0.6032299399375916,0.06581249088048935,-0.1127827987074852,181277,32,8,False,Left,Back,Centre,Left,72
<_io.BytesIO object at 0x000001A1EE97EBD0>,0.6400404572486877,0.07201647013425827,-0.18977895379066467,181277,32,8,False,Left,Back,Centre,Left,72
<_io.BytesIO object at 0x000001A1EE97E360>,0.686006486415863,0.02951153740286827,-0.10084747523069382,181277,32,8,False,Left,Back,Centre,Left,72
<_io.BytesIO object at 0x000001A1F17E2860>,0.6945197582244873,0.052854545414447784,-0.16431520879268646,181278,32,8,False,Left,Back,Centre,Left,72
<_io.BytesIO object at 0x000001A1F17E2EF0>,0.6763744354248047,0.07647277414798737,-0.17098799347877502,181278,32,8,False,Left,Back,Centre,Left,72
<_io.BytesIO object at 0x000001A1F17E2D60>,0.6034695506095886,0.06605663895606995,-0.11294522136449814,181278,32,8,False,Left,Back,Centre,Left,72
<_io.BytesIO object at 0x000001A1F17E2130>,0.6401289701461792,0.07204484194517136,-0.18983913958072662,181278,32,8,False,Left,Back,Centre,Left,72
<_io.BytesIO object at 0x000001A1F17E2F40>,0.6861448287963867,0.029678650200366974,-0.10087336599826813,181278,32,8,False,Left,Back,Centre,Left,72
<_io.BytesIO object at 0x000001A1EE97E590>,0.6946501731872559,0.052824072539806366,-0.1644207090139389,181279,32,8,False,Left,Back,Centre,Left,72
<_io.BytesIO object at 0x000001A1EE97E900>,0.6764727234840393,0.07648466527462006,-0.17107254266738892,181279,32,8,False,Left,Back,Centre,Left,72
<_io.BytesIO object at 0x000001A1EE97EC20>,0.603638231754303,0.06615832448005676,-0.1129850298166275,181279,32,8,False,Left,Back,Centre,Left,72
<_io.BytesIO object at 0x000001A1EE97EBD0>,0.6402182579040527,0.0720440223813057,-0.18990574777126312,181279,32,8,False,Left,Back,Centre,Left,72
<_io.BytesIO object at 0x000001A1EE97E270>,0.6863017082214355,0.029766477644443512,-0.10093632340431213,181279,32,8,False,Left,Back,Centre,Left,72
<_io.BytesIO object at 0x000001A1F17E2F90>,0.6948134303092957,0.05275431647896767,-0.1645994782447815,181280,32,8,False,Left,Back,Centre,Left,72
<_io.BytesIO object at 0x000001A1EE97EE00>,0.6766300201416016,0.07637492567300797,-0.17123347520828247,181280,32,8,False,Left,Back,Centre,Left,72
<_io.BytesIO object at 0x000001A1EE97EBD0>,0.6037943363189697,0.06614648550748825,-0.11300898343324661,181280,32,8,False,Left,Back,Centre,Left,72
<_io.BytesIO object at 0x000001A1EE97E720>,0.6403042078018188,0.0720398798584938,-0.18995723128318787,181280,32,8,False,Left,Back,Centre,Left,72
<_io.BytesIO object at 0x000001A1EE97E4A0>,0.6864466667175293,0.029708994552493095,-0.10104648023843765,181280,32,8,False,Left,Back,Centre,Left,72
<_io.BytesIO object at 0x000001A1F17E2A90>,0.694909930229187,0.05266997590661049,-0.16474686563014984,181281,32,8,False,Left,Back,Centre,Left,72
<_io.BytesIO object at 0x000001A1F17E2180>,0.6767918467521667,0.07628249377012253,-0.1713804453611374,181281,32,8,False,Left,Back,Centre,Left,72
<_io.BytesIO object at 0x000001A1F17E2E00>,0.6040247082710266,0.06602075695991516,-0.11303596198558807,181281,32,8,False,Left,Back,Centre,Left,72
<_io.BytesIO object at 0x000001A1F17E2810>,0.6403980851173401,0.07204318791627884,-0.1900264173746109,181281,32,8,False,Left,Back,Centre,Left,72
<_io.BytesIO object at 0x000001A1F17E29A0>,0.6865829229354858,0.029555343091487885,-0.10118795186281204,181281,32,8,False,Left,Back,Centre,Left,72
<_io.BytesIO object at 0x000001A1EE97E2C0>,0.6950240731239319,0.05254584923386574,-0.16484491527080536,181282,32,8,False,Left,Back,Centre,Left,72
<_io.BytesIO object at 0x000001A1F17E28B0>,0.6769244074821472,0.07617772370576859,-0.17146027088165283,181282,32,8,False,Left,Back,Centre,Left,72
<_io.BytesIO object at 0x000001A1F17E2810>,0.6041543483734131,0.06587626039981842,-0.1130509153008461,181282,32,8,False,Left,Back,Centre,Left,72
<_io.BytesIO object at 0x000001A1F17E2CC0>,0.640501856803894,0.07199285924434662,-0.19005653262138367,181282,32,8,False,Left,Back,Centre,Left,72
<_io.BytesIO object at 0x000001A1F17E23B0>,0.6867369413375854,0.029334239661693573,-0.10136175155639648,181282,32,8,False,Left,Back,Centre,Left,72
<_io.BytesIO object at 0x000001A1EE9249A0>,0.6951475739479065,0.052452243864536285,-0.16491961479187012,181283,32,8,False,Left,Back,Centre,Left,72
<_io.BytesIO object at 0x000001A1F16FF720>,0.677057683467865,0.07602862268686295,-0.17148324847221375,181283,32,8,False,Left,Back,Centre,Left,72
<_io.BytesIO object at 0x000001A1F16FFF90>,0.6042673587799072,0.06567128002643585,-0.11309003084897995,181283,32,8,False,Left,Back,Centre,Left,72
<_io.BytesIO object at 0x000001A1F16FF9F0>,0.6406887173652649,0.07189227640628815,-0.19010688364505768,181283,32,8,False,Left,Back,Centre,Left,72
<_io.BytesIO object at 0x000001A1F16FFCC0>,0.6868727803230286,0.02895195037126541,-0.10152076184749603,181283,32,8,False,Left,Back,Centre,Left,72
<_io.BytesIO object at 0x000001A1F17E2860>,0.6952471733093262,0.052311573177576065,-0.164998397231102,181284,32,8,False,Left,Back,Centre,Left,72
<_io.BytesIO object at 0x000001A1F17E2590>,0.6771795153617859,0.07592201232910156,-0.17151778936386108,181284,32,8,False,Left,Back,Centre,Left,72
<_io.BytesIO object at 0x000001A1F17E2D60>,0.604364275932312,0.0654187723994255,-0.11311569809913635,181284,32,8,False,Left,Back,Centre,Left,72
<_io.BytesIO object at 0x000001A1F17E2680>,0.6407701969146729,0.07183675467967987,-0.19010953605175018,181284,32,8,False,Left,Back,Centre,Left,72
<_io.BytesIO object at 0x000001A1F17E2CC0>,0.686969518661499,0.028680725023150444,-0.10165644437074661,181284,32,8,False,Left,Back,Centre,Left,72
<_io.BytesIO object at 0x000001A1F17E2B80>,0.6953713893890381,0.05224369466304779,-0.16508273780345917,181285,32,8,False,Left,Back,Centre,Left,72
<_io.BytesIO object at 0x000001A1F17E2040>,0.6772851347923279,0.07582247257232666,-0.17151875793933868,181285,32,8,False,Left,Back,Centre,Left,72
<_io.BytesIO object at 0x000001A1F17E2BD0>,0.6044113039970398,0.06515239179134369,-0.11314789950847626,181285,32,8,False,Left,Back,Centre,Left,72
<_io.BytesIO object at 0x000001A1F16FFD60>,0.6408320069313049,0.07173386216163635,-0.19018082320690155,181285,32,8,False,Left,Back,Centre,Left,72
<_io.BytesIO object at 0x000001A1F16FF9F0>,0.687065839767456,0.028440536931157112,-0.10176703333854675,181285,32,8,False,Left,Back,Centre,Left,72
<_io.BytesIO object at 0x000001A1F17E2D10>,0.6954690217971802,0.05220842733979225,-0.16514459252357483,181286,32,8,False,Left,Back,Centre,Left,72
<_io.BytesIO object at 0x000001A1F16FFBD0>,0.6773427724838257,0.075742706656456,-0.17153999209403992,181286,32,8,False,Left,Back,Centre,Left,72
<_io.BytesIO object at 0x000001A1F16FF220>,0.6044480800628662,0.06486566364765167,-0.11317924410104752,181286,32,8,False,Left,Back,Centre,Left,72
<_io.BytesIO object at 0x000001A1F16FFCC0>,0.6409074664115906,0.07168550044298172,-0.1901625394821167,181286,32,8,False,Left,Back,Centre,Left,72
<_io.BytesIO object at 0x000001A1F16FF4F0>,0.687118649482727,0.02820744179189205,-0.10188312828540802,181286,32,8,False,Left,Back,Centre,Left,72
<_io.BytesIO object at 0x000001A1EE9249A0>,0.6954796314239502,0.05215412378311157,-0.16513964533805847,181287,32,8,False,Left,Back,Centre,Left,72
<_io.BytesIO object at 0x000001A1F17E28B0>,0.6773526668548584,0.07569862902164459,-0.1715390831232071,181287,32,8,False,Left,Back,Centre,Left,72
<_io.BytesIO object at 0x000001A1F17E2720>,0.6044660806655884,0.0646757185459137,-0.11323034018278122,181287,32,8,False,Left,Back,Centre,Left,72
<_io.BytesIO object at 0x000001A1F17E29A0>,0.6409947276115417,0.07164917886257172,-0.19019687175750732,181287,32,8,False,Left,Back,Centre,Left,72
<_io.BytesIO object at 0x000001A1F17E23B0>,0.6871510148048401,0.02801927924156189,-0.10198003798723221,181287,32,8,False,Left,Back,Centre,Left,72
<_io.BytesIO object at 0x000001A1EE97E630>,0.6954817175865173,0.05212407559156418,-0.16512249410152435,181288,32,8,False,Left,Back,Centre,Left,72
<_io.BytesIO object at 0x000001A1F17E2F40>,0.6773906946182251,0.07568557560443878,-0.1715412586927414,181288,32,8,False,Left,Back,Centre,Left,72
<_io.BytesIO object at 0x000001A1F17E2D10>,0.6044487357139587,0.064534991979599,-0.11324483156204224,181288,32,8,False,Left,Back,Centre,Left,72
<_io.BytesIO object at 0x000001A1F17E2310>,0.6410465240478516,0.07167205959558487,-0.19020944833755493,181288,32,8,False,Left,Back,Centre,Left,72
<_io.BytesIO object at 0x000001A1F17E27C0>,0.687125563621521,0.027933605015277863,-0.10201827436685562,181288,32,8,False,Left,Back,Centre,Left,72
<_io.BytesIO object at 0x000001A1F17E2400>,0.6955184936523438,0.05212582275271416,-0.1651388555765152,181289,32,8,False,Left,Back,Centre,Left,72
<_io.BytesIO object at 0x000001A1F17E2F40>,0.6774317622184753,0.07570703327655792,-0.17152421176433563,181289,32,8,False,Left,Back,Centre,Left,72
<_io.BytesIO object at 0x000001A1F17E2040>,0.6044231057167053,0.0645485520362854,-0.11324699968099594,181289,32,8,False,Left,Back,Centre,Left,72
<_io.BytesIO object at 0x000001A1F17E27C0>,0.6410574913024902,0.0717165470123291,-0.19018001854419708,181289,32,8,False,Left,Back,Centre,Left,72
<_io.BytesIO object at 0x000001A1F17E2C70>,0.6870683431625366,0.027930958196520805,-0.10201647877693176,181289,32,8,False,Left,Back,Centre,Left,72
<_io.BytesIO object at 0x000001A1EE97E400>,0.6955657005310059,0.05219227075576782,-0.1651565134525299,181290,32,8,False,Left,Back,Centre,Left,72
<_io.BytesIO object at 0x000001A1EE97EF40>,0.6774504780769348,0.07576064020395279,-0.17143604159355164,181290,32,8,False,Left,Back,Centre,Left,72
<_io.BytesIO object at 0x000001A1EE97EC70>,0.6043819785118103,0.0647127702832222,-0.11323656886816025,181290,32,8,False,Left,Back,Centre,Left,72
<_io.BytesIO object at 0x000001A1EE97E540>,0.641037106513977,0.07184808701276779,-0.1900886446237564,181290,32,8,False,Left,Back,Centre,Left,72
<_io.BytesIO object at 0x000001A1EE97EAE0>,0.6870108842849731,0.02800706773996353,-0.10198638588190079,181290,32,8,False,Left,Back,Centre,Left,72
<_io.BytesIO object at 0x000001A1F17E2BD0>,0.6955428123474121,0.05234837532043457,-0.16507498919963837,181291,32,8,False,Left,Back,Centre,Left,72
<_io.BytesIO object at 0x000001A1EE97E9A0>,0.6773727536201477,0.07585349678993225,-0.17141377925872803,181291,32,8,False,Left,Back,Centre,Left,72
<_io.BytesIO object at 0x000001A1EE97E810>,0.6043170094490051,0.0648934543132782,-0.11318328231573105,181291,32,8,False,Left,Back,Centre,Left,72
<_io.BytesIO object at 0x000001A1EE97E360>,0.6409225463867188,0.07205937802791595,-0.19008174538612366,181291,32,8,False,Left,Back,Centre,Left,72
<_io.BytesIO object at 0x000001A1EE97EBD0>,0.6869083046913147,0.028130415827035904,-0.10191051661968231,181291,32,8,False,Left,Back,Centre,Left,72
<_io.BytesIO object at 0x000001A1F16FF590>,0.6954612731933594,0.052502430975437164,-0.16491705179214478,181292,32,8,False,Left,Back,Centre,Left,72
<_io.BytesIO object at 0x000001A1EE97EF40>,0.6773405075073242,0.07601504027843475,-0.17127667367458344,181292,32,8,False,Left,Back,Centre,Left,72
<_io.BytesIO object at 0x000001A1EE97E2C0>,0.6042584776878357,0.06517737358808517,-0.1130794882774353,181292,32,8,False,Left,Back,Centre,Left,72
<_io.BytesIO object at 0x000001A1EE97E540>,0.640889585018158,0.07230091840028763,-0.19000586867332458,181292,32,8,False,Left,Back,Centre,Left,72
<_io.BytesIO object at 0x000001A1EE97EA40>,0.686798632144928,0.028308656066656113,-0.10180085897445679,181292,32,8,False,Left,Back,Centre,Left,72
<_io.BytesIO object at 0x000001A1F17E2130>,0.69539475440979,0.05267936363816261,-0.16477560997009277,181293,32,8,False,Left,Back,Centre,Left,72
<_io.BytesIO object at 0x000001A1EE97E770>,0.6772928237915039,0.07624910771846771,-0.17118258774280548,181293,32,8,False,Left,Back,Centre,Left,72
<_io.BytesIO object at 0x000001A1F17E2040>,0.6041315793991089,0.06549243628978729,-0.1129119023680687,181293,32,8,False,Left,Back,Centre,Left,72
<_io.BytesIO object at 0x000001A1F17E2590>,0.6408829689025879,0.07256623357534409,-0.1898982971906662,181293,32,8,False,Left,Back,Centre,Left,72
<_io.BytesIO object at 0x000001A1F17E2900>,0.6867026686668396,0.028530757874250412,-0.10166860371828079,181293,32,8,False,Left,Back,Centre,Left,72
<_io.BytesIO object at 0x000001A1EE97E6D0>,0.6953883767127991,0.05290571227669716,-0.16465894877910614,181294,32,8,False,Left,Back,Centre,Left,72
<_io.BytesIO object at 0x000001A1EE97E360>,0.6772457957267761,0.07655885070562363,-0.1710185706615448,181294,32,8,False,Left,Back,Centre,Left,72
<_io.BytesIO object at 0x000001A1F17E2630>,0.6040815711021423,0.06579599529504776,-0.11276351660490036,181294,32,8,False,Left,Back,Centre,Left,72
<_io.BytesIO object at 0x000001A1F17E2D60>,0.6408789157867432,0.07285212725400925,-0.189750075340271,181294,32,8,False,Left,Back,Centre,Left,72
<_io.BytesIO object at 0x000001A1F17E2590>,0.6866078972816467,0.028795428574085236,-0.10152041912078857,181294,32,8,False,Left,Back,Centre,Left,72
<_io.BytesIO object at 0x000001A1F17E2AE0>,0.6953722238540649,0.05323239043354988,-0.16445642709732056,181295,32,8,False,Left,Back,Centre,Left,72
<_io.BytesIO object at 0x000001A1F16FFF90>,0.6771813631057739,0.07688425481319427,-0.17078153789043427,181295,32,8,False,Left,Back,Centre,Left,72
<_io.BytesIO object at 0x000001A1F16FF4F0>,0.604034960269928,0.06615060567855835,-0.11255766451358795,181295,32,8,False,Left,Back,Centre,Left,72
<_io.BytesIO object at 0x000001A1F16FFC20>,0.6408126950263977,0.07319947332143784,-0.18958503007888794,181295,32,8,False,Left,Back,Centre,Left,72
<_io.BytesIO object at 0x000001A1F16EB130>,0.686499297618866,0.029102621600031853,-0.10130751878023148,181295,32,8,False,Left,Back,Centre,Left,72
<_io.BytesIO object at 0x000001A1F16E3270>,0.6952885389328003,0.053577981889247894,-0.16421997547149658,181296,32,8,False,Left,Back,Centre,Left,72
<_io.BytesIO object at 0x000001A1F16E38B0>,0.6770555377006531,0.07720860838890076,-0.17046117782592773,181296,32,8,False,Left,Back,Centre,Left,72
<_io.BytesIO object at 0x000001A1F16EB040>,0.6039976477622986,0.06656461954116821,-0.11233048141002655,181296,32,8,False,Left,Back,Centre,Left,72
<_io.BytesIO object at 0x000001A1F16EBEF0>,0.6407942175865173,0.0736367255449295,-0.18932847678661346,181296,32,8,False,Left,Back,Centre,Left,72
<_io.BytesIO object at 0x000001A1F16EB360>,0.6863732933998108,0.02953590266406536,-0.10107062011957169,181296,32,8,False,Left,Back,Centre,Left,72
<_io.BytesIO object at 0x000001A1F17E26D0>,0.6951824426651001,0.053882114589214325,-0.1639094203710556,181297,32,8,False,Left,Back,Centre,Left,72
<_io.BytesIO object at 0x000001A1EE9249A0>,0.6770544052124023,0.07754171639680862,-0.17020860314369202,181297,32,8,False,Left,Back,Centre,Left,72
<_io.BytesIO object at 0x000001A1EE97EEA0>,0.6039666533470154,0.06719597429037094,-0.1121155396103859,181297,32,8,False,Left,Back,Centre,Left,72
<_io.BytesIO object at 0x000001A1EE97E310>,0.6408190131187439,0.0740436464548111,-0.1890709400177002,181297,32,8,False,Left,Back,Centre,Left,72
<_io.BytesIO object at 0x000001A1EE97E590>,0.6862983107566833,0.02987825684249401,-0.10083133727312088,181297,32,8,False,Left,Back,Centre,Left,72
<_io.BytesIO object at 0x000001A1F1710810>,0.6950607299804688,0.054238706827163696,-0.16354943811893463,181298,32,8,False,Left,Back,Centre,Left,72
<_io.BytesIO object at 0x000001A1F17104A0>,0.6770332455635071,0.07801059633493423,-0.16990926861763,181298,32,8,False,Left,Back,Centre,Left,72
<_io.BytesIO object at 0x000001A1F171BCC0>,0.6039215922355652,0.06778556108474731,-0.11170002073049545,181298,32,8,False,Left,Back,Centre,Left,72
<_io.BytesIO object at 0x000001A1F171BB30>,0.6408512592315674,0.07444892078638077,-0.188802108168602,181298,32,8,False,Left,Back,Centre,Left,72
<_io.BytesIO object at 0x000001A1F17001D0>,0.6862139701843262,0.030283138155937195,-0.1005207896232605,181298,32,8,False,Left,Back,Centre,Left,72
<_io.BytesIO object at 0x000001A1F16A71D0>,0.6950260996818542,0.054650451987981796,-0.16325761377811432,181299,32,8,False,Left,Back,Centre,Left,72
<_io.BytesIO object at 0x000001A1F16A8270>,0.6770756244659424,0.0783667340874672,-0.16961030662059784,181299,32,8,False,Left,Back,Centre,Left,72
<_io.BytesIO object at 0x000001A1F16A8680>,0.603922963142395,0.06835468113422394,-0.11134134232997894,181299,32,8,False,Left,Back,Centre,Left,72
<_io.BytesIO object at 0x000001A1F16A8E50>,0.6408801078796387,0.07506566494703293,-0.18825837969779968,181299,32,8,False,Left,Back,Centre,Left,72
<_io.BytesIO object at 0x000001A1F17030E0>,0.6861310005187988,0.03070514090359211,-0.10023004561662674,181299,32,8,False,Left,Back,Centre,Left,72
<_io.BytesIO object at 0x000001A1F1706400>,0.6949934363365173,0.05511849746108055,-0.16286583244800568,181300,32,8,False,Left,Back,Centre,Left,72
<_io.BytesIO object at 0x000001A1F17069F0>,0.677127480506897,0.07877729088068008,-0.16925309598445892,181300,32,8,False,Left,Back,Centre,Left,72
<_io.BytesIO object at 0x000001A1F16CBC70>,0.6038823127746582,0.06905098259449005,-0.11084259301424026,181300,32,8,False,Left,Back,Centre,Left,72
<_io.BytesIO object at 0x000001A1F16CB3B0>,0.6408172249794006,0.0757293775677681,-0.18789172172546387,181300,32,8,False,Left,Back,Centre,Left,72
<_io.BytesIO object at 0x000001A1F16CBE00>,0.6860708594322205,0.031147664412856102,-0.09984174370765686,181300,32,8,False,Left,Back,Centre,Left,72
<_io.BytesIO object at 0x000001A1EE92C950>,0.6949178576469421,0.05557934567332268,-0.16241419315338135,181301,32,8,False,Left,Back,Centre,Left,72
<_io.BytesIO object at 0x000001A1F180CDB0>,0.6771379709243774,0.07932699471712112,-0.16874299943447113,181301,32,8,False,Left,Back,Centre,Left,72
<_io.BytesIO object at 0x000001A1F180C860>,0.6038902997970581,0.0698203295469284,-0.11036713421344757,181301,32,8,False,Left,Back,Centre,Left,72
<_io.BytesIO object at 0x000001A1EE98DD60>,0.6407750248908997,0.07640485465526581,-0.18739239871501923,181301,32,8,False,Left,Back,Centre,Left,72
<_io.BytesIO object at 0x000001A1EE98DE00>,0.6860101222991943,0.03166943043470383,-0.09949109703302383,181301,32,8,False,Left,Back,Centre,Left,72
<_io.BytesIO object at 0x000001A1F180C310>,0.694875955581665,0.05601474270224571,-0.161928191781044,181302,32,8,False,Left,Back,Centre,Left,72
<_io.BytesIO object at 0x000001A1E9D454A0>,0.6771719455718994,0.0798577144742012,-0.16836674511432648,181302,32,8,False,Left,Back,Centre,Left,72
<_io.BytesIO object at 0x000001A1EE92C810>,0.6039992570877075,0.07074441760778427,-0.10978960990905762,181302,32,8,False,Left,Back,Centre,Left,72
<_io.BytesIO object at 0x000001A1EE92C450>,0.6408634185791016,0.0770055428147316,-0.18697436153888702,181302,32,8,False,Left,Back,Centre,Left,72
<_io.BytesIO object at 0x000001A1EE92CA40>,0.6859127283096313,0.03217603266239166,-0.09900713711977005,181302,32,8,False,Left,Back,Centre,Left,72
<_io.BytesIO object at 0x000001A1F17062C0>,0.6948025226593018,0.05650576949119568,-0.16137033700942993,181303,32,8,False,Left,Back,Centre,Left,72
<_io.BytesIO object at 0x000001A1F1706EF0>,0.6772488355636597,0.08045686781406403,-0.16786789894104004,181303,32,8,False,Left,Back,Centre,Left,72
<_io.BytesIO object at 0x000001A1EE928D10>,0.6040233969688416,0.07163769751787186,-0.10918352007865906,181303,32,8,False,Left,Back,Centre,Left,72
<_io.BytesIO object at 0x000001A1EE9286D0>,0.6409276127815247,0.07775966078042984,-0.18643447756767273,181303,32,8,False,Left,Back,Centre,Left,72
<_io.BytesIO object at 0x000001A1EE9287C0>,0.6857739686965942,0.032694846391677856,-0.09848307073116302,181303,32,8,False,Left,Back,Centre,Left,72
<_io.BytesIO object at 0x000001A1F16A8400>,0.6947874426841736,0.057056866586208344,-0.1608036607503891,181304,32,8,False,Left,Back,Centre,Left,72
<_io.BytesIO object at 0x000001A1F16A7AE0>,0.6773090958595276,0.08103825151920319,-0.16723035275936127,181304,32,8,False,Left,Back,Centre,Left,72
<_io.BytesIO object at 0x000001A1F16A7590>,0.6041520833969116,0.07271311432123184,-0.10856878757476807,181304,32,8,False,Left,Back,Centre,Left,72
<_io.BytesIO object at 0x000001A1F16A7DB0>,0.6409671902656555,0.07862220704555511,-0.1857052445411682,181304,32,8,False,Left,Back,Centre,Left,72
<_io.BytesIO object at 0x000001A1F16A7310>,0.685631275177002,0.03343798965215683,-0.09791633486747742,181304,32,8,False,Left,Back,Centre,Left,72
<_io.BytesIO object at 0x000001A1F1710900>,0.6947388648986816,0.05771205201745033,-0.16014960408210754,181305,32,8,False,Left,Back,Centre,Left,72
<_io.BytesIO object at 0x000001A1F1710400>,0.6773236393928528,0.08175159245729446,-0.16652552783489227,181305,32,8,False,Left,Back,Centre,Left,72
<_io.BytesIO object at 0x000001A1F1710090>,0.6042030453681946,0.07380509376525879,-0.10788773745298386,181305,32,8,False,Left,Back,Centre,Left,72
<_io.BytesIO object at 0x000001A1F16E70E0>,0.6409540772438049,0.07952286303043365,-0.1851029396057129,181305,32,8,False,Left,Back,Centre,Left,72
<_io.BytesIO object at 0x000001A1F16E79A0>,0.685539960861206,0.03417649865150452,-0.09721563756465912,181305,32,8,False,Left,Back,Centre,Left,72
<_io.BytesIO object at 0x000001A1F17E26D0>,0.6946064829826355,0.05838894098997116,-0.15941692888736725,181306,32,8,False,Left,Back,Centre,Left,72
<_io.BytesIO object at 0x000001A1F17E2180>,0.6773319840431213,0.0824897438287735,-0.16584919393062592,181306,32,8,False,Left,Back,Centre,Left,72
<_io.BytesIO object at 0x000001A1F17E2220>,0.6042084097862244,0.07509683072566986,-0.10696738958358765,181306,32,8,False,Left,Back,Centre,Left,72
<_io.BytesIO object at 0x000001A1F17E2D10>,0.6408349871635437,0.0804382711648941,-0.18425971269607544,181306,32,8,False,Left,Back,Centre,Left,72
<_io.BytesIO object at 0x000001A1F16FFB30>,0.6853726506233215,0.03493181988596916,-0.09639055281877518,181306,32,8,False,Left,Back,Centre,Left,72
<_io.BytesIO object at 0x000001A1F16EB860>,0.6944702863693237,0.05918198078870773,-0.158468559384346,181307,32,8,False,Left,Back,Centre,Left,72
<_io.BytesIO object at 0x000001A1F16EB270>,0.6773111820220947,0.08332519978284836,-0.16506625711917877,181307,32,8,False,Left,Back,Centre,Left,72
<_io.BytesIO object at 0x000001A1F16FF860>,0.6042929291725159,0.07634622603654861,-0.10605565458536148,181307,32,8,False,Left,Back,Centre,Left,72
<_io.BytesIO object at 0x000001A1F16FF4F0>,0.6409241557121277,0.08147497475147247,-0.18336690962314606,181307,32,8,False,Left,Back,Centre,Left,72
<_io.BytesIO object at 0x000001A1F16FF450>,0.685132622718811,0.03579598292708397,-0.09546015411615372,181307,32,8,False,Left,Back,Centre,Left,72
<_io.BytesIO object at 0x000001A1EE97E630>,0.6943525671958923,0.060042984783649445,-0.1575121283531189,181308,32,8,False,Left,Back,Centre,Left,72
<_io.BytesIO object at 0x000001A1EE97EE50>,0.6773103475570679,0.084290511906147,-0.16396041214466095,181308,32,8,False,Left,Back,Centre,Left,72
<_io.BytesIO object at 0x000001A1F16E7180>,0.6042738556861877,0.07775983214378357,-0.10503771156072617,181308,32,8,False,Left,Back,Centre,Left,72
<_io.BytesIO object at 0x000001A1F16E7680>,0.6409241557121277,0.08267142623662949,-0.18244053423404694,181308,32,8,False,Left,Back,Centre,Left,72
<_io.BytesIO object at 0x000001A1F16E7450>,0.6850443482398987,0.03675822913646698,-0.09455547481775284,181308,32,8,False,Left,Back,Centre,Left,72
<_io.BytesIO object at 0x000001A1F171BEF0>,0.6942160129547119,0.060954198241233826,-0.15653790533542633,181309,32,8,False,Left,Back,Centre,Left,72
<_io.BytesIO object at 0x000001A1F1700400>,0.6773077249526978,0.08524734526872635,-0.16298896074295044,181309,32,8,False,Left,Back,Centre,Left,72
<_io.BytesIO object at 0x000001A1F1700810>,0.6043095588684082,0.07931981235742569,-0.10381175577640533,181309,32,8,False,Left,Back,Centre,Left,72
<_io.BytesIO object at 0x000001A1F1700180>,0.6408023238182068,0.08404890447854996,-0.18117715418338776,181309,32,8,False,Left,Back,Centre,Left,72
<_io.BytesIO object at 0x000001A1F17007C0>,0.6848097443580627,0.03765818104147911,-0.09346982091665268,181309,32,8,False,Left,Back,Centre,Left,72
<_io.BytesIO object at 0x000001A1F16A8AE0>,0.69390869140625,0.06197682395577431,-0.15526607632637024,181310,32,8,False,Left,Back,Centre,Left,72
<_io.BytesIO object at 0x000001A1F1703130>,0.6773644089698792,0.08635704964399338,-0.16174159944057465,181310,32,8,False,Left,Back,Centre,Left,72
<_io.BytesIO object at 0x000001A1F17039F0>,0.6042977571487427,0.08098085969686508,-0.10241067409515381,181310,32,8,False,Left,Back,Centre,Left,72
<_io.BytesIO object at 0x000001A1EE928A90>,0.6407873630523682,0.08550368249416351,-0.1800069957971573,181310,32,8,False,Left,Back,Centre,Left,72
<_io.BytesIO object at 0x000001A1EE928310>,0.6844332814216614,0.03861403465270996,-0.09229536354541779,181310,32,8,False,Left,Back,Centre,Left,72
<_io.BytesIO object at 0x000001A1F16CB590>,0.693669319152832,0.06288733333349228,-0.15399852395057678,181311,32,8,False,Left,Back,Centre,Left,72
<_io.BytesIO object at 0x000001A1F16CB0E0>,0.6772177219390869,0.087562195956707,-0.1603124737739563,181311,32,8,False,Left,Back,Centre,Left,72
<_io.BytesIO object at 0x000001A1EE92C220>,0.6043781042098999,0.08292219787836075,-0.10079718381166458,181311,32,8,False,Left,Back,Centre,Left,72
<_io.BytesIO object at 0x000001A1EE92CEA0>,0.6407589316368103,0.08716827630996704,-0.1783880889415741,181311,32,8,False,Left,Back,Centre,Left,72
<_io.BytesIO object at 0x000001A1EE92C130>,0.6839931607246399,0.039523329585790634,-0.09108906984329224,181311,32,8,False,Left,Back,Centre,Left,72
<_io.BytesIO object at 0x000001A1EE98D090>,0.6932358145713806,0.06389335542917252,-0.1524789035320282,181312,32,8,False,Left,Back,Centre,Left,72
<_io.BytesIO object at 0x000001A1EE98DB80>,0.6772536039352417,0.08881254494190216,-0.1588519960641861,181312,32,8,False,Left,Back,Centre,Left,72
<_io.BytesIO object at 0x000001A1F16E3090>,0.6044468879699707,0.0849919319152832,-0.09900778532028198,181312,32,8,False,Left,Back,Centre,Left,72
<_io.BytesIO object at 0x000001A1F16E3630>,0.6406493186950684,0.08910661190748215,-0.1769012063741684,181312,32,8,False,Left,Back,Centre,Left,72
<_io.BytesIO object at 0x000001A1F16E3810>,0.6833493113517761,0.040430523455142975,-0.0897451862692833,181312,32,8,False,Left,Back,Centre,Left,72
<_io.BytesIO object at 0x000001A1F180C680>,0.6928226351737976,0.06501682847738266,-0.1507522314786911,181313,32,8,False,Left,Back,Centre,Left,72
<_io.BytesIO object at 0x000001A1F180CBD0>,0.6771791577339172,0.09015023708343506,-0.15717695653438568,181313,32,8,False,Left,Back,Centre,Left,72
<_io.BytesIO object at 0x000001A1E9D451D0>,0.6044741272926331,0.0871639996767044,-0.09698318690061569,181313,32,8,False,Left,Back,Centre,Left,72
<_io.BytesIO object at 0x000001A1E9D456D0>,0.6405248045921326,0.09106158465147018,-0.17502665519714355,181313,32,8,False,Left,Back,Centre,Left,72
<_io.BytesIO object at 0x000001A1E9D45360>,0.6827175617218018,0.041734982281923294,-0.08813077956438065,181313,32,8,False,Left,Back,Centre,Left,72
<_io.BytesIO object at 0x000001A1F16CBCC0>,0.6923999190330505,0.06619037687778473,-0.1488591730594635,181314,32,8,False,Left,Back,Centre,Left,72
<_io.BytesIO object at 0x000001A1F1706AE0>,0.677117109298706,0.0915202647447586,-0.15517619252204895,181314,32,8,False,Left,Back,Centre,Left,72
<_io.BytesIO object at 0x000001A1F1706D60>,0.6046226620674133,0.08962039649486542,-0.09469937533140182,181314,32,8,False,Left,Back,Centre,Left,72
<_io.BytesIO object at 0x000001A1F1706F40>,0.6404831409454346,0.09316331148147583,-0.17297551035881042,181314,32,8,False,Left,Back,Centre,Left,72
<_io.BytesIO object at 0x000001A1EE928450>,0.6820730566978455,0.042615048587322235,-0.08607051521539688,181314,32,8,False,Left,Back,Centre,Left,72
<_io.BytesIO object at 0x000001A1F16A8860>,0.6919798851013184,0.06740789860486984,-0.14674822986125946,181315,32,8,False,Left,Back,Centre,Left,72
<_io.BytesIO object at 0x000001A1F16A8130>,0.6771757006645203,0.09305799007415771,-0.15303386747837067,181315,32,8,False,Left,Back,Centre,Left,72
<_io.BytesIO object at 0x000001A1F16A82C0>,0.6047945618629456,0.0924277976155281,-0.09218981117010117,181315,32,8,False,Left,Back,Centre,Left,72
<_io.BytesIO object at 0x000001A1F16A7810>,0.6405035853385925,0.09534872323274612,-0.17074590921401978,181315,32,8,False,Left,Back,Centre,Left,72
<_io.BytesIO object at 0x000001A1F16A79F0>,0.6812013983726501,0.04381877928972244,-0.08392240107059479,181315,32,8,False,Left,Back,Centre,Left,72
<_io.BytesIO object at 0x000001A1F171BA90>,0.6914332509040833,0.06866735219955444,-0.14442189037799835,181316,32,8,False,Left,Back,Centre,Left,72
<_io.BytesIO object at 0x000001A1F1710540>,0.6770336031913757,0.09456199407577515,-0.15069381892681122,181316,32,8,False,Left,Back,Centre,Left,72
<_io.BytesIO object at 0x000001A1F17108B0>,0.6050631999969482,0.09538132697343826,-0.08938980847597122,181316,32,8,False,Left,Back,Centre,Left,72
<_io.BytesIO object at 0x000001A1F17106D0>,0.6404135227203369,0.09761188179254532,-0.16808858513832092,181316,32,8,False,Left,Back,Centre,Left,72
<_io.BytesIO object at 0x000001A1F1710EF0>,0.680401623249054,0.045194223523139954,-0.08148181438446045,181316,32,8,False,Left,Back,Centre,Left,72
<_io.BytesIO object at 0x000001A1EE97EAE0>,0.6908286213874817,0.06997324526309967,-0.14174148440361023,181317,32,8,False,Left,Back,Centre,Left,72
<_io.BytesIO object at 0x000001A1EE9249A0>,0.6769956350326538,0.09610781073570251,-0.14805908501148224,181317,32,8,False,Left,Back,Centre,Left,72
<_io.BytesIO object at 0x000001A1F17E2630>,0.6053237915039062,0.098393514752388,-0.08634316921234131,181317,32,8,False,Left,Back,Centre,Left,72
<_io.BytesIO object at 0x000001A1F17E2900>,0.6404024362564087,0.09999174624681473,-0.1652495115995407,181317,32,8,False,Left,Back,Centre,Left,72
<_io.BytesIO object at 0x000001A1F17E20E0>,0.6796252727508545,0.04674043133854866,-0.07878169417381287,181317,32,8,False,Left,Back,Centre,Left,72
<_io.BytesIO object at 0x000001A1F16FF590>,0.6902204751968384,0.07128946483135223,-0.1388569474220276,181318,32,8,False,Left,Back,Centre,Left,72
<_io.BytesIO object at 0x000001A1F16FF950>,0.6768887042999268,0.09789418429136276,-0.14492011070251465,181318,32,8,False,Left,Back,Centre,Left,72
<_io.BytesIO object at 0x000001A1F17E2C20>,0.6056526303291321,0.10154310613870621,-0.08303788304328918,181318,32,8,False,Left,Back,Centre,Left,72
<_io.BytesIO object at 0x000001A1F17E2950>,0.6401580572128296,0.10247044265270233,-0.16196361184120178,181318,32,8,False,Left,Back,Centre,Left,72
<_io.BytesIO object at 0x000001A1F17E20E0>,0.6786013245582581,0.04825294762849808,-0.07573335617780685,181318,32,8,False,Left,Back,Centre,Left,72
<_io.BytesIO object at 0x000001A1F16E7CC0>,0.6895515322685242,0.07264916598796844,-0.13563919067382812,181319,32,8,False,Left,Back,Centre,Left,72
<_io.BytesIO object at 0x000001A1F16E7E50>,0.6767095923423767,0.09935734421014786,-0.14188800752162933,181319,32,8,False,Left,Back,Centre,Left,72
<_io.BytesIO object at 0x000001A1F1710D60>,0.6059509515762329,0.10490595549345016,-0.07939751446247101,181319,32,8,False,Left,Back,Centre,Left,72
<_io.BytesIO object at 0x000001A1F1710D10>,0.6400362849235535,0.10492996871471405,-0.15847934782505035,181319,32,8,False,Left,Back,Centre,Left,72
<_io.BytesIO object at 0x000001A1F1710A40>,0.6778661012649536,0.05014127492904663,-0.07239893823862076,181319,32,8,False,Left,Back,Centre,Left,72
<_io.BytesIO object at 0x000001A1F1700040>,0.6887323260307312,0.07393287867307663,-0.13212630152702332,181320,32,8,False,Left,Back,Centre,Left,72
<_io.BytesIO object at 0x000001A1F16A7180>,0.6765146851539612,0.10089322924613953,-0.13850900530815125,181320,32,8,False,Left,Back,Centre,Left,72
<_io.BytesIO object at 0x000001A1F16A7590>,0.6064479947090149,0.10811498016119003,-0.0753171294927597,181320,32,8,False,Left,Back,Centre,Left,72
<_io.BytesIO object at 0x000001A1F16A7D60>,0.6398718357086182,0.10748688876628876,-0.15479359030723572,181320,32,8,False,Left,Back,Centre,Left,72
<_io.BytesIO object at 0x000001A1F16A7EF0>,0.6768435835838318,0.05160168930888176,-0.06875346601009369,181320,32,8,False,Left,Back,Centre,Left,72
<_io.BytesIO object at 0x000001A1EE928C70>,0.6878015995025635,0.07538657635450363,-0.12822912633419037,181321,32,8,False,Left,Back,Centre,Left,72
<_io.BytesIO object at 0x000001A1EE928130>,0.6762189269065857,0.10266829282045364,-0.134409099817276,181321,32,8,False,Left,Back,Centre,Left,72
<_io.BytesIO object at 0x000001A1EE928D60>,0.6069478988647461,0.11146484315395355,-0.07084213942289352,181321,32,8,False,Left,Back,Centre,Left,72
<_io.BytesIO object at 0x000001A1EE928900>,0.6396864056587219,0.11030452698469162,-0.1503564417362213,181321,32,8,False,Left,Back,Centre,Left,72
<_io.BytesIO object at 0x000001A1F1706360>,0.6758620142936707,0.05322651192545891,-0.06501676142215729,181321,32,8,False,Left,Back,Centre,Left,72
<_io.BytesIO object at 0x000001A1EE92C090>,0.6866809129714966,0.07667732983827591,-0.12406589090824127,181322,32,8,False,Left,Back,Centre,Left,72
<_io.BytesIO object at 0x000001A1EE92CF40>,0.6759219765663147,0.10425812005996704,-0.13028357923030853,181322,32,8,False,Left,Back,Centre,Left,72
<_io.BytesIO object at 0x000001A1EE92C400>,0.6074109077453613,0.11484327912330627,-0.06604024767875671,181322,32,8,False,Left,Back,Centre,Left,72
<_io.BytesIO object at 0x000001A1E9D45720>,0.6395505666732788,0.11298394203186035,-0.1462218165397644,181322,32,8,False,Left,Back,Centre,Left,72
<_io.BytesIO object at 0x000001A1E9D458B0>,0.674592912197113,0.05475183576345444,-0.06102631613612175,181322,32,8,False,Left,Back,Centre,Left,72
<_io.BytesIO object at 0x000001A1F16E3860>,0.6853182911872864,0.0779007226228714,-0.11962635815143585,181323,32,8,False,Left,Back,Centre,Left,72
<_io.BytesIO object at 0x000001A1F16E3220>,0.6754897832870483,0.10583846271038055,-0.12577496469020844,181323,32,8,False,Left,Back,Centre,Left,72
<_io.BytesIO object at 0x000001A1F16EB810>,0.6078470349311829,0.1182236298918724,-0.06071941554546356,181323,32,8,False,Left,Back,Centre,Left,72
<_io.BytesIO object at 0x000001A1F16EB3B0>,0.6393924355506897,0.11584636569023132,-0.1417018622159958,181323,32,8,False,Left,Back,Centre,Left,72
<_io.BytesIO object at 0x000001A1F16EBF40>,0.673084557056427,0.05604787915945053,-0.05675796791911125,181323,32,8,False,Left,Back,Centre,Left,72
<_io.BytesIO object at 0x000001A1F16E3860>,0.6838430762290955,0.07909092307090759,-0.11480685323476791,181324,32,8,False,Left,Back,Centre,Left,72
<_io.BytesIO object at 0x000001A1EE98D900>,0.6748448610305786,0.10738711059093475,-0.12087011337280273,181324,32,8,False,Left,Back,Centre,Left,72
<_io.BytesIO object at 0x000001A1EE98DA90>,0.6083634495735168,0.12174117565155029,-0.054996978491544724,181324,32,8,False,Left,Back,Centre,Left,72
<_io.BytesIO object at 0x000001A1F180C3B0>,0.6391041874885559,0.11895336955785751,-0.13604502379894257,181324,32,8,False,Left,Back,Centre,Left,72
<_io.BytesIO object at 0x000001A1F180C4F0>,0.6712998747825623,0.057257018983364105,-0.05204198881983757,181324,32,8,False,Left,Back,Centre,Left,72
<_io.BytesIO object at 0x000001A1EE92C130>,0.6822004914283752,0.08020375669002533,-0.10966194421052933,181325,32,8,False,Left,Back,Centre,Left,72
<_io.BytesIO object at 0x000001A1F16CB2C0>,0.6741399765014648,0.10880957543849945,-0.11565191298723221,181325,32,8,False,Left,Back,Centre,Left,72
<_io.BytesIO object at 0x000001A1F16CB180>,0.6085920333862305,0.12508918344974518,-0.04895880073308945,181325,32,8,False,Left,Back,Centre,Left,72
<_io.BytesIO object at 0x000001A1F16CB720>,0.6386470198631287,0.12185658514499664,-0.13045570254325867,181325,32,8,False,Left,Back,Centre,Left,72
<_io.BytesIO object at 0x000001A1F16CB360>,0.6694978475570679,0.05847470089793205,-0.04697959125041962,181325,32,8,False,Left,Back,Centre,Left,72
<_io.BytesIO object at 0x000001A1F1703B30>,0.6804342865943909,0.08147678524255753,-0.10414302349090576,181326,32,8,False,Left,Back,Centre,Left,72
<_io.BytesIO object at 0x000001A1F1703950>,0.6732729077339172,0.11034426838159561,-0.11004120856523514,181326,32,8,False,Left,Back,Centre,Left,72
<_io.BytesIO object at 0x000001A1F16A83B0>,0.6087157726287842,0.12830762565135956,-0.04259800538420677,181326,32,8,False,Left,Back,Centre,Left,72
<_io.BytesIO object at 0x000001A1F16A8E50>,0.6381701827049255,0.12463988363742828,-0.12464670091867447,181326,32,8,False,Left,Back,Centre,Left,72
<_io.BytesIO object at 0x000001A1F16A8310>,0.6672483086585999,0.05980478227138519,-0.041578445583581924,181326,32,8,False,Left,Back,Centre,Left,72
<_io.BytesIO object at 0x000001A1F1700590>,0.6786420941352844,0.08275071531534195,-0.09817175567150116,181327,32,8,False,Left,Back,Centre,Left,72
<_io.BytesIO object at 0x000001A1F1700950>,0.6722089648246765,0.11207223683595657,-0.10374653339385986,181327,32,8,False,Left,Back,Centre,Left,72
<_io.BytesIO object at 0x000001A1F171B720>,0.6083993315696716,0.13130754232406616,-0.036006342619657516,181327,32,8,False,Left,Back,Centre,Left,72
<_io.BytesIO object at 0x000001A1F171BE50>,0.6375058889389038,0.12732075154781342,-0.11849342286586761,181327,32,8,False,Left,Back,Centre,Left,72
<_io.BytesIO object at 0x000001A1F171B950>,0.6645891666412354,0.061025470495224,-0.03577284887433052,181327,32,8,False,Left,Back,Centre,Left,72
<_io.BytesIO object at 0x000001A1EE97E9F0>,0.6767199635505676,0.08421095460653305,-0.09165814518928528,181328,32,8,False,Left,Back,Centre,Left,72
<_io.BytesIO object at 0x000001A1EE97E680>,0.6710267066955566,0.11369751393795013,-0.09750853478908539,181328,32,8,False,Left,Back,Centre,Left,72
<_io.BytesIO object at 0x000001A1EE97E950>,0.6077385544776917,0.1342787742614746,-0.029159782454371452,181328,32,8,False,Left,Back,Centre,Left,72
<_io.BytesIO object at 0x000001A1EE97E590>,0.6366724371910095,0.12983021140098572,-0.11209648847579956,181328,32,8,False,Left,Back,Centre,Left,72
<_io.BytesIO object at 0x000001A1EE97EAE0>,0.6623631715774536,0.06298475712537766,-0.02964852750301361,181328,32,8,False,Left,Back,Centre,Left,72
<_io.BytesIO object at 0x000001A1F16FF770>,0.6746582388877869,0.08589129894971848,-0.08480337262153625,181329,32,8,False,Left,Back,Centre,Left,72
<_io.BytesIO object at 0x000001A1F16FFCC0>,0.6695135831832886,0.11529164016246796,-0.09069359302520752,181329,32,8,False,Left,Back,Centre,Left,72
<_io.BytesIO object at 0x000001A1F17E2AE0>,0.6065736413002014,0.13697250187397003,-0.02200399525463581,181329,32,8,False,Left,Back,Centre,Left,72
<_io.BytesIO object at 0x000001A1F17E2180>,0.6355392336845398,0.13223861157894135,-0.10563840717077255,181329,32,8,False,Left,Back,Centre,Left,72
<_io.BytesIO object at 0x000001A1F17E21D0>,0.6594185829162598,0.06447724252939224,-0.02295101061463356,181329,32,8,False,Left,Back,Centre,Left,72
<_io.BytesIO object at 0x000001A1F16E7180>,0.6724486947059631,0.08753806352615356,-0.07770998030900955,181330,32,8,False,Left,Back,Centre,Left,72
<_io.BytesIO object at 0x000001A1F16E7130>,0.6677819490432739,0.11713769286870956,-0.08361668139696121,181330,32,8,False,Left,Back,Centre,Left,72
<_io.BytesIO object at 0x000001A1F1710BD0>,0.6049773693084717,0.1394941806793213,-0.014768068678677082,181330,32,8,False,Left,Back,Centre,Left,72
<_io.BytesIO object at 0x000001A1F1710D10>,0.6340987086296082,0.1347234696149826,-0.09853080660104752,181330,32,8,False,Left,Back,Centre,Left,72
<_io.BytesIO object at 0x000001A1F1710A40>,0.6567295789718628,0.06667661666870117,-0.016059063374996185,181330,32,8,False,Left,Back,Centre,Left,72
<_io.BytesIO object at 0x000001A1F1700CC0>,0.6695722341537476,0.08890429884195328,-0.0706382691860199,181331,32,8,False,Left,Back,Centre,Left,72
<_io.BytesIO object at 0x000001A1F16A72C0>,0.6659194231033325,0.11890796571969986,-0.07639496773481369,181331,32,8,False,Left,Back,Centre,Left,72
<_io.BytesIO object at 0x000001A1F16A70E0>,0.6030402183532715,0.1420244723558426,-0.007345910184085369,181331,32,8,False,Left,Back,Centre,Left,72
<_io.BytesIO object at 0x000001A1F16A7EF0>,0.6326256990432739,0.13710236549377441,-0.09157965332269669,181331,32,8,False,Left,Back,Centre,Left,72
<_io.BytesIO object at 0x000001A1F16A7AE0>,0.6532527208328247,0.06763873249292374,-0.008562621660530567,181331,32,8,False,Left,Back,Centre,Left,72
<_io.BytesIO object at 0x000001A1EE928590>,0.6670985817909241,0.09080356359481812,-0.06290747970342636,181332,32,8,False,Left,Back,Centre,Left,72
<_io.BytesIO object at 0x000001A1EE928C70>,0.6638228297233582,0.1206701323390007,-0.06884986162185669,181332,32,8,False,Left,Back,Centre,Left,72
<_io.BytesIO object at 0x000001A1EE928900>,0.6007660031318665,0.14444465935230255,0.00028144169482402503,181332,32,8,False,Left,Back,Centre,Left,72
<_io.BytesIO object at 0x000001A1F1706B30>,0.6307414174079895,0.13938775658607483,-0.08399377018213272,181332,32,8,False,Left,Back,Centre,Left,72
<_io.BytesIO object at 0x000001A1F17066D0>,0.6500396132469177,0.06954503059387207,-0.0010267922189086676,181332,32,8,False,Left,Back,Centre,Left,72
<_io.BytesIO object at 0x000001A1EE92CE50>,0.6641549468040466,0.09257333725690842,-0.05503330007195473,181333,32,8,False,Left,Back,Centre,Left,72
<_io.BytesIO object at 0x000001A1EE92C090>,0.6614770889282227,0.12244129180908203,-0.06097806245088577,181333,32,8,False,Left,Back,Centre,Left,72
<_io.BytesIO object at 0x000001A1EE92CA40>,0.5983744263648987,0.1470125913619995,0.008035821840167046,181333,32,8,False,Left,Back,Centre,Left,72
<_io.BytesIO object at 0x000001A1E9D45360>,0.62874436378479,0.14170221984386444,-0.07637558877468109,181333,32,8,False,Left,Back,Centre,Left,72
<_io.BytesIO object at 0x000001A1E9D450E0>,0.6464934349060059,0.07133413106203079,0.006782225798815489,181333,32,8,False,Left,Back,Centre,Left,72
<_io.BytesIO object at 0x000001A1F16E3810>,0.6611120104789734,0.09417181462049484,-0.04692976176738739,181334,32,8,False,Left,Back,Centre,Left,72
<_io.BytesIO object at 0x000001A1F16EBC20>,0.6589503288269043,0.12414402514696121,-0.05297355353832245,181334,32,8,False,Left,Back,Centre,Left,72
<_io.BytesIO object at 0x000001A1F16EB810>,0.5958160758018494,0.1495724618434906,0.015991611406207085,181334,32,8,False,Left,Back,Centre,Left,72
<_io.BytesIO object at 0x000001A1F16EB3B0>,0.6266217827796936,0.1439419537782669,-0.06847832351922989,181334,32,8,False,Left,Back,Centre,Left,72
<_io.BytesIO object at 0x000001A1F16EBEF0>,0.6427263021469116,0.07307599484920502,0.014727040193974972,181334,32,8,False,Left,Back,Centre,Left,72
<_io.BytesIO object at 0x000001A1F16E3810>,0.6577263474464417,0.09555582702159882,-0.03871065005660057,181335,32,8,False,Left,Back,Centre,Left,72
<_io.BytesIO object at 0x000001A1EE98DA40>,0.6562245488166809,0.1255912482738495,-0.04474569484591484,181335,32,8,False,Left,Back,Centre,Left,72
<_io.BytesIO object at 0x000001A1F180C3B0>,0.5931528806686401,0.1520504504442215,0.023985730484128,181335,32,8,False,Left,Back,Centre,Left,72
<_io.BytesIO object at 0x000001A1F180CAE0>,0.6243592500686646,0.1461552381515503,-0.06037737801671028,181335,32,8,False,Left,Back,Centre,Left,72
<_io.BytesIO object at 0x000001A1F180C400>,0.6385722756385803,0.07464266568422318,0.022827524691820145,181335,32,8,False,Left,Back,Centre,Left,72
<_io.BytesIO object at 0x000001A1F16CBA90>,0.6540926694869995,0.09672549366950989,-0.0303173940628767,181336,32,8,False,Left,Back,Centre,Left,72
<_io.BytesIO object at 0x000001A1F16CBEF0>,0.6533721089363098,0.12687206268310547,-0.0363420732319355,181336,32,8,False,Left,Back,Centre,Left,72
<_io.BytesIO object at 0x000001A1F16CB180>,0.5904583930969238,0.1543651521205902,0.03244348242878914,181336,32,8,False,Left,Back,Centre,Left,72
<_io.BytesIO object at 0x000001A1F16CB310>,0.6219752430915833,0.14824511110782623,-0.051912274211645126,181336,32,8,False,Left,Back,Centre,Left,72
<_io.BytesIO object at 0x000001A1F16CB630>,0.6339907050132751,0.07596246898174286,0.031171765178442,181336,32,8,False,Left,Back,Centre,Left,72
<_io.BytesIO object at 0x000001A1F1703EF0>,0.6501831412315369,0.0976596474647522,-0.021631233394145966,181337,32,8,False,Left,Back,Centre,Left,72
<_io.BytesIO object at 0x000001A1F17036D0>,0.6503633260726929,0.12789660692214966,-0.027665123343467712,181337,32,8,False,Left,Back,Centre,Left,72
<_io.BytesIO object at 0x000001A1F16A8540>,0.587678074836731,0.1565168797969818,0.04106508567929268,181337,32,8,False,Left,Back,Centre,Left,72
<_io.BytesIO object at 0x000001A1F16A8F90>,0.6193364858627319,0.15015235543251038,-0.043359316885471344,181337,32,8,False,Left,Back,Centre,Left,72
<_io.BytesIO object at 0x000001A1F16A84A0>,0.629084587097168,0.07706652581691742,0.039624303579330444,181337,32,8,False,Left,Back,Centre,Left,72
<_io.BytesIO object at 0x000001A1F1700770>,0.6460161209106445,0.09835470467805862,-0.01300597470253706,181338,32,8,False,Left,Back,Centre,Left,72
<_io.BytesIO object at 0x000001A1F1700720>,0.6471304893493652,0.1287323534488678,-0.01868496462702751,181338,32,8,False,Left,Back,Centre,Left,72
<_io.BytesIO object at 0x000001A1F171BEA0>,0.5849072933197021,0.15871338546276093,0.04987411946058273,181338,32,8,False,Left,Back,Centre,Left,72
<_io.BytesIO object at 0x000001A1F171BE50>,0.616828441619873,0.15196086466312408,-0.03436953201889992,181338,32,8,False,Left,Back,Centre,Left,72
<_io.BytesIO object at 0x000001A1F171B9F0>,0.623874306678772,0.07793042063713074,0.04823612794280052,181338,32,8,False,Left,Back,Centre,Left,72
<_io.BytesIO object at 0x000001A1EE97E4F0>,0.6418946981430054,0.09893583506345749,-0.004192131105810404,181339,32,8,False,Left,Back,Centre,Left,72
<_io.BytesIO object at 0x000001A1EE97E360>,0.6437903046607971,0.12923085689544678,-0.009575312957167625,181339,32,8,False,Left,Back,Centre,Left,72
<_io.BytesIO object at 0x000001A1EE97ED60>,0.5822797417640686,0.16027958691120148,0.05906088277697563,181339,32,8,False,Left,Back,Centre,Left,72
<_io.BytesIO object at 0x000001A1EE97E0E0>,0.6142928004264832,0.15348219871520996,-0.025173639878630638,181339,32,8,False,Left,Back,Centre,Left,72
<_io.BytesIO object at 0x000001A1EE97E900>,0.6186431646347046,0.07870445400476456,0.05689231678843498,181339,32,8,False,Left,Back,Centre,Left,72
<_io.BytesIO object at 0x000001A1EE97E680>,0.6374149918556213,0.09918612241744995,0.004694328177720308,181340,32,8,False,Left,Back,Centre,Left,72
<_io.BytesIO object at 0x000001A1EE97E8B0>,0.6403014063835144,0.1295071840286255,-0.00023662077728658915,181340,32,8,False,Left,Back,Centre,Left,72
<_io.BytesIO object at 0x000001A1EE97E540>,0.5794106721878052,0.16166968643665314,0.06841684132814407,181340,32,8,False,Left,Back,Centre,Left,72
<_io.BytesIO object at 0x000001A1EE97E450>,0.6114572882652283,0.15492425858974457,-0.015488010831177235,181340,32,8,False,Left,Back,Centre,Left,72
<_io.BytesIO object at 0x000001A1EE97E4A0>,0.6128858327865601,0.07895335555076599,0.0657372772693634,181340,32,8,False,Left,Back,Centre,Left,72
<_io.BytesIO object at 0x000001A1F1700900>,0.6328529119491577,0.09931138902902603,0.013807758688926697,181341,32,8,False,Left,Back,Centre,Left,72
<_io.BytesIO object at 0x000001A1F1700EF0>,0.6367201209068298,0.12962749600410461,0.009482826106250286,181341,32,8,False,Left,Back,Centre,Left,72
<_io.BytesIO object at 0x000001A1F16A79F0>,0.5764274001121521,0.16281791031360626,0.07801822572946548,181341,32,8,False,Left,Back,Centre,Left,72
<_io.BytesIO object at 0x000001A1F16A75E0>,0.6087380051612854,0.15605393052101135,-0.005860961973667145,181341,32,8,False,Left,Back,Centre,Left,72
<_io.BytesIO object at 0x000001A1F16A76D0>,0.6070846915245056,0.07907656580209732,0.07465357333421707,181341,32,8,False,Left,Back,Centre,Left,72
<_io.BytesIO object at 0x000001A1F17033B0>,0.6281929612159729,0.09915932267904282,0.023006774485111237,181342,32,8,False,Left,Back,Centre,Left,72
<_io.BytesIO object at 0x000001A1EE928860>,0.6331213116645813,0.1294843703508377,0.01922866702079773,181342,32,8,False,Left,Back,Centre,Left,72
<_io.BytesIO object at 0x000001A1EE928BD0>,0.5734057426452637,0.16364818811416626,0.08782778680324554,181342,32,8,False,Left,Back,Centre,Left,72
<_io.BytesIO object at 0x000001A1EE928040>,0.6058861613273621,0.15690989792346954,0.00403038552030921,181342,32,8,False,Left,Back,Centre,Left,72
<_io.BytesIO object at 0x000001A1EE928D10>,0.6014237999916077,0.0790955200791359,0.08378121256828308,181342,32,8,False,Left,Back,Centre,Left,72
<_io.BytesIO object at 0x000001A1F16CBA40>,0.6236345171928406,0.09897845983505249,0.03230868652462959,181343,32,8,False,Left,Back,Centre,Left,72
<_io.BytesIO object at 0x000001A1EE92C220>,0.629353940486908,0.12917448580265045,0.029145341366529465,181343,32,8,False,Left,Back,Centre,Left,72
<_io.BytesIO object at 0x000001A1EE92CC70>,0.5703004598617554,0.1638917773962021,0.0979718565940857,181343,32,8,False,Left,Back,Centre,Left,72
<_io.BytesIO object at 0x000001A1EE92C860>,0.6028472781181335,0.15767335891723633,0.014207717962563038,181343,32,8,False,Left,Back,Centre,Left,72
<_io.BytesIO object at 0x000001A1EE92C950>,0.5956721305847168,0.07925979048013687,0.09265875071287155,181343,32,8,False,Left,Back,Centre,Left,72
<_io.BytesIO object at 0x000001A1F180CBD0>,0.6189613938331604,0.0986480712890625,0.04163787513971329,181344,32,8,False,Left,Back,Centre,Left,72
<_io.BytesIO object at 0x000001A1F180C400>,0.6256147027015686,0.1286848932504654,0.03918062895536423,181344,32,8,False,Left,Back,Centre,Left,72
<_io.BytesIO object at 0x000001A1F16FF900>,0.566982090473175,0.1640748828649521,0.10811690986156464,181344,32,8,False,Left,Back,Centre,Left,72
<_io.BytesIO object at 0x000001A1F16FF590>,0.599880576133728,0.15811394155025482,0.024459851905703545,181344,32,8,False,Left,Back,Centre,Left,72
<_io.BytesIO object at 0x000001A1F16FFB80>,0.5925078392028809,0.08057907968759537,0.10052186995744705,181344,32,8,False,Left,Back,Centre,Left,72
<_io.BytesIO object at 0x000001A1F16E3310>,0.6143514513969421,0.09819020330905914,0.051047276705503464,181345,32,8,False,Left,Back,Centre,Left,72
<_io.BytesIO object at 0x000001A1F16E3770>,0.6218786239624023,0.12819060683250427,0.04910200461745262,181345,32,8,False,Left,Back,Centre,Left,72
<_io.BytesIO object at 0x000001A1F16E7EF0>,0.563716471195221,0.16397269070148468,0.11840878427028656,181345,32,8,False,Left,Back,Centre,Left,72
<_io.BytesIO object at 0x000001A1F16E7950>,0.5968230366706848,0.15859021246433258,0.03499734029173851,181345,32,8,False,Left,Back,Centre,Left,72
<_io.BytesIO object at 0x000001A1F16E7C70>,0.5901672840118408,0.08290492743253708,0.10783693939447403,181345,32,8,False,Left,Back,Centre,Left,72
<_io.BytesIO object at 0x000001A1F16E3860>,0.6097667217254639,0.09763984382152557,0.0605047233402729,181346,32,8,False,Left,Back,Centre,Left,72
<_io.BytesIO object at 0x000001A1F16EB4A0>,0.6180168390274048,0.12738549709320068,0.059207696467638016,181346,32,8,False,Left,Back,Centre,Left,72
<_io.BytesIO object at 0x000001A1F16EB8B0>,0.5604066848754883,0.16326270997524261,0.12907469272613525,181346,32,8,False,Left,Back,Centre,Left,72
<_io.BytesIO object at 0x000001A1F16EB040>,0.5938701629638672,0.15895108878612518,0.045505788177251816,181346,32,8,False,Left,Back,Centre,Left,72
<_io.BytesIO object at 0x000001A1F16EBF40>,0.5877987742424011,0.08509337902069092,0.11503256112337112,181346,32,8,False,Left,Back,Centre,Left,72
<_io.BytesIO object at 0x000001A1F180CA40>,0.6054760217666626,0.09717287123203278,0.07002027332782745,181347,32,8,False,Left,Back,Centre,Left,72
<_io.BytesIO object at 0x000001A1F17E28B0>,0.6141821146011353,0.1264331340789795,0.06940560042858124,181347,32,8,False,Left,Back,Centre,Left,72
<_io.BytesIO object at 0x000001A1F17E21D0>,0.5573466420173645,0.162538081407547,0.13973593711853027,181347,32,8,False,Left,Back,Centre,Left,72
<_io.BytesIO object at 0x000001A1F17E26D0>,0.5908571481704712,0.15868327021598816,0.0562676265835762,181347,32,8,False,Left,Back,Centre,Left,72
<_io.BytesIO object at 0x000001A1F17E23B0>,0.5851932168006897,0.08693114668130875,0.1224130392074585,181347,32,8,False,Left,Back,Centre,Left,72
<_io.BytesIO object at 0x000001A1F16CBD60>,0.6010109782218933,0.09617310017347336,0.07939110696315765,181348,32,8,False,Left,Back,Centre,Left,72
<_io.BytesIO object at 0x000001A1F16CB720>,0.6103299260139465,0.1252562254667282,0.07947714626789093,181348,32,8,False,Left,Back,Centre,Left,72
<_io.BytesIO object at 0x000001A1F16CB180>,0.5544158220291138,0.16159337759017944,0.1505134403705597,181348,32,8,False,Left,Back,Centre,Left,72
<_io.BytesIO object at 0x000001A1F16CB220>,0.587814211845398,0.158365860581398,0.06692241877317429,181348,32,8,False,Left,Back,Centre,Left,72
<_io.BytesIO object at 0x000001A1F1706860>,0.585993230342865,0.07462076097726822,0.13490594923496246,181348,32,8,False,Left,Back,Centre,Left,72
<_io.BytesIO object at 0x000001A1F1703540>,0.5968243479728699,0.09506715834140778,0.08880775421857834,181349,32,8,False,Left,Back,Centre,Left,72
<_io.BytesIO object at 0x000001A1F17036D0>,0.6065162420272827,0.12402307242155075,0.08947838097810745,181349,32,8,False,Left,Back,Centre,Left,72
<_io.BytesIO object at 0x000001A1F16A85E0>,0.5514740347862244,0.16084806621074677,0.16082200407981873,181349,32,8,False,Left,Back,Centre,Left,72
<_io.BytesIO object at 0x000001A1F16A8310>,0.5847301483154297,0.15783196687698364,0.07760461419820786,181349,32,8,False,Left,Back,Centre,Left,72
<_io.BytesIO object at 0x000001A1F16A8630>,0.5810573697090149,0.07310818880796432,0.1443362832069397,181349,32,8,False,Left,Back,Centre,Left,72
<_io.BytesIO object at 0x000001A1F17006D0>,0.5926159620285034,0.09374018013477325,0.09805087745189667,181350,32,8,False,Left,Back,Centre,Left,72
<_io.BytesIO object at 0x000001A1F17002C0>,0.602830708026886,0.12276016920804977,0.09946020692586899,181350,32,8,False,Left,Back,Centre,Left,72
<_io.BytesIO object at 0x000001A1F171BA40>,0.5490424036979675,0.15925200283527374,0.17161719501018524,181350,32,8,False,Left,Back,Centre,Left,72
<_io.BytesIO object at 0x000001A1F171BB80>,0.5815374851226807,0.15702833235263824,0.08807673305273056,181350,32,8,False,Left,Back,Centre,Left,72
<_io.BytesIO object at 0x000001A1F1710860>,0.5769169926643372,0.07136408984661102,0.1532779484987259,181350,32,8,False,Left,Back,Centre,Left,72
<_io.BytesIO object at 0x000001A1F171BD10>,0.5897954106330872,0.09242521226406097,0.10751914978027344,181351,32,8,False,Left,Back,Centre,Left,72
<_io.BytesIO object at 0x000001A1F171B5E0>,0.5993582606315613,0.1217290386557579,0.10908592492341995,181351,32,8,False,Left,Back,Centre,Left,72
<_io.BytesIO object at 0x000001A1F1700BD0>,0.5462872385978699,0.15808776021003723,0.18184109032154083,181351,32,8,False,Left,Back,Centre,Left,72
<_io.BytesIO object at 0x000001A1F1700450>,0.5781839489936829,0.15608516335487366,0.0982448011636734,181351,32,8,False,Left,Back,Centre,Left,72
<_io.BytesIO object at 0x000001A1F17000E0>,0.5742275714874268,0.07004589587450027,0.16308191418647766,181351,32,8,False,Left,Back,Centre,Left,72
<_io.BytesIO object at 0x000001A1F16A8680>,0.5871121287345886,0.09184746444225311,0.11632052809000015,181352,32,8,False,Left,Back,Centre,Left,72
<_io.BytesIO object at 0x000001A1F16A8090>,0.5958420634269714,0.12036292254924774,0.11882281303405762,181352,32,8,False,Left,Back,Centre,Left,72
<_io.BytesIO object at 0x000001A1F1703C20>,0.543300211429596,0.15691593289375305,0.1916692554950714,181352,32,8,False,Left,Back,Centre,Left,72
<_io.BytesIO object at 0x000001A1F1703950>,0.5745849013328552,0.15498098731040955,0.10803760588169098,181352,32,8,False,Left,Back,Centre,Left,72
<_io.BytesIO object at 0x000001A1F1703D60>,0.5716210007667542,0.06872445344924927,0.17232242226600647,181352,32,8,False,Left,Back,Centre,Left,72
<_io.BytesIO object at 0x000001A1F1706860>,0.5848780870437622,0.09155166894197464,0.12512800097465515,181353,32,8,False,Left,Back,Centre,Left,72
<_io.BytesIO object at 0x000001A1F16CB4A0>,0.5927377343177795,0.11944567412137985,0.12809757888317108,181353,32,8,False,Left,Back,Centre,Left,72
<_io.BytesIO object at 0x000001A1F16CBCC0>,0.5401899814605713,0.15592671930789948,0.20119087398052216,181353,32,8,False,Left,Back,Centre,Left,72
<_io.BytesIO object at 0x000001A1F16CBC70>,0.5710306763648987,0.15394863486289978,0.11752962321043015,181353,32,8,False,Left,Back,Centre,Left,72
<_io.BytesIO object at 0x000001A1F16CBBD0>,0.5697842240333557,0.06780169904232025,0.181489497423172,181353,32,8,False,Left,Back,Centre,Left,72
<_io.BytesIO object at 0x000001A1EE98D5E0>,0.5811724662780762,0.08929815888404846,0.13500353693962097,181354,32,8,False,Left,Back,Centre,Left,72
<_io.BytesIO object at 0x000001A1F17E2950>,0.5904554724693298,0.11885184794664383,0.1368463933467865,181354,32,8,False,Left,Back,Centre,Left,72
<_io.BytesIO object at 0x000001A1F17E2D60>,0.5377065539360046,0.15460120141506195,0.21030575037002563,181354,32,8,False,Left,Back,Centre,Left,72
<_io.BytesIO object at 0x000001A1F17E29A0>,0.5677497982978821,0.15280640125274658,0.1267242133617401,181354,32,8,False,Left,Back,Centre,Left,72
<_io.BytesIO object at 0x000001A1F17E2A90>,0.5671584606170654,0.06672076135873795,0.19116470217704773,181354,32,8,False,Left,Back,Centre,Left,72
<_io.BytesIO object at 0x000001A1F16FF400>,0.577715277671814,0.08817919343709946,0.1441735327243805,181355,32,8,False,Left,Back,Centre,Left,72
<_io.BytesIO object at 0x000001A1F16EB2C0>,0.5884330868721008,0.1183491051197052,0.14531949162483215,181355,32,8,False,Left,Back,Centre,Left,72
<_io.BytesIO object at 0x000001A1F16EB590>,0.5350944399833679,0.15345823764801025,0.21920090913772583,181355,32,8,False,Left,Back,Centre,Left,72
<_io.BytesIO object at 0x000001A1F16EBB80>,0.5641545653343201,0.1512923240661621,0.13592606782913208,181355,32,8,False,Left,Back,Centre,Left,72
<_io.BytesIO object at 0x000001A1F16E3A90>,0.5650716423988342,0.06582595407962799,0.2002841830253601,181355,32,8,False,Left,Back,Centre,Left,72
<_io.BytesIO object at 0x000001A1F16E7590>,0.5752695202827454,0.08702488988637924,0.1526930034160614,181356,32,8,False,Left,Back,Centre,Left,72
<_io.BytesIO object at 0x000001A1F16E7400>,0.5865209102630615,0.11760301142930984,0.15355412662029266,181356,32,8,False,Left,Back,Centre,Left,72
<_io.BytesIO object at 0x000001A1F16E3B80>,0.5330897569656372,0.15225763618946075,0.22788263857364655,181356,32,8,False,Left,Back,Centre,Left,72
<_io.BytesIO object at 0x000001A1F16E3EF0>,0.561289370059967,0.1501321792602539,0.1446370631456375,181356,32,8,False,Left,Back,Centre,Left,72
<_io.BytesIO object at 0x000001A1F16E33B0>,0.5635178089141846,0.06480691581964493,0.2090425342321396,181356,32,8,False,Left,Back,Centre,Left,72
<_io.BytesIO object at 0x000001A1F16FFC20>,0.5733143091201782,0.08605919778347015,0.16052936017513275,181357,32,8,False,Left,Back,Centre,Left,72
<_io.BytesIO object at 0x000001A1F16FF4F0>,0.5846495032310486,0.11647423356771469,0.16154567897319794,181357,32,8,False,Left,Back,Centre,Left,72
<_io.BytesIO object at 0x000001A1F180CEA0>,0.531748354434967,0.1509643793106079,0.2363654375076294,181357,32,8,False,Left,Back,Centre,Left,72
<_io.BytesIO object at 0x000001A1F180CBD0>,0.5586522221565247,0.14860793948173523,0.15343710780143738,181357,32,8,False,Left,Back,Centre,Left,72
<_io.BytesIO object at 0x000001A1F180CCC0>,0.5622193813323975,0.06349409371614456,0.21749247610569,181357,32,8,False,Left,Back,Centre,Left,72
<_io.BytesIO object at 0x000001A1EE98DDB0>,0.571410596370697,0.08522781729698181,0.1675492227077484,181358,32,8,False,Left,Back,Centre,Left,72
<_io.BytesIO object at 0x000001A1EE92CCC0>,0.5827499628067017,0.11497395485639572,0.16931188106536865,181358,32,8,False,Left,Back,Centre,Left,72
<_io.BytesIO object at 0x000001A1EE92C2C0>,0.5310989022254944,0.14941592514514923,0.24489834904670715,181358,32,8,False,Left,Back,Centre,Left,72
<_io.BytesIO object at 0x000001A1EE92C090>,0.5571156144142151,0.1472499519586563,0.16199573874473572,181358,32,8,False,Left,Back,Centre,Left,72
<_io.BytesIO object at 0x000001A1EE92C9A0>,0.5606164932250977,0.061625827103853226,0.2246587872505188,181358,32,8,False,Left,Back,Centre,Left,72
<_io.BytesIO object at 0x000001A1EE928BD0>,0.5700796246528625,0.08443702757358551,0.1743161678314209,181359,32,8,False,Left,Back,Centre,Left,72
<_io.BytesIO object at 0x000001A1EE928130>,0.5810195207595825,0.11337172985076904,0.1766027808189392,181359,32,8,False,Left,Back,Centre,Left,72
<_io.BytesIO object at 0x000001A1EE928680>,0.530925989151001,0.14775997400283813,0.2533665597438812,181359,32,8,False,Left,Back,Centre,Left,72
<_io.BytesIO object at 0x000001A1EE928AE0>,0.5557507872581482,0.1462155133485794,0.17040252685546875,181359,32,8,False,Left,Back,Centre,Left,72
<_io.BytesIO object at 0x000001A1F1703EA0>,0.5596707463264465,0.05987298861145973,0.2312924861907959,181359,32,8,False,Left,Back,Centre,Left,72
<_io.BytesIO object at 0x000001A1F16A7DB0>,0.5685948729515076,0.08360053598880768,0.1799483746290207,181360,32,8,False,Left,Back,Centre,Left,72
<_io.BytesIO object at 0x000001A1F16A79F0>,0.5795860290527344,0.11175897717475891,0.1836860477924347,181360,32,8,False,Left,Back,Centre,Left,72
<_io.BytesIO object at 0x000001A1F1700090>,0.5313299894332886,0.14600718021392822,0.2615644335746765,181360,32,8,False,Left,Back,Centre,Left,72
<_io.BytesIO object at 0x000001A1F1700540>,0.5550601482391357,0.14518685638904572,0.17844881117343903,181360,32,8,False,Left,Back,Centre,Left,72
<_io.BytesIO object at 0x000001A1F1700040>,0.558346152305603,0.05777955800294876,0.23713821172714233,181360,32,8,False,Left,Back,Centre,Left,72
<_io.BytesIO object at 0x000001A1F1710090>,0.5671932697296143,0.08278078585863113,0.18544776737689972,181361,32,8,False,Left,Back,Centre,Left,72
<_io.BytesIO object at 0x000001A1EE97E3B0>,0.5782907605171204,0.11023890972137451,0.19035165011882782,181361,32,8,False,Left,Back,Centre,Left,72
<_io.BytesIO object at 0x000001A1EE97E7C0>,0.5319861769676208,0.14416685700416565,0.269662082195282,181361,32,8,False,Left,Back,Centre,Left,72
<_io.BytesIO object at 0x000001A1EE97E090>,0.5547285676002502,0.14425088465213776,0.18633949756622314,181361,32,8,False,Left,Back,Centre,Left,72
<_io.BytesIO object at 0x000001A1EE97ED60>,0.5568417906761169,0.05558457225561142,0.24266618490219116,181361,32,8,False,Left,Back,Centre,Left,72
<_io.BytesIO object at 0x000001A1F1710BD0>,0.5658072829246521,0.08092621713876724,0.19479824602603912,181362,32,8,False,Left,Back,Centre,Left,72
<_io.BytesIO object at 0x000001A1F1710310>,0.5773189663887024,0.10899528861045837,0.19675005972385406,181362,32,8,False,Left,Back,Centre,Left,72
<_io.BytesIO object at 0x000001A1F171BDB0>,0.5327715277671814,0.14249549806118011,0.2773221433162689,181362,32,8,False,Left,Back,Centre,Left,72
<_io.BytesIO object at 0x000001A1F171BB30>,0.554493248462677,0.14344492554664612,0.19363710284233093,181362,32,8,False,Left,Back,Centre,Left,72
<_io.BytesIO object at 0x000001A1F171BD10>,0.5562743544578552,0.05446331202983856,0.25077465176582336,181362,32,8,False,Left,Back,Centre,Left,72
<_io.BytesIO object at 0x000001A1F16A70E0>,0.5643159747123718,0.07987207919359207,0.2011813372373581,181363,32,8,False,Left,Back,Centre,Left,72
<_io.BytesIO object at 0x000001A1F16A83B0>,0.5764326453208923,0.10780252516269684,0.2028692364692688,181363,32,8,False,Left,Back,Centre,Left,72
<_io.BytesIO object at 0x000001A1F16A8310>,0.533572256565094,0.14126083254814148,0.2846132814884186,181363,32,8,False,Left,Back,Centre,Left,72
<_io.BytesIO object at 0x000001A1F16A8EA0>,0.5544195771217346,0.1426907479763031,0.20046216249465942,181363,32,8,False,Left,Back,Centre,Left,72
<_io.BytesIO object at 0x000001A1F16A8680>,0.5549301505088806,0.05309907719492912,0.2570350170135498,181363,32,8,False,Left,Back,Centre,Left,72
<_io.BytesIO object at 0x000001A1EE9288B0>,0.5629860758781433,0.07906841486692429,0.20686835050582886,181364,32,8,False,Left,Back,Centre,Left,72
<_io.BytesIO object at 0x000001A1F17066D0>,0.5755778551101685,0.10674003511667252,0.2088165283203125,181364,32,8,False,Left,Back,Centre,Left,72
<_io.BytesIO object at 0x000001A1F16CBB30>,0.5343895554542542,0.14032863080501556,0.29122745990753174,181364,32,8,False,Left,Back,Centre,Left,72
<_io.BytesIO object at 0x000001A1F16CB9F0>,0.5541590452194214,0.14212535321712494,0.2066488265991211,181364,32,8,False,Left,Back,Centre,Left,72
<_io.BytesIO object at 0x000001A1F16CB810>,0.5538644194602966,0.05202404037117958,0.2626349925994873,181364,32,8,False,Left,Back,Centre,Left,72
<_io.BytesIO object at 0x000001A1EE98D040>,0.5617194771766663,0.07833194732666016,0.2123539298772812,181365,32,8,False,Left,Back,Centre,Left,72
<_io.BytesIO object at 0x000001A1EE98D1D0>,0.5748355984687805,0.10570554435253143,0.21448297798633575,181365,32,8,False,Left,Back,Centre,Left,72
<_io.BytesIO object at 0x000001A1F17E2BD0>,0.535193681716919,0.13970322906970978,0.29724863171577454,181365,32,8,False,Left,Back,Centre,Left,72
<_io.BytesIO object at 0x000001A1F17E2220>,0.5540577173233032,0.14163193106651306,0.21241910755634308,181365,32,8,False,Left,Back,Centre,Left,72
<_io.BytesIO object at 0x000001A1F17E2400>,0.5526644587516785,0.051211193203926086,0.26809433102607727,181365,32,8,False,Left,Back,Centre,Left,72
<_io.BytesIO object at 0x000001A1F16FF400>,0.560541033744812,0.07765422761440277,0.21754589676856995,181366,32,8,False,Left,Back,Centre,Left,72
<_io.BytesIO object at 0x000001A1E9D454F0>,0.5742082595825195,0.10468856990337372,0.21985357999801636,181366,32,8,False,Left,Back,Centre,Left,72
<_io.BytesIO object at 0x000001A1F16EBC20>,0.5361451506614685,0.1392838954925537,0.302944540977478,181366,32,8,False,Left,Back,Centre,Left,72
<_io.BytesIO object at 0x000001A1F16EBF40>,0.5541183948516846,0.14121267199516296,0.2177286446094513,181366,32,8,False,Left,Back,Centre,Left,72
<_io.BytesIO object at 0x000001A1F16EB720>,0.551531970500946,0.05055645480751991,0.27330493927001953,181366,32,8,False,Left,Back,Centre,Left,72
<_io.BytesIO object at 0x000001A1F16E3B30>,0.5593732595443726,0.07706901431083679,0.2224043309688568,181367,32,8,False,Left,Back,Centre,Left,72
<_io.BytesIO object at 0x000001A1F16E36D0>,0.573642909526825,0.10374055057764053,0.22487503290176392,181367,32,8,False,Left,Back,Centre,Left,72
<_io.BytesIO object at 0x000001A1F16EBA90>,0.5371019244194031,0.13904082775115967,0.3081181049346924,181367,32,8,False,Left,Back,Centre,Left,72
<_io.BytesIO object at 0x000001A1F16EB7C0>,0.5543757677078247,0.14085431396961212,0.22261714935302734,181367,32,8,False,Left,Back,Centre,Left,72
<_io.BytesIO object at 0x000001A1F16EB720>,0.5502032041549683,0.05008428916335106,0.2781919240951538,181367,32,8,False,Left,Back,Centre,Left,72
<_io.BytesIO object at 0x000001A1F180CCC0>,0.5582888126373291,0.07660755515098572,0.22690418362617493,181368,32,8,False,Left,Back,Centre,Left,72
<_io.BytesIO object at 0x000001A1F17E2B80>,0.5732262134552002,0.10280991345643997,0.22961391508579254,181368,32,8,False,Left,Back,Centre,Left,72
<_io.BytesIO object at 0x000001A1F17E2860>,0.5382258296012878,0.1388305425643921,0.3129311203956604,181368,32,8,False,Left,Back,Centre,Left,72
<_io.BytesIO object at 0x000001A1F17E24A0>,0.5548393130302429,0.14064931869506836,0.22711613774299622,181368,32,8,False,Left,Back,Centre,Left,72
<_io.BytesIO object at 0x000001A1F17E21D0>,0.5488543510437012,0.04973302036523819,0.28270089626312256,181368,32,8,False,Left,Back,Centre,Left,72
<_io.BytesIO object at 0x000001A1EE92CE00>,0.5571295022964478,0.07631482183933258,0.23215803503990173,181369,32,8,False,Left,Back,Centre,Left,72
<_io.BytesIO object at 0x000001A1F16CBAE0>,0.5729295611381531,0.10198099911212921,0.2340950220823288,181369,32,8,False,Left,Back,Centre,Left,72
<_io.BytesIO object at 0x000001A1F16CB220>,0.5422451496124268,0.14117850363254547,0.3157747983932495,181369,32,8,False,Left,Back,Centre,Left,72
<_io.BytesIO object at 0x000001A1F16CB4A0>,0.5554424524307251,0.14070339500904083,0.231186643242836,181369,32,8,False,Left,Back,Centre,Left,72
<_io.BytesIO object at 0x000001A1F16CB1D0>,0.5487450361251831,0.051349278539419174,0.28899943828582764,181369,32,8,False,Left,Back,Centre,Left,72
<_io.BytesIO object at 0x000001A1EE9287C0>,0.5562702417373657,0.07603660225868225,0.23645612597465515,181370,32,8,False,Left,Back,Centre,Left,72
<_io.BytesIO object at 0x000001A1F1703900>,0.5728833079338074,0.10118088126182556,0.23829559981822968,181370,32,8,False,Left,Back,Centre,Left,72
<_io.BytesIO object at 0x000001A1F17032C0>,0.5446799397468567,0.14201942086219788,0.3193373382091522,181370,32,8,False,Left,Back,Centre,Left,72
<_io.BytesIO object at 0x000001A1F16A8EF0>,0.5565105080604553,0.14078356325626373,0.23515072464942932,181370,32,8,False,Left,Back,Centre,Left,72
<_io.BytesIO object at 0x000001A1F16A87C0>,0.5477883815765381,0.051900655031204224,0.2936403453350067,181370,32,8,False,Left,Back,Centre,Left,72
<_io.BytesIO object at 0x000001A1F1700680>,0.5556148290634155,0.07588355243206024,0.2405470907688141,181371,32,8,False,Left,Back,Centre,Left,72
<_io.BytesIO object at 0x000001A1F1700900>,0.573042631149292,0.10047274082899094,0.24225273728370667,181371,32,8,False,Left,Back,Centre,Left,72
<_io.BytesIO object at 0x000001A1F1700590>,0.5472295880317688,0.1429302841424942,0.3228127956390381,181371,32,8,False,Left,Back,Centre,Left,72
<_io.BytesIO object at 0x000001A1F171B6D0>,0.5578041672706604,0.1409730762243271,0.23865531384944916,181371,32,8,False,Left,Back,Centre,Left,72
<_io.BytesIO object at 0x000001A1F171B9F0>,0.5470365285873413,0.05258223041892052,0.29806214570999146,181371,32,8,False,Left,Back,Centre,Left,72
<_io.BytesIO object at 0x000001A1EE97E360>,0.5549054145812988,0.07600109279155731,0.24444366991519928,181372,32,8,False,Left,Back,Centre,Left,72
<_io.BytesIO object at 0x000001A1EE924360>,0.573340117931366,0.09984234720468521,0.24597036838531494,181372,32,8,False,Left,Back,Centre,Left,72
<_io.BytesIO object at 0x000001A1F16E7E00>,0.5502163171768188,0.14372529089450836,0.3261612355709076,181372,32,8,False,Left,Back,Centre,Left,72
<_io.BytesIO object at 0x000001A1F16E7220>,0.5596643090248108,0.1412605494260788,0.24208708107471466,181372,32,8,False,Left,Back,Centre,Left,72
<_io.BytesIO object at 0x000001A1F16E7860>,0.5460039973258972,0.05341087281703949,0.3021928369998932,181372,32,8,False,Left,Back,Centre,Left,72
<_io.BytesIO object at 0x000001A1EE97E270>,0.5582875609397888,0.07454017549753189,0.2441990226507187,181373,32,8,False,Left,Back,Centre,Left,72
<_io.BytesIO object at 0x000001A1EE97EA90>,0.5737801194190979,0.09920156747102737,0.24944044649600983,181373,32,8,False,Left,Back,Centre,Left,72
<_io.BytesIO object at 0x000001A1F1710A40>,0.5535840392112732,0.14461955428123474,0.32936036586761475,181373,32,8,False,Left,Back,Centre,Left,72
<_io.BytesIO object at 0x000001A1F1710EF0>,0.5616426467895508,0.14172504842281342,0.24513019621372223,181373,32,8,False,Left,Back,Centre,Left,72
<_io.BytesIO object at 0x000001A1F1710E50>,0.5490236878395081,0.0533624030649662,0.30481773614883423,181373,32,8,False,Left,Back,Centre,Left,72
<_io.BytesIO object at 0x000001A1F1700B30>,0.5585137605667114,0.07522152364253998,0.24634572863578796,181374,32,8,False,Left,Back,Centre,Left,72
<_io.BytesIO object at 0x000001A1F16A72C0>,0.5748328566551208,0.09906241297721863,0.25233930349349976,181374,32,8,False,Left,Back,Centre,Left,72
<_io.BytesIO object at 0x000001A1F16A7BD0>,0.5573342442512512,0.14556096494197845,0.3322090804576874,181374,32,8,False,Left,Back,Centre,Left,72
<_io.BytesIO object at 0x000001A1F16A7EF0>,0.5641014575958252,0.1421646922826767,0.24807387590408325,181374,32,8,False,Left,Back,Centre,Left,72
<_io.BytesIO object at 0x000001A1F16A7220>,0.5492739081382751,0.054253533482551575,0.3075824975967407,181374,32,8,False,Left,Back,Centre,Left,72
<_io.BytesIO object at 0x000001A1EE928AE0>,0.5591647624969482,0.07633225619792938,0.24799980223178864,181375,32,8,False,Left,Back,Centre,Left,72
<_io.BytesIO object at 0x000001A1EE928400>,0.5764490962028503,0.09918148070573807,0.25474828481674194,181375,32,8,False,Left,Back,Centre,Left,72
<_io.BytesIO object at 0x000001A1EE928090>,0.560638427734375,0.1457614004611969,0.334649920463562,181375,32,8,False,Left,Back,Centre,Left,72
<_io.BytesIO object at 0x000001A1F17069F0>,0.5666415095329285,0.14259780943393707,0.2506006956100464,181375,32,8,False,Left,Back,Centre,Left,72
<_io.BytesIO object at 0x000001A1F1706B30>,0.5495663285255432,0.05488256365060806,0.3094462752342224,181375,32,8,False,Left,Back,Centre,Left,72
<_io.BytesIO object at 0x000001A1EE92CE50>,0.5602439641952515,0.07695139199495316,0.2501681447029114,181376,32,8,False,Left,Back,Centre,Left,72
<_io.BytesIO object at 0x000001A1EE92C5E0>,0.578439474105835,0.0995514914393425,0.2567896544933319,181376,32,8,False,Left,Back,Centre,Left,72
<_io.BytesIO object at 0x000001A1EE98DC20>,0.5638719201087952,0.14590062201023102,0.33780184388160706,181376,32,8,False,Left,Back,Centre,Left,72
<_io.BytesIO object at 0x000001A1EE98DB80>,0.5693056583404541,0.1430671662092209,0.2528432607650757,181376,32,8,False,Left,Back,Centre,Left,72
<_io.BytesIO object at 0x000001A1EE98D900>,0.5505895614624023,0.05554535239934921,0.31178268790245056,181376,32,8,False,Left,Back,Centre,Left,72
<_io.BytesIO object at 0x000001A1F180CB30>,0.561752200126648,0.07800035178661346,0.25169068574905396,181377,32,8,False,Left,Back,Centre,Left,72
<_io.BytesIO object at 0x000001A1F16FF4F0>,0.5806788206100464,0.09993822127580643,0.2584713101387024,181377,32,8,False,Left,Back,Centre,Left,72
<_io.BytesIO object at 0x000001A1F16FF6D0>,0.5670113563537598,0.1454024612903595,0.3405425250530243,181377,32,8,False,Left,Back,Centre,Left,72
<_io.BytesIO object at 0x000001A1F16FFCC0>,0.572357714176178,0.14336085319519043,0.2550511658191681,181377,32,8,False,Left,Back,Centre,Left,72
<_io.BytesIO object at 0x000001A1E9D45810>,0.5516964197158813,0.055809732526540756,0.31319183111190796,181377,32,8,False,Left,Back,Centre,Left,72
<_io.BytesIO object at 0x000001A1F16EB810>,0.5634409785270691,0.07891418784856796,0.2535105347633362,181378,32,8,False,Left,Back,Centre,Left,72
<_io.BytesIO object at 0x000001A1F16EB9A0>,0.583170473575592,0.10030391812324524,0.26004526019096375,181378,32,8,False,Left,Back,Centre,Left,72
<_io.BytesIO object at 0x000001A1E9D454F0>,0.5700160264968872,0.1449567973613739,0.34347453713417053,181378,32,8,False,Left,Back,Centre,Left,72
<_io.BytesIO object at 0x000001A1E9D45590>,0.5753641128540039,0.1435864269733429,0.2570899426937103,181378,32,8,False,Left,Back,Centre,Left,72
<_io.BytesIO object at 0x000001A1E9D45540>,0.5532829761505127,0.05584714934229851,0.3143269717693329,181378,32,8,False,Left,Back,Centre,Left,72
<_io.BytesIO object at 0x000001A1F17E2720>,0.5648119449615479,0.07992742955684662,0.2558412551879883,181379,32,8,False,Left,Back,Centre,Left,72
<_io.BytesIO object at 0x000001A1F17E22C0>,0.5858960747718811,0.10063651204109192,0.2614744305610657,181379,32,8,False,Left,Back,Centre,Left,72
<_io.BytesIO object at 0x000001A1EE98D360>,0.5730924010276794,0.14401330053806305,0.3462887704372406,181379,32,8,False,Left,Back,Centre,Left,72
<_io.BytesIO object at 0x000001A1EE98DEA0>,0.5785976648330688,0.143763467669487,0.25883787870407104,181379,32,8,False,Left,Back,Centre,Left,72
<_io.BytesIO object at 0x000001A1EE98D6D0>,0.5543049573898315,0.05561307817697525,0.314940482378006,181379,32,8,False,Left,Back,Centre,Left,72
<_io.BytesIO object at 0x000001A1F16CB4F0>,0.5666304230690002,0.08063323050737381,0.26092955470085144,181380,32,8,False,Left,Back,Centre,Left,72
<_io.BytesIO object at 0x000001A1F16CBEF0>,0.58879154920578,0.1008310317993164,0.26274335384368896,181380,32,8,False,Left,Back,Centre,Left,72
<_io.BytesIO object at 0x000001A1F1706270>,0.5759579539299011,0.14291523396968842,0.34906983375549316,181380,32,8,False,Left,Back,Centre,Left,72
<_io.BytesIO object at 0x000001A1F1706810>,0.5818881392478943,0.14375130832195282,0.26052752137184143,181380,32,8,False,Left,Back,Centre,Left,72
<_io.BytesIO object at 0x000001A1F17060E0>,0.5564671754837036,0.05582650005817413,0.31754982471466064,181380,32,8,False,Left,Back,Centre,Left,72
<_io.BytesIO object at 0x000001A1F1703540>,0.5683807134628296,0.08045729994773865,0.26256340742111206,181381,32,8,False,Left,Back,Centre,Left,72
<_io.BytesIO object at 0x000001A1F16A8A90>,0.5911015868186951,0.0997718796133995,0.26450565457344055,181381,32,8,False,Left,Back,Centre,Left,72
<_io.BytesIO object at 0x000001A1F16A89A0>,0.578967809677124,0.14157496392726898,0.351534366607666,181381,32,8,False,Left,Back,Centre,Left,72
<_io.BytesIO object at 0x000001A1F16A88B0>,0.5854512453079224,0.14352598786354065,0.2620756924152374,181381,32,8,False,Left,Back,Centre,Left,72
<_io.BytesIO object at 0x000001A1F16A7EA0>,0.557245671749115,0.05555104464292526,0.31895676255226135,181381,32,8,False,Left,Back,Centre,Left,72
<_io.BytesIO object at 0x000001A1F171B590>,0.5712864398956299,0.08083955943584442,0.26284730434417725,181382,32,8,False,Left,Back,Centre,Left,72
<_io.BytesIO object at 0x000001A1F171B950>,0.5941278338432312,0.10037180036306381,0.2653154730796814,181382,32,8,False,Left,Back,Centre,Left,72
<_io.BytesIO object at 0x000001A1F1710C70>,0.5823541879653931,0.1401302069425583,0.35397279262542725,181382,32,8,False,Left,Back,Centre,Left,72
<_io.BytesIO object at 0x000001A1F1710CC0>,0.5890403985977173,0.14330515265464783,0.2634803354740143,181382,32,8,False,Left,Back,Centre,Left,72
<_io.BytesIO object at 0x000001A1F1710E50>,0.5598638653755188,0.05503314360976219,0.3187764883041382,181382,32,8,False,Left,Back,Centre,Left,72
<_io.BytesIO object at 0x000001A1F16E7590>,0.5728209018707275,0.08012935519218445,0.26302194595336914,181383,32,8,False,Left,Back,Centre,Left,72
<_io.BytesIO object at 0x000001A1F16E7B80>,0.5968935489654541,0.09987621754407883,0.2664865553379059,181383,32,8,False,Left,Back,Centre,Left,72
<_io.BytesIO object at 0x000001A1F16E34F0>,0.5860785245895386,0.13856486976146698,0.3559621274471283,181383,32,8,False,Left,Back,Centre,Left,72
<_io.BytesIO object at 0x000001A1F16E3310>,0.5925875306129456,0.14293204247951508,0.264798104763031,181383,32,8,False,Left,Back,Centre,Left,72
<_io.BytesIO object at 0x000001A1F16E36D0>,0.5611127614974976,0.05429555103182793,0.3189460337162018,181383,32,8,False,Left,Back,Centre,Left,72
<_io.BytesIO object at 0x000001A1F16E7EF0>,0.5748476982116699,0.08077036589384079,0.26392483711242676,181384,32,8,False,Left,Back,Centre,Left,72
<_io.BytesIO object at 0x000001A1EE97E1D0>,0.5995751619338989,0.09933865815401077,0.26745983958244324,181384,32,8,False,Left,Back,Centre,Left,72
<_io.BytesIO object at 0x000001A1EE97E540>,0.5898405313491821,0.1372249573469162,0.3578578233718872,181384,32,8,False,Left,Back,Centre,Left,72
<_io.BytesIO object at 0x000001A1EE97E810>,0.5962398648262024,0.14246727526187897,0.26596176624298096,181384,32,8,False,Left,Back,Centre,Left,72
<_io.BytesIO object at 0x000001A1EE97EC20>,0.5624235272407532,0.05441105738282204,0.3194587826728821,181384,32,8,False,Left,Back,Centre,Left,72
<_io.BytesIO object at 0x000001A1F1700680>,0.5765093564987183,0.08134487271308899,0.2651028335094452,181385,32,8,False,Left,Back,Centre,Left,72
<_io.BytesIO object at 0x000001A1F1700450>,0.6023454666137695,0.09880967438220978,0.26852065324783325,181385,32,8,False,Left,Back,Centre,Left,72
<_io.BytesIO object at 0x000001A1F16A7BD0>,0.5939664244651794,0.1356469690799713,0.3592001497745514,181385,32,8,False,Left,Back,Centre,Left,72
<_io.BytesIO object at 0x000001A1F16A7590>,0.5999253988265991,0.14193366467952728,0.2670380175113678,181385,32,8,False,Left,Back,Centre,Left,72
<_io.BytesIO object at 0x000001A1F16A70E0>,0.563777506351471,0.054750166833400726,0.32033202052116394,181385,32,8,False,Left,Back,Centre,Left,72
<_io.BytesIO object at 0x000001A1F17030E0>,0.5782505869865417,0.08188174664974213,0.2659527361392975,181386,32,8,False,Left,Back,Centre,Left,72
<_io.BytesIO object at 0x000001A1F17037C0>,0.6051591038703918,0.09818767756223679,0.26935023069381714,181386,32,8,False,Left,Back,Centre,Left,72
<_io.BytesIO object at 0x000001A1EE928630>,0.5976951718330383,0.13449452817440033,0.3595559597015381,181386,32,8,False,Left,Back,Centre,Left,72
<_io.BytesIO object at 0x000001A1EE928720>,0.6036515235900879,0.14119726419448853,0.26799967885017395,181386,32,8,False,Left,Back,Centre,Left,72
<_io.BytesIO object at 0x000001A1EE928BD0>,0.5648301839828491,0.055154308676719666,0.3208858072757721,181386,32,8,False,Left,Back,Centre,Left,72
<_io.BytesIO object at 0x000001A1F16CB630>,0.5800203084945679,0.08237594366073608,0.26662564277648926,181387,32,8,False,Left,Back,Centre,Left,72
<_io.BytesIO object at 0x000001A1EE92C220>,0.6078859567642212,0.09734179079532623,0.2702246606349945,181387,32,8,False,Left,Back,Centre,Left,72
<_io.BytesIO object at 0x000001A1EE92C090>,0.5988720059394836,0.1387091428041458,0.3553551435470581,181387,32,8,False,Left,Back,Centre,Left,72
<_io.BytesIO object at 0x000001A1EE92C180>,0.6072341799736023,0.14043192565441132,0.2690220773220062,181387,32,8,False,Left,Back,Centre,Left,72
<_io.BytesIO object at 0x000001A1EE92C360>,0.5640590786933899,0.05819183588027954,0.32225432991981506,181387,32,8,False,Left,Back,Centre,Left,72
<_io.BytesIO object at 0x000001A1F17E2AE0>,0.5817994475364685,0.08272723108530045,0.2671387493610382,181388,32,8,False,Left,Back,Centre,Left,72
<_io.BytesIO object at 0x000001A1F180C680>,0.6106367111206055,0.096453458070755,0.27092549204826355,181388,32,8,False,Left,Back,Centre,Left,72
<_io.BytesIO object at 0x000001A1F180C4F0>,0.6018390655517578,0.13857035338878632,0.3558593690395355,181388,32,8,False,Left,Back,Centre,Left,72
<_io.BytesIO object at 0x000001A1F16FFA40>,0.6108958721160889,0.1395738273859024,0.26979708671569824,181388,32,8,False,Left,Back,Centre,Left,72
<_io.BytesIO object at 0x000001A1F16FFD60>,0.5645838379859924,0.05917300283908844,0.32271188497543335,181388,32,8,False,Left,Back,Centre,Left,72
<_io.BytesIO object at 0x000001A1F16EBBD0>,0.5835140347480774,0.08293408155441284,0.2676517367362976,181389,32,8,False,Left,Back,Centre,Left,72
<_io.BytesIO object at 0x000001A1F16EB4A0>,0.6134901642799377,0.09557575732469559,0.27158668637275696,181389,32,8,False,Left,Back,Centre,Left,72
<_io.BytesIO object at 0x000001A1F16EB770>,0.6055108904838562,0.1376427710056305,0.3566029667854309,181389,32,8,False,Left,Back,Centre,Left,72
<_io.BytesIO object at 0x000001A1E9D45720>,0.6145994663238525,0.1385599821805954,0.2705487906932831,181389,32,8,False,Left,Back,Centre,Left,72
<_io.BytesIO object at 0x000001A1E9D45400>,0.565650224685669,0.059652283787727356,0.323147714138031,181389,32,8,False,Left,Back,Centre,Left,72
<_io.BytesIO object at 0x000001A1F17E2950>,0.5852701663970947,0.08295825123786926,0.26800355315208435,181390,32,8,False,Left,Back,Centre,Left,72
<_io.BytesIO object at 0x000001A1F17E2090>,0.6162036657333374,0.094434954226017,0.27222076058387756,181390,32,8,False,Left,Back,Centre,Left,72
<_io.BytesIO object at 0x000001A1EE98D9F0>,0.6087459921836853,0.13648991286754608,0.3573434352874756,181390,32,8,False,Left,Back,Centre,Left,72
<_io.BytesIO object at 0x000001A1EE98D130>,0.618127167224884,0.13754522800445557,0.27132487297058105,181390,32,8,False,Left,Back,Centre,Left,72
<_io.BytesIO object at 0x000001A1EE98DF40>,0.5665618777275085,0.05996919423341751,0.3233475089073181,181390,32,8,False,Left,Back,Centre,Left,72
<_io.BytesIO object at 0x000001A1F16CB1D0>,0.5870363712310791,0.08280827850103378,0.26827946305274963,181391,32,8,False,Left,Back,Centre,Left,72
<_io.BytesIO object at 0x000001A1F16CB860>,0.6189420819282532,0.09338008612394333,0.27277910709381104,181391,32,8,False,Left,Back,Centre,Left,72
<_io.BytesIO object at 0x000001A1F1706450>,0.6119401454925537,0.13519611954689026,0.3579973578453064,181391,32,8,False,Left,Back,Centre,Left,72
<_io.BytesIO object at 0x000001A1F1706130>,0.6216777563095093,0.13629405200481415,0.2720075845718384,181391,32,8,False,Left,Back,Centre,Left,72
<_io.BytesIO object at 0x000001A1F1706040>,0.567594587802887,0.06014568731188774,0.3234785497188568,181391,32,8,False,Left,Back,Centre,Left,72
<_io.BytesIO object at 0x000001A1F1703B30>,0.5888315439224243,0.08260136842727661,0.26866814494132996,181392,32,8,False,Left,Back,Centre,Left,72
<_io.BytesIO object at 0x000001A1F16A8220>,0.6216537952423096,0.09216431528329849,0.27326539158821106,181392,32,8,False,Left,Back,Centre,Left,72
<_io.BytesIO object at 0x000001A1F16A8450>,0.6153947114944458,0.13382723927497864,0.3586270213127136,181392,32,8,False,Left,Back,Centre,Left,72
<_io.BytesIO object at 0x000001A1F16A7E00>,0.6250881552696228,0.1350731998682022,0.27262943983078003,181392,32,8,False,Left,Back,Centre,Left,72
<_io.BytesIO object at 0x000001A1F16A73B0>,0.5689035654067993,0.06024498865008354,0.32377204298973083,181392,32,8,False,Left,Back,Centre,Left,72
<_io.BytesIO object at 0x000001A1F171BE50>,0.5906918048858643,0.08216492086648941,0.26888105273246765,181393,32,8,False,Left,Back,Centre,Left,72
<_io.BytesIO object at 0x000001A1F171BA90>,0.6243166923522949,0.09093160182237625,0.2736199200153351,181393,32,8,False,Left,Back,Centre,Left,72
<_io.BytesIO object at 0x000001A1F17100E0>,0.6188192367553711,0.13224080204963684,0.35916200280189514,181393,32,8,False,Left,Back,Centre,Left,72
<_io.BytesIO object at 0x000001A1F1710CC0>,0.6286304593086243,0.1337072253227234,0.2731732428073883,181393,32,8,False,Left,Back,Centre,Left,72
<_io.BytesIO object at 0x000001A1F1710720>,0.570286750793457,0.06018837168812752,0.3238960802555084,181393,32,8,False,Left,Back,Centre,Left,72
<_io.BytesIO object at 0x000001A1F16E79F0>,0.5925297141075134,0.08160515874624252,0.269207626581192,181394,32,8,False,Left,Back,Centre,Left,72
<_io.BytesIO object at 0x000001A1F16E7180>,0.6267855763435364,0.08950895071029663,0.2740705907344818,181394,32,8,False,Left,Back,Centre,Left,72
<_io.BytesIO object at 0x000001A1F16E3360>,0.621999979019165,0.1308586150407791,0.3596035838127136,181394,32,8,False,Left,Back,Centre,Left,72
<_io.BytesIO object at 0x000001A1F16E3BD0>,0.631973385810852,0.13221590220928192,0.27362552285194397,181394,32,8,False,Left,Back,Centre,Left,72
<_io.BytesIO object at 0x000001A1F16E3220>,0.571618378162384,0.0601695291697979,0.3241720497608185,181394,32,8,False,Left,Back,Centre,Left,72
<_io.BytesIO object at 0x000001A1F16E7310>,0.5944634675979614,0.08088421076536179,0.2693987786769867,181395,32,8,False,Left,Back,Centre,Left,72
<_io.BytesIO object at 0x000001A1F16E7950>,0.6292659044265747,0.08802372962236404,0.2743273079395294,181395,32,8,False,Left,Back,Centre,Left,72
<_io.BytesIO object at 0x000001A1EE924360>,0.6253958940505981,0.12909093499183655,0.36003756523132324,181395,32,8,False,Left,Back,Centre,Left,72
<_io.BytesIO object at 0x000001A1EE97EAE0>,0.6354399919509888,0.13063916563987732,0.27407005429267883,181395,32,8,False,Left,Back,Centre,Left,72
<_io.BytesIO object at 0x000001A1EE97E3B0>,0.5732802748680115,0.05981552228331566,0.3243231773376465,181395,32,8,False,Left,Back,Centre,Left,72
<_io.BytesIO object at 0x000001A1F171B720>,0.5963853001594543,0.08000147342681885,0.26968371868133545,181396,32,8,False,Left,Back,Centre,Left,72
<_io.BytesIO object at 0x000001A1F1700720>,0.6316595077514648,0.0865769013762474,0.2744930386543274,181396,32,8,False,Left,Back,Centre,Left,72
<_io.BytesIO object at 0x000001A1F1700950>,0.6291381120681763,0.12713250517845154,0.3604245185852051,181396,32,8,False,Left,Back,Centre,Left,72
<_io.BytesIO object at 0x000001A1F17001D0>,0.6387664079666138,0.12888941168785095,0.27440574765205383,181396,32,8,False,Left,Back,Centre,Left,72
<_io.BytesIO object at 0x000001A1F17007C0>,0.5754501223564148,0.05909204110503197,0.32466503977775574,181396,32,8,False,Left,Back,Centre,Left,72
<_io.BytesIO object at 0x000001A1F16A89F0>,0.5984039902687073,0.07886698842048645,0.2699052393436432,181397,32,8,False,Left,Back,Centre,Left,72
<_io.BytesIO object at 0x000001A1F1703900>,0.6339837312698364,0.08487078547477722,0.2746216356754303,181397,32,8,False,Left,Back,Centre,Left,72
<_io.BytesIO object at 0x000001A1F17034A0>,0.632684051990509,0.1250065267086029,0.36076176166534424,181397,32,8,False,Left,Back,Centre,Left,72
<_io.BytesIO object at 0x000001A1F17039A0>,0.641952395439148,0.12704290449619293,0.27470865845680237,181397,32,8,False,Left,Back,Centre,Left,72
<_io.BytesIO object at 0x000001A1F1703AE0>,0.5776979923248291,0.05804462358355522,0.3249388635158539,181397,32,8,False,Left,Back,Centre,Left,72
<_io.BytesIO object at 0x000001A1F16CBAE0>,0.6004489660263062,0.07754643261432648,0.2703515589237213,181398,32,8,False,Left,Back,Centre,Left,72
<_io.BytesIO object at 0x000001A1F16CB220>,0.6359992623329163,0.08312755078077316,0.2748209238052368,181398,32,8,False,Left,Back,Centre,Left,72
<_io.BytesIO object at 0x000001A1F16CB540>,0.6362597942352295,0.12303191423416138,0.36105647683143616,181398,32,8,False,Left,Back,Centre,Left,72
<_io.BytesIO object at 0x000001A1F16CB6D0>,0.6450654864311218,0.1250743418931961,0.27495405077934265,181398,32,8,False,Left,Back,Centre,Left,72
<_io.BytesIO object at 0x000001A1EE92C130>,0.5800407528877258,0.056957442313432693,0.3255005478858948,181398,32,8,False,Left,Back,Centre,Left,72
<_io.BytesIO object at 0x000001A1F17E2C70>,0.6026648283004761,0.07596147805452347,0.27068814635276794,181399,32,8,False,Left,Back,Centre,Left,72
<_io.BytesIO object at 0x000001A1F17E2F90>,0.6379828453063965,0.08130786567926407,0.2748318016529083,181399,32,8,False,Left,Back,Centre,Left,72
<_io.BytesIO object at 0x000001A1F17E2BD0>,0.6398797631263733,0.12057345360517502,0.3613089621067047,181399,32,8,False,Left,Back,Centre,Left,72
<_io.BytesIO object at 0x000001A1F180C630>,0.6480094194412231,0.12307766079902649,0.27517634630203247,181399,32,8,False,Left,Back,Centre,Left,72
<_io.BytesIO object at 0x000001A1F180CA40>,0.5826750993728638,0.055249933153390884,0.32593798637390137,181399,32,8,False,Left,Back,Centre,Left,72
<_io.BytesIO object at 0x000001A1E9D45720>,0.6048465371131897,0.07416894286870956,0.2713060975074768,181400,32,8,False,Left,Back,Centre,Left,72
<_io.BytesIO object at 0x000001A1F16FF770>,0.6399389505386353,0.0796322450041771,0.27483999729156494,181400,32,8,False,Left,Back,Centre,Left,72
<_io.BytesIO object at 0x000001A1F16FF4F0>,0.6439986228942871,0.11811834573745728,0.361544132232666,181400,32,8,False,Left,Back,Centre,Left,72
<_io.BytesIO object at 0x000001A1F16FF400>,0.6507659554481506,0.12101421505212784,0.27531003952026367,181400,32,8,False,Left,Back,Centre,Left,72
<_io.BytesIO object at 0x000001A1F180CC70>,0.5858718156814575,0.05328165739774704,0.32678601145744324,181400,32,8,False,Left,Back,Centre,Left,72
<_io.BytesIO object at 0x000001A1EE98DA40>,0.6072406768798828,0.07218184322118759,0.2718425989151001,181401,32,8,False,Left,Back,Centre,Left,72
<_io.BytesIO object at 0x000001A1EE92C3B0>,0.6413944959640503,0.07745549827814102,0.27486708760261536,181401,32,8,False,Left,Back,Centre,Left,72
<_io.BytesIO object at 0x000001A1EE92CF90>,0.6476179957389832,0.11527559161186218,0.36178725957870483,181401,32,8,False,Left,Back,Centre,Left,72
<_io.BytesIO object at 0x000001A1EE92CDB0>,0.6534523367881775,0.11873625963926315,0.2755020260810852,181401,32,8,False,Left,Back,Centre,Left,72
<_io.BytesIO object at 0x000001A1EE92CB30>,0.5880374908447266,0.051584161818027496,0.32737499475479126,181401,32,8,False,Left,Back,Centre,Left,72
<_io.BytesIO object at 0x000001A1F17064A0>,0.6094803810119629,0.07019852101802826,0.2725239396095276,181402,32,8,False,Left,Back,Centre,Left,72
<_io.BytesIO object at 0x000001A1EE928720>,0.6430810689926147,0.07566334307193756,0.2748515009880066,181402,32,8,False,Left,Back,Centre,Left,72
<_io.BytesIO object at 0x000001A1EE9287C0>,0.6515800952911377,0.11273931711912155,0.361880362033844,181402,32,8,False,Left,Back,Centre,Left,72
<_io.BytesIO object at 0x000001A1EE928540>,0.6558007001876831,0.1166830062866211,0.2755238711833954,181402,32,8,False,Left,Back,Centre,Left,72
<_io.BytesIO object at 0x000001A1EE928EA0>,0.5910365581512451,0.049522414803504944,0.32828351855278015,181402,32,8,False,Left,Back,Centre,Left,72
<_io.BytesIO object at 0x000001A1F16A8860>,0.6116708517074585,0.06808019429445267,0.27300333976745605,181403,32,8,False,Left,Back,Centre,Left,72
<_io.BytesIO object at 0x000001A1F16A7AE0>,0.6444638967514038,0.07357040047645569,0.27485761046409607,181403,32,8,False,Left,Back,Centre,Left,72
<_io.BytesIO object at 0x000001A1F16A77C0>,0.6549596190452576,0.10994306206703186,0.3619990348815918,181403,32,8,False,Left,Back,Centre,Left,72
<_io.BytesIO object at 0x000001A1F16A75E0>,0.6581659913063049,0.11451428383588791,0.2756241261959076,181403,32,8,False,Left,Back,Centre,Left,72
<_io.BytesIO object at 0x000001A1F16A72C0>,0.5933972001075745,0.047467708587646484,0.3288697600364685,181403,32,8,False,Left,Back,Centre,Left,72
<_io.BytesIO object at 0x000001A1F1710EA0>,0.6135621070861816,0.06599439680576324,0.27367648482322693,181404,32,8,False,Left,Back,Centre,Left,72
<_io.BytesIO object at 0x000001A1F17109A0>,0.6457048058509827,0.07166808098554611,0.2748553156852722,181404,32,8,False,Left,Back,Centre,Left,72
<_io.BytesIO object at 0x000001A1EE97E360>,0.6588170528411865,0.10684259235858917,0.3620826005935669,181404,32,8,False,Left,Back,Centre,Left,72
<_io.BytesIO object at 0x000001A1EE97EA90>,0.6603884100914001,0.11216739565134048,0.2757086455821991,181404,32,8,False,Left,Back,Centre,Left,72
<_io.BytesIO object at 0x000001A1EE97ED60>,0.5959107875823975,0.045309558510780334,0.3297232389450073,181404,32,8,False,Left,Back,Centre,Left,72
<_io.BytesIO object at 0x000001A1F16E3040>,0.6154426336288452,0.064195416867733,0.27428480982780457,181405,32,8,False,Left,Back,Centre,Left,72
<_io.BytesIO object at 0x000001A1F16989F0>,0.6466017961502075,0.06986705213785172,0.2747431993484497,181405,32,8,False,Left,Back,Centre,Left,72
<_io.BytesIO object at 0x000001A1F1698C20>,0.662797212600708,0.10353430360555649,0.3620312809944153,181405,32,8,False,Left,Back,Centre,Left,72
<_io.BytesIO object at 0x000001A1F1698F90>,0.6625031232833862,0.10997558385133743,0.27571865916252136,181405,32,8,False,Left,Back,Centre,Left,72
<_io.BytesIO object at 0x000001A1F16EB7C0>,0.5983668565750122,0.0431617870926857,0.33049505949020386,181405,32,8,False,Left,Back,Centre,Left,72
<_io.BytesIO object at 0x000001A1F16A7BD0>,0.61717689037323,0.06268427520990372,0.2748853266239166,181406,32,8,False,Left,Back,Centre,Left,72
<_io.BytesIO object at 0x000001A1F16A7EF0>,0.6473492980003357,0.06846664845943451,0.274665504693985,181406,32,8,False,Left,Back,Centre,Left,72
<_io.BytesIO object at 0x000001A1F16A8860>,0.666562557220459,0.10063917934894562,0.3618810176849365,181406,32,8,False,Left,Back,Centre,Left,72
<_io.BytesIO object at 0x000001A1F16A8E50>,0.6645340323448181,0.10796289891004562,0.2756675183773041,181406,32,8,False,Left,Back,Centre,Left,72
<_io.BytesIO object at 0x000001A1F16A8220>,0.6006985902786255,0.041353799402713776,0.3312571346759796,181406,32,8,False,Left,Back,Centre,Left,72
<_io.BytesIO object at 0x000001A1EE928D60>,0.6187653541564941,0.06147824227809906,0.27549779415130615,181407,32,8,False,Left,Back,Centre,Left,72
<_io.BytesIO object at 0x000001A1EE928450>,0.6482319235801697,0.0678284540772438,0.2744602859020233,181407,32,8,False,Left,Back,Centre,Left,72
<_io.BytesIO object at 0x000001A1F1706D60>,0.6708773970603943,0.09787905216217041,0.36153069138526917,181407,32,8,False,Left,Back,Centre,Left,72
<_io.BytesIO object at 0x000001A1F1706450>,0.6663262844085693,0.10634477436542511,0.2755286395549774,181407,32,8,False,Left,Back,Centre,Left,72
<_io.BytesIO object at 0x000001A1F1706EF0>,0.6036363244056702,0.03958376124501228,0.33201897144317627,181407,32,8,False,Left,Back,Centre,Left,72
<_io.BytesIO object at 0x000001A1EE92CC70>,0.6202582120895386,0.06051725521683693,0.27598854899406433,181408,32,8,False,Left,Back,Centre,Left,72
<_io.BytesIO object at 0x000001A1EE98D950>,0.6488322615623474,0.06701058894395828,0.2744047939777374,181408,32,8,False,Left,Back,Centre,Left,72
<_io.BytesIO object at 0x000001A1EE98DE00>,0.6792622804641724,0.09936340153217316,0.35808128118515015,181408,32,8,False,Left,Back,Centre,Left,72
<_io.BytesIO object at 0x000001A1EE98D810>,0.6677226424217224,0.10517966747283936,0.27545657753944397,181408,32,8,False,Left,Back,Centre,Left,72
<_io.BytesIO object at 0x000001A1EE98D8B0>,0.6093652844429016,0.040164764970541,0.33551764488220215,181408,32,8,False,Left,Back,Centre,Left,72
<_io.BytesIO object at 0x000001A1F16FFA90>,0.621753454208374,0.0596810057759285,0.2763843834400177,181409,32,8,False,Left,Back,Centre,Left,72
<_io.BytesIO object at 0x000001A1F16FF770>,0.6497038006782532,0.0667375922203064,0.2742583453655243,181409,32,8,False,Left,Back,Centre,Left,72
<_io.BytesIO object at 0x000001A1F16EB770>,0.6848764419555664,0.09535301476716995,0.36123934388160706,181409,32,8,False,Left,Back,Centre,Left,72
<_io.BytesIO object at 0x000001A1F16EB360>,0.6688817143440247,0.10451152175664902,0.27536535263061523,181409,32,8,False,Left,Back,Centre,Left,72
<_io.BytesIO object at 0x000001A1F16EB720>,0.6127992868423462,0.037103138864040375,0.3358607292175293,181409,32,8,False,Left,Back,Centre,Left,72
<_io.BytesIO object at 0x000001A1F16E39F0>,0.6232503056526184,0.05891573056578636,0.2767571210861206,181410,32,8,False,Left,Back,Centre,Left,72
<_io.BytesIO object at 0x000001A1F171BA90>,0.6509652137756348,0.06625992059707642,0.2741391360759735,181410,32,8,False,Left,Back,Centre,Left,72
<_io.BytesIO object at 0x000001A1F171B950>,0.6853539943695068,0.09528433531522751,0.36132994294166565,181410,32,8,False,Left,Back,Centre,Left,72
<_io.BytesIO object at 0x000001A1F16E77C0>,0.6697108149528503,0.10428745299577713,0.27535852789878845,181410,32,8,False,Left,Back,Centre,Left,72
<_io.BytesIO object at 0x000001A1F16E7D10>,0.6142334938049316,0.035728711634874344,0.3355083465576172,181410,32,8,False,Left,Back,Centre,Left,72
<_io.BytesIO object at 0x000001A1EE97E7C0>,0.6246152520179749,0.05835115909576416,0.2771165370941162,181411,32,8,False,Left,Back,Centre,Left,72
<_io.BytesIO object at 0x000001A1EE97EE50>,0.6517652273178101,0.0664643943309784,0.27403032779693604,181411,32,8,False,Left,Back,Centre,Left,72
<_io.BytesIO object at 0x000001A1EE97EEF0>,0.685646116733551,0.09550906717777252,0.3614567816257477,181411,32,8,False,Left,Back,Centre,Left,72
<_io.BytesIO object at 0x000001A1EE97E040>,0.6702013611793518,0.104271300137043,0.27535587549209595,181411,32,8,False,Left,Back,Centre,Left,72
<_io.BytesIO object at 0x000001A1EE97E090>,0.615664005279541,0.03498049080371857,0.33548519015312195,181411,32,8,False,Left,Back,Centre,Left,72
<_io.BytesIO object at 0x000001A1F16E31D0>,0.6257296800613403,0.057839617133140564,0.27747249603271484,181412,32,8,False,Left,Back,Centre,Left,72
<_io.BytesIO object at 0x000001A1F17104A0>,0.6525021195411682,0.06682295352220535,0.27389973402023315,181412,32,8,False,Left,Back,Centre,Left,72
<_io.BytesIO object at 0x000001A1F1710AE0>,0.6857934594154358,0.09596467018127441,0.3616377115249634,181412,32,8,False,Left,Back,Centre,Left,72
<_io.BytesIO object at 0x000001A1F1710090>,0.6704896092414856,0.10449496656656265,0.27537620067596436,181412,32,8,False,Left,Back,Centre,Left,72
<_io.BytesIO object at 0x000001A1F17109A0>,0.6170680522918701,0.03435918316245079,0.3355470895767212,181412,32,8,False,Left,Back,Centre,Left,72
<_io.BytesIO object at 0x000001A1F180CC70>,0.6266489028930664,0.05738738179206848,0.27776962518692017,181413,32,8,False,Left,Back,Centre,Left,72
<_io.BytesIO object at 0x000001A1F180C5E0>,0.6531333327293396,0.06730226427316666,0.27374857664108276,181413,32,8,False,Left,Back,Centre,Left,72
<_io.BytesIO object at 0x000001A1F17E2400>,0.6858313083648682,0.09638762474060059,0.361643522977829,181413,32,8,False,Left,Back,Centre,Left,72
<_io.BytesIO object at 0x000001A1F17E2F40>,0.6705917716026306,0.104811891913414,0.27537456154823303,181413,32,8,False,Left,Back,Centre,Left,72
<_io.BytesIO object at 0x000001A1F17E2B80>,0.6184487342834473,0.03374842554330826,0.335592120885849,181413,32,8,False,Left,Back,Centre,Left,72
<_io.BytesIO object at 0x000001A1EE92C180>,0.6274351477622986,0.05699438974261284,0.27794352173805237,181414,32,8,False,Left,Back,Centre,Left,72
<_io.BytesIO object at 0x000001A1F16CBCC0>,0.6536977291107178,0.06776107102632523,0.273536741733551,181414,32,8,False,Left,Back,Centre,Left,72
<_io.BytesIO object at 0x000001A1F16CB450>,0.6858008503913879,0.09688762575387955,0.36164429783821106,181414,32,8,False,Left,Back,Centre,Left,72
<_io.BytesIO object at 0x000001A1F16CB0E0>,0.6706070303916931,0.10514238476753235,0.27537333965301514,181414,32,8,False,Left,Back,Centre,Left,72
<_io.BytesIO object at 0x000001A1F16CBB80>,0.6197308301925659,0.033156923949718475,0.3355652987957001,181414,32,8,False,Left,Back,Centre,Left,72
<_io.BytesIO object at 0x000001A1EE928F40>,0.6280910968780518,0.05663914233446121,0.2780351936817169,181415,32,8,False,Left,Back,Centre,Left,72
<_io.BytesIO object at 0x000001A1F1703400>,0.6541656851768494,0.06823355704545975,0.27334046363830566,181415,32,8,False,Left,Back,Centre,Left,72
<_io.BytesIO object at 0x000001A1F1703EF0>,0.6856703758239746,0.09738679975271225,0.3616582155227661,181415,32,8,False,Left,Back,Centre,Left,72
<_io.BytesIO object at 0x000001A1F1703540>,0.6705692410469055,0.10548524558544159,0.2753600478172302,181415,32,8,False,Left,Back,Centre,Left,72
<_io.BytesIO object at 0x000001A1F16A8090>,0.6208064556121826,0.032673388719558716,0.335513710975647,181415,32,8,False,Left,Back,Centre,Left,72
<_io.BytesIO object at 0x000001A1F1700900>,0.6286569833755493,0.05635977163910866,0.2780868113040924,181416,32,8,False,Left,Back,Centre,Left,72
<_io.BytesIO object at 0x000001A1F17004F0>,0.6545599699020386,0.06864388287067413,0.2731485068798065,181416,32,8,False,Left,Back,Centre,Left,72
<_io.BytesIO object at 0x000001A1F1700590>,0.6854310631752014,0.09784460067749023,0.36168181896209717,181416,32,8,False,Left,Back,Centre,Left,72
<_io.BytesIO object at 0x000001A1F1700400>,0.6704721450805664,0.10584134608507156,0.2753584086894989,181416,32,8,False,Left,Back,Centre,Left,72
<_io.BytesIO object at 0x000001A1EE924950>,0.6216811537742615,0.032273489981889725,0.33541980385780334,181416,32,8,False,Left,Back,Centre,Left,72
<_io.BytesIO object at 0x000001A1F17004F0>,0.6291641592979431,0.05617706477642059,0.2780897319316864,181417,32,8,False,Left,Back,Centre,Left,72
<_io.BytesIO object at 0x000001A1F16A76D0>,0.6548323035240173,0.06902004778385162,0.2729567289352417,181417,32,8,False,Left,Back,Centre,Left,72
<_io.BytesIO object at 0x000001A1F16A7EA0>,0.6851478219032288,0.09830377995967865,0.3616851270198822,181417,32,8,False,Left,Back,Centre,Left,72
<_io.BytesIO object at 0x000001A1F16A7360>,0.6704246997833252,0.10618272423744202,0.2753241956233978,181417,32,8,False,Left,Back,Centre,Left,72
<_io.BytesIO object at 0x000001A1F16A74A0>,0.6223250031471252,0.032049380242824554,0.3352915644645691,181417,32,8,False,Left,Back,Centre,Left,72
<_io.BytesIO object at 0x000001A1EE928DB0>,0.6295669674873352,0.056071698665618896,0.2780720293521881,181418,32,8,False,Left,Back,Centre,Left,72
<_io.BytesIO object at 0x000001A1EE9287C0>,0.6531038284301758,0.06816024333238602,0.27376341819763184,181418,32,8,False,Left,Back,Centre,Left,72
<_io.BytesIO object at 0x000001A1EE9283B0>,0.6848328709602356,0.09870241582393646,0.3615858256816864,181418,32,8,False,Left,Back,Centre,Left,72
<_io.BytesIO object at 0x000001A1F1706130>,0.6703795790672302,0.1064712256193161,0.2751889228820801,181418,32,8,False,Left,Back,Centre,Left,72
<_io.BytesIO object at 0x000001A1F1706040>,0.6215834021568298,0.03277711197733879,0.33576223254203796,181418,32,8,False,Left,Back,Centre,Left,72
<_io.BytesIO object at 0x000001A1EE92C810>,0.6298539042472839,0.056197211146354675,0.2778869867324829,181419,32,8,False,Left,Back,Centre,Left,72
<_io.BytesIO object at 0x000001A1EE92C900>,0.6527709364891052,0.06817641854286194,0.27368876338005066,181419,32,8,False,Left,Back,Centre,Left,72
<_io.BytesIO object at 0x000001A1EE98DA90>,0.6845584511756897,0.09913472831249237,0.3613797724246979,181419,32,8,False,Left,Back,Centre,Left,72
<_io.BytesIO object at 0x000001A1EE98D900>,0.6703338623046875,0.10681042820215225,0.27491214871406555,181419,32,8,False,Left,Back,Centre,Left,72
<_io.BytesIO object at 0x000001A1EE98DE50>,0.6217148900032043,0.03290332108736038,0.33567342162132263,181419,32,8,False,Left,Back,Centre,Left,72
<_io.BytesIO object at 0x000001A1F180CEA0>,0.6300418972969055,0.05647282674908638,0.2775265872478485,181420,32,8,False,Left,Back,Centre,Left,72
<_io.BytesIO object at 0x000001A1F16FFBD0>,0.6526644825935364,0.06851497292518616,0.27335378527641296,181420,32,8,False,Left,Back,Centre,Left,72
<_io.BytesIO object at 0x000001A1F16FFC20>,0.6823425889015198,0.10116595029830933,0.36004379391670227,181420,32,8,False,Left,Back,Centre,Left,72
<_io.BytesIO object at 0x000001A1F16FF770>,0.6703382134437561,0.10714329034090042,0.27451181411743164,181420,32,8,False,Left,Back,Centre,Left,72
<_io.BytesIO object at 0x000001A1F16EB360>,0.6207918524742126,0.03423948958516121,0.33545956015586853,181420,32,8,False,Left,Back,Centre,Left,72
<_io.BytesIO object at 0x000001A1F16E3630>,0.6301113367080688,0.05685165897011757,0.27700701355934143,181421,32,8,False,Left,Back,Centre,Left,72
<_io.BytesIO object at 0x000001A1F16E3770>,0.6524067521095276,0.0687972903251648,0.2728801667690277,181421,32,8,False,Left,Back,Centre,Left,72
<_io.BytesIO object at 0x000001A1F171BD60>,0.6823291182518005,0.10135222971439362,0.35953056812286377,181421,32,8,False,Left,Back,Centre,Left,72
<_io.BytesIO object at 0x000001A1F171BDB0>,0.6703075170516968,0.10756261646747589,0.2739417552947998,181421,32,8,False,Left,Back,Centre,Left,72
<_io.BytesIO object at 0x000001A1F171BB80>,0.6207966804504395,0.034541208297014236,0.3348866403102875,181421,32,8,False,Left,Back,Centre,Left,72
<_io.BytesIO object at 0x000001A1F16E7720>,0.630082905292511,0.057356398552656174,0.2764323651790619,181422,32,8,False,Left,Back,Centre,Left,72
<_io.BytesIO object at 0x000001A1F16E7EA0>,0.6522156596183777,0.06912462413311005,0.27235496044158936,181422,32,8,False,Left,Back,Centre,Left,72
<_io.BytesIO object at 0x000001A1F171BA90>,0.6826230883598328,0.10164082795381546,0.3591494560241699,181422,32,8,False,Left,Back,Centre,Left,72
<_io.BytesIO object at 0x000001A1F171B720>,0.6702595949172974,0.10810583829879761,0.2732551097869873,181422,32,8,False,Left,Back,Centre,Left,72
<_io.BytesIO object at 0x000001A1F171BCC0>,0.621066689491272,0.034759923815727234,0.3343026638031006,181422,32,8,False,Left,Back,Centre,Left,72
<_io.BytesIO object at 0x000001A1F16EB5E0>,0.6301366686820984,0.05798819288611412,0.2756221890449524,181423,32,8,False,Left,Back,Centre,Left,72
<_io.BytesIO object at 0x000001A1F16EBE00>,0.6521581411361694,0.06984961777925491,0.27148181200027466,181423,32,8,False,Left,Back,Centre,Left,72
<_io.BytesIO object at 0x000001A1F16EBF40>,0.6830040812492371,0.10207773000001907,0.3585973083972931,181423,32,8,False,Left,Back,Centre,Left,72
<_io.BytesIO object at 0x000001A1F16FF130>,0.6701720356941223,0.10878992080688477,0.27229177951812744,181423,32,8,False,Left,Back,Centre,Left,72
<_io.BytesIO object at 0x000001A1F16FFF90>,0.6213371753692627,0.035184070467948914,0.333395391702652,181423,32,8,False,Left,Back,Centre,Left,72
<_io.BytesIO object at 0x000001A1F17E2EF0>,0.6301441192626953,0.058884020894765854,0.27467790246009827,181424,32,8,False,Left,Back,Centre,Left,72
<_io.BytesIO object at 0x000001A1EE98DDB0>,0.6519114375114441,0.07069461792707443,0.2704614996910095,181424,32,8,False,Left,Back,Centre,Left,72
<_io.BytesIO object at 0x000001A1EE98D2C0>,0.6835370063781738,0.10248122364282608,0.35755491256713867,181424,32,8,False,Left,Back,Centre,Left,72
<_io.BytesIO object at 0x000001A1EE98D900>,0.6700776815414429,0.10965729504823685,0.2712065279483795,181424,32,8,False,Left,Back,Centre,Left,72
<_io.BytesIO object at 0x000001A1EE98D6D0>,0.6217529773712158,0.03570017218589783,0.33235612511634827,181424,32,8,False,Left,Back,Centre,Left,72
<_io.BytesIO object at 0x000001A1F16CBD10>,0.630122721195221,0.05980052053928375,0.27336087822914124,181425,32,8,False,Left,Back,Centre,Left,72
<_io.BytesIO object at 0x000001A1F1706810>,0.6518731713294983,0.07194560021162033,0.2691485285758972,181425,32,8,False,Left,Back,Centre,Left,72
<_io.BytesIO object at 0x000001A1F1706040>,0.6840623021125793,0.1031353622674942,0.3566584587097168,181425,32,8,False,Left,Back,Centre,Left,72
<_io.BytesIO object at 0x000001A1F1706F40>,0.66988205909729,0.11080503463745117,0.2698782980442047,181425,32,8,False,Left,Back,Centre,Left,72
<_io.BytesIO object at 0x000001A1EE9286D0>,0.6220642328262329,0.03635929897427559,0.3310011327266693,181425,32,8,False,Left,Back,Centre,Left,72
<_io.BytesIO object at 0x000001A1F16A8180>,0.6301815509796143,0.06105773523449898,0.2718207538127899,181426,32,8,False,Left,Back,Centre,Left,72
<_io.BytesIO object at 0x000001A1F16A8A90>,0.6516569256782532,0.07320263981819153,0.2677098214626312,181426,32,8,False,Left,Back,Centre,Left,72
<_io.BytesIO object at 0x000001A1F16A7E00>,0.6847289800643921,0.10418284684419632,0.3556670844554901,181426,32,8,False,Left,Back,Centre,Left,72
<_io.BytesIO object at 0x000001A1F16A79F0>,0.6699416041374207,0.11163041740655899,0.2685331106185913,181426,32,8,False,Left,Back,Centre,Left,72
<_io.BytesIO object at 0x000001A1F16A78B0>,0.6221110820770264,0.037516169250011444,0.3296607434749603,181426,32,8,False,Left,Back,Centre,Left,72
<_io.BytesIO object at 0x000001A1E9D45540>,0.630222499370575,0.06233980506658554,0.26995688676834106,181427,32,8,False,Left,Back,Centre,Left,72
<_io.BytesIO object at 0x000001A1EE97E360>,0.6517000198364258,0.07482937723398209,0.265959769487381,181427,32,8,False,Left,Back,Centre,Left,72
<_io.BytesIO object at 0x000001A1EE97E950>,0.6854448318481445,0.10551902651786804,0.3545110821723938,181427,32,8,False,Left,Back,Centre,Left,72
<_io.BytesIO object at 0x000001A1EE97E3B0>,0.6694244742393494,0.11381342262029648,0.2662222683429718,181427,32,8,False,Left,Back,Centre,Left,72
<_io.BytesIO object at 0x000001A1EE97E310>,0.6231387853622437,0.03835688903927803,0.32764214277267456,181427,32,8,False,Left,Back,Centre,Left,72
<_io.BytesIO object at 0x000001A1EE97EC70>,0.6303961277008057,0.06391873955726624,0.26784712076187134,181428,32,8,False,Left,Back,Centre,Left,72
<_io.BytesIO object at 0x000001A1F1700EF0>,0.651779055595398,0.07655477523803711,0.2638814449310303,181428,32,8,False,Left,Back,Centre,Left,72
<_io.BytesIO object at 0x000001A1F1700A40>,0.6860840320587158,0.10716702789068222,0.3530656397342682,181428,32,8,False,Left,Back,Centre,Left,72
<_io.BytesIO object at 0x000001A1F1700D10>,0.6693137288093567,0.11566020548343658,0.2639317810535431,181428,32,8,False,Left,Back,Centre,Left,72
<_io.BytesIO object at 0x000001A1F17004F0>,0.6237525343894958,0.03967836871743202,0.32556766271591187,181428,32,8,False,Left,Back,Centre,Left,72
<_io.BytesIO object at 0x000001A1F16A82C0>,0.6307456493377686,0.06559064239263535,0.2652242183685303,181429,32,8,False,Left,Back,Centre,Left,72
<_io.BytesIO object at 0x000001A1F1703A40>,0.6520135998725891,0.07863125950098038,0.26141157746315,181429,32,8,False,Left,Back,Centre,Left,72
<_io.BytesIO object at 0x000001A1F1703590>,0.6866757273674011,0.1091693565249443,0.3513074219226837,181429,32,8,False,Left,Back,Centre,Left,72
<_io.BytesIO object at 0x000001A1EE928630>,0.6689977049827576,0.11782270669937134,0.2612030804157257,181429,32,8,False,Left,Back,Centre,Left,72
<_io.BytesIO object at 0x000001A1EE928680>,0.6245700120925903,0.041127197444438934,0.3230054974555969,181429,32,8,False,Left,Back,Centre,Left,72
<_io.BytesIO object at 0x000001A1F16CBAE0>,0.6311909556388855,0.06737742573022842,0.26227304339408875,181430,32,8,False,Left,Back,Centre,Left,72
<_io.BytesIO object at 0x000001A1F16CB630>,0.6523062586784363,0.0807594582438469,0.25862106680870056,181430,32,8,False,Left,Back,Centre,Left,72
<_io.BytesIO object at 0x000001A1EE92C6D0>,0.6879652142524719,0.10980532318353653,0.3420712351799011,181430,32,8,False,Left,Back,Centre,Left,72
<_io.BytesIO object at 0x000001A1EE92C400>,0.6688717603683472,0.12009157985448837,0.25808247923851013,181430,32,8,False,Left,Back,Centre,Left,72
<_io.BytesIO object at 0x000001A1EE92C130>,0.6270148158073425,0.04217807203531265,0.3196605145931244,181430,32,8,False,Left,Back,Centre,Left,72
<_io.BytesIO object at 0x000001A1F17E2F90>,0.6317091584205627,0.06927125155925751,0.25892123579978943,181431,32,8,False,Left,Back,Centre,Left,72
<_io.BytesIO object at 0x000001A1F180C3B0>,0.6527681350708008,0.0830712616443634,0.2553423345088959,181431,32,8,False,Left,Back,Centre,Left,72
<_io.BytesIO object at 0x000001A1F180CA40>,0.6880554556846619,0.11287236213684082,0.33835744857788086,181431,32,8,False,Left,Back,Centre,Left,72
<_io.BytesIO object at 0x000001A1F180C4F0>,0.6687988638877869,0.12252820283174515,0.25456830859184265,181431,32,8,False,Left,Back,Centre,Left,72
<_io.BytesIO object at 0x000001A1F180C270>,0.6277151107788086,0.0445697084069252,0.31634756922721863,181431,32,8,False,Left,Back,Centre,Left,72
<_io.BytesIO object at 0x000001A1F1710400>,0.6322770714759827,0.07132516801357269,0.255107581615448,181432,32,8,False,Left,Back,Centre,Left,72
<_io.BytesIO object at 0x000001A1F1710590>,0.6530262231826782,0.08525162190198898,0.2518371343612671,181432,32,8,False,Left,Back,Centre,Left,72
<_io.BytesIO object at 0x000001A1F17106D0>,0.6863436102867126,0.11696184426546097,0.33508384227752686,181432,32,8,False,Left,Back,Centre,Left,72
<_io.BytesIO object at 0x000001A1F16E31D0>,0.6688500642776489,0.1250758320093155,0.2506214678287506,181432,32,8,False,Left,Back,Centre,Left,72
<_io.BytesIO object at 0x000001A1F16E36D0>,0.6273718476295471,0.04750514775514603,0.3129764199256897,181432,32,8,False,Left,Back,Centre,Left,72
<_io.BytesIO object at 0x000001A1F16E3090>,0.6329373121261597,0.07349605858325958,0.25083908438682556,181433,32,8,False,Left,Back,Centre,Left,72
<_io.BytesIO object at 0x000001A1F1710900>,0.6535912752151489,0.08731387555599213,0.24798470735549927,181433,32,8,False,Left,Back,Centre,Left,72
<_io.BytesIO object at 0x000001A1F1710770>,0.6834283471107483,0.12207160890102386,0.3314553499221802,181433,32,8,False,Left,Back,Centre,Left,72
<_io.BytesIO object at 0x000001A1F1710C20>,0.6688300967216492,0.12771359086036682,0.24619214236736298,181433,32,8,False,Left,Back,Centre,Left,72
<_io.BytesIO object at 0x000001A1F1710DB0>,0.6266521215438843,0.05088094249367714,0.30911722779273987,181433,32,8,False,Left,Back,Centre,Left,72
<_io.BytesIO object at 0x000001A1F180C5E0>,0.6336452960968018,0.07562404125928879,0.24618981778621674,181434,32,8,False,Left,Back,Centre,Left,72
<_io.BytesIO object at 0x000001A1F180C310>,0.6540551781654358,0.08965370804071426,0.24368825554847717,181434,32,8,False,Left,Back,Centre,Left,72
<_io.BytesIO object at 0x000001A1F17E26D0>,0.6814427375793457,0.1277858316898346,0.33282938599586487,181434,32,8,False,Left,Back,Centre,Left,72
<_io.BytesIO object at 0x000001A1F17E2A90>,0.668926477432251,0.13035047054290771,0.24141833186149597,181434,32,8,False,Left,Back,Centre,Left,72
<_io.BytesIO object at 0x000001A1F17E2CC0>,0.6255457997322083,0.05431564524769783,0.30506327748298645,181434,32,8,False,Left,Back,Centre,Left,72
<_io.BytesIO object at 0x000001A1EE92CA40>,0.6344542503356934,0.07766247540712357,0.24115891754627228,181435,32,8,False,Left,Back,Centre,Left,72
<_io.BytesIO object at 0x000001A1EE92CE00>,0.6545630097389221,0.0920543298125267,0.23893313109874725,181435,32,8,False,Left,Back,Centre,Left,72
<_io.BytesIO object at 0x000001A1F16CB180>,0.6778526902198792,0.1317690908908844,0.3225752115249634,181435,32,8,False,Left,Back,Centre,Left,72
<_io.BytesIO object at 0x000001A1F16CBCC0>,0.6689356565475464,0.13310343027114868,0.2361704260110855,181435,32,8,False,Left,Back,Centre,Left,72
<_io.BytesIO object at 0x000001A1F16CB7C0>,0.6250329613685608,0.057668570429086685,0.2999956011772156,181435,32,8,False,Left,Back,Centre,Left,72
<_io.BytesIO object at 0x000001A1EE928F90>,0.6353017687797546,0.07970693707466125,0.23577500879764557,181436,32,8,False,Left,Back,Centre,Left,72
<_io.BytesIO object at 0x000001A1F1703DB0>,0.6552354097366333,0.09438087791204453,0.23376475274562836,181436,32,8,False,Left,Back,Centre,Left,72
<_io.BytesIO object at 0x000001A1F1703AE0>,0.675527036190033,0.13631664216518402,0.31708192825317383,181436,32,8,False,Left,Back,Centre,Left,72
<_io.BytesIO object at 0x000001A1F17034F0>,0.6687785983085632,0.13583888113498688,0.23056386411190033,181436,32,8,False,Left,Back,Centre,Left,72
<_io.BytesIO object at 0x000001A1F16A8090>,0.6248754262924194,0.060654863715171814,0.2947132885456085,181436,32,8,False,Left,Back,Centre,Left,72
<_io.BytesIO object at 0x000001A1F1700EA0>,0.6362065076828003,0.08171285688877106,0.22995859384536743,181437,32,8,False,Left,Back,Centre,Left,72
<_io.BytesIO object at 0x000001A1F17000E0>,0.656965434551239,0.0964265987277031,0.2293233871459961,181437,32,8,False,Left,Back,Centre,Left,72
<_io.BytesIO object at 0x000001A1F1700770>,0.6685819625854492,0.14463095366954803,0.3125103712081909,181437,32,8,False,Left,Back,Centre,Left,72
<_io.BytesIO object at 0x000001A1F1700720>,0.6684977412223816,0.13855144381523132,0.2244003564119339,181437,32,8,False,Left,Back,Centre,Left,72
<_io.BytesIO object at 0x000001A1EE924950>,0.6221678853034973,0.06557457894086838,0.2893694341182709,181437,32,8,False,Left,Back,Centre,Left,72
<_io.BytesIO object at 0x000001A1EE97EEF0>,0.6371071338653564,0.08361823856830597,0.22367790341377258,181438,32,8,False,Left,Back,Centre,Left,72
<_io.BytesIO object at 0x000001A1E9D45590>,0.6636441349983215,0.09916400164365768,0.2239193469285965,181438,32,8,False,Left,Back,Centre,Left,72
<_io.BytesIO object at 0x000001A1F1700680>,0.6655573844909668,0.14740295708179474,0.3069775700569153,181438,32,8,False,Left,Back,Centre,Left,72
<_io.BytesIO object at 0x000001A1F1700040>,0.6676390767097473,0.1407812535762787,0.21848517656326294,181438,32,8,False,Left,Back,Centre,Left,72
<_io.BytesIO object at 0x000001A1F17000E0>,0.6234157085418701,0.06656129658222198,0.2826808989048004,181438,32,8,False,Left,Back,Centre,Left,72
<_io.BytesIO object at 0x000001A1F16A88B0>,0.6382153630256653,0.0852060541510582,0.21716804802417755,181439,32,8,False,Left,Back,Centre,Left,72
<_io.BytesIO object at 0x000001A1F16A8770>,0.6641561985015869,0.10130246728658676,0.2174878567457199,181439,32,8,False,Left,Back,Centre,Left,72
<_io.BytesIO object at 0x000001A1F1703180>,0.662301242351532,0.14998860657215118,0.30107608437538147,181439,32,8,False,Left,Back,Centre,Left,72
<_io.BytesIO object at 0x000001A1F1703720>,0.6663048267364502,0.14258751273155212,0.21211662888526917,181439,32,8,False,Left,Back,Centre,Left,72
<_io.BytesIO object at 0x000001A1F1703DB0>,0.6243099570274353,0.06714420020580292,0.27562278509140015,181439,32,8,False,Left,Back,Centre,Left,72
<_io.BytesIO object at 0x000001A1F1706770>,0.6397309899330139,0.08659937232732773,0.21040646731853485,181440,32,8,False,Left,Back,Centre,Left,72
<_io.BytesIO object at 0x000001A1F16CBC20>,0.6646568179130554,0.10352221131324768,0.21132448315620422,181440,32,8,False,Left,Back,Centre,Left,72
<_io.BytesIO object at 0x000001A1F16CB0E0>,0.6588842272758484,0.15227249264717102,0.2946564853191376,181440,32,8,False,Left,Back,Centre,Left,72
<_io.BytesIO object at 0x000001A1F16CBA40>,0.6646314263343811,0.14414988458156586,0.2055908739566803,181440,32,8,False,Left,Back,Centre,Left,72
<_io.BytesIO object at 0x000001A1F16CB180>,0.6254139542579651,0.06756583601236343,0.26878154277801514,181440,32,8,False,Left,Back,Centre,Left,72
<_io.BytesIO object at 0x000001A1F17E28B0>,0.6415557265281677,0.08762527257204056,0.2033301740884781,181441,32,8,False,Left,Back,Centre,Left,72
<_io.BytesIO object at 0x000001A1F180CB30>,0.6598182916641235,0.1073884591460228,0.20093576610088348,181441,32,8,False,Left,Back,Centre,Left,72
<_io.BytesIO object at 0x000001A1F180CCC0>,0.6550410389900208,0.15462636947631836,0.287954181432724,181441,32,8,False,Left,Back,Centre,Left,72
<_io.BytesIO object at 0x000001A1F180C6D0>,0.6627061367034912,0.14547476172447205,0.19869983196258545,181441,32,8,False,Left,Back,Centre,Left,72
<_io.BytesIO object at 0x000001A1F180C8B0>,0.6266231536865234,0.06775200366973877,0.26111266016960144,181441,32,8,False,Left,Back,Centre,Left,72
<_io.BytesIO object at 0x000001A1F17100E0>,0.6432415246963501,0.08873114734888077,0.195807546377182,181442,32,8,False,Left,Back,Centre,Left,72
<_io.BytesIO object at 0x000001A1F1710130>,0.6594771146774292,0.10852929949760437,0.19419245421886444,181442,32,8,False,Left,Back,Centre,Left,72
<_io.BytesIO object at 0x000001A1F1710AE0>,0.6511581540107727,0.15667009353637695,0.2809237539768219,181442,32,8,False,Left,Back,Centre,Left,72
<_io.BytesIO object at 0x000001A1F16E3B30>,0.6604992747306824,0.1465836763381958,0.19154566526412964,181442,32,8,False,Left,Back,Centre,Left,72
<_io.BytesIO object at 0x000001A1F16E3540>,0.6276928186416626,0.06794127821922302,0.25400641560554504,181442,32,8,False,Left,Back,Centre,Left,72
<_io.BytesIO object at 0x000001A1F171BEA0>,0.6447248458862305,0.08965229988098145,0.18783186376094818,181443,32,8,False,Left,Back,Centre,Left,72
<_io.BytesIO object at 0x000001A1F171B6D0>,0.659111499786377,0.10961354523897171,0.1872166395187378,181443,32,8,False,Left,Back,Centre,Left,72
<_io.BytesIO object at 0x000001A1EE98D2C0>,0.646964430809021,0.15875716507434845,0.2735893428325653,181443,32,8,False,Left,Back,Centre,Left,72
<_io.BytesIO object at 0x000001A1EE98D130>,0.6580845713615417,0.1476629674434662,0.1841920018196106,181443,32,8,False,Left,Back,Centre,Left,72
<_io.BytesIO object at 0x000001A1EE98DE50>,0.62835693359375,0.06816267222166061,0.24652434885501862,181443,32,8,False,Left,Back,Centre,Left,72
<_io.BytesIO object at 0x000001A1F16EB7C0>,0.6461120247840881,0.0905577689409256,0.1795276701450348,181444,32,8,False,Left,Back,Centre,Left,72
<_io.BytesIO object at 0x000001A1F16EB810>,0.6588494181632996,0.11057840287685394,0.17995496094226837,181444,32,8,False,Left,Back,Centre,Left,72
<_io.BytesIO object at 0x000001A1F16FF4F0>,0.6426354646682739,0.16058342158794403,0.26580652594566345,181444,32,8,False,Left,Back,Centre,Left,72
<_io.BytesIO object at 0x000001A1F16FF130>,0.655566930770874,0.14854341745376587,0.17636460065841675,181444,32,8,False,Left,Back,Centre,Left,72
<_io.BytesIO object at 0x000001A1F16FFC20>,0.6289739608764648,0.0682845413684845,0.23866775631904602,181444,32,8,False,Left,Back,Centre,Left,72
<_io.BytesIO object at 0x000001A1F17E24A0>,0.6422727108001709,0.0886688083410263,0.1746140867471695,181445,32,8,False,Left,Back,Centre,Left,72
<_io.BytesIO object at 0x000001A1EE92C450>,0.6623134016990662,0.11166688799858093,0.17604398727416992,181445,32,8,False,Left,Back,Centre,Left,72
<_io.BytesIO object at 0x000001A1EE92CDB0>,0.6397752165794373,0.1588883101940155,0.25506243109703064,181445,32,8,False,Left,Back,Centre,Left,72
<_io.BytesIO object at 0x000001A1EE92C220>,0.652712345123291,0.1518246829509735,0.16980676352977753,181445,32,8,False,Left,Back,Centre,Left,72
<_io.BytesIO object at 0x000001A1EE92C6D0>,0.6294613480567932,0.06846815347671509,0.23251333832740784,181445,32,8,False,Left,Back,Centre,Left,72
<_io.BytesIO object at 0x000001A1EE9289F0>,0.6422727108001709,0.0886688083410263,0.1746140867471695,181446,32,8,False,Left,Back,Centre,Left,72
<_io.BytesIO object at 0x000001A1EE928A40>,0.6623134016990662,0.11166688799858093,0.17604398727416992,181446,32,8,False,Left,Back,Centre,Left,72
<_io.BytesIO object at 0x000001A1F1703400>,0.6397752165794373,0.1588883101940155,0.25506243109703064,181446,32,8,False,Left,Back,Centre,Left,72
<_io.BytesIO object at 0x000001A1F17034F0>,0.652712345123291,0.1518246829509735,0.16980676352977753,181446,32,8,False,Left,Back,Centre,Left,72
<_io.BytesIO object at 0x000001A1F1703130>,0.6294613480567932,0.06846815347671509,0.23251333832740784,181446,32,8,False,Left,Back,Centre,Left,72
<_io.BytesIO object at 0x000001A1F16A77C0>,0.6422727108001709,0.0886688083410263,0.1746140867471695,181447,32,8,False,Left,Back,Centre,Left,72
<_io.BytesIO object at 0x000001A1F1700900>,0.6623134016990662,0.11166688799858093,0.17604398727416992,181447,32,8,False,Left,Back,Centre,Left,72
<_io.BytesIO object at 0x000001A1F1700720>,0.6397752165794373,0.1588883101940155,0.25506243109703064,181447,32,8,False,Left,Back,Centre,Left,72
<_io.BytesIO object at 0x000001A1F17009A0>,0.652712345123291,0.1518246829509735,0.16980676352977753,181447,32,8,False,Left,Back,Centre,Left,72
<_io.BytesIO object at 0x000001A1F1700DB0>,0.6294613480567932,0.06846815347671509,0.23251333832740784,181447,32,8,False,Left,Back,Centre,Left,72
<_io.BytesIO object at 0x000001A1EE97EB80>,0.6422727108001709,0.0886688083410263,0.1746140867471695,181448,32,8,False,Left,Back,Centre,Left,72
<_io.BytesIO object at 0x000001A1EE97EE00>,0.6623134016990662,0.11166688799858093,0.17604398727416992,181448,32,8,False,Left,Back,Centre,Left,72
<_io.BytesIO object at 0x000001A1EE97E130>,0.6397752165794373,0.1588883101940155,0.25506243109703064,181448,32,8,False,Left,Back,Centre,Left,72
<_io.BytesIO object at 0x000001A1EE97E680>,0.652712345123291,0.1518246829509735,0.16980676352977753,181448,32,8,False,Left,Back,Centre,Left,72
<_io.BytesIO object at 0x000001A1EE97E9F0>,0.6294613480567932,0.06846815347671509,0.23251333832740784,181448,32,8,False,Left,Back,Centre,Left,72
<_io.BytesIO object at 0x000001A1F16A7270>,0.6422727108001709,0.0886688083410263,0.1746140867471695,181449,32,8,False,Left,Back,Centre,Left,72
<_io.BytesIO object at 0x000001A1F16A7130>,0.6623134016990662,0.11166688799858093,0.17604398727416992,181449,32,8,False,Left,Back,Centre,Left,72
<_io.BytesIO object at 0x000001A1F16A8EF0>,0.6397752165794373,0.1588883101940155,0.25506243109703064,181449,32,8,False,Left,Back,Centre,Left,72
<_io.BytesIO object at 0x000001A1F16A8540>,0.652712345123291,0.1518246829509735,0.16980676352977753,181449,32,8,False,Left,Back,Centre,Left,72
<_io.BytesIO object at 0x000001A1F16A8AE0>,0.6294613480567932,0.06846815347671509,0.23251333832740784,181449,32,8,False,Left,Back,Centre,Left,72
<_io.BytesIO object at 0x000001A1EE9283B0>,0.6422727108001709,0.0886688083410263,0.1746140867471695,181450,32,8,False,Left,Back,Centre,Left,72
<_io.BytesIO object at 0x000001A1F17060E0>,0.6623134016990662,0.11166688799858093,0.17604398727416992,181450,32,8,False,Left,Back,Centre,Left,72
<_io.BytesIO object at 0x000001A1F17068B0>,0.6397752165794373,0.1588883101940155,0.25506243109703064,181450,32,8,False,Left,Back,Centre,Left,72
<_io.BytesIO object at 0x000001A1F16CB680>,0.652712345123291,0.1518246829509735,0.16980676352977753,181450,32,8,False,Left,Back,Centre,Left,72
<_io.BytesIO object at 0x000001A1F16CBF40>,0.6294613480567932,0.06846815347671509,0.23251333832740784,181450,32,8,False,Left,Back,Centre,Left,72
<_io.BytesIO object at 0x000001A1F17E2D60>,0.6422727108001709,0.0886688083410263,0.1746140867471695,181451,32,8,False,Left,Back,Centre,Left,72
<_io.BytesIO object at 0x000001A1F17E2590>,0.6623134016990662,0.11166688799858093,0.17604398727416992,181451,32,8,False,Left,Back,Centre,Left,72
<_io.BytesIO object at 0x000001A1F17E23B0>,0.6397752165794373,0.1588883101940155,0.25506243109703064,181451,32,8,False,Left,Back,Centre,Left,72
<_io.BytesIO object at 0x000001A1F180C270>,0.652712345123291,0.1518246829509735,0.16980676352977753,181451,32,8,False,Left,Back,Centre,Left,72
<_io.BytesIO object at 0x000001A1F180CAE0>,0.6294613480567932,0.06846815347671509,0.23251333832740784,181451,32,8,False,Left,Back,Centre,Left,72
<_io.BytesIO object at 0x000001A1F16EBBD0>,0.6422727108001709,0.0886688083410263,0.1746140867471695,181452,32,8,False,Left,Back,Centre,Left,72
<_io.BytesIO object at 0x000001A1F1710950>,0.6623134016990662,0.11166688799858093,0.17604398727416992,181452,32,8,False,Left,Back,Centre,Left,72
<_io.BytesIO object at 0x000001A1F1710400>,0.6397752165794373,0.1588883101940155,0.25506243109703064,181452,32,8,False,Left,Back,Centre,Left,72
<_io.BytesIO object at 0x000001A1F17104F0>,0.652712345123291,0.1518246829509735,0.16980676352977753,181452,32,8,False,Left,Back,Centre,Left,72
<_io.BytesIO object at 0x000001A1F1710AE0>,0.6294613480567932,0.06846815347671509,0.23251333832740784,181452,32,8,False,Left,Back,Centre,Left,72
<_io.BytesIO object at 0x000001A1F171BEA0>,0.6422727108001709,0.0886688083410263,0.1746140867471695,181453,32,8,False,Left,Back,Centre,Left,72
<_io.BytesIO object at 0x000001A1EE98DBD0>,0.6623134016990662,0.11166688799858093,0.17604398727416992,181453,32,8,False,Left,Back,Centre,Left,72
<_io.BytesIO object at 0x000001A1EE98D950>,0.6397752165794373,0.1588883101940155,0.25506243109703064,181453,32,8,False,Left,Back,Centre,Left,72
<_io.BytesIO object at 0x000001A1F16E3EF0>,0.652712345123291,0.1518246829509735,0.16980676352977753,181453,32,8,False,Left,Back,Centre,Left,72
<_io.BytesIO object at 0x000001A1F16E3BD0>,0.6294613480567932,0.06846815347671509,0.23251333832740784,181453,32,8,False,Left,Back,Centre,Left,72
<_io.BytesIO object at 0x000001A1F16EBD60>,0.6422727108001709,0.0886688083410263,0.1746140867471695,181454,32,8,False,Left,Back,Centre,Left,72
<_io.BytesIO object at 0x000001A1F16FF4F0>,0.6623134016990662,0.11166688799858093,0.17604398727416992,181454,32,8,False,Left,Back,Centre,Left,72
<_io.BytesIO object at 0x000001A1F16FFD60>,0.6397752165794373,0.1588883101940155,0.25506243109703064,181454,32,8,False,Left,Back,Centre,Left,72
<_io.BytesIO object at 0x000001A1F16FF590>,0.652712345123291,0.1518246829509735,0.16980676352977753,181454,32,8,False,Left,Back,Centre,Left,72
<_io.BytesIO object at 0x000001A1F180C590>,0.6294613480567932,0.06846815347671509,0.23251333832740784,181454,32,8,False,Left,Back,Centre,Left,72
<_io.BytesIO object at 0x000001A1EE92CC70>,0.6422727108001709,0.0886688083410263,0.1746140867471695,181455,32,8,False,Left,Back,Centre,Left,72
<_io.BytesIO object at 0x000001A1F16CBCC0>,0.6623134016990662,0.11166688799858093,0.17604398727416992,181455,32,8,False,Left,Back,Centre,Left,72
<_io.BytesIO object at 0x000001A1F16CBAE0>,0.6397752165794373,0.1588883101940155,0.25506243109703064,181455,32,8,False,Left,Back,Centre,Left,72
<_io.BytesIO object at 0x000001A1F16CB0E0>,0.652712345123291,0.1518246829509735,0.16980676352977753,181455,32,8,False,Left,Back,Centre,Left,72
<_io.BytesIO object at 0x000001A1F16CBF90>,0.6294613480567932,0.06846815347671509,0.23251333832740784,181455,32,8,False,Left,Back,Centre,Left,72
<_io.BytesIO object at 0x000001A1F17033B0>,0.6422727108001709,0.0886688083410263,0.1746140867471695,181456,32,8,False,Left,Back,Centre,Left,72
<_io.BytesIO object at 0x000001A1F17037C0>,0.6623134016990662,0.11166688799858093,0.17604398727416992,181456,32,8,False,Left,Back,Centre,Left,72
<_io.BytesIO object at 0x000001A1F16A82C0>,0.6397752165794373,0.1588883101940155,0.25506243109703064,181456,32,8,False,Left,Back,Centre,Left,72
<_io.BytesIO object at 0x000001A1F16A8130>,0.652712345123291,0.1518246829509735,0.16980676352977753,181456,32,8,False,Left,Back,Centre,Left,72
<_io.BytesIO object at 0x000001A1F16A8AE0>,0.6294613480567932,0.06846815347671509,0.23251333832740784,181456,32,8,False,Left,Back,Centre,Left,72
<_io.BytesIO object at 0x000001A1F1700770>,0.6422727108001709,0.0886688083410263,0.1746140867471695,181457,32,8,False,Left,Back,Centre,Left,72
<_io.BytesIO object at 0x000001A1E9D458B0>,0.6623134016990662,0.11166688799858093,0.17604398727416992,181457,32,8,False,Left,Back,Centre,Left,72
<_io.BytesIO object at 0x000001A1EE97EBD0>,0.6397752165794373,0.1588883101940155,0.25506243109703064,181457,32,8,False,Left,Back,Centre,Left,72
<_io.BytesIO object at 0x000001A1EE97E8B0>,0.652712345123291,0.1518246829509735,0.16980676352977753,181457,32,8,False,Left,Back,Centre,Left,72
<_io.BytesIO object at 0x000001A1EE97E9F0>,0.6294613480567932,0.06846815347671509,0.23251333832740784,181457,32,8,False,Left,Back,Centre,Left,72
<_io.BytesIO object at 0x000001A1F1700E00>,0.6422727108001709,0.0886688083410263,0.1746140867471695,181458,32,8,False,Left,Back,Centre,Left,72
<_io.BytesIO object at 0x000001A1F1700EF0>,0.6623134016990662,0.11166688799858093,0.17604398727416992,181458,32,8,False,Left,Back,Centre,Left,72
<_io.BytesIO object at 0x000001A1F1700130>,0.6397752165794373,0.1588883101940155,0.25506243109703064,181458,32,8,False,Left,Back,Centre,Left,72
<_io.BytesIO object at 0x000001A1F1700E50>,0.652712345123291,0.1518246829509735,0.16980676352977753,181458,32,8,False,Left,Back,Centre,Left,72
<_io.BytesIO object at 0x000001A1F16A7360>,0.6294613480567932,0.06846815347671509,0.23251333832740784,181458,32,8,False,Left,Back,Centre,Left,72
<_io.BytesIO object at 0x000001A1F1703630>,0.6422727108001709,0.0886688083410263,0.1746140867471695,181459,32,8,False,Left,Back,Centre,Left,72
<_io.BytesIO object at 0x000001A1EE928AE0>,0.6623134016990662,0.11166688799858093,0.17604398727416992,181459,32,8,False,Left,Back,Centre,Left,72
<_io.BytesIO object at 0x000001A1EE928CC0>,0.6397752165794373,0.1588883101940155,0.25506243109703064,181459,32,8,False,Left,Back,Centre,Left,72
<_io.BytesIO object at 0x000001A1EE928D10>,0.652712345123291,0.1518246829509735,0.16980676352977753,181459,32,8,False,Left,Back,Centre,Left,72
<_io.BytesIO object at 0x000001A1EE928270>,0.6294613480567932,0.06846815347671509,0.23251333832740784,181459,32,8,False,Left,Back,Centre,Left,72
<_io.BytesIO object at 0x000001A1EE92C3B0>,0.6422727108001709,0.0886688083410263,0.1746140867471695,181460,32,8,False,Left,Back,Centre,Left,72
<_io.BytesIO object at 0x000001A1EE92C630>,0.6623134016990662,0.11166688799858093,0.17604398727416992,181460,32,8,False,Left,Back,Centre,Left,72
<_io.BytesIO object at 0x000001A1F17E2BD0>,0.6397752165794373,0.1588883101940155,0.25506243109703064,181460,32,8,False,Left,Back,Centre,Left,72
<_io.BytesIO object at 0x000001A1F17E2900>,0.652712345123291,0.1518246829509735,0.16980676352977753,181460,32,8,False,Left,Back,Centre,Left,72
<_io.BytesIO object at 0x000001A1F17E27C0>,0.6294613480567932,0.06846815347671509,0.23251333832740784,181460,32,8,False,Left,Back,Centre,Left,72
<_io.BytesIO object at 0x000001A1F16EBAE0>,0.6422727108001709,0.0886688083410263,0.1746140867471695,181461,32,8,False,Left,Back,Centre,Left,72
<_io.BytesIO object at 0x000001A1F16EBA40>,0.6623134016990662,0.11166688799858093,0.17604398727416992,181461,32,8,False,Left,Back,Centre,Left,72
<_io.BytesIO object at 0x000001A1F1710400>,0.6397752165794373,0.1588883101940155,0.25506243109703064,181461,32,8,False,Left,Back,Centre,Left,72
<_io.BytesIO object at 0x000001A1F1710EA0>,0.652712345123291,0.1518246829509735,0.16980676352977753,181461,32,8,False,Left,Back,Centre,Left,72
<_io.BytesIO object at 0x000001A1F1710810>,0.6294613480567932,0.06846815347671509,0.23251333832740784,181461,32,8,False,Left,Back,Centre,Left,72
<_io.BytesIO object at 0x000001A1F171BA90>,0.6422727108001709,0.0886688083410263,0.1746140867471695,181462,32,8,False,Left,Back,Centre,Left,72
<_io.BytesIO object at 0x000001A1F171BA40>,0.6623134016990662,0.11166688799858093,0.17604398727416992,181462,32,8,False,Left,Back,Centre,Left,72
<_io.BytesIO object at 0x000001A1EE98DDB0>,0.6397752165794373,0.1588883101940155,0.25506243109703064,181462,32,8,False,Left,Back,Centre,Left,72
<_io.BytesIO object at 0x000001A1EE98D6D0>,0.652712345123291,0.1518246829509735,0.16980676352977753,181462,32,8,False,Left,Back,Centre,Left,72
<_io.BytesIO object at 0x000001A1EE98D360>,0.6294613480567932,0.06846815347671509,0.23251333832740784,181462,32,8,False,Left,Back,Centre,Left,72
<_io.BytesIO object at 0x000001A1F16EB040>,0.6422727108001709,0.0886688083410263,0.1746140867471695,181463,32,8,False,Left,Back,Centre,Left,72
<_io.BytesIO object at 0x000001A1F16FF770>,0.6623134016990662,0.11166688799858093,0.17604398727416992,181463,32,8,False,Left,Back,Centre,Left,72
<_io.BytesIO object at 0x000001A1F16FF1D0>,0.6397752165794373,0.1588883101940155,0.25506243109703064,181463,32,8,False,Left,Back,Centre,Left,72
<_io.BytesIO object at 0x000001A1F16FFB30>,0.652712345123291,0.1518246829509735,0.16980676352977753,181463,32,8,False,Left,Back,Centre,Left,72
<_io.BytesIO object at 0x000001A1F180CDB0>,0.6294613480567932,0.06846815347671509,0.23251333832740784,181463,32,8,False,Left,Back,Centre,Left,72
<_io.BytesIO object at 0x000001A1EE92CE00>,0.6422727108001709,0.0886688083410263,0.1746140867471695,181464,32,8,False,Left,Back,Centre,Left,72
<_io.BytesIO object at 0x000001A1F16CB130>,0.6623134016990662,0.11166688799858093,0.17604398727416992,181464,32,8,False,Left,Back,Centre,Left,72
<_io.BytesIO object at 0x000001A1F16CB0E0>,0.6397752165794373,0.1588883101940155,0.25506243109703064,181464,32,8,False,Left,Back,Centre,Left,72
<_io.BytesIO object at 0x000001A1F16CB1D0>,0.652712345123291,0.1518246829509735,0.16980676352977753,181464,32,8,False,Left,Back,Centre,Left,72
<_io.BytesIO object at 0x000001A1F16CB270>,0.6294613480567932,0.06846815347671509,0.23251333832740784,181464,32,8,False,Left,Back,Centre,Left,72
<_io.BytesIO object at 0x000001A1F1703F90>,0.6422727108001709,0.0886688083410263,0.1746140867471695,181465,32,8,False,Left,Back,Centre,Left,72
<_io.BytesIO object at 0x000001A1F16A8770>,0.6623134016990662,0.11166688799858093,0.17604398727416992,181465,32,8,False,Left,Back,Centre,Left,72
<_io.BytesIO object at 0x000001A1F16A85E0>,0.6397752165794373,0.1588883101940155,0.25506243109703064,181465,32,8,False,Left,Back,Centre,Left,72
<_io.BytesIO object at 0x000001A1F16A8950>,0.652712345123291,0.1518246829509735,0.16980676352977753,181465,32,8,False,Left,Back,Centre,Left,72
<_io.BytesIO object at 0x000001A1F16A8F40>,0.6294613480567932,0.06846815347671509,0.23251333832740784,181465,32,8,False,Left,Back,Centre,Left,72
<_io.BytesIO object at 0x000001A1E9D45540>,0.6422727108001709,0.0886688083410263,0.1746140867471695,181466,32,8,False,Left,Back,Centre,Left,72
<_io.BytesIO object at 0x000001A1EE97E310>,0.6623134016990662,0.11166688799858093,0.17604398727416992,181466,32,8,False,Left,Back,Centre,Left,72
<_io.BytesIO object at 0x000001A1EE97EDB0>,0.6397752165794373,0.1588883101940155,0.25506243109703064,181466,32,8,False,Left,Back,Centre,Left,72
<_io.BytesIO object at 0x000001A1EE97EAE0>,0.652712345123291,0.1518246829509735,0.16980676352977753,181466,32,8,False,Left,Back,Centre,Left,72
<_io.BytesIO object at 0x000001A1EE97ED10>,0.6294613480567932,0.06846815347671509,0.23251333832740784,181466,32,8,False,Left,Back,Centre,Left,72
<_io.BytesIO object at 0x000001A1F16A8860>,0.6422727108001709,0.0886688083410263,0.1746140867471695,181467,32,8,False,Left,Back,Centre,Left,72
<_io.BytesIO object at 0x000001A1EE9289F0>,0.6623134016990662,0.11166688799858093,0.17604398727416992,181467,32,8,False,Left,Back,Centre,Left,72
<_io.BytesIO object at 0x000001A1EE928090>,0.6397752165794373,0.1588883101940155,0.25506243109703064,181467,32,8,False,Left,Back,Centre,Left,72
<_io.BytesIO object at 0x000001A1EE928040>,0.652712345123291,0.1518246829509735,0.16980676352977753,181467,32,8,False,Left,Back,Centre,Left,72
<_io.BytesIO object at 0x000001A1EE928D60>,0.6294613480567932,0.06846815347671509,0.23251333832740784,181467,32,8,False,Left,Back,Centre,Left,72
<_io.BytesIO object at 0x000001A1EE92CB80>,0.6422727108001709,0.0886688083410263,0.1746140867471695,181468,32,8,False,Left,Back,Centre,Left,72
<_io.BytesIO object at 0x000001A1F17E2950>,0.6623134016990662,0.11166688799858093,0.17604398727416992,181468,32,8,False,Left,Back,Centre,Left,72
<_io.BytesIO object at 0x000001A1F17E2770>,0.6397752165794373,0.1588883101940155,0.25506243109703064,181468,32,8,False,Left,Back,Centre,Left,72
<_io.BytesIO object at 0x000001A1F17E2450>,0.652712345123291,0.1518246829509735,0.16980676352977753,181468,32,8,False,Left,Back,Centre,Left,72
<_io.BytesIO object at 0x000001A1F17E2C70>,0.6294613480567932,0.06846815347671509,0.23251333832740784,181468,32,8,False,Left,Back,Centre,Left,72
<_io.BytesIO object at 0x000001A1F1710860>,0.6422727108001709,0.0886688083410263,0.1746140867471695,181469,32,8,False,Left,Back,Centre,Left,72
<_io.BytesIO object at 0x000001A1F1710950>,0.6623134016990662,0.11166688799858093,0.17604398727416992,181469,32,8,False,Left,Back,Centre,Left,72
<_io.BytesIO object at 0x000001A1F16A7AE0>,0.6397752165794373,0.1588883101940155,0.25506243109703064,181469,32,8,False,Left,Back,Centre,Left,72
<_io.BytesIO object at 0x000001A1F16A70E0>,0.652712345123291,0.1518246829509735,0.16980676352977753,181469,32,8,False,Left,Back,Centre,Left,72
<_io.BytesIO object at 0x000001A1F16A74A0>,0.6294613480567932,0.06846815347671509,0.23251333832740784,181469,32,8,False,Left,Back,Centre,Left,72
<_io.BytesIO object at 0x000001A1EE97E130>,0.6422727108001709,0.0886688083410263,0.1746140867471695,181470,32,8,False,Left,Back,Centre,Left,72
<_io.BytesIO object at 0x000001A1EE97EC70>,0.6623134016990662,0.11166688799858093,0.17604398727416992,181470,32,8,False,Left,Back,Centre,Left,72
<_io.BytesIO object at 0x000001A1EE97EF40>,0.6397752165794373,0.1588883101940155,0.25506243109703064,181470,32,8,False,Left,Back,Centre,Left,72
<_io.BytesIO object at 0x000001A1EE97E860>,0.652712345123291,0.1518246829509735,0.16980676352977753,181470,32,8,False,Left,Back,Centre,Left,72
<_io.BytesIO object at 0x000001A1EE98D130>,0.6294613480567932,0.06846815347671509,0.23251333832740784,181470,32,8,False,Left,Back,Centre,Left,72
<_io.BytesIO object at 0x000001A1F1703770>,0.6422727108001709,0.0886688083410263,0.1746140867471695,181471,32,8,False,Left,Back,Centre,Left,72
<_io.BytesIO object at 0x000001A1F1703E50>,0.6623134016990662,0.11166688799858093,0.17604398727416992,181471,32,8,False,Left,Back,Centre,Left,72
<_io.BytesIO object at 0x000001A1EE98D9F0>,0.6397752165794373,0.1588883101940155,0.25506243109703064,181471,32,8,False,Left,Back,Centre,Left,72
<_io.BytesIO object at 0x000001A1EE98DEF0>,0.652712345123291,0.1518246829509735,0.16980676352977753,181471,32,8,False,Left,Back,Centre,Left,72
<_io.BytesIO object at 0x000001A1EE98DE00>,0.6294613480567932,0.06846815347671509,0.23251333832740784,181471,32,8,False,Left,Back,Centre,Left,72
<_io.BytesIO object at 0x000001A1F180CB30>,0.6422727108001709,0.0886688083410263,0.1746140867471695,181472,32,8,False,Left,Back,Centre,Left,72
<_io.BytesIO object at 0x000001A1F171B4F0>,0.6623134016990662,0.11166688799858093,0.17604398727416992,181472,32,8,False,Left,Back,Centre,Left,72
<_io.BytesIO object at 0x000001A1F171BA90>,0.6397752165794373,0.1588883101940155,0.25506243109703064,181472,32,8,False,Left,Back,Centre,Left,72
<_io.BytesIO object at 0x000001A1F16A71D0>,0.652712345123291,0.1518246829509735,0.16980676352977753,181472,32,8,False,Left,Back,Centre,Left,72
<_io.BytesIO object at 0x000001A1F16A7720>,0.6294613480567932,0.06846815347671509,0.23251333832740784,181472,32,8,False,Left,Back,Centre,Left,72
<_io.BytesIO object at 0x000001A1F16EB680>,0.6422727108001709,0.0886688083410263,0.1746140867471695,181473,32,8,False,Left,Back,Centre,Left,72
<_io.BytesIO object at 0x000001A1F16FF630>,0.6623134016990662,0.11166688799858093,0.17604398727416992,181473,32,8,False,Left,Back,Centre,Left,72
<_io.BytesIO object at 0x000001A1F16FF950>,0.6397752165794373,0.1588883101940155,0.25506243109703064,181473,32,8,False,Left,Back,Centre,Left,72
<_io.BytesIO object at 0x000001A1F17E2A90>,0.652712345123291,0.1518246829509735,0.16980676352977753,181473,32,8,False,Left,Back,Centre,Left,72
<_io.BytesIO object at 0x000001A1F17E2720>,0.6294613480567932,0.06846815347671509,0.23251333832740784,181473,32,8,False,Left,Back,Centre,Left,72
<_io.BytesIO object at 0x000001A1F16CB3B0>,0.6422727108001709,0.0886688083410263,0.1746140867471695,181474,32,8,False,Left,Back,Centre,Left,72
<_io.BytesIO object at 0x000001A1F17064F0>,0.6623134016990662,0.11166688799858093,0.17604398727416992,181474,32,8,False,Left,Back,Centre,Left,72
<_io.BytesIO object at 0x000001A1F17069F0>,0.6397752165794373,0.1588883101940155,0.25506243109703064,181474,32,8,False,Left,Back,Centre,Left,72
<_io.BytesIO object at 0x000001A1F1706770>,0.652712345123291,0.1518246829509735,0.16980676352977753,181474,32,8,False,Left,Back,Centre,Left,72
<_io.BytesIO object at 0x000001A1F1706130>,0.6294613480567932,0.06846815347671509,0.23251333832740784,181474,32,8,False,Left,Back,Centre,Left,72
<_io.BytesIO object at 0x000001A1EE928090>,0.6422727108001709,0.0886688083410263,0.1746140867471695,181475,32,8,False,Left,Back,Centre,Left,72
<_io.BytesIO object at 0x000001A1EE928F90>,0.6623134016990662,0.11166688799858093,0.17604398727416992,181475,32,8,False,Left,Back,Centre,Left,72
<_io.BytesIO object at 0x000001A1F17062C0>,0.6397752165794373,0.1588883101940155,0.25506243109703064,181475,32,8,False,Left,Back,Centre,Left,72
<_io.BytesIO object at 0x000001A1F17060E0>,0.652712345123291,0.1518246829509735,0.16980676352977753,181475,32,8,False,Left,Back,Centre,Left,72
<_io.BytesIO object at 0x000001A1F1706450>,0.6294613480567932,0.06846815347671509,0.23251333832740784,181475,32,8,False,Left,Back,Centre,Left,72
<_io.BytesIO object at 0x000001A1F17E24A0>,0.6422727108001709,0.0886688083410263,0.1746140867471695,181476,32,8,False,Left,Back,Centre,Left,72
<_io.BytesIO object at 0x000001A1F17E2F40>,0.6623134016990662,0.11166688799858093,0.17604398727416992,181476,32,8,False,Left,Back,Centre,Left,72
<_io.BytesIO object at 0x000001A1F16FF900>,0.6397752165794373,0.1588883101940155,0.25506243109703064,181476,32,8,False,Left,Back,Centre,Left,72
<_io.BytesIO object at 0x000001A1F16FF630>,0.652712345123291,0.1518246829509735,0.16980676352977753,181476,32,8,False,Left,Back,Centre,Left,72
<_io.BytesIO object at 0x000001A1F16FF6D0>,0.6294613480567932,0.06846815347671509,0.23251333832740784,181476,32,8,False,Left,Back,Centre,Left,72
<_io.BytesIO object at 0x000001A1F16A7180>,0.6422727108001709,0.0886688083410263,0.1746140867471695,181477,32,8,False,Left,Back,Centre,Left,72
<_io.BytesIO object at 0x000001A1F16A7720>,0.6623134016990662,0.11166688799858093,0.17604398727416992,181477,32,8,False,Left,Back,Centre,Left,72
<_io.BytesIO object at 0x000001A1F171BA40>,0.6397752165794373,0.1588883101940155,0.25506243109703064,181477,32,8,False,Left,Back,Centre,Left,72
<_io.BytesIO object at 0x000001A1F171B5E0>,0.652712345123291,0.1518246829509735,0.16980676352977753,181477,32,8,False,Left,Back,Centre,Left,72
<_io.BytesIO object at 0x000001A1F171B9F0>,0.6294613480567932,0.06846815347671509,0.23251333832740784,181477,32,8,False,Left,Back,Centre,Left,72
<_io.BytesIO object at 0x000001A1EE97EA90>,0.6422727108001709,0.0886688083410263,0.1746140867471695,181478,32,8,False,Left,Back,Centre,Left,72
<_io.BytesIO object at 0x000001A1EE98DF90>,0.6623134016990662,0.11166688799858093,0.17604398727416992,181478,32,8,False,Left,Back,Centre,Left,72
<_io.BytesIO object at 0x000001A1EE98D9F0>,0.6397752165794373,0.1588883101940155,0.25506243109703064,181478,32,8,False,Left,Back,Centre,Left,72
<_io.BytesIO object at 0x000001A1EE98D680>,0.652712345123291,0.1518246829509735,0.16980676352977753,181478,32,8,False,Left,Back,Centre,Left,72
<_io.BytesIO object at 0x000001A1F1703950>,0.6294613480567932,0.06846815347671509,0.23251333832740784,181478,32,8,False,Left,Back,Centre,Left,72
<_io.BytesIO object at 0x000001A1F1700D10>,0.6422727108001709,0.0886688083410263,0.1746140867471695,181479,32,8,False,Left,Back,Centre,Left,72
<_io.BytesIO object at 0x000001A1F1700B30>,0.6623134016990662,0.11166688799858093,0.17604398727416992,181479,32,8,False,Left,Back,Centre,Left,72
<_io.BytesIO object at 0x000001A1F1700BD0>,0.6397752165794373,0.1588883101940155,0.25506243109703064,181479,32,8,False,Left,Back,Centre,Left,72
<_io.BytesIO object at 0x000001A1F1700B80>,0.652712345123291,0.1518246829509735,0.16980676352977753,181479,32,8,False,Left,Back,Centre,Left,72
<_io.BytesIO object at 0x000001A1F1700450>,0.6294613480567932,0.06846815347671509,0.23251333832740784,181479,32,8,False,Left,Back,Centre,Left,72
<_io.BytesIO object at 0x000001A1EE98DEF0>,0.6978276968002319,0.09002435952425003,-0.10335246473550797,181480,32,8,False,Left,Back,Centre,Left,72
<_io.BytesIO object at 0x000001A1EE98DCC0>,0.6820712685585022,0.11438791453838348,-0.11410808563232422,181480,32,8,False,Left,Back,Centre,Left,72
<_io.BytesIO object at 0x000001A1EE97EE50>,0.5959429144859314,0.10854741185903549,-0.06696897745132446,181480,32,8,False,Left,Back,Centre,Left,72
<_io.BytesIO object at 0x000001A1EE97E130>,0.6487184166908264,0.11279422789812088,-0.1380554586648941,181480,32,8,False,Left,Back,Centre,Left,72
<_io.BytesIO object at 0x000001A1EE97EEA0>,0.6709081530570984,0.06450606882572174,-0.04061237350106239,181480,32,8,False,Left,Back,Centre,Left,72
<_io.BytesIO object at 0x000001A1F180C270>,0.69916170835495,0.08873910456895828,-0.1075986921787262,181481,32,8,False,Left,Back,Centre,Left,72
<_io.BytesIO object at 0x000001A1F171B6D0>,0.6829246878623962,0.11290987581014633,-0.11806254088878632,181481,32,8,False,Left,Back,Centre,Left,72
<_io.BytesIO object at 0x000001A1F16A7900>,0.5966557860374451,0.10553792119026184,-0.07164953649044037,181481,32,8,False,Left,Back,Centre,Left,72
<_io.BytesIO object at 0x000001A1F16A7360>,0.6498234868049622,0.11047278344631195,-0.1426091343164444,181481,32,8,False,Left,Back,Centre,Left,72
<_io.BytesIO object at 0x000001A1F16A79F0>,0.6721821427345276,0.0628473162651062,-0.044714175164699554,181481,32,8,False,Left,Back,Centre,Left,72
<_io.BytesIO object at 0x000001A1F16FF630>,0.7003428936004639,0.08749130368232727,-0.11135257035493851,181482,32,8,False,Left,Back,Centre,Left,72
<_io.BytesIO object at 0x000001A1F1710450>,0.6838454008102417,0.11141449958086014,-0.12188345193862915,181482,32,8,False,Left,Back,Centre,Left,72
<_io.BytesIO object at 0x000001A1F1710720>,0.5973791480064392,0.10261160135269165,-0.07597344368696213,181482,32,8,False,Left,Back,Centre,Left,72
<_io.BytesIO object at 0x000001A1F1710400>,0.6507725119590759,0.10848616063594818,-0.14652878046035767,181482,32,8,False,Left,Back,Centre,Left,72
<_io.BytesIO object at 0x000001A1F1710900>,0.6736543774604797,0.061173535883426666,-0.04855414852499962,181482,32,8,False,Left,Back,Centre,Left,72
<_io.BytesIO object at 0x000001A1EE92CCC0>,0.7014356851577759,0.08625029027462006,-0.1147940531373024,181483,32,8,False,Left,Back,Centre,Left,72
<_io.BytesIO object at 0x000001A1F16CB4A0>,0.6847327947616577,0.11000287532806396,-0.12532101571559906,181483,32,8,False,Left,Back,Centre,Left,72
<_io.BytesIO object at 0x000001A1F16CB180>,0.5982354283332825,0.09975287318229675,-0.079847052693367,181483,32,8,False,Left,Back,Centre,Left,72
<_io.BytesIO object at 0x000001A1F16CB9A0>,0.6517553329467773,0.10665786266326904,-0.15003874897956848,181483,32,8,False,Left,Back,Centre,Left,72
<_io.BytesIO object at 0x000001A1F16CB0E0>,0.6751826405525208,0.05971518158912659,-0.05218474194407463,181483,32,8,False,Left,Back,Centre,Left,72
<_io.BytesIO object at 0x000001A1EE9285E0>,0.7025966048240662,0.08491933345794678,-0.11814144253730774,181484,32,8,False,Left,Back,Centre,Left,72
<_io.BytesIO object at 0x000001A1F16E74F0>,0.6856018304824829,0.10851383954286575,-0.12861208617687225,181484,32,8,False,Left,Back,Centre,Left,72
<_io.BytesIO object at 0x000001A1F16E7950>,0.5992026925086975,0.097127266228199,-0.08328686654567719,181484,32,8,False,Left,Back,Centre,Left,72
<_io.BytesIO object at 0x000001A1F16E7680>,0.6526373624801636,0.10483015328645706,-0.15343718230724335,181484,32,8,False,Left,Back,Centre,Left,72
<_io.BytesIO object at 0x000001A1F16E7770>,0.6766913533210754,0.05811276286840439,-0.05552490055561066,181484,32,8,False,Left,Back,Centre,Left,72
<_io.BytesIO object at 0x000001A1F16CB6D0>,0.7037181854248047,0.08367675542831421,-0.12139183282852173,181485,32,8,False,Left,Back,Centre,Left,72
<_io.BytesIO object at 0x000001A1F16CB180>,0.6864616870880127,0.10714762657880783,-0.13147574663162231,181485,32,8,False,Left,Back,Centre,Left,72
<_io.BytesIO object at 0x000001A1EE92C270>,0.600290834903717,0.09445366263389587,-0.08622568100690842,181485,32,8,False,Left,Back,Centre,Left,72
<_io.BytesIO object at 0x000001A1EE92C630>,0.6535988450050354,0.10306397080421448,-0.1564420610666275,181485,32,8,False,Left,Back,Centre,Left,72
<_io.BytesIO object at 0x000001A1EE92C950>,0.678219199180603,0.05647566542029381,-0.058751679956912994,181485,32,8,False,Left,Back,Centre,Left,72
<_io.BytesIO object at 0x000001A1F1710E00>,0.7046719193458557,0.08236052840948105,-0.1242966428399086,181486,32,8,False,Left,Back,Centre,Left,72
<_io.BytesIO object at 0x000001A1F1710720>,0.6872339248657227,0.10575683414936066,-0.1344061940908432,181486,32,8,False,Left,Back,Centre,Left,72
<_io.BytesIO object at 0x000001A1F16FFD60>,0.6012433767318726,0.09225084632635117,-0.08890853077173233,181486,32,8,False,Left,Back,Centre,Left,72
<_io.BytesIO object at 0x000001A1F16FF9F0>,0.6544701457023621,0.10144834965467453,-0.15928180515766144,181486,32,8,False,Left,Back,Centre,Left,72
<_io.BytesIO object at 0x000001A1F16FF1D0>,0.6796629428863525,0.054831989109516144,-0.06177285313606262,181486,32,8,False,Left,Back,Centre,Left,72
<_io.BytesIO object at 0x000001A1F16A79F0>,0.705583930015564,0.08105232566595078,-0.12692144513130188,181487,32,8,False,Left,Back,Centre,Left,72
<_io.BytesIO object at 0x000001A1F16A7720>,0.6880422234535217,0.10438421368598938,-0.13697437942028046,181487,32,8,False,Left,Back,Centre,Left,72
<_io.BytesIO object at 0x000001A1F171B5E0>,0.6023961901664734,0.09027733653783798,-0.09137706458568573,181487,32,8,False,Left,Back,Centre,Left,72
<_io.BytesIO object at 0x000001A1F171B720>,0.655205488204956,0.10002763569355011,-0.16187001764774323,181487,32,8,False,Left,Back,Centre,Left,72
<_io.BytesIO object at 0x000001A1F180C9F0>,0.6811237931251526,0.0532606802880764,-0.06461873650550842,181487,32,8,False,Left,Back,Centre,Left,72
<_io.BytesIO object at 0x000001A1EE97E7C0>,0.7064780592918396,0.07981075346469879,-0.12955179810523987,181488,32,8,False,Left,Back,Centre,Left,72
<_io.BytesIO object at 0x000001A1EE97EE50>,0.6888193488121033,0.1031370684504509,-0.13932359218597412,181488,32,8,False,Left,Back,Centre,Left,72
<_io.BytesIO object at 0x000001A1EE98D5E0>,0.6034208536148071,0.08837907016277313,-0.09340942651033401,181488,32,8,False,Left,Back,Centre,Left,72
<_io.BytesIO object at 0x000001A1EE98DA40>,0.6559538841247559,0.09866800904273987,-0.16424591839313507,181488,32,8,False,Left,Back,Centre,Left,72
<_io.BytesIO object at 0x000001A1EE98D360>,0.6825105547904968,0.051840439438819885,-0.06727879494428635,181488,32,8,False,Left,Back,Centre,Left,72
<_io.BytesIO object at 0x000001A1F16A89F0>,0.7072727084159851,0.07863212376832962,-0.13191567361354828,181489,32,8,False,Left,Back,Centre,Left,72
<_io.BytesIO object at 0x000001A1F16A8130>,0.6894914507865906,0.1019650399684906,-0.14166373014450073,181489,32,8,False,Left,Back,Centre,Left,72
<_io.BytesIO object at 0x000001A1F1700AE0>,0.6045063734054565,0.08683021366596222,-0.09539762139320374,181489,32,8,False,Left,Back,Centre,Left,72
<_io.BytesIO object at 0x000001A1F1700C20>,0.6565642952919006,0.09743457287549973,-0.1664232611656189,181489,32,8,False,Left,Back,Centre,Left,72
<_io.BytesIO object at 0x000001A1F1700450>,0.683698296546936,0.05053137615323067,-0.06977177411317825,181489,32,8,False,Left,Back,Centre,Left,72
<_io.BytesIO object at 0x000001A1F16E7BD0>,0.7080222368240356,0.07757365703582764,-0.13417507708072662,181490,32,8,False,Left,Back,Centre,Left,72
<_io.BytesIO object at 0x000001A1F16E7590>,0.690126359462738,0.10090663284063339,-0.14377693831920624,181490,32,8,False,Left,Back,Centre,Left,72
<_io.BytesIO object at 0x000001A1F1700B30>,0.6055393218994141,0.08540183305740356,-0.09717801213264465,181490,32,8,False,Left,Back,Centre,Left,72
<_io.BytesIO object at 0x000001A1F1700180>,0.6571676135063171,0.09622050821781158,-0.1685180515050888,181490,32,8,False,Left,Back,Centre,Left,72
<_io.BytesIO object at 0x000001A1F17006D0>,0.6848753094673157,0.04936980828642845,-0.07210297137498856,181490,32,8,False,Left,Back,Centre,Left,72
<_io.BytesIO object at 0x000001A1F1703180>,0.7086604237556458,0.07658322900533676,-0.13619211316108704,181491,32,8,False,Left,Back,Centre,Left,72
<_io.BytesIO object at 0x000001A1F1703DB0>,0.6906690001487732,0.09987861663103104,-0.14574359357357025,181491,32,8,False,Left,Back,Centre,Left,72
<_io.BytesIO object at 0x000001A1EE98DE00>,0.6062994003295898,0.08405579626560211,-0.0988776683807373,181491,32,8,False,Left,Back,Centre,Left,72
<_io.BytesIO object at 0x000001A1EE98D090>,0.6577594876289368,0.09515873342752457,-0.17044329643249512,181491,32,8,False,Left,Back,Centre,Left,72
<_io.BytesIO object at 0x000001A1EE98DF90>,0.6859637498855591,0.04826277494430542,-0.07426406443119049,181491,32,8,False,Left,Back,Centre,Left,72
<_io.BytesIO object at 0x000001A1F16E3C20>,0.7092697620391846,0.07570415735244751,-0.13815414905548096,181492,32,8,False,Left,Back,Centre,Left,72
<_io.BytesIO object at 0x000001A1F180C360>,0.6911923289299011,0.09898259490728378,-0.1475646048784256,181492,32,8,False,Left,Back,Centre,Left,72
<_io.BytesIO object at 0x000001A1F180CE50>,0.6071381568908691,0.08272071182727814,-0.1005338504910469,181492,32,8,False,Left,Back,Centre,Left,72
<_io.BytesIO object at 0x000001A1F180C7C0>,0.6583425998687744,0.09412331134080887,-0.1721605360507965,181492,32,8,False,Left,Back,Centre,Left,72
<_io.BytesIO object at 0x000001A1F180C310>,0.6869773864746094,0.04731190949678421,-0.07618177682161331,181492,32,8,False,Left,Back,Centre,Left,72
<_io.BytesIO object at 0x000001A1F16EB130>,0.7098760008811951,0.07493537664413452,-0.13986141979694366,181493,32,8,False,Left,Back,Centre,Left,72
<_io.BytesIO object at 0x000001A1F16EB680>,0.6916547417640686,0.09811609238386154,-0.14926782250404358,181493,32,8,False,Left,Back,Centre,Left,72
<_io.BytesIO object at 0x000001A1F16FFC20>,0.6077116131782532,0.08156539499759674,-0.10209815949201584,181493,32,8,False,Left,Back,Centre,Left,72
<_io.BytesIO object at 0x000001A1F16FF040>,0.6586987376213074,0.09311268478631973,-0.17385795712471008,181493,32,8,False,Left,Back,Centre,Left,72
<_io.BytesIO object at 0x000001A1F16FF270>,0.6878671050071716,0.046466343104839325,-0.07792545855045319,181493,32,8,False,Left,Back,Centre,Left,72
<_io.BytesIO object at 0x000001A1F17E2540>,0.7103748917579651,0.07414045929908752,-0.14145536720752716,181494,32,8,False,Left,Back,Centre,Left,72
<_io.BytesIO object at 0x000001A1EE92C220>,0.6920837759971619,0.09730901569128036,-0.15078426897525787,181494,32,8,False,Left,Back,Centre,Left,72
<_io.BytesIO object at 0x000001A1EE92CC20>,0.608180046081543,0.08040191978216171,-0.10367939621210098,181494,32,8,False,Left,Back,Centre,Left,72
<_io.BytesIO object at 0x000001A1EE92CB30>,0.6590708494186401,0.09213966876268387,-0.17535099387168884,181494,32,8,False,Left,Back,Centre,Left,72
<_io.BytesIO object at 0x000001A1EE92CF40>,0.6885757446289062,0.0456712432205677,-0.07952004671096802,181494,32,8,False,Left,Back,Centre,Left,72
<_io.BytesIO object at 0x000001A1F1706130>,0.7108049988746643,0.0734853744506836,-0.14291536808013916,181495,32,8,False,Left,Back,Centre,Left,72
<_io.BytesIO object at 0x000001A1EE928270>,0.6923961043357849,0.09650629758834839,-0.15223261713981628,181495,32,8,False,Left,Back,Centre,Left,72
<_io.BytesIO object at 0x000001A1EE9287C0>,0.6086259484291077,0.07935285568237305,-0.10509482026100159,181495,32,8,False,Left,Back,Centre,Left,72
<_io.BytesIO object at 0x000001A1EE9284F0>,0.6593959927558899,0.09114858508110046,-0.17669172585010529,181495,32,8,False,Left,Back,Centre,Left,72
<_io.BytesIO object at 0x000001A1EE928810>,0.6892571449279785,0.044826146215200424,-0.08084898442029953,181495,32,8,False,Left,Back,Centre,Left,72
<_io.BytesIO object at 0x000001A1F1706B30>,0.7111204862594604,0.07287609577178955,-0.14418748021125793,181496,32,8,False,Left,Back,Centre,Left,72
<_io.BytesIO object at 0x000001A1F16CB450>,0.6926178932189941,0.09580352902412415,-0.15352852642536163,181496,32,8,False,Left,Back,Centre,Left,72
<_io.BytesIO object at 0x000001A1F16CB900>,0.609024167060852,0.07821086049079895,-0.10639739781618118,181496,32,8,False,Left,Back,Centre,Left,72
<_io.BytesIO object at 0x000001A1F16CB680>,0.6596304178237915,0.09035562723875046,-0.17795780301094055,181496,32,8,False,Left,Back,Centre,Left,72
<_io.BytesIO object at 0x000001A1F16CB130>,0.6897945404052734,0.044179849326610565,-0.08213787525892258,181496,32,8,False,Left,Back,Centre,Left,72
<_io.BytesIO object at 0x000001A1F17E2950>,0.7114022374153137,0.0722959041595459,-0.14547906816005707,181497,32,8,False,Left,Back,Centre,Left,72
<_io.BytesIO object at 0x000001A1F1710DB0>,0.6927735805511475,0.09518025070428848,-0.1546289026737213,181497,32,8,False,Left,Back,Centre,Left,72
<_io.BytesIO object at 0x000001A1F17101D0>,0.6092427372932434,0.07727435976266861,-0.10758652538061142,181497,32,8,False,Left,Back,Centre,Left,72
<_io.BytesIO object at 0x000001A1F1710C20>,0.6598044633865356,0.089594766497612,-0.1791457086801529,181497,32,8,False,Left,Back,Centre,Left,72
<_io.BytesIO object at 0x000001A1F1710D10>,0.6902090311050415,0.04354206100106239,-0.08337313681840897,181497,32,8,False,Left,Back,Centre,Left,72
<_io.BytesIO object at 0x000001A1F16EB9A0>,0.7115815877914429,0.07171796262264252,-0.14658845961093903,181498,32,8,False,Left,Back,Centre,Left,72
<_io.BytesIO object at 0x000001A1F16A7450>,0.6929628849029541,0.09448956698179245,-0.15582557022571564,181498,32,8,False,Left,Back,Centre,Left,72
<_io.BytesIO object at 0x000001A1F16A70E0>,0.6095392107963562,0.0764031857252121,-0.10870113223791122,181498,32,8,False,Left,Back,Centre,Left,72
<_io.BytesIO object at 0x000001A1F16A7950>,0.6598542928695679,0.0889003649353981,-0.18011526763439178,181498,32,8,False,Left,Back,Centre,Left,72
<_io.BytesIO object at 0x000001A1F171B950>,0.690599799156189,0.042964838445186615,-0.08446187525987625,181498,32,8,False,Left,Back,Centre,Left,72
